[MESH_DATA]
VertexCount: 20
IndexCount: 54
BoneCount: 0
AnimationClips: 0

[VERTEX_DATA]
Position: 58.7785 80.9017 2519.43
Normal: 2.52818e-007 1.97514e-007 -1
UV: 0.500278 0.00640428

Position: -58.7785 80.9017 2519.43
Normal: 2.52818e-007 1.97514e-007 -1
UV: 0.500278 0.00640428

Position: 80.9017 58.7786 2519.43
Normal: 2.52818e-007 1.97514e-007 -1
UV: 0.500278 0.00640428

Position: -30.9017 95.1057 2519.43
Normal: 2.52818e-007 1.97514e-007 -1
UV: 0.500278 0.00640428

Position: 30.9017 95.1057 2519.43
Normal: 2.52818e-007 1.97514e-007 -1
UV: 0.500278 0.00640428

Position: -8.46386e-006 100 2519.43
Normal: 2.52818e-007 1.97514e-007 -1
UV: 0.500278 0.00640428

Position: -80.9018 -58.7785 2519.43
Normal: 2.52818e-007 1.97514e-007 -1
UV: 0.500278 0.00640428

Position: -100 1.52588e-005 2519.43
Normal: 2.52818e-007 1.97514e-007 -1
UV: 0.500278 0.00640428

Position: -95.1057 -30.9017 2519.43
Normal: 2.52818e-007 1.97514e-007 -1
UV: 0.500278 0.00640428

Position: 95.1057 -30.9017 2519.43
Normal: 2.52818e-007 1.97514e-007 -1
UV: 0.500278 0.00640428

Position: -58.7786 -80.9017 2519.43
Normal: 2.52818e-007 1.97514e-007 -1
UV: 0.500278 0.00640428

Position: -1.14441e-005 -100 2519.43
Normal: 2.52818e-007 1.97514e-007 -1
UV: 0.500278 0.00640428

Position: -30.9017 -95.1057 2519.43
Normal: 2.52818e-007 1.97514e-007 -1
UV: 0.500278 0.00640428

Position: 58.7785 -80.9017 2519.43
Normal: 2.52818e-007 1.97514e-007 -1
UV: 0.500278 0.00640428

Position: 30.9017 -95.1057 2519.43
Normal: 2.52818e-007 1.97514e-007 -1
UV: 0.500278 0.00640428

Position: 80.9017 -58.7785 2519.43
Normal: 2.52818e-007 1.97514e-007 -1
UV: 0.500278 0.00640428

Position: 100 1.52588e-005 2519.43
Normal: 2.52818e-007 1.97514e-007 -1
UV: 0.500278 0.00640428

Position: 95.1057 30.9017 2519.43
Normal: 2.52818e-007 1.97514e-007 -1
UV: 0.500278 0.00640428

Position: -95.1057 30.9017 2519.43
Normal: 2.52818e-007 1.97514e-007 -1
UV: 0.500278 0.00640428

Position: -80.9017 58.7785 2519.43
Normal: 2.52818e-007 1.97514e-007 -1
UV: 0.500278 0.00640428


[INDEX_DATA]
0 2 1
3 5 4
6 8 7
9 7 2
7 11 10
10 6 7
11 12 10
13 11 7
13 14 11
13 7 9
9 15 13
2 16 9
2 17 16
2 7 1
4 0 3
1 3 0
1 7 18
18 19 1
