[MESH_DATA]
VertexCount: 91
IndexCount: 480
BoneCount: 0
AnimationClips: 0

[VERTEX_DATA]
Position: -0 2612.85 0
Normal: 5.68711e-008 -1 -1.03993e-007
UV: 0.499802 0.034959

Position: -278.157 2513.4 -856.089
Normal: 0.0677216 -0.975691 0.208426
UV: 0.499802 0.0678356

Position: -900.146 2513.4 0
Normal: 0.219152 -0.975691 -1.61615e-008
UV: 0.499802 0.0678356

Position: -1191.79 2337 -865.884
Normal: 0.303004 -0.927213 0.220145
UV: 0.499802 0.126151

Position: -1731.76 2222.62 0
Normal: 0.4412 -0.897409 -8.22645e-009
UV: 0.499802 0.163962

Position: -535.144 2222.62 -1647.01
Normal: 0.136338 -0.897409 0.419606
UV: 0.499802 0.163962

Position: -2035.26 1934.55 -871.85
Normal: 0.542298 -0.806146 0.236732
UV: 0.499802 0.259196

Position: -2431.56 1762.65 0
Normal: 0.658562 -0.752526 -2.86302e-008
UV: 0.499802 0.316024

Position: -1458.1 1934.55 -1666.23
Normal: 0.392724 -0.806146 0.442602
UV: 0.499802 0.259196

Position: -751.395 1762.65 -2312.55
Normal: 0.203507 -0.752527 0.626329
UV: 0.499802 0.316024

Position: -2709.72 1321.37 -856.089
Normal: 0.766767 -0.592598 0.24677
UV: 0.499802 0.461903

Position: -2946.25 1168.5 0
Normal: 0.847392 -0.530968 -1.09079e-007
UV: 0.499802 0.51244

Position: -2266.91 1373.65 -1647.01
Normal: 0.639699 -0.612188 0.46477
UV: 0.499802 0.44462

Position: -1651.53 1321.37 -2312.55
Normal: 0.471637 -0.5926 0.652981
UV: 0.499802 0.461903

Position: -910.445 1168.5 -2802.06
Normal: 0.261858 -0.530967 0.805918
UV: 0.499802 0.51244

Position: 728.23 2513.4 -529.094
Normal: -0.177298 -0.975691 0.128814
UV: 0.499802 0.0678356

Position: 455.22 2337 -1401.03
Normal: -0.115737 -0.927213 0.356203
UV: 0.499802 0.126151

Position: 1401.03 2222.62 -1017.91
Normal: -0.356938 -0.897409 0.259331
UV: 0.499802 0.163962

Position: 200.248 1934.55 -2205.06
Normal: -0.0575659 -0.806146 0.58891
UV: 0.499802 0.259196

Position: 1134.1 1934.55 -1901.63
Normal: -0.299581 -0.806146 0.510275
UV: 0.499802 0.259196

Position: 1967.18 1762.65 -1429.23
Normal: -0.532789 -0.752526 0.387093
UV: 0.499802 0.316024

Position: -23.1592 1321.37 -2841.64
Normal: 0.00225123 -0.592599 0.805495
UV: 0.499802 0.461903

Position: 865.884 1373.65 -2664.92
Normal: -0.244344 -0.612188 0.752012
UV: 0.499802 0.44462

Position: 1689.01 1321.37 -2285.32
Normal: -0.47528 -0.592599 0.650335
UV: 0.499802 0.461903

Position: 2383.57 1168.5 -1731.77
Normal: -0.685554 -0.530968 0.498085
UV: 0.499802 0.51244

Position: 728.23 2513.4 529.089
Normal: -0.177298 -0.975691 -0.128814
UV: 0.499802 0.0678356

Position: 1473.13 2337 0
Normal: -0.374534 -0.927213 -1.84952e-007
UV: 0.499802 0.126151

Position: 1401.03 2222.62 1017.9
Normal: -0.356938 -0.897409 -0.259331
UV: 0.499802 0.163962

Position: 2159.01 1934.55 -490.956
Normal: -0.577876 -0.806146 0.127235
UV: 0.499802 0.259196

Position: 2159.01 1934.55 490.95
Normal: -0.577876 -0.806146 -0.127234
UV: 0.499802 0.259196

Position: 1967.18 1762.65 1429.23
Normal: -0.532788 -0.752526 -0.387093
UV: 0.499802 0.316024

Position: 2695.41 1321.37 -900.146
Normal: -0.765375 -0.592599 0.251053
UV: 0.499802 0.461903

Position: 2802.06 1373.65 0
Normal: -0.790712 -0.612189 -1.72305e-007
UV: 0.499802 0.44462

Position: 2695.41 1321.37 900.141
Normal: -0.765375 -0.592599 -0.251052
UV: 0.499802 0.461903

Position: 2383.57 1168.5 1731.76
Normal: -0.685554 -0.530968 -0.498085
UV: 0.499802 0.51244

Position: -278.157 2513.4 856.083
Normal: 0.0677216 -0.975691 -0.208426
UV: 0.499802 0.0678356

Position: 455.22 2337 1401.03
Normal: -0.115737 -0.927214 -0.356202
UV: 0.499802 0.126151

Position: -535.144 2222.62 1647.01
Normal: 0.136339 -0.897409 -0.419606
UV: 0.499802 0.163962

Position: 1134.09 1934.55 1901.63
Normal: -0.299581 -0.806145 -0.510275
UV: 0.499802 0.259196

Position: 200.248 1934.55 2205.06
Normal: -0.0575654 -0.806145 -0.588912
UV: 0.499802 0.259196

Position: -751.395 1762.65 2312.55
Normal: 0.203507 -0.752526 -0.626331
UV: 0.499802 0.316024

Position: 1689.01 1321.37 2285.32
Normal: -0.47528 -0.592599 -0.650335
UV: 0.499802 0.461903

Position: 865.884 1373.65 2664.91
Normal: -0.244344 -0.612188 -0.752012
UV: 0.499802 0.44462

Position: -23.1645 1321.37 2841.64
Normal: 0.00225272 -0.5926 -0.805494
UV: 0.499802 0.461903

Position: -910.445 1168.5 2802.05
Normal: 0.261859 -0.530969 -0.805917
UV: 0.499802 0.51244

Position: -1191.79 2337 865.879
Normal: 0.303004 -0.927214 -0.220145
UV: 0.499802 0.126151

Position: -1458.11 1934.55 1666.23
Normal: 0.392724 -0.806145 -0.442602
UV: 0.499802 0.259196

Position: -2035.26 1934.55 871.845
Normal: 0.542299 -0.806146 -0.236731
UV: 0.499802 0.259196

Position: -1651.53 1321.37 2312.55
Normal: 0.471636 -0.592597 -0.652983
UV: 0.499802 0.461903

Position: -2266.91 1373.65 1647.01
Normal: 0.639701 -0.612186 -0.46477
UV: 0.499802 0.44462

Position: -2709.72 1321.37 856.083
Normal: 0.766767 -0.592598 -0.24677
UV: 0.499802 0.461903

Position: -3159.79 607.368 -529.094
Normal: 0.942608 -0.291908 0.162112
UV: 0.499802 0.697944

Position: -3159.79 607.368 529.089
Normal: 0.942608 -0.291908 -0.162112
UV: 0.499802 0.697944

Position: -3294.01 0 0
Normal: 0.989339 -0.145631 -2.30169e-007
UV: 0.499802 0.898732

Position: -3132.79 0 1017.9
Normal: 0.93843 -0.141935 -0.314966
UV: 0.499802 0.898732

Position: -3132.79 0 -1017.91
Normal: 0.93843 -0.141935 0.314966
UV: 0.499802 0.898732

Position: -473.232 607.368 -3168.64
Normal: 0.137104 -0.291909 0.946568
UV: 0.499802 0.697944

Position: -1479.62 607.368 -2841.64
Normal: 0.445458 -0.291908 0.846379
UV: 0.499802 0.697944

Position: -1017.9 0 -3132.8
Normal: 0.305721 -0.145634 0.940917
UV: 0.499802 0.898732

Position: -1936.17 0 -2664.92
Normal: 0.589541 -0.141938 0.79517
UV: 0.499802 0.898732

Position: -0 0 -3294.01
Normal: -0.00955881 -0.141937 0.98983
UV: 0.499802 0.898732

Position: 2867.32 607.368 -1429.23
Normal: -0.857872 -0.291907 0.422901
UV: 0.499802 0.697944

Position: 2245.33 607.368 -2285.32
Normal: -0.6673 -0.291907 0.685201
UV: 0.499802 0.697944

Position: 2664.91 0 -1936.17
Normal: -0.800393 -0.145629 0.581518
UV: 0.499802 0.898732

Position: 1936.17 0 -2664.92
Normal: -0.574074 -0.141937 0.806407
UV: 0.499802 0.898732

Position: 3132.79 0 -1017.91
Normal: -0.944337 -0.141936 0.296785
UV: 0.499802 0.898732

Position: 2245.33 607.368 2285.32
Normal: -0.6673 -0.291909 -0.685201
UV: 0.499802 0.697944

Position: 2867.32 607.368 1429.23
Normal: -0.857872 -0.291907 -0.422901
UV: 0.499802 0.697944

Position: 2664.91 0 1936.17
Normal: -0.800392 -0.145631 -0.58152
UV: 0.499802 0.898732

Position: 3132.79 0 1017.9
Normal: -0.944338 -0.141935 -0.296785
UV: 0.499802 0.898732

Position: 1936.17 0 2664.91
Normal: -0.574076 -0.141936 -0.806406
UV: 0.499802 0.898732

Position: -1479.62 607.368 2841.64
Normal: 0.445459 -0.291908 -0.846378
UV: 0.499802 0.697944

Position: -473.232 607.368 3168.64
Normal: 0.137107 -0.29191 -0.946568
UV: 0.499802 0.697944

Position: -1017.9 0 3132.79
Normal: 0.305724 -0.145632 -0.940917
UV: 0.499802 0.898732

Position: -0 0 3294.01
Normal: -0.00955727 -0.141936 -0.98983
UV: 0.499802 0.898732

Position: -1936.17 0 2664.91
Normal: 0.58954 -0.141939 -0.795171
UV: 0.499802 0.898732

Position: -2257.35 666.598 -2246.92
Normal: 0.673476 -0.321775 0.6655
UV: 0.499802 0.678363

Position: -2664.91 0 -1936.17
Normal: 0.800063 -0.148364 0.58128
UV: 0.499802 0.898732

Position: -2834.5 666.598 -1452.54
Normal: 0.841044 -0.321775 0.434863
UV: 0.499802 0.678363

Position: 1439.38 666.598 -2841.21
Normal: -0.424813 -0.321775 0.846165
UV: 0.499802 0.678363

Position: 1017.9 0 -3132.79
Normal: -0.305597 -0.148362 0.940531
UV: 0.499802 0.898732

Position: 505.536 666.598 -3144.63
Normal: -0.153682 -0.321774 0.934261
UV: 0.499802 0.678363

Position: 3146.94 666.598 490.95
Normal: -0.936025 -0.321775 -0.142543
UV: 0.499802 0.678363

Position: 3294.01 0 0
Normal: -0.988933 -0.148366 -2.42872e-007
UV: 0.499802 0.898732

Position: 3146.94 666.598 -490.956
Normal: -0.936025 -0.321775 0.142543
UV: 0.499802 0.678363

Position: 505.536 666.598 3144.63
Normal: -0.153681 -0.321777 -0.93426
UV: 0.499802 0.678363

Position: 1017.9 0 3132.79
Normal: -0.305598 -0.148361 -0.940531
UV: 0.499802 0.898732

Position: 1439.38 666.598 2841.21
Normal: -0.424815 -0.321776 -0.846163
UV: 0.499802 0.678363

Position: -2834.5 666.598 1452.54
Normal: 0.841044 -0.321775 -0.434862
UV: 0.499802 0.678363

Position: -2664.91 0 1936.17
Normal: 0.800063 -0.148367 -0.58128
UV: 0.499802 0.898732

Position: -2257.35 666.598 2246.91
Normal: 0.673475 -0.321775 -0.665501
UV: 0.499802 0.678363


[INDEX_DATA]
0 2 1
2 4 3
2 3 1
1 3 5
4 7 6
4 6 3
3 6 8
3 8 5
5 8 9
7 11 10
7 10 6
6 10 12
6 12 8
8 12 13
8 13 9
9 13 14
0 1 15
1 5 16
1 16 15
15 16 17
5 9 18
5 18 16
16 18 19
16 19 17
17 19 20
9 14 21
9 21 18
18 21 22
18 22 19
19 22 23
19 23 20
20 23 24
0 15 25
15 17 26
15 26 25
25 26 27
17 20 28
17 28 26
26 28 29
26 29 27
27 29 30
20 24 31
20 31 28
28 31 32
28 32 29
29 32 33
29 33 30
30 33 34
0 25 35
25 27 36
25 36 35
35 36 37
27 30 38
27 38 36
36 38 39
36 39 37
37 39 40
30 34 41
30 41 38
38 41 42
38 42 39
39 42 43
39 43 40
40 43 44
0 35 2
35 37 45
35 45 2
2 45 4
37 40 46
37 46 45
45 46 47
45 47 4
4 47 7
40 44 48
40 48 46
46 48 49
46 49 47
47 49 50
47 50 7
7 50 11
11 52 51
52 54 53
52 53 51
51 53 55
14 57 56
57 59 58
57 58 56
56 58 60
24 62 61
62 64 63
62 63 61
61 63 65
34 67 66
67 69 68
67 68 66
66 68 70
44 72 71
72 74 73
72 73 71
71 73 75
59 57 76
59 76 77
77 76 78
77 78 55
55 78 51
57 14 13
57 13 76
76 13 12
76 12 78
78 12 10
78 10 51
51 10 11
64 62 79
64 79 80
80 79 81
80 81 60
60 81 56
62 24 23
62 23 79
79 23 22
79 22 81
81 22 21
81 21 56
56 21 14
69 67 82
69 82 83
83 82 84
83 84 65
65 84 61
67 34 33
67 33 82
82 33 32
82 32 84
84 32 31
84 31 61
61 31 24
74 72 85
74 85 86
86 85 87
86 87 70
70 87 66
72 44 43
72 43 85
85 43 42
85 42 87
87 42 41
87 41 66
66 41 34
54 52 88
54 88 89
89 88 90
89 90 75
75 90 71
52 11 50
52 50 88
88 50 49
88 49 90
90 49 48
90 48 71
71 48 44

[MESH_DATA]
VertexCount: 22
IndexCount: 60
BoneCount: 0
AnimationClips: 0

[VERTEX_DATA]
Position: -17.832 60.6241 2519.43
Normal: 4.3528e-006 0 -1
UV: 0.500278 0.00640428

Position: -24.2669 74.6859 2519.43
Normal: 4.3528e-006 0 -1
UV: 0.500278 0.00640428

Position: -46.1584 63.5316 2519.43
Normal: 4.3528e-006 0 -1
UV: 0.500278 0.00640428

Position: -34.4101 44.046 2519.43
Normal: 4.3528e-006 0 -1
UV: 0.500278 0.00640428

Position: -46.1585 -63.5316 2519.43
Normal: -0 0 -1
UV: 0.500278 0.00640428

Position: -17.832 -60.6241 2519.43
Normal: -0 0 -1
UV: 0.500278 0.00640428

Position: -34.4101 -44.046 2519.43
Normal: -0 0 -1
UV: 0.500278 0.00640428

Position: -24.2669 -74.6859 2519.43
Normal: -0 0 -1
UV: 0.500278 0.00640428

Position: -8.98698e-006 -78.5294 2519.43
Normal: -0 0 -1
UV: 0.500278 0.00640428

Position: 3.05763 -71.2679 2519.43
Normal: -0 0 -1
UV: 0.500278 0.00640428

Position: -6.64662e-006 78.5294 2519.43
Normal: -1.06737e-005 0 -1
UV: 0.500278 0.00640428

Position: 3.05764 71.2679 2519.43
Normal: 2.12024e-005 0 -1
UV: 0.500278 0.00640428

Position: -74.6859 24.2669 2519.43
Normal: -0 0 -1
UV: 0.500278 0.00640428

Position: -45.0539 23.1564 2519.43
Normal: -0 0 -1
UV: 0.500278 0.00640428

Position: -63.5316 46.1584 2519.43
Normal: -0 0 -1
UV: 0.500278 0.00640428

Position: -63.5317 -46.1584 2519.43
Normal: -0 0 -1
UV: 0.500278 0.00640428

Position: -45.054 -23.1563 2519.43
Normal: -0 0 -1
UV: 0.500278 0.00640428

Position: -48.7215 1.19826e-005 2519.43
Normal: -0 0 -1
UV: 0.500278 0.00640428

Position: -78.5294 1.19826e-005 2519.43
Normal: -0 0 -1
UV: 0.500278 0.00640428

Position: -74.686 -24.2669 2519.43
Normal: -0 0 -1
UV: 0.500278 0.00640428

Position: 22.5431 -74.6859 2519.43
Normal: 1.28542e-005 0 -1
UV: 0.500278 0.00640428

Position: 22.5431 74.6859 2519.43
Normal: -0 0 -1
UV: 0.500278 0.00640428


[INDEX_DATA]
0 2 1
2 0 3
4 6 5
5 7 4
5 9 8
1 10 0
10 11 0
5 8 7
12 14 13
3 14 2
14 3 13
15 16 6
6 4 15
17 18 12
12 13 17
16 15 19
19 18 17
17 16 19
9 20 8
10 21 11

