[MESH_DATA]
VertexCount: 132
IndexCount: 198
BoneCount: 0
AnimationClips: 0

[VERTEX_DATA]
Position: 9.61359 -9.53409 2519.43
Normal: -0 0 -1
UV: 0.500278 0.00640428

Position: -9.61359 9.5341 2519.43
Normal: -0 0 -1
UV: 0.500278 0.00640428

Position: -9.61359 -9.5341 2519.43
Normal: -0 0 -1
UV: 0.500278 0.00640428

Position: 9.61359 9.5341 2519.43
Normal: -0 0 -1
UV: 0.500278 0.00640428

Position: -891.182 739.032 2237.71
Normal: 0.357204 -0.296585 -0.885687
UV: 0.500278 0.00640428

Position: -908.702 755.425 2225.16
Normal: 0.357204 -0.296585 -0.885687
UV: 0.500278 0.00640428

Position: -909.136 737.296 2231.05
Normal: 0.357204 -0.296585 -0.885687
UV: 0.500278 0.00640428

Position: -890.749 757.161 2231.82
Normal: 0.357204 -0.296585 -0.885687
UV: 0.500278 0.00640428

Position: 866.885 930.72 2174.86
Normal: -0.347287 -0.372744 -0.860496
UV: 0.500278 0.00640428

Position: 883.031 947.522 2161.06
Normal: -0.347287 -0.372744 -0.860496
UV: 0.500278 0.00640428

Position: 865.092 948.393 2167.92
Normal: -0.347287 -0.372744 -0.860496
UV: 0.500278 0.00640428

Position: 884.825 929.849 2167.99
Normal: -0.347287 -0.372744 -0.860496
UV: 0.500278 0.00640428

Position: 628.938 1572.64 1865.2
Normal: -0.246521 -0.621404 -0.743696
UV: 0.500278 0.00640428

Position: 613.247 1558.54 1882.18
Normal: -0.246521 -0.621404 -0.743696
UV: 0.500278 0.00640428

Position: 631.675 1557.72 1876.76
Normal: -0.246521 -0.621404 -0.743696
UV: 0.500278 0.00640428

Position: 610.51 1573.46 1870.62
Normal: -0.246521 -0.621404 -0.743696
UV: 0.500278 0.00640428

Position: -412.228 2017.22 1452.11
Normal: 0.166592 -0.797641 -0.579669
UV: 0.500278 0.00640428

Position: -427.188 2001.99 1468.77
Normal: 0.166592 -0.797641 -0.579669
UV: 0.500278 0.00640428

Position: -408.588 2006.72 1467.61
Normal: 0.166592 -0.797641 -0.579669
UV: 0.500278 0.00640428

Position: -430.828 2012.49 1453.27
Normal: 0.166592 -0.797641 -0.579669
UV: 0.500278 0.00640428

Position: 1249.05 2036.89 799.174
Normal: -0.491472 -0.811512 -0.316076
UV: 0.500278 0.00640428

Position: 1243.08 2046.49 783.813
Normal: -0.491472 -0.811512 -0.316076
UV: 0.500278 0.00640428

Position: 1227.46 2052.2 793.448
Normal: -0.491472 -0.811512 -0.316076
UV: 0.500278 0.00640428

Position: 1233.42 2042.6 808.809
Normal: -0.491472 -0.811512 -0.316076
UV: 0.500278 0.00640428

Position: -1655.2 1799.83 607.16
Normal: 0.65322 -0.718104 -0.240064
UV: 0.500278 0.00640428

Position: -1636.27 1818.62 602.493
Normal: 0.65322 -0.718104 -0.240064
UV: 0.500278 0.00640428

Position: -1649.74 1809.89 591.911
Normal: 0.65322 -0.718104 -0.240064
UV: 0.500278 0.00640428

Position: -1641.73 1808.55 617.741
Normal: 0.65322 -0.718104 -0.240064
UV: 0.500278 0.00640428

Position: -546.531 2446.23 254.921
Normal: 0.211953 -0.972191 -0.0995991
UV: 0.500278 0.00640428

Position: -521.393 2452.52 247.06
Normal: 0.211953 -0.972191 -0.0995991
UV: 0.500278 0.00640428

Position: -538.201 2449.77 238.138
Normal: 0.211953 -0.972191 -0.0995991
UV: 0.500278 0.00640428

Position: -529.723 2448.98 263.844
Normal: 0.211953 -0.972191 -0.0995991
UV: 0.500278 0.00640428

Position: -1883.53 1578.85 -554.346
Normal: 0.744012 -0.63051 0.221139
UV: 0.500278 0.00640428

Position: -1865.45 1598.22 -559.929
Normal: 0.744012 -0.63051 0.221139
UV: 0.500278 0.00640428

Position: -1874.18 1584.38 -570.02
Normal: 0.744012 -0.63051 0.221139
UV: 0.500278 0.00640428

Position: -1874.79 1592.69 -544.255
Normal: 0.744012 -0.63051 0.221139
UV: 0.500278 0.00640428

Position: -1787.17 1084.46 -1406.31
Normal: 0.707355 -0.435274 0.556943
UV: 0.500278 0.00640428

Position: -1790.24 1097.32 -1392.36
Normal: 0.707355 -0.435274 0.556943
UV: 0.500278 0.00640428

Position: -1774.04 1095.94 -1414.01
Normal: 0.707355 -0.435274 0.556943
UV: 0.500278 0.00640428

Position: -1777.11 1108.81 -1400.05
Normal: 0.707355 -0.435274 0.556943
UV: 0.500278 0.00640428

Position: -1017.36 2102.25 -945.119
Normal: 0.407525 -0.831451 0.377641
UV: 0.500278 0.00640428

Position: -1036.11 2087.33 -957.739
Normal: 0.407525 -0.831451 0.377641
UV: 0.500278 0.00640428

Position: -1034.72 2095.82 -940.544
Normal: 0.407525 -0.831451 0.377641
UV: 0.500278 0.00640428

Position: -1018.75 2093.76 -962.315
Normal: 0.407525 -0.831451 0.377641
UV: 0.500278 0.00640428

Position: -931.564 823.023 -2191.47
Normal: 0.365186 -0.325221 0.872279
UV: 0.500278 0.00640428

Position: -908.595 815.713 -2203.81
Normal: 0.365186 -0.325221 0.872279
UV: 0.500278 0.00640428

Position: -925.179 807.068 -2200.09
Normal: 0.365186 -0.325221 0.872279
UV: 0.500278 0.00640428

Position: -914.98 831.669 -2195.19
Normal: 0.365186 -0.325221 0.872279
UV: 0.500278 0.00640428

Position: 377.898 1313.82 -2116.32
Normal: -0.14861 -0.517159 0.842889
UV: 0.500278 0.00640428

Position: 370.976 1292.06 -2130.89
Normal: -0.14861 -0.517159 0.842889
UV: 0.500278 0.00640428

Position: 361.532 1307.03 -2123.37
Normal: -0.14861 -0.517159 0.842889
UV: 0.500278 0.00640428

Position: 387.342 1298.85 -2123.84
Normal: -0.14861 -0.517159 0.842889
UV: 0.500278 0.00640428

Position: 696.257 2130.76 -1150.15
Normal: -0.277234 -0.847994 0.451716
UV: 0.500278 0.00640428

Position: 700.697 2142.17 -1126
Normal: -0.277234 -0.847994 0.451716
UV: 0.500278 0.00640428

Position: 711.276 2132.06 -1138.47
Normal: -0.277234 -0.847994 0.451716
UV: 0.500278 0.00640428

Position: 685.677 2140.86 -1137.67
Normal: -0.277234 -0.847994 0.451716
UV: 0.500278 0.00640428

Position: 1419.07 730.325 -1949.51
Normal: -0.561636 -0.28556 0.776544
UV: 0.500278 0.00640428

Position: 1410.94 708.549 -1963.4
Normal: -0.561636 -0.28556 0.776544
UV: 0.500278 0.00640428

Position: 1404.6 726.585 -1961.35
Normal: -0.561636 -0.28556 0.776544
UV: 0.500278 0.00640428

Position: 1425.41 712.289 -1951.56
Normal: -0.561636 -0.28556 0.776544
UV: 0.500278 0.00640428

Position: 2197.94 1215.03 -201.263
Normal: -0.874991 -0.47757 0.0794858
UV: 0.500278 0.00640428

Position: 2211.02 1191.4 -199.275
Normal: -0.874991 -0.47757 0.0794858
UV: 0.500278 0.00640428

Position: 2203.96 1201.92 -213.737
Normal: -0.874991 -0.47757 0.0794858
UV: 0.500278 0.00640428

Position: 2205 1204.5 -186.801
Normal: -0.874991 -0.47757 0.0794858
UV: 0.500278 0.00640428

Position: 1267.65 2166.58 -216.128
Normal: -0.507788 -0.857201 0.0857803
UV: 0.500278 0.00640428

Position: 1290.95 2152.79 -216.071
Normal: -0.507788 -0.857201 0.0857803
UV: 0.500278 0.00640428

Position: 1278.64 2158.73 -229.589
Normal: -0.507788 -0.857201 0.0857803
UV: 0.500278 0.00640428

Position: 1279.97 2160.64 -202.61
Normal: -0.507788 -0.857201 0.0857803
UV: 0.500278 0.00640428

Position: 2040.72 1098.76 987.89
Normal: -0.812438 -0.431335 -0.392294
UV: 0.500278 0.00640428

Position: 2053.07 1074.68 988.786
Normal: -0.812438 -0.431335 -0.392294
UV: 0.500278 0.00640428

Position: 2051.76 1088.88 975.889
Normal: -0.812438 -0.431335 -0.392294
UV: 0.500278 0.00640428

Position: 2042.03 1084.56 1000.79
Normal: -0.812438 -0.431335 -0.392294
UV: 0.500278 0.00640428

Position: 2013.97 1266.7 828.92
Normal: -0.80226 -0.498245 -0.328833
UV: 0.500278 0.00640428

Position: 2028.53 1243.89 827.979
Normal: -0.80226 -0.498245 -0.328833
UV: 0.500278 0.00640428

Position: 2024.71 1258.16 815.675
Normal: -0.80226 -0.498245 -0.328833
UV: 0.500278 0.00640428

Position: 2017.79 1252.43 841.223
Normal: -0.80226 -0.498245 -0.328833
UV: 0.500278 0.00640428

Position: 1845.58 1687.35 -307.312
Normal: -0.736107 -0.665728 0.122281
UV: 0.500278 0.00640428

Position: 1863.56 1667.17 -308.896
Normal: -0.736107 -0.665728 0.122281
UV: 0.500278 0.00640428

Position: 1852.73 1676.82 -321.512
Normal: -0.736107 -0.665728 0.122281
UV: 0.500278 0.00640428

Position: 1856.41 1677.69 -294.696
Normal: -0.736107 -0.665728 0.122281
UV: 0.500278 0.00640428

Position: 1233.94 1811.31 -1242.68
Normal: -0.49374 -0.715479 0.494278
UV: 0.500278 0.00640428

Position: 1253.96 1793.86 -1247.96
Normal: -0.49374 -0.715479 0.494278
UV: 0.500278 0.00640428

Position: 1237.66 1799.01 -1256.77
Normal: -0.49374 -0.715479 0.494278
UV: 0.500278 0.00640428

Position: 1250.23 1806.16 -1233.87
Normal: -0.49374 -0.715479 0.494278
UV: 0.500278 0.00640428

Position: 1015.74 1872.86 -1344.76
Normal: -0.40729 -0.740173 0.535032
UV: 0.500278 0.00640428

Position: 1036.53 1856.76 -1351.22
Normal: -0.40729 -0.740173 0.535032
UV: 0.500278 0.00640428

Position: 1019.35 1860.63 -1358.94
Normal: -0.40729 -0.740173 0.535032
UV: 0.500278 0.00640428

Position: 1032.92 1868.99 -1337.05
Normal: -0.40729 -0.740173 0.535032
UV: 0.500278 0.00640428

Position: -360.475 2203.65 -1166.93
Normal: 0.145877 -0.876414 0.458931
UV: 0.500278 0.00640428

Position: -378.978 2203.3 -1161.72
Normal: 0.145877 -0.876414 0.458931
UV: 0.500278 0.00640428

Position: -356.099 2212.82 -1150.8
Normal: 0.145877 -0.876414 0.458931
UV: 0.500278 0.00640428

Position: -374.602 2212.47 -1145.58
Normal: 0.145877 -0.876414 0.458931
UV: 0.500278 0.00640428

Position: -206.448 2279.4 -1053.31
Normal: 0.0786399 -0.903171 0.422017
UV: 0.500278 0.00640428

Position: -187.432 2279.73 -1056.13
Normal: 0.0786399 -0.903171 0.422017
UV: 0.500278 0.00640428

Position: -208.835 2271.22 -1070.37
Normal: 0.0786399 -0.903171 0.422017
UV: 0.500278 0.00640428

Position: -189.819 2271.55 -1073.19
Normal: 0.0786399 -0.903171 0.422017
UV: 0.500278 0.00640428

Position: -1385.36 1873.91 957.582
Normal: 0.545424 -0.746764 -0.380599
UV: 0.500278 0.00640428

Position: -1362.98 1888.94 960.164
Normal: 0.545424 -0.746764 -0.380599
UV: 0.500278 0.00640428

Position: -1375.98 1886.45 946.43
Normal: 0.545424 -0.746764 -0.380599
UV: 0.500278 0.00640428

Position: -1372.37 1876.4 971.316
Normal: 0.545424 -0.746764 -0.380599
UV: 0.500278 0.00640428

Position: -2176.55 719.449 1045.34
Normal: 0.862515 -0.283052 -0.419463
UV: 0.500278 0.00640428

Position: -2178.94 701.724 1052.4
Normal: 0.862515 -0.283052 -0.419463
UV: 0.500278 0.00640428

Position: -2167.2 724.493 1061.17
Normal: 0.862515 -0.283052 -0.419463
UV: 0.500278 0.00640428

Position: -2169.58 706.767 1068.23
Normal: 0.862515 -0.283052 -0.419463
UV: 0.500278 0.00640428

Position: 307.021 2397.45 711.136
Normal: -0.119894 -0.953205 -0.277534
UV: 0.500278 0.00640428

Position: 297.039 2405.63 687.332
Normal: -0.119894 -0.953205 -0.277534
UV: 0.500278 0.00640428

Position: 289.59 2401.55 704.581
Normal: -0.119894 -0.953205 -0.277534
UV: 0.500278 0.00640428

Position: 314.469 2401.53 693.887
Normal: -0.119894 -0.953205 -0.277534
UV: 0.500278 0.00640428

Position: 1439.67 1237.93 1656.08
Normal: -0.57535 -0.491638 -0.653654
UV: 0.500278 0.00640428

Position: 1459.44 1239.33 1637.62
Normal: -0.57535 -0.491638 -0.653654
UV: 0.500278 0.00640428

Position: 1444.65 1250.41 1642.32
Normal: -0.57535 -0.491638 -0.653654
UV: 0.500278 0.00640428

Position: 1454.47 1226.86 1651.39
Normal: -0.57535 -0.491639 -0.653654
UV: 0.500278 0.00640428

Position: 2467.71 501.117 83.7047
Normal: -0.980481 -0.193667 -0.033917
UV: 0.500278 0.00640428

Position: 2472.8 474.75 87.1954
Normal: -0.980481 -0.193667 -0.033917
UV: 0.500278 0.00640428

Position: 2471.02 486.418 72.0171
Normal: -0.980481 -0.193667 -0.033917
UV: 0.500278 0.00640428

Position: 2469.49 489.449 98.8828
Normal: -0.980481 -0.193667 -0.033917
UV: 0.500278 0.00640428

Position: 1948.72 1066.73 -1188.41
Normal: -0.775932 -0.41862 0.471898
UV: 0.500278 0.00640428

Position: 1961.09 1042.66 -1189.43
Normal: -0.775932 -0.41862 0.471898
UV: 0.500278 0.00640428

Position: 1948.96 1052.27 -1200.84
Normal: -0.775932 -0.41862 0.471898
UV: 0.500278 0.00640428

Position: 1960.85 1057.12 -1177
Normal: -0.775931 -0.41862 0.471898
UV: 0.500278 0.00640428

Position: 603.485 1306.5 -2067.99
Normal: -0.244159 -0.520021 0.818514
UV: 0.500278 0.00640428

Position: 626.841 1313.8 -2056.39
Normal: -0.244159 -0.520021 0.818514
UV: 0.500278 0.00640428

Position: 621.262 1299.21 -2067.32
Normal: -0.244159 -0.520021 0.818514
UV: 0.500278 0.00640428

Position: 609.065 1321.1 -2057.05
Normal: -0.244159 -0.520021 0.818514
UV: 0.500278 0.00640428

Position: -508.302 2298.58 -897.715
Normal: 0.202508 -0.914103 0.351292
UV: 0.500278 0.00640428

Position: -512.097 2307.46 -872.418
Normal: 0.202508 -0.914103 0.351292
UV: 0.500278 0.00640428

Position: -497.062 2306.21 -884.336
Normal: 0.202508 -0.914103 0.351292
UV: 0.500278 0.00640428

Position: -523.338 2299.83 -885.797
Normal: 0.202508 -0.914103 0.351292
UV: 0.500278 0.00640428

Position: -2409.8 728.193 101.512
Normal: 0.956796 -0.287204 -0.0453397
UV: 0.500278 0.00640428

Position: -2414.45 711.434 109.713
Normal: 0.956796 -0.287204 -0.0453397
UV: 0.500278 0.00640428

Position: -2406.72 735.767 118.737
Normal: 0.956796 -0.287204 -0.0453397
UV: 0.500278 0.00640428

Position: -2411.36 719.007 126.938
Normal: 0.956796 -0.287204 -0.0453397
UV: 0.500278 0.00640428


[INDEX_DATA]
0 2 1
1 3 0
4 6 5
5 7 4
8 10 9
9 11 8
12 14 13
13 15 12
16 18 17
17 19 16
20 22 21
20 23 22
24 26 25
25 27 24
28 30 29
29 31 28
32 34 33
33 35 32
36 38 37
39 37 38
40 42 41
41 43 40
44 46 45
45 47 44
48 50 49
49 51 48
52 54 53
53 55 52
56 58 57
57 59 56
60 62 61
61 63 60
64 66 65
65 67 64
68 70 69
69 71 68
72 74 73
73 75 72
76 78 77
77 79 76
80 82 81
81 83 80
84 86 85
85 87 84
88 90 89
90 91 89
92 94 93
93 94 95
96 98 97
97 99 96
100 102 101
102 103 101
104 106 105
105 107 104
108 110 109
109 111 108
112 114 113
113 115 112
116 118 117
117 119 116
120 122 121
121 123 120
124 126 125
125 127 124
128 130 129
130 131 129
