41 67
334 100
369 124
278 158
162 64
105 145
81 27
361 91
195 342
27 236
391 204
302 153
292 382
221 316
118 295
247 126
371 338
269 312
67 299
235 294
303 211
122 333
73 264
341 111
253 68
347 44
262 357
37 59
323 141
329 378
316 235
190 242
288 106
240 142
64 248
246 205
290 329
370 150
206 301
393 348
29 223
84 354
356 240
166 176
331 308
144 39
226 123
337 338
118 82
129 141
33 315
239 58
304 330
377 306
73 386
221 345
124 272
270 229
377 373
297 112
386 90
361 236
355 367
55 374
31 52
150 350
141 124
366 230
307 191
7 137
257 287
153 383
145 109
209 158
221 188
22 146
306 230
13 368
100 191
362 55
210 359
24 137
348 83
395 41
2 350
291 36
174 220
196 21
148 399
68 84
281 334
53 399
18 338
100 188
127 67
128 93
248 83
207 21
310 217
13 314
309 16
135 251
200 49
119 356
398 303
224 208
244 209
189 302
395 85
293 343
123 387
114 303
248 0
258 218
180 196
398 81
389 398
9 357
72 22
138 292
38 179
190 57
358 191
215 88
356 311
202 234
272 55
328 246
362 86
75 33
269 142
244 216
281 398
322 251
21 99
357 76
292 389
275 312
200 110
203 69
261 288
201 189
55 23
202 185
182 285
288 226
217 157
232 132
169 154
121 389
376 129
368 292
225 155
234 149
241 312
145 60
118 153
139 23
279 396
287 129
149 237
266 149
193 395
97 16
286 105
88 282
55 134
114 101
116 271
186 263
313 355
385 53
112 8
232 145
313 156
321 358
46 382
81 144
396 222
329 161
335 50
373 66
44 59
292 39
53 24
154 310
345 249
386 313
74 22
168 18
387 305
358 191
202 25
77 14
114 224
134 274
372 159
233 70
287 297
318 177
173 270
163 268
392 385
302 80
13 27
2 99
127 225
343 324
223 372
261 181
203 232
305 393
325 231
92 142
22 86
264 300
387 360
13 174
270 370
235 33
111 160
96 267
85 150
140 94
295 24
19 125
176 94
258 302
171 66
278 193
251 284
218 64
319 352
0 87
260 326
210 357
170 315
376 227
43 358
364 309
282 286
365 287
377 74
225 27
29 328
223 120
102 162
123 196
137 61
195 125
64 260
202 116
230 326
211 371
11 347
353 320
190 124
188 163
140 51
262 229
100 113
158 378
365 207
277 0
58 39
303 360
157 324
77 308
313 87
201 50
60 28
193 184
205 140
311 304
35 356
72 150
23 85
156 16
26 157
126 157
137 71
269 161
96 222
17 112
317 296
385 41
23 129
229 165
159 132
296 255
53 162
384 134
254 172
257 369
132 163
207 83
111 35
67 48
275 138
223 142
154 111
341 175
259 225
21 270
26 334
5 183
250 198
279 301
193 334
37 134
356 393
176 105
162 148
281 300
13 241
255 55
342 262
11 77
24 278
152 43
296 273
40 113
75 72
18 210
217 132
112 295
369 231
40 88
285 290
297 189
390 345
153 114
251 340
44 58
335 359
392 5
64 181
103 229
175 208
92 397
349 356
361 27
67 341
129 40
213 374
201 77
215 283
213 392
224 1
192 159
270 28
27 84
75 386
298 170
287 247
204 103
21 263
106 363
210 171
289 240
164 342
19 113
391 304
218 32
350 5
175 339
303 222
298 47
384 48
171 264
113 275
345 312
346 278
169 62
119 385
289 344
65 140
45 308
318 270
1 323
332 72
352 287
170 163
301 303
23 327
0 169
15 365
28 343
147 88
143 237
9 63
249 281
388 142
208 60
21 158
354 88
146 290
349 43
230 20
348 267
136 383
35 226
385 238
253 29
24 148
323 159
257 366
144 155
118 326
211 225
355 201
149 296
184 315
364 142
75 313
142 396
348 272
26 206
173 29
4 305
226 212
175 93
165 36
336 341
14 394
256 252
336 38
82 155
215 331
230 241
225 11
237 186
90 50
62 34
93 353
216 252
8 62
233 254
303 234
303 256
148 324
317 213
309 28
0 280
118 58
50 155
161 64
303 76
43 109
102 361
89 148
82 53
274 220
202 123
231 169
278 259
208 219
371 3
345 181
104 392
285 113
298 389
322 338
237 10
261 234
108 361
359 93
315 69
137 69
58 300
371 264
317 215
155 215
330 239
212 88
82 354
85 310
84 374
380 215
351 141
115 79
310 298
273 388
377 132
356 289
113 8
141 190
123 163
28 384
378 0
271 285
374 271
133 67
153 295
168 25
76 29
250 198
109 293
286 80
116 249
267 328
279 264
221 5
26 16
316 126
266 287
81 364
140 86
21 62
321 64
109 15
302 273
324 341
345 162
23 331
6 268
118 2
307 307
281 212
336 230
114 9
84 356
290 93
396 352
254 145
308 248
291 112
331 114
39 358
322 104
195 252
69 279
238 23
318 66
59 98
86 396
262 233
158 22
346 392
237 325
247 258
202 7
98 230
92 200
78 399
352 48
282 140
315 175
362 367
336 397
218 297
228 251
16 230
49 125
258 229
120 140
360 347
362 55
275 392
361 154
398 346
314 146
388 369
238 63
275 115
321 75
15 128
34 170
105 264
357 162
161 124
149 269
330 323
350 333
125 110
137 336
337 78
393 36
314 164
391 349
335 105
137 4
337 223
264 370
8 168
81 285
352 373
252 194
276 226
396 372
249 240
374 19
143 211
341 289
19 365
205 385
216 250
15 209
264 366
93 74
309 300
95 373
389 361
372 368
158 31
268 226
110 22
374 379
110 352
182 191
295 164
74 164
102 255
60 74
172 21
122 347
377 189
5 195
394 350
343 354
81 212
72 239
228 312
162 367
8 15
308 23
159 34
4 286
319 158
345 6
166 300
167 92
187 132
156 174
247 221
283 222
131 376
183 148
323 382
18 376
20 311
182 256
290 125
324 86
77 369
43 334
77 268
268 391
196 183
28 127
226 271
297 12
303 227
208 345
308 385
238 237
43 113
101 50
328 111
50 149
392 254
269 281
265 267
113 193
234 272
172 30
101 42
377 277
170 302
364 181
190 23
237 23
179 195
169 327
42 110
182 258
326 287
70 128
51 258
13 260
183 86
342 210
72 328
34 241
318 303
67 65
138 281
57 350
214 198
58 261
63 356
7 278
289 235
365 75
386 186
233 360
130 48
128 292
33 240
366 135
210 399
237 292
382 128
152 169
44 194
208 52
47 232
335 8
64 297
43 49
15 41
189 100
212 248
323 251
74 233
291 0
254 390
97 119
180 178
131 144
140 287
99 125
83 338
292 193
252 211
360 234
240 297
385 129
340 5
391 192
10 349
378 179
171 77
73 193
20 297
226 76
190 182
378 359
18 89
159 249
124 272
380 208
367 208
77 103
170 207
196 74
122 211
219 361
256 90
363 283
116 332
252 341
154 13
62 396
260 215
104 199
136 280
398 232
387 184
40 317
206 270
241 82
49 323
158 105
21 295
96 316
78 178
379 258
377 350
7 129
81 195
278 276
153 99
184 365
293 8
172 43
329 314
168 255
391 373
122 348
51 186
144 46
377 117
229 316
274 191
269 112
146 293
291 215
149 57
240 52
236 151
287 26
162 155
383 394
180 97
265 265
113 61
178 278
78 140
211 347
45 170
375 289
350 149
133 265
214 82
207 232
96 367
122 82
210 41
31 187
305 79
321 138
151 247
208 46
276 159
189 22
66 86
255 28
14 60
53 177
148 103
61 31
282 55
197 106
352 221
96 281
21 55
347 324
318 335
176 174
259 198
74 53
122 235
43 88
153 32
347 280
326 78
50 1
161 199
55 363
116 173
361 45
73 274
350 353
381 287
299 110
243 265
372 129
381 112
276 381
247 90
271 5
372 32
389 120
365 231
58 93
6 178
148 206
371 166
196 297
220 94
329 388
109 384
369 178
17 15
226 84
368 306
328 97
118 390
399 185
86 399
20 310
271 213
215 85
318 380
131 67
387 244
386 107
360 227
74 31
352 271
268 293
285 337
111 4
277 6
168 222
213 200
142 337
38 188
155 89
47 381
293 184
187 361
93 217
301 282
247 65
353 104
284 295
325 221
364 181
72 106
56 143
193 280
80 68
211 113
168 51
16 79
368 240
331 133
179 263
259 253
336 95
365 274
120 35
80 176
55 125
71 8
359 356
2 232
305 40
175 362
85 362
280 236
397 2
108 80
140 76
258 293
140 146
74 373
297 80
135 272
200 307
155 266
141 388
81 368
315 196
225 209
12 136
255 362
243 342
21 322
112 48
18 168
117 114
50 90
135 359
369 295
103 240
379 199
305 391
261 281
52 353
33 29
387 242
253 83
220 214
318 244
263 29
252 64
369 70
205 247
394 287
326 76
123 140
79 390
188 310
71 345
21 70
183 389
355 178
379 206
62 135
287 396
233 88
135 179
393 390
162 165
201 305
207 167
269 334
271 257
198 345
397 218
38 44
172 163
228 64
1 323
290 4
1 227
397 92
171 363
101 363
121 365
221 245
210 95
341 222
212 351
215 55
193 338
79 282
8 254
222 307
245 138
144 290
139 354
204 223
225 78
124 381
330 133
223 194
330 46
187 245
5 216
150 89
138 363
135 297
209 30
24 308
337 74
320 172
293 255
334 361
256 6
184 275
382 119
341 32
284 379
279 283
267 36
125 118
337 28
119 177
337 91
156 395
60 301
393 232
136 180
75 307
384 74
319 390
76 41
151 329
290 174
272 391
189 187
290 39
93 253
263 281
303 205
176 79
95 139
68 398
283 39
315 21
393 226
122 238
28 181
399 178
291 223
143 34
243 149
302 307
102 341
287 346
291 237
13 200
16 90
362 135
326 210
277 182
260 389
305 274
263 322
195 166
360 38
188 211
245 267
25 67
389 142
263 347
102 17
299 223
26 3
48 251
370 236
258 367
56 205
331 362
19 375
156 331
295 44
191 3
188 115
250 319
272 191
183 133
175 242
369 300
354 78
385 257
133 93
90 103
350 33
322 271
11 190
338 41
58 247
352 58
79 102
283 190
2 368
22 95
135 8
361 342
194 99
388 178
42 157
341 247
269 345
380 313
164 110
61 185
73 304
262 303
102 269
354 329
352 74
349 130
244 44
249 118
65 363
352 373
70 131
347 311
269 398
98 303
152 79
53 243
122 288
363 234
250 222
40 311
292 51
180 277
16 276
378 20
215 348
398 179
35 57
83 62
102 262
220 170
222 73
241 286
88 317
117 292
98 67
149 65
389 132
19 81
3 330
228 231
189 352
230 372
264 7
295 228
81 90
210 177
271 36
59 243
40 33
237 293
230 274
193 382
203 261
290 62
307 197
351 23
90 317
240 303
366 83
61 259
245 386
251 365
1 40
9 297
83 50
58 21
175 181
387 71
287 399
104 179
138 300
130 61
118 205
340 28
59 22
398 160
298 135
81 214
367 93
196 361
146 138
70 138
276 355
117 371
360 152
158 233
255 265
326 1
234 359
393 148
73 392
193 133
137 303
90 211
94 268
227 298
189 48
279 47
349 131
269 75
398 249
236 199
123 243
131 154
61 34
185 367
16 193
304 266
153 308
223 284
392 267
48 69
330 11
214 90
227 143
4 199
74 395
106 358
389 258
209 289
247 40
218 164
375 26
289 103
66 12
40 170
276 195
241 386
51 309
187 83
285 190
50 286
355 181
128 302
277 62
24 365
272 32
85 28
246 89
78 83
125 65
60 245
378 221
255 120
127 373
334 51
275 136
334 201
337 110
374 390
356 271
80 135
145 82
225 318
373 312
237 198
305 362
117 292
339 47
146 303
231 115
39 258
29 245
194 399
45 272
275 262
72 173
80 38
97 342
8 3
77 125
134 201
278 382
169 336
278 339
338 321
226 263
77 375
324 381
100 361
62 2
48 295
284 16
337 307
393 84
144 259
21 258
243 68
277 119
257 241
91 64
23 115
72 329
41 315
15 136
157 159
300 252
293 241
229 48
27 198
224 324
274 133
85 238
170 62
229 284
309 78
123 285
200 224
193 305
212 165
167 207
277 184
304 390
234 91
221 85
134 390
142 398
86 18
21 24
197 176
254 69
108 127
93 68
366 302
38 200
19 318
290 184
339 156
208 232
278 14
187 39
74 220
27 154
388 241
398 42
202 321
104 346
256 109
233 108
161 133
286 4
385 142
42 60
161 20
343 378
387 113
263 191
334 15
256 161
212 11
359 251
338 170
124 307
7 384
151 301
89 158
241 190
213 12
55 260
293 72
202 276
343 173
266 51
75 328
132 361
269 103
329 307
292 51
353 392
170 319
272 207
94 305
40 383
262 209
207 38
360 271
371 254
347 314
123 29
89 366
287 156
232 270
139 266
122 83
160 353
305 291
59 186
87 229
42 317
45 356
188 252
354 66
233 160
119 31
338 67
176 298
314 320
253 7
69 216
122 242
207 263
260 147
193 230
317 243
176 114
226 317
134 220
171 392
164 354
66 293
264 175
200 212
300 351
276 379
143 277
189 361
185 272
234 344
361 363
104 146
288 308
157 230
323 64
74 346
237 381
118 211
292 391
232 323
61 191
261 130
98 169
91 0
179 117
317 314
395 241
336 267
228 253
309 373
381 303
169 16
283 167
185 2
30 357
281 367
310 266
87 371
277 45
364 238
71 47
115 192
111 257
205 53
371 180
340 130
75 320
190 177
198 186
4 89
31 144
388 210
318 119
259 327
209 119
279 316
300 196
53 258
30 193
6 249
54 272
160 294
54 333
146 229
71 28
159 241
221 288
366 33
285 270
129 261
60 208
182 162
106 78
379 297
287 138
69 383
340 395
66 233
309 157
317 134
53 135
258 193
243 93
66 151
140 294
137 374
112 97
351 295
217 292
92 237
330 213
96 110
389 28
209 386
144 40
182 169
120 193
292 162
214 127
7 394
305 313
211 113
293 64
203 195
162 381
146 309
248 168
224 111
354 235
327 233
240 262
327 377
217 340
142 300
0 158
276 354
135 30
231 95
337 23
322 127
29 211
211 154
80 253
93 121
385 128
43 200
155 271
70 252
175 231
40 134
40 386
34 248
339 365
396 312
62 252
331 387
64 157
248 356
170 250
382 101
93 99
132 244
331 75
204 250
226 66
138 201
23 243
41 180
95 318
59 163
228 329
288 54
213 179
169 266
79 377
237 202
315 92
123 72
248 323
353 348
395 397
108 108
211 393
65 381
2 10
28 56
105 165
23 369
115 253
205 84
278 145
240 33
85 100
168 394
233 285
348 281
32 256
310 72
182 301
306 235
260 71
327 337
343 168
233 395
371 3
142 11
279 234
112 193
130 161
34 258
326 306
391 43
188 227
319 84
24 293
35 24
94 382
67 227
5 346
286 189
140 237
50 359
378 156
277 3
42 300
211 25
343 395
216 215
4 206
368 41
335 298
125 313
23 312
218 57
396 339
286 94
246 243
322 111
280 255
358 47
70 190
273 327
213 254
296 72
50 41
241 46
325 213
24 329
295 203
194 393
67 187
240 279
41 125
134 60
200 107
221 92
93 317
117 3
343 293
239 211
125 28
378 348
50 92
44 254
23 353
36 347
146 26
61 304
238 371
86 5
99 56
128 67
151 19
391 166
117 246
293 387
221 112
67 299
44 297
1 128
142 304
168 168
241 296
62 320
44 318
25 19
384 174
184 59
349 214
95 103
232 251
337 14
363 251
19 290
317 83
318 184
52 386
69 248
137 397
24 368
27 148
393 382
71 69
93 77
214 304
84 143
295 11
93 92
398 390
99 90
93 274
349 174
114 173
69 18
65 33
38 311
52 63
108 349
288 245
231 320
106 71
368 21
58 157
47 182
238 122
123 106
306 189
356 345
351 123
318 350
97 236
191 206
110 213
251 280
244 343
141 45
178 149
105 114
185 27
224 4
356 317
227 155
102 286
268 98
179 211
89 358
290 375
10 332
289 96
350 312
122 129
72 236
277 353
376 270
285 252
151 397
151 201
35 293
272 316
316 128
311 125
238 96
139 344
256 26
102 358
188 21
186 108
177 228
379 147
149 80
45 328
62 26
319 277
291 47
185 31
206 284
354 369
309 356
21 345
265 16
260 97
335 390
77 49
205 286
188 275
343 177
130 87
155 82
53 200
154 289
88 15
8 110
140 199
197 107
54 304
237 85
99 392
13 212
282 183
151 129
337 233
200 264
83 257
168 110
368 108
241 132
37 84
99 301
269 183
56 92
40 87
212 210
220 35
63 215
297 277
374 134
353 333
78 286
24 334
75 149
312 184
224 192
104 22
55 113
62 73
84 160
322 53
197 222
150 137
317 6
131 197
305 36
357 199
290 298
185 247
284 192
325 196
255 28
138 142
28 195
342 37
306 367
253 193
105 146
9 324
254 265
239 206
209 292
99 175
236 261
47 18
213 327
112 296
309 241
130 290
234 315
286 323
266 144
336 37
216 293
349 171
44 377
85 200
190 285
325 318
68 6
129 8
141 225
336 380
316 70
184 347
328 336
204 300
323 364
211 40
250 304
283 166
141 270
45 106
288 56
307 266
257 278
199 274
155 391
190 232
58 196
117 290
367 107
234 246
262 202
239 226
295 106
314 350
186 79
176 222
79 301
212 76
364 157
170 38
312 144
161 180
200 243
256 61
247 339
208 90
252 179
218 219
7 284
147 377
75 213
309 171
242 339
336 221
301 34
129 158
236 69
97 104
398 202
305 38
232 65
116 81
379 223
127 171
113 382
140 16
88 119
389 313
259 51
271 83
364 238
212 384
159 301
374 333
259 114
49 195
122 141
16 177
252 165
291 138
110 167
255 187
24 222
39 241
248 4
234 168
241 72
268 374
376 337
233 41
145 18
215 174
52 46
156 324
166 381
144 240
134 96
276 227
5 18
291 41
265 191
71 259
100 217
16 343
224 264
305 357
302 66
75 46
32 189
46 145
3 352
301 326
353 384
49 350
5 346
225 170
336 395
193 123
332 56
296 10
176 92
150 90
195 252
150 315
36 161
160 384
329 134
50 82
6 336
384 390
17 382
266 316
388 225
301 10
50 382
221 393
238 354
193 95
280 38
367 220
345 83
265 296
33 390
232 189
239 183
217 129
353 279
213 200
252 345
261 151
318 163
213 107
354 276
217 11
229 264
366 331
342 298
322 355
387 57
358 64
162 110
146 265
380 365
346 340
97 42
64 394
184 270
315 200
6 106
102 296
33 11
267 15
245 175
354 248
119 279
388 321
392 397
197 309
252 71
258 122
59 397
199 299
120 120
36 184
112 315
353 285
341 199
367 208
44 169
81 79
308 7
59 106
249 75
26 124
7 174
84 128
146 345
81 114
149 168
138 307
393 304
305 97
217 355
241 343
133 97
279 336
355 33
354 130
252 304
279 88
70 154
72 176
301 215
86 231
280 375
260 114
138 257
190 238
181 247
42 218
70 31
61 19
381 190
33 272
363 102
102 128
321 98
247 145
6 222
286 194
377 44
283 347
40 85
64 123
337 253
368 130
55 266
58 112
56 118
1 142
76 306
302 284
223 270
312 250
275 311
50 395
288 320
101 183
398 292
48 384
245 187
62 343
258 59
71 16
172 32
41 83
88 15
376 116
298 39
83 5
397 346
169 75
117 187
220 30
242 135
389 373
280 73
377 386
381 185
122 345
179 85
113 135
135 83
186 96
248 85
352 121
60 382
236 88
319 36
392 265
78 198
296 386
211 176
347 121
2 45
302 164
339 172
257 370
320 54
159 280
98 191
360 110
391 267
33 75
136 99
175 190
376 56
272 303
286 167
315 342
295 366
56 186
37 398
226 364
285 65
108 340
160 14
354 12
152 138
306 125
230 49
379 279
313 38
117 21
145 391
369 239
308 165
162 273
81 370
347 253
308 108
315 29
266 89
263 171
341 259
231 372
114 166
388 170
168 199
255 250
244 136
278 206
227 313
323 371
127 273
261 173
334 302
387 217
263 153
126 195
295 13
6 170
259 105
96 33
223 52
279 119
126 193
385 265
171 244
307 71
87 99
119 196
115 352
92 353
257 390
159 157
86 209
265 86
19 259
313 35
228 101
68 69
56 331
378 74
195 43
74 116
224 111
185 122
171 57
95 174
238 183
258 95
122 183
231 303
232 300
390 280
208 305
302 58
218 157
361 120
228 56
113 132
292 382
67 120
158 274
387 294
183 164
64 114
346 390
25 255
363 267
192 231
219 80
318 128
348 320
279 91
166 387
208 126
25 359
318 20
35 114
256 147
356 134
160 351
208 278
294 189
324 376
94 90
189 172
219 301
102 44
123 139
209 227
237 186
216 227
369 23
99 114
15 44
236 69
378 76
258 352
246 337
315 188
216 88
382 74
333 315
256 56
62 16
124 129
242 384
72 249
196 26
182 202
375 216
265 152
359 355
217 44
354 243
24 399
22 121
133 213
317 193
273 60
375 274
385 101
22 8
195 226
320 291
388 129
272 177
193 8
254 122
76 337
16 203
290 312
289 53
379 99
322 102
2 369
254 329
134 38
274 26
63 134
172 348
53 303
307 318
333 237
295 379
261 344
59 161
307 176
272 245
392 172
228 196
11 335
235 29
116 332
156 158
149 220
96 124
320 126
6 183
245 174
91 188
138 264
104 77
353 142
204 223
52 25
11 242
324 349
135 390
146 128
255 204
141 109
181 379
302 83
292 132
112 99
161 247
5 90
369 359
228 139
28 380
71 178
240 56
148 244
345 125
10 298
16 380
15 64
226 272
279 393
82 205
136 133
305 387
332 38
365 264
118 399
232 308
296 238
378 238
245 59
169 344
162 369
249 118
67 158
143 261
3 390
186 26
3 204
100 168
23 147
196 166
30 65
152 0
17 373
386 268
397 379
224 128
260 158
225 67
112 334
52 369
362 370
211 35
90 111
64 350
160 345
367 154
387 217
165 342
88 273
15 379
37 188
69 286
230 9
240 121
319 281
26 220
211 54
293 384
357 199
336 29
350 257
5 365
334 49
294 192
70 119
217 113
53 117
177 360
305 153
191 162
376 54
72 334
216 250
393 345
252 347
121 61
344 259
366 85
39 318
307 68
354 50
232 199
20 335
298 392
316 182
229 116
259 158
183 399
335 357
70 71
342 180
277 6
295 86
3 252
118 235
85 28
278 360
101 149
364 385
26 357
337 41
138 393
296 233
93 168
273 335
309 96
381 361
139 384
323 99
331 249
242 206
50 287
40 369
23 388
67 83
200 358
6 138
263 120
366 158
85 223
229 98
156 270
375 196
83 388
19 146
190 275
69 319
341 197
145 54
358 58
194 191
141 37
100 32
275 136
238 358
180 285
213 84
53 327
285 26
70 136
81 170
149 148
277 199
35 373
137 351
331 17
33 171
176 329
131 244
342 67
0 328
116 234
199 157
40 181
23 341
331 149
339 99
375 99
363 45
326 201
24 83
189 335
24 95
345 170
283 317
392 352
124 173
140 255
68 70
43 30
156 365
314 180
258 358
124 8
111 267
117 328
390 299
180 270
190 212
0 64
275 84
82 311
106 268
244 226
36 166
392 188
38 265
12 347
246 59
252 171
56 310
57 266
250 270
345 325
348 274
174 243
229 336
363 16
258 334
101 61
255 215
374 182
139 82
24 100
375 137
176 100
224 264
137 295
125 229
51 188
394 144
106 75
71 90
284 19
379 395
358 7
45 174
238 356
20 32
166 22
157 153
271 155
189 25
29 328
39 327
394 90
48 54
317 192
130 218
348 56
190 282
143 39
101 293
327 269
393 233
31 392
335 226
242 280
216 161
317 307
320 45
166 121
182 382
206 91
270 215
195 343
163 371
392 135
17 212
281 267
321 152
122 228
230 29
224 99
153 151
194 241
64 383
320 144
388 77
213 2
258 202
153 249
258 175
90 238
23 195
301 5
358 323
287 241
26 130
209 20
135 243
131 74
302 100
271 375
209 30
394 222
136 90
215 52
354 182
333 388
255 360
345 323
142 259
87 343
147 184
189 68
188 398
280 279
307 213
60 247
246 71
182 344
342 48
36 353
349 288
23 225
51 190
39 46
162 175
24 78
185 103
381 377
350 48
170 94
216 329
126 38
315 272
352 262
21 67
328 265
329 259
82 189
186 219
335 140
266 32
285 222
3 361
296 141
150 32
272 361
370 313
365 45
120 210
128 370
221 396
204 114
399 10
69 352
235 71
344 230
382 61
395 351
266 83
310 358
172 295
306 14
252 284
305 212
21 341
175 290
325 211
167 182
183 187
393 50
79 268
74 84
229 335
60 105
311 192
224 350
216 60
201 359
109 123
67 100
25 256
340 48
55 207
49 91
360 382
36 219
270 79
125 319
9 301
231 324
207 325
301 283
369 88
364 363
124 334
170 51
397 124
311 67
265 40
179 155
28 61
32 227
160 139
266 237
48 48
4 248
365 221
133 375
241 114
147 162
354 76
254 58
121 384
288 66
116 56
180 29
137 29
389 243
204 101
184 120
387 336
252 382
328 366
272 393
158 179
183 387
23 397
296 194
101 53
120 103
272 20
332 153
24 233
57 65
332 280
367 166
90 68
326 28
279 144
103 249
33 3
110 40
227 10
127 82
393 387
263 361
165 199
51 118
81 358
103 358
38 378
264 257
172 21
122 156
67 60
98 143
34 41
19 152
62 11
11 193
205 81
51 160
298 71
242 94
284 335
100 155
355 323
250 288
339 10
17 132
148 10
295 19
248 189
171 251
95 23
37 249
200 7
134 84
377 12
241 104
96 362
137 151
251 332
365 138
245 28
194 126
178 145
128 205
349 57
112 201
399 327
292 353
195 142
167 349
376 255
342 348
103 15
47 273
165 349
137 169
331 370
53 368
52 378
356 181
295 386
329 331
278 259
352 289
358 238
254 372
208 56
171 147
103 311
174 19
107 205
199 388
61 245
35 292
132 76
267 3
367 99
254 167
12 114
129 193
377 254
212 31
89 126
247 99
89 74
236 212
387 357
303 291
82 29
227 161
152 96
46 383
397 354
232 102
345 76
224 281
195 23
32 343
202 169
82 389
37 399
35 379
54 252
199 350
132 145
93 271
249 190
4 177
105 119
350 128
228 122
68 385
174 384
251 84
237 115
389 81
274 159
250 146
60 27
233 221
361 218
346 150
63 61
246 258
394 171
345 302
246 20
54 353
160 386
219 335
216 113
135 192
218 65
170 336
125 346
44 312
282 15
305 126
1 373
106 280
393 390
191 214
23 257
300 49
322 85
362 302
68 174
352 248
35 238
362 237
272 192
200 343
319 281
170 191
345 384
314 285
79 399
282 386
319 250
193 185
316 208
288 299
25 96
169 131
214 302
370 337
398 277
198 51
288 63
253 305
141 67
62 55
81 95
18 72
294 70
138 321
245 123
243 365
318 335
137 199
299 392
154 324
31 66
29 322
356 218
275 92
310 361
332 128
122 349
77 226
148 78
177 338
375 144
125 139
221 340
40 366
281 148
347 351
107 351
310 157
277 209
3 376
140 23
174 254
369 306
85 199
48 330
173 258
216 84
373 31
204 183
191 222
10 187
364 168
394 179
23 109
57 141
85 77
23 72
28 235
349 117
209 143
67 65
390 91
369 338
4 176
212 191
293 209
20 197
262 328
100 359
42 40
89 294
242 20
286 146
364 286
71 143
266 274
245 188
149 227
154 304
81 246
157 85
114 350
32 73
143 312
32 83
39 168
189 83
209 387
395 45
312 239
135 248
279 7
30 354
1 340
43 118
212 377
223 272
383 285
86 320
257 302
39 206
276 324
252 237
235 99
116 290
167 6
21 375
320 392
165 347
258 84
331 29
182 305
162 89
323 70
142 82
196 180
369 272
315 51
336 155
374 77
354 329
82 251
169 37
301 76
4 273
161 397
195 125
285 262
29 360
118 273
79 309
62 224
374 82
275 15
143 246
332 168
284 361
272 86
266 89
151 204
33 394
276 198
204 333
68 384
217 164
16 214
66 196
73 348
110 396
341 191
66 389
20 155
348 251
281 271
225 28
373 254
309 30
38 391
139 53
48 167
254 277
90 397
256 373
189 62
336 229
88 139
385 241
167 320
360 247
181 382
6 389
384 203
360 262
332 392
43 63
123 211
340 292
43 270
319 49
112 176
245 86
356 203
164 98
108 78
138 323
205 11
193 317
143 27
114 90
16 1
339 144
236 12
274 233
140 1
183 335
28 233
37 134
177 71
322 63
59 140
168 282
248 366
90 27
58 71
106 305
201 234
170 355
107 299
130 75
3 239
194 88
264 273
248 158
280 87
164 113
13 52
170 178
366 304
216 249
377 37
137 259
32 155
105 126
337 166
314 355
90 46
182 35
93 336
246 38
256 3
114 399
41 125
74 324
344 263
149 76
197 334
247 26
43 44
392 361
69 375
339 296
281 71
268 313
66 30
6 309
290 259
84 146
359 303
206 391
93 396
183 350
357 235
12 267
69 165
303 173
191 116
149 115
118 243
188 97
111 291
274 163
325 207
370 321
127 258
336 275
21 376
199 119
241 211
112 209
35 63
230 114
136 183
232 188
139 105
270 340
268 391
128 185
337 320
324 197
154 303
294 162
265 354
300 302
114 29
394 226
63 128
148 79
151 199
3 42
80 16
90 298
258 130
153 351
62 44
49 85
255 172
89 58
352 129
240 60
46 227
244 22
336 273
354 333
356 251
191 134
331 322
279 202
376 380
69 188
229 285
2 10
327 274
160 99
242 255
393 265
128 172
84 326
398 123
201 387
88 397
52 375
150 278
255 93
230 206
331 89
365 121
127 364
40 313
389 310
88 163
320 188
221 64
3 154
322 116
254 186
25 324
218 102
120 259
88 282
341 174
100 366
222 154
352 50
316 26
286 202
137 101
301 349
367 102
265 281
243 310
108 89
258 184
121 106
186 387
171 90
172 118
73 353
81 262
396 213
251 315
4 185
333 364
104 37
253 184
333 172
121 344
170 57
88 129
297 140
323 301
143 276
131 300
48 13
253 311
93 332
251 214
399 216
12 34
249 252
112 141
9 250
380 369
335 162
165 311
17 211
363 121
206 145
243 250
193 264
42 244
233 336
102 225
359 353
207 206
343 329
351 270
195 28
341 59
20 315
144 178
58 184
138 383
238 137
35 230
182 315
80 21
25 152
4 246
212 204
45 25
44 149
194 129
132 9
316 29
161 333
130 346
332 83
73 39
280 35
187 170
389 29
360 321
197 189
363 44
221 305
15 313
334 199
337 15
164 58
311 383
46 143
337 231
255 251
351 90
52 295
20 61
360 167
73 34
133 391
101 378
187 279
300 215
309 72
261 352
170 23
64 137
50 10
391 178
43 361
21 318
298 383
133 295
309 272
268 303
64 45
249 250
246 342
44 155
59 368
85 301
368 247
206 387
135 309
364 33
151 340
225 124
146 0
38 31
21 17
24 384
15 344
352 19
70 167
119 174
87 230
345 316
44 99
362 85
115 121
102 141
204 373
333 252
211 229
224 159
383 65
245 350
26 191
97 13
371 386
262 390
384 306
218 22
119 66
218 391
159 366
303 79
98 67
145 103
230 20
25 334
221 233
235 287
393 27
148 224
292 318
0 44
31 286
95 308
153 397
392 321
19 107
271 222
161 391
52 51
323 165
156 180
261 65
323 300
228 35
353 212
82 276
157 89
92 399
176 61
42 331
60 300
38 280
220 145
129 168
141 362
34 33
270 282
0 160
164 141
99 336
65 33
229 27
54 228
319 384
310 168
17 197
125 206
210 63
48 290
169 144
199 243
155 64
137 358
6 111
214 347
93 329
187 80
85 364
34 276
15 118
184 47
248 147
355 32
381 37
227 296
259 324
199 53
101 41
4 129
15 165
50 332
283 119
296 39
378 238
41 3
6 220
270 249
5 124
278 187
384 229
139 298
373 238
215 202
41 85
263 211
66 27
383 330
165 82
382 31
235 90
212 56
202 248
113 126
97 264
15 293
307 37
18 338
24 70
383 345
128 59
283 21
137 360
149 123
83 305
247 113
386 184
9 234
100 370
39 357
68 256
85 392
222 333
335 183
227 99
261 90
335 100
279 173
106 85
45 9
236 381
139 99
101 207
195 19
284 227
155 360
133 252
0 203
88 198
75 369
304 190
243 357
257 119
275 149
190 346
398 267
346 109
80 79
381 7
119 138
25 99
370 14
110 355
232 165
218 120
237 264
309 303
144 50
141 301
344 227
141 110
96 24
83 298
240 331
370 154
335 103
245 9
214 32
117 30
118 32
13 90
61 132
235 317
245 121
218 205
333 321
46 170
188 394
208 27
35 177
75 205
50 242
54 318
190 324
179 165
354 371
22 244
67 109
10 272
152 274
177 97
170 341
267 341
217 168
265 121
255 327
114 283
137 132
149 362
82 35
192 335
130 134
320 128
88 124
234 33
3 325
122 382
360 265
330 264
223 122
86 108
238 231
365 26
362 163
378 19
251 341
115 276
368 321
98 387
131 39
339 152
30 74
381 142
318 100
100 234
6 280
190 123
199 168
85 34
255 344
44 308
0 19
118 349
147 380
99 248
284 119
332 140
288 170
97 233
340 222
145 340
327 250
282 47
99 50
130 396
304 331
5 51
282 339
367 370
276 143
156 373
316 357
286 166
33 43
272 214
98 271
137 61
9 120
386 127
41 253
123 128
291 197
299 281
223 110
71 378
393 290
53 34
266 247
113 222
345 374
288 222
177 319
83 366
5 394
46 324
241 289
298 197
66 60
391 173
265 205
6 238
396 318
262 344
126 215
93 123
369 324
218 169
72 70
361 15
225 329
294 37
195 230
149 100
101 394
161 103
192 359
148 6
213 169
39 255
161 251
10 277
176 139
22 302
224 396
49 23
312 123
114 171
8 20
181 356
98 149
145 97
266 243
248 392
331 204
95 94
250 349
351 181
398 245
75 245
384 233
100 399
367 297
9 141
231 99
98 174
387 359
62 145
129 59
124 367
166 368
327 94
49 196
342 323
196 217
211 168
48 181
233 174
288 284
68 68
25 204
244 121
160 311
322 351
300 342
230 225
30 251
120 198
127 280
5 182
25 14
212 204
392 9
138 205
66 266
171 280
164 341
226 286
335 333
51 324
276 92
159 151
396 327
7 287
27 320
5 327
37 110
183 203
337 283
141 35
221 77
278 80
34 311
229 53
330 208
330 248
32 341
270 216
263 218
15 384
109 374
141 285
208 160
148 285
178 101
171 105
201 396
172 309
331 187
70 325
184 202
127 146
88 152
397 189
295 398
151 18
173 257
119 273
115 268
83 10
259 125
396 39
383 318
359 318
261 167
203 166
338 226
393 282
276 160
338 157
180 154
278 61
68 121
73 298
357 58
219 345
301 189
216 356
39 125
125 132
378 21
316 162
287 208
338 330
205 290
199 369
7 53
213 56
185 183
348 193
399 162
6 66
135 219
71 264
199 208
247 14
114 12
307 222
327 92
320 199
298 71
386 192
152 217
124 188
293 289
88 14
296 268
346 158
137 145
368 397
25 47
221 37
243 307
70 149
146 239
252 12
20 231
76 291
125 45
99 16
174 256
277 72
136 208
96 309
332 358
188 344
4 130
327 49
119 68
174 301
361 255
366 127
113 362
380 18
128 89
113 141
223 396
331 40
231 135
32 382
182 50
244 52
257 1
268 233
373 294
19 126
83 133
382 312
236 25
252 212
24 245
96 202
173 158
305 277
158 311
81 50
370 380
253 327
359 116
197 118
118 177
381 65
152 313
371 176
186 74
242 241
109 297
262 48
242 348
192 136
20 217
29 24
181 238
306 361
350 147
58 239
305 381
68 14
1 116
294 367
245 167
39 163
200 174
44 199
325 80
17 24
49 86
74 57
185 15
58 275
30 182
211 237
270 162
191 28
261 12
96 76
100 358
371 191
48 122
298 150
158 128
345 142
238 260
273 77
293 295
204 13
32 325
104 295
21 248
168 84
220 91
38 32
319 337
366 32
62 134
231 37
294 102
211 114
242 269
234 347
130 303
241 206
11 297
337 102
15 263
117 317
399 151
243 338
382 254
287 12
312 122
237 174
291 8
118 251
277 23
252 11
230 189
1 15
87 328
229 321
387 263
127 288
277 314
46 75
282 231
239 219
169 47
162 6
160 352
105 161
320 380
241 150
139 138
324 151
205 140
189 225
282 304
253 180
230 11
206 258
187 51
327 230
22 347
207 296
114 5
149 206
10 115
335 388
185 334
113 223
276 363
177 126
122 107
329 66
27 225
300 48
375 330
157 213
296 216
92 105
51 207
130 103
347 52
255 284
135 194
146 190
36 47
105 207
78 158
281 146
299 22
192 13
8 52
41 191
376 124
257 308
346 358
232 263
27 231
41 279
237 300
237 109
150 254
140 397
27 179
246 139
238 81
98 192
21 297
293 13
206 129
293 351
16 194
238 388
275 371
21 380
83 166
299 356
209 66
68 159
395 384
328 294
332 266
58 66
263 113
231 86
160 366
49 322
60 283
173 166
106 146
74 308
146 70
20 266
269 178
327 238
84 159
167 378
30 121
191 90
293 244
9 307
40 123
222 247
150 25
62 182
169 140
1 55
305 326
287 263
179 166
78 145
209 86
106 320
43 6
42 161
183 138
17 395
109 399
97 195
342 52
167 140
103 55
355 252
56 45
262 197
250 389
65 305
327 47
27 303
76 265
275 46
181 203
215 263
360 116
181 177
133 228
384 303
44 76
374 108
335 2
335 41
186 393
120 214
144 257
112 304
296 91
306 26
216 383
133 111
176 305
65 6
298 18
19 391
224 67
50 334
95 175
275 94
187 265
362 39
308 260
82 186
295 322
335 348
359 319
338 266
173 350
60 141
93 148
6 318
268 212
65 219
127 171
314 42
150 349
128 61
377 336
25 6
65 183
353 205
26 353
165 145
327 180
31 380
183 147
323 281
263 344
249 26
40 62
91 229
98 398
178 127
25 60
269 380
223 147
2 165
282 223
55 187
7 9
130 91
111 344
144 275
89 5
356 324
17 256
48 360
280 50
88 166
267 178
373 243
248 332
376 363
398 335
16 257
180 166
61 291
333 329
85 50
91 293
88 288
386 57
159 27
110 226
90 41
264 266
74 292
148 12
92 216
158 27
359 42
39 163
248 396
250 96
396 78
308 286
237 103
323 1
241 245
30 294
0 193
54 394
4 342
124 169
181 243
227 201
102 223
38 361
234 301
205 100
332 256
236 10
317 193
77 192
110 190
208 375
289 69
191 139
235 306
39 173
269 373
244 227
195 136
395 302
316 207
222 364
348 208
172 208
190 357
247 31
286 96
106 267
214 190
267 5
311 383
253 239
26 342
329 240
327 140
286 43
247 153
70 210
5 309
171 71
42 332
42 20
25 81
118 188
151 52
257 65
175 230
151 102
150 188
347 72
90 19
117 393
160 356
92 93
399 232
49 73
343 333
44 56
86 25
364 0
332 222
345 53
109 95
347 108
119 34
336 323
244 182
90 175
146 39
248 165
162 368
119 269
382 113
87 340
366 33
290 321
236 277
395 106
263 49
20 56
133 366
355 57
221 61
101 260
116 363
338 178
197 134
388 299
70 399
115 366
265 32
274 278
337 0
48 393
358 357
71 258
282 217
265 306
220 112
204 2
397 136
243 316
178 306
224 315
73 160
278 336
319 208
388 182
321 216
223 312
386 370
366 242
268 58
76 262
346 181
153 304
38 197
322 395
111 315
387 21
237 204
378 240
264 166
94 331
165 356
384 65
306 65
0 384
389 202
211 157
207 7
227 86
343 235
312 231
277 249
6 1
235 346
359 376
11 108
90 364
197 125
107 283
15 377
294 180
155 368
134 383
211 316
3 348
200 241
60 73
123 389
32 23
187 178
339 303
337 90
63 177
201 203
313 30
114 99
198 103
198 117
190 68
174 92
48 106
384 48
326 167
235 7
377 271
5 30
120 45
258 359
198 242
8 277
66 33
305 278
90 111
240 17
2 69
343 48
226 360
57 63
46 90
268 326
186 210
49 339
13 362
358 220
37 215
75 372
76 190
229 155
10 277
384 75
235 376
40 48
129 190
233 167
237 123
245 203
394 86
134 252
75 141
325 1
55 104
378 191
33 60
325 26
125 290
189 107
335 247
119 83
214 228
313 48
26 240
127 109
66 165
365 287
73 176
150 253
353 29
109 143
200 371
11 378
363 188
368 202
360 168
173 66
360 18
385 1
285 19
146 213
296 389
94 4
319 219
227 88
61 95
252 43
90 347
365 324
284 125
353 192
110 197
97 5
112 256
56 130
31 234
101 171
38 256
65 36
69 324
386 172
2 52
271 380
125 380
308 399
137 267
328 212
231 84
93 258
340 87
88 77
359 159
130 230
276 140
238 391
260 276
60 94
328 37
253 185
139 127
328 196
104 368
396 175
13 383
391 148
46 333
359 327
173 201
207 95
152 35
60 52
371 195
120 73
88 267
175 363
12 74
49 330
228 195
183 233
327 45
200 385
390 172
238 171
393 96
373 61
108 316
100 339
27 297
272 178
89 172
93 58
199 278
166 10
242 395
367 377
254 54
392 2
226 394
245 174
148 283
44 281
375 270
47 318
98 367
394 372
67 338
191 189
68 60
112 300
12 34
77 375
217 290
47 190
140 305
84 43
214 164
300 298
82 275
370 123
98 251
64 277
223 260
364 317
267 370
119 55
297 127
265 300
288 169
213 398
44 359
50 56
5 210
28 313
20 82
232 66
387 231
264 301
180 185
302 273
53 194
227 388
354 202
266 368
347 371
337 233
312 262
120 301
155 285
86 317
341 163
248 332
267 153
346 213
394 107
75 66
329 82
108 202
94 171
106 298
355 344
44 24
378 101
31 340
303 125
128 159
189 270
249 112
388 363
0 341
314 305
44 311
175 284
106 258
197 394
159 323
15 96
222 258
73 76
396 306
105 395
387 343
341 139
388 39
277 372
352 196
282 371
185 329
384 247
68 339
399 15
322 242
312 307
31 48
254 371
90 209
258 125
327 268
164 355
305 89
7 155
196 123
341 249
234 384
226 186
211 22
69 258
11 0
4 185
103 362
208 322
240 201
337 12
147 119
291 348
360 205
225 90
130 81
288 395
38 211
384 47
255 371
302 300
161 117
365 139
301 23
215 209
53 2
31 385
289 207
344 335
64 12
27 184
355 95
85 49
38 155
15 141
256 209
19 227
62 248
379 143
331 351
251 296
98 179
338 306
391 301
13 181
51 269
286 77
142 141
155 35
258 399
361 380
174 184
138 113
56 193
373 271
231 252
53 399
223 100
36 200
366 392
346 164
103 281
352 209
333 322
282 89
242 104
69 340
336 65
205 12
72 26
355 225
10 356
188 46
68 14
13 396
126 265
85 181
229 56
188 316
38 198
315 299
222 333
268 29
143 116
228 61
390 24
141 47
347 319
281 382
89 105
3 149
190 391
168 145
117 145
167 70
338 386
325 2
382 295
228 255
196 120
341 13
346 278
27 303
324 86
386 165
197 268
16 218
344 204
363 79
15 172
43 7
217 126
17 180
57 269
136 258
100 22
74 35
28 314
358 299
27 192
321 140
289 336
43 293
146 221
228 294
218 2
143 296
227 17
85 203
72 376
285 111
266 54
154 342
243 300
150 266
9 134
398 300
182 316
285 93
53 324
221 48
111 75
43 303
23 116
123 285
3 112
317 284
269 207
366 304
184 181
65 372
230 160
287 315
345 393
221 42
265 249
158 148
166 270
296 293
303 367
283 260
114 44
15 114
324 361
125 200
67 172
49 17
218 213
158 179
69 286
275 324
246 387
317 282
71 340
301 35
225 73
347 6
188 117
43 138
184 157
239 294
60 331
253 265
237 190
371 27
97 260
184 291
99 91
340 90
106 213
98 223
390 362
325 221
395 146
378 154
1 323
13 98
346 87
78 212
118 82
84 314
356 19
258 127
330 201
26 92
166 24
144 355
102 219
288 384
21 156
35 268
199 210
13 308
135 315
362 154
302 234
315 10
263 274
92 384
81 148
40 24
101 181
302 293
296 20
101 55
179 378
14 7
273 99
266 68
185 124
364 387
29 318
111 2
322 42
187 142
97 388
372 38
13 133
148 31
150 396
59 9
29 117
324 306
121 189
25 138
9 69
281 39
107 229
313 154
285 50
393 49
194 2
8 334
327 272
107 296
342 172
250 208
219 21
283 327
373 105
244 158
175 44
91 334
352 183
224 186
63 131
301 353
155 326
396 328
251 61
10 280
353 27
91 291
52 209
126 269
334 63
130 121
67 249
217 65
211 125
108 362
50 324
15 199
70 55
311 221
80 37
169 7
335 66
292 282
49 306
194 124
44 70
59 33
156 293
91 22
205 287
357 98
28 46
120 297
329 174
289 259
64 79
272 269
8 217
63 222
218 383
177 220
278 54
264 47
3 24
26 263
391 292
292 154
230 249
175 225
93 291
162 371
337 340
88 354
163 167
36 261
119 113
306 85
150 104
240 172
353 265
45 106
326 357
96 346
280 396
284 293
394 205
259 38
156 379
296 382
329 356
42 40
336 79
94 143
306 132
379 190
235 81
316 377
373 217
178 203
281 223
232 175
232 340
331 386
361 397
153 9
35 121
137 143
333 306
396 386
35 273
34 207
204 7
352 26
331 169
208 131
131 107
346 278
142 145
130 161
47 370
226 187
214 286
105 339
165 321
244 102
257 120
316 38
331 388
144 39
335 301
388 91
140 232
234 241
165 156
33 186
328 209
363 300
205 330
131 10
305 197
318 116
196 289
33 218
303 111
260 135
90 220
246 60
45 190
145 170
213 236
110 68
106 307
156 101
79 294
254 126
313 246
243 114
115 387
90 197
369 33
148 130
4 62
236 60
30 211
309 168
230 138
132 201
302 191
206 204
179 73
210 165
37 219
218 249
312 246
318 238
89 290
233 272
389 253
144 165
103 370
369 339
368 237
24 256
188 366
296 58
386 220
232 25
76 109
91 242
121 387
309 189
383 121
187 377
324 238
314 62
255 177
106 19
43 302
212 321
92 7
18 344
148 215
279 321
248 51
287 275
79 258
183 346
187 207
288 325
395 60
320 190
367 56
154 272
46 356
79 100
293 3
309 108
385 289
71 180
127 150
141 102
193 394
157 221
356 203
66 28
288 12
364 335
272 33
120 2
2 248
306 113
161 10
184 64
385 371
192 12
138 189
301 369
9 388
174 174
67 38
56 198
28 153
309 264
120 209
125 305
207 18
100 128
278 227
3 155
139 340
219 80
193 257
392 126
237 359
339 181
352 183
42 379
7 89
180 65
383 194
63 213
125 361
397 361
285 295
207 356
344 205
224 56
92 250
85 20
231 316
386 234
291 247
17 147
89 292
96 34
223 172
248 23
291 166
261 181
141 61
243 245
96 229
373 300
50 303
28 331
141 123
342 310
388 13
388 279
73 20
337 355
14 231
0 397
11 208
117 202
128 45
39 229
299 133
196 84
76 329
213 203
391 203
164 95
298 242
140 45
64 222
15 60
389 170
349 97
91 224
52 321
140 113
35 316
289 196
148 264
258 143
281 380
207 36
70 62
63 366
63 255
198 172
131 261
300 93
41 249
44 237
282 19
267 63
16 210
42 219
13 80
108 106
47 6
252 96
371 300
377 56
135 211
387 102
84 23
283 313
332 79
182 0
16 358
243 207
309 15
365 130
72 117
258 81
272 257
357 340
307 111
257 393
171 387
143 68
202 88
298 182
252 377
257 385
93 116
28 394
91 171
307 112
332 109
92 77
227 5
291 91
383 81
270 232
4 118
114 13
174 49
352 27
115 337
388 55
377 51
368 184
377 46
20 206
162 145
145 341
32 58
94 154
94 313
138 398
105 339
51 73
247 219
279 17
345 46
200 298
397 141
325 240
199 209
56 243
192 90
74 258
79 88
173 300
264 254
267 130
226 52
75 177
334 220
293 223
340 359
118 228
176 345
53 235
365 26
70 312
80 126
159 60
377 200
74 183
181 106
187 301
168 192
114 141
105 94
130 30
14 198
339 346
362 367
54 48
228 130
24 292
314 87
360 314
245 64
43 19
126 148
144 263
370 255
160 308
98 263
184 325
158 114
330 279
3 199
385 200
51 354
180 288
308 252
60 229
43 282
265 281
74 180
370 39
152 41
44 175
272 33
94 141
109 195
226 145
4 377
189 250
178 160
371 260
104 116
197 388
116 156
28 129
130 146
187 294
114 278
368 133
220 291
123 46
178 289
98 16
100 157
132 303
362 182
396 359
141 361
25 384
215 352
124 18
93 374
369 299
297 398
34 127
125 372
88 351
357 180
291 61
188 139
60 399
370 11
233 226
252 146
321 80
236 236
145 325
323 376
142 399
324 329
251 228
267 398
157 41
350 52
349 0
291 11
14 353
210 342
353 28
364 215
213 349
124 42
354 17
140 112
184 249
28 63
163 397
287 200
386 243
38 218
120 112
97 5
146 189
370 337
235 190
197 192
317 303
30 65
152 319
97 54
328 274
183 361
113 354
224 298
350 390
148 156
124 101
318 305
368 140
187 355
128 255
335 85
0 29
154 201
75 215
137 131
261 210
47 381
255 74
38 188
11 121
16 115
112 297
131 343
208 374
69 52
216 264
259 286
151 287
72 345
163 176
301 13
89 32
188 212
339 190
57 118
15 117
259 72
45 49
71 368
281 371
6 252
186 144
40 131
378 79
273 59
392 98
387 221
202 20
116 247
22 325
2 320
99 34
4 369
283 168
338 274
356 217
200 179
32 48
247 44
209 146
156 70
241 39
293 396
113 231
321 172
96 328
88 339
15 199
155 184
258 84
125 375
89 371
194 385
144 320
375 161
324 371
66 35
359 340
43 256
54 97
139 109
57 302
323 37
138 316
97 291
202 189
287 197
320 167
349 126
323 391
48 235
91 344
58 312
98 372
155 371
209 153
248 145
104 112
316 255
398 362
157 396
218 364
304 118
145 13
95 354
33 254
218 0
29 361
332 158
346 60
143 123
217 312
306 31
39 309
330 90
337 121
375 74
316 281
57 65
243 159
50 21
178 156
334 74
147 95
0 61
263 55
14 50
168 326
17 385
332 70
294 12
92 384
136 261
102 299
17 109
352 290
238 144
366 170
3 255
37 322
287 77
209 363
273 31
372 186
91 158
192 363
262 383
215 248
135 197
225 107
384 244
222 273
394 73
204 159
129 393
347 361
128 359
15 16
15 266
262 92
58 398
331 379
388 73
346 89
380 81
100 80
287 141
261 241
398 89
373 308
209 350
108 141
267 225
250 304
336 267
54 85
85 121
228 335
215 4
44 250
255 19
281 19
148 256
31 141
178 73
289 97
138 376
274 325
265 229
250 336
189 298
283 349
21 39
37 334
184 215
22 387
393 242
22 316
122 325
179 91
271 271
104 93
100 62
83 90
289 217
391 218
220 303
175 267
192 32
308 241
398 58
113 93
1 87
116 18
118 68
136 147
123 197
273 352
215 56
328 115
219 343
248 310
344 210
104 40
337 12
234 144
17 68
35 304
32 216
91 397
146 53
23 78
33 162
390 228
124 381
89 25
384 86
135 396
262 363
335 267
237 355
175 354
170 63
260 163
316 94
147 118
309 64
312 324
134 206
381 190
234 215
62 180
119 126
170 50
144 18
316 61
222 206
26 303
239 210
14 351
32 385
84 101
135 302
163 364
212 240
111 137
378 381
334 251
40 310
138 307
349 351
150 6
395 371
21 288
75 325
7 28
65 186
373 289
385 181
255 287
194 306
116 91
51 87
242 182
171 152
95 21
101 187
327 125
140 91
230 157
51 304
72 321
217 255
223 51
378 398
86 388
121 11
100 28
109 222
178 159
153 59
368 241
17 60
53 250
186 207
326 349
273 364
25 70
95 122
346 146
331 370
110 68
208 259
70 53
304 56
54 203
201 343
119 334
344 28
393 391
140 357
317 265
172 31
306 388
155 145
254 23
218 87
96 7
351 322
4 190
181 110
198 117
244 212
314 164
354 193
59 57
186 279
115 56
140 82
139 227
166 382
131 90
113 231
4 84
158 304
148 158
83 152
298 307
353 74
322 285
184 341
355 139
253 76
303 3
234 382
331 346
70 55
64 210
280 360
178 227
182 310
287 30
242 303
153 317
312 370
215 271
129 206
201 194
284 315
267 210
237 169
284 82
326 358
111 104
245 52
81 333
350 138
172 37
59 361
156 204
49 370
33 354
149 6
4 329
95 366
125 268
125 204
244 306
299 242
198 51
34 162
234 42
207 389
197 236
389 144
251 264
373 179
55 127
397 340
125 150
286 396
206 361
339 128
315 35
271 163
254 188
230 266
5 65
303 32
384 138
88 282
334 296
267 302
131 270
320 288
12 241
130 237
102 35
278 28
155 92
297 273
78 74
10 19
186 91
104 129
198 248
237 257
252 245
395 73
75 22
294 82
233 260
50 185
44 383
206 311
107 6
82 292
208 294
181 359
353 80
18 113
271 94
43 364
79 294
398 94
344 111
23 34
139 4
375 40
234 232
212 331
98 281
369 68
282 119
79 173
369 198
67 281
339 291
314 82
333 100
395 99
193 227
140 40
172 11
216 162
342 291
383 191
345 28
286 153
342 86
64 333
52 24
181 160
74 351
147 173
159 262
218 354
352 343
204 76
290 161
93 47
9 235
295 75
152 200
1 363
234 347
65 288
304 204
240 77
251 203
237 212
285 85
308 258
315 262
272 102
374 206
206 23
43 390
261 87
71 388
131 210
270 349
265 172
14 299
330 394
16 175
304 159
127 281
320 138
283 310
127 126
224 40
132 115
259 140
79 107
45 25
267 311
140 197
145 170
326 268
317 270
15 243
100 22
252 105
150 228
360 367
145 140
24 266
262 249
107 263
16 335
4 318
113 208
394 218
47 146
335 152
48 161
368 13
370 289
349 381
111 55
218 106
334 217
181 122
92 114
73 124
397 187
194 348
286 214
194 229
141 381
323 262
44 59
29 248
353 168
58 47
321 379
201 127
127 11
352 193
239 135
278 213
144 359
16 202
313 306
298 173
227 305
24 351
72 52
189 266
218 179
43 276
183 360
252 181
155 396
50 134
22 398
250 346
336 395
326 146
298 26
170 251
263 264
295 378
380 228
7 76
259 27
216 119
6 390
157 149
74 354
241 242
377 161
317 195
85 159
363 345
58 216
12 151
371 152
344 144
288 275
116 245
71 262
345 30
280 93
98 230
69 359
373 220
385 375
278 119
296 28
89 377
256 83
327 56
367 379
98 57
269 345
348 365
267 221
181 241
4 293
132 385
387 193
88 381
101 391
367 206
368 392
150 362
196 98
322 134
129 71
207 364
266 190
39 318
265 121
69 89
258 279
282 29
204 90
208 76
397 363
190 1
229 29
347 387
31 303
6 250
195 70
69 322
239 395
364 174
40 160
65 286
267 105
14 339
88 265
278 98
18 106
188 104
336 161
0 221
24 33
59 156
332 399
205 194
325 374
133 197
192 156
385 151
230 324
54 379
272 118
194 247
123 236
272 138
104 62
381 368
279 224
265 227
37 330
191 149
35 376
56 140
90 36
60 77
27 257
107 236
348 361
108 162
48 201
292 288
213 218
249 307
52 212
375 232
133 319
19 98
66 250
318 314
156 15
44 263
51 86
341 222
2 90
156 59
377 281
94 257
272 271
317 94
104 197
46 163
36 70
336 226
152 275
303 88
49 55
343 350
37 397
332 43
284 385
361 28
335 356
104 310
80 4
354 122
378 347
103 299
27 135
176 93
175 362
34 286
14 99
214 121
265 205
56 56
305 38
300 394
25 2
8 134
333 353
142 159
195 126
8 280
80 282
57 330
398 25
337 291
365 43
337 97
328 157
160 16
169 161
269 64
0 267
134 106
192 302
185 116
250 167
25 4
333 295
20 177
190 71
306 176
5 359
112 174
297 103
61 361
77 10
84 180
250 24
380 330
207 19
13 274
55 332
292 356
314 342
56 284
102 75
206 172
335 207
154 55
52 354
311 59
356 361
281 158
49 15
145 397
261 184
0 225
162 182
143 82
350 272
47 368
62 15
205 0
50 59
104 116
322 22
102 31
231 103
115 359
381 281
332 124
295 197
379 231
372 382
356 182
193 347
255 328
143 362
7 4
374 371
386 79
9 219
290 93
316 74
364 247
308 63
246 350
47 338
134 31
228 154
105 184
59 80
34 298
127 356
387 287
355 383
144 365
100 153
274 348
93 363
218 261
368 231
263 108
148 135
105 239
218 228
7 367
293 104
222 254
313 101
122 9
210 279
42 9
184 232
383 357
2 275
230 250
249 123
263 317
126 300
380 272
143 194
245 307
262 26
75 381
338 69
292 188
10 164
232 249
271 0
289 271
209 25
200 365
277 178
61 26
102 394
102 25
314 142
173 301
102 173
275 303
324 29
249 29
259 188
49 165
176 361
96 3
148 116
247 103
94 227
274 234
291 359
305 131
387 63
213 5
174 123
285 251
198 147
145 199
86 185
350 214
195 123
180 216
211 366
348 31
188 8
159 38
173 253
3 197
98 77
326 162
164 267
288 265
368 192
36 351
218 305
247 356
369 255
116 103
212 174
32 126
53 120
74 22
253 50
100 8
224 303
8 77
227 276
21 291
91 365
249 336
7 46
36 326
49 27
122 344
305 220
9 140
99 363
11 225
298 240
286 83
325 399
227 173
304 176
244 15
94 96
313 352
134 54
332 101
331 377
12 146
129 367
79 192
13 233
204 80
204 62
104 255
135 180
382 171
37 70
164 165
353 115
60 295
110 195
105 264
56 271
211 301
125 97
300 51
60 362
51 10
28 35
281 260
0 230
115 110
361 78
47 142
125 220
362 318
39 380
145 72
111 343
7 35
220 137
342 252
182 278
25 296
289 297
170 41
279 301
200 223
5 272
107 289
73 341
187 61
186 169
93 124
360 359
95 185
246 32
167 276
102 277
199 274
131 199
3 151
276 242
150 198
128 68
49 56
173 68
246 123
78 337
245 93
44 185
37 90
387 108
85 242
17 319
82 271
330 277
172 149
272 363
245 250
146 35
329 264
50 99
84 129
139 78
49 323
18 52
335 140
364 38
265 111
273 397
389 7
191 379
348 236
226 49
172 180
243 387
123 11
335 25
349 358
217 135
8 69
114 320
390 151
152 182
122 82
125 69
102 291
9 305
397 115
243 77
85 283
60 93
159 137
172 302
25 115
225 228
275 155
341 53
210 196
191 245
66 100
205 192
207 123
177 303
197 371
169 357
374 312
100 297
252 185
17 122
368 96
202 398
26 287
354 11
170 139
218 217
87 45
394 391
294 358
350 269
317 323
302 34
168 242
195 64
139 276
39 373
233 52
317 299
389 70
385 154
216 99
224 235
98 372
347 352
356 13
8 115
45 301
314 285
131 338
306 40
340 34
117 311
350 359
64 68
12 187
346 74
98 389
137 20
395 114
232 165
352 391
295 106
220 374
51 317
62 192
152 219
399 362
308 88
213 18
269 257
327 196
294 163
33 344
174 138
298 206
330 349
52 157
84 280
372 152
243 169
35 83
317 144
308 132
379 192
359 221
252 203
221 25
28 141
77 325
182 311
278 161
296 255
54 327
6 134
347 219
65 283
152 83
346 174
250 362
178 7
156 47
323 120
135 147
260 368
222 179
201 370
393 163
202 69
399 380
389 109
10 134
166 362
358 122
278 351
59 337
161 118
43 337
60 210
397 106
247 229
363 283
304 99
185 139
392 6
327 116
58 227
217 194
9 78
101 349
345 266
221 355
1 339
365 187
399 319
119 21
124 178
29 133
354 193
287 321
395 218
182 329
28 130
240 39
34 367
29 279
75 23
377 88
377 88
235 116
338 281
300 285
172 0
125 184
375 70
115 350
378 217
180 96
211 273
70 316
362 197
293 142
261 78
54 312
49 75
235 68
303 39
294 297
381 248
352 317
23 57
172 74
158 283
104 260
216 23
388 377
87 136
87 330
254 135
334 378
386 118
181 212
350 256
139 66
153 305
385 267
315 98
84 316
126 264
107 251
210 238
195 151
20 384
265 292
399 346
247 278
339 159
67 140
325 78
228 207
103 354
167 395
58 57
257 269
322 104
181 221
89 317
73 174
246 5
324 68
303 47
314 213
300 144
347 99
142 296
73 41
256 309
313 52
93 375
156 372
226 147
286 83
277 12
94 53
231 399
96 353
70 222
175 255
342 16
119 66
336 54
274 264
251 385
304 47
219 210
29 234
135 370
286 5
31 323
220 373
382 294
148 99
364 303
190 219
279 151
13 368
212 208
246 147
0 94
196 243
364 35
347 39
120 11
44 346
94 298
25 389
355 355
186 388
10 74
302 258
42 188
198 294
160 398
62 98
232 147
77 233
152 210
32 146
397 215
34 154
11 137
78 334
15 140
152 217
295 232
313 267
68 137
377 123
207 248
114 271
218 90
307 329
232 72
258 387
95 287
358 207
285 184
227 344
41 379
55 317
267 255
373 351
143 69
160 25
134 294
346 223
206 298
13 202
51 75
154 67
389 265
161 398
348 304
144 266
185 262
143 198
303 41
187 86
194 88
321 389
191 193
190 189
92 315
165 181
81 389
336 202
327 287
186 18
192 7
253 285
184 215
199 204
74 332
147 119
230 299
309 137
49 143
262 271
349 214
161 49
395 300
204 112
142 24
219 113
242 54
65 296
13 229
313 232
212 290
197 378
1 4
308 173
244 265
265 253
392 33
74 151
152 10
214 155
305 75
74 83
377 54
310 164
96 359
171 2
214 258
136 360
206 172
38 296
241 360
224 320
86 181
311 286
112 134
5 70
104 178
144 225
45 365
338 232
202 327
102 161
199 291
213 137
18 203
354 163
399 242
115 336
301 26
354 79
396 40
306 199
236 164
149 355
183 229
317 381
209 220
370 110
319 399
68 356
23 330
18 117
102 177
234 68
23 41
81 178
82 7
197 390
276 233
321 80
158 100
241 234
208 126
39 176
87 237
157 370
20 351
124 199
335 380
332 261
252 360
77 286
317 301
246 268
376 217
156 1
234 84
117 88
268 261
13 144
373 309
56 106
17 132
105 33
337 378
211 330
290 385
398 268
34 1
173 33
336 12
253 205
100 204
240 47
335 345
395 22
148 303
396 101
103 367
97 138
116 53
293 300
195 250
332 275
267 235
49 220
165 314
317 173
243 259
27 54
336 258
298 73
41 323
227 395
109 186
171 123
369 164
155 34
295 253
174 220
111 179
203 310
318 251
324 376
239 371
14 262
72 152
130 321
110 185
51 371
11 283
305 187
222 255
157 373
164 161
254 302
87 130
147 22
228 151
314 375
0 307
289 262
125 307
43 279
106 25
293 54
265 220
9 19
134 350
51 29
260 301
338 146
377 158
81 149
237 7
103 322
159 315
59 255
89 204
252 83
245 92
193 171
304 20
364 234
286 25
100 321
78 107
131 335
159 256
189 395
3 209
306 192
83 131
22 248
100 153
15 28
168 184
46 363
40 75
322 169
256 136
297 377
363 338
137 110
209 64
78 31
158 383
308 186
197 99
24 154
308 100
186 267
378 150
38 141
295 9
3 87
19 355
282 399
370 122
267 199
357 39
142 42
180 151
102 359
220 51
234 28
339 355
230 39
276 319
335 58
103 310
166 205
175 370
15 360
363 219
67 257
69 283
355 115
95 35
77 128
336 300
4 199
201 128
107 313
252 137
226 73
175 234
4 3
221 285
144 111
222 221
183 197
201 150
86 114
135 89
164 396
153 340
77 371
140 225
321 345
28 398
119 19
71 301
150 176
180 221
5 42
68 152
304 218
71 142
382 113
114 67
194 292
144 180
47 119
86 256
207 382
156 212
341 240
24 263
34 253
205 376
181 81
36 37
118 249
393 45
53 86
122 87
334 303
108 149
160 28
15 292
238 129
210 5
342 215
249 241
160 113
142 103
281 301
71 394
81 138
375 26
353 153
230 335
225 375
5 253
249 89
173 4
326 313
264 120
288 33
3 81
170 261
33 35
233 214
195 48
56 259
87 364
27 307
383 226
275 369
228 118
34 135
58 298
15 223
85 277
300 325
156 336
38 128
318 19
349 3
146 352
309 111
259 61
139 348
108 376
60 215
224 214
291 270
45 109
257 234
2 51
18 60
254 55
77 267
123 318
60 397
268 224
238 116
386 196
73 283
373 201
228 161
273 231
275 341
319 373
36 147
38 364
170 349
193 316
39 190
178 382
256 395
119 282
316 187
221 265
333 392
163 13
98 278
16 208
268 36
343 90
175 385
377 119
203 145
107 201
140 96
202 202
207 38
237 276
215 91
379 212
206 365
300 92
255 31
388 329
68 148
93 228
299 365
99 236
15 272
214 388
4 378
380 25
338 373
134 392
214 125
4 301
373 63
58 350
291 340
117 329
228 381
153 284
304 159
13 116
28 129
106 55
54 51
287 277
97 257
136 140
226 72
0 204
26 25
53 364
198 316
363 394
19 342
324 56
22 30
254 277
379 156
221 345
187 323
395 133
180 18
13 170
36 373
136 250
117 225
212 76
208 127
111 291
235 248
181 209
53 131
319 152
195 203
9 66
268 324
73 385
274 127
348 329
226 396
339 77
382 15
207 295
120 166
376 268
18 122
212 303
36 373
166 389
190 387
133 393
62 108
47 305
148 192
302 193
356 260
297 142
140 220
254 294
135 217
335 189
1 229
282 267
380 125
317 53
226 207
330 168
44 387
8 318
130 303
10 42
84 149
163 86
105 240
250 15
261 351
155 303
368 241
334 395
261 178
188 190
393 229
319 262
253 130
73 158
228 145
56 284
41 232
216 59
267 178
266 28
74 337
4 104
391 69
392 313
327 317
185 298
25 365
396 347
200 97
124 282
242 257
368 127
122 5
129 103
43 251
22 371
286 358
274 369
94 266
321 379
394 214
382 383
314 64
265 128
198 71
264 90
388 341
219 347
0 51
4 0
369 210
247 14
377 263
222 195
252 359
0 283
117 100
179 311
374 118
383 203
31 61
165 103
1 245
160 184
211 283
171 352
164 352
116 260
34 156
95 388
331 148
285 48
354 95
334 152
68 326
309 245
187 362
124 119
242 90
184 143
330 133
189 110
237 12
245 108
146 60
205 141
113 75
145 162
295 80
105 236
379 24
20 86
353 167
132 356
319 172
233 294
303 56
179 305
149 31
34 160
369 128
193 263
135 322
291 313
173 223
107 266
180 262
66 327
59 219
309 276
128 258
125 342
344 268
52 387
114 161
292 215
199 367
258 41
20 145
347 252
283 83
189 234
327 325
249 30
31 223
104 97
252 293
156 24
270 42
152 219
396 57
370 169
299 177
328 346
146 273
81 133
299 181
22 244
395 240
177 197
38 139
292 114
29 60
268 370
137 74
152 113
253 352
69 222
71 48
396 36
39 378
110 108
291 221
206 16
186 77
368 386
312 86
145 270
313 48
279 286
1 83
314 365
123 317
164 302
385 258
245 78
284 35
89 391
236 2
174 86
378 308
256 31
28 136
327 95
313 56
389 35
190 78
168 119
0 265
343 369
82 111
155 224
281 164
91 399
110 348
380 206
276 286
184 323
28 27
335 332
325 125
236 248
231 162
202 167
194 347
70 320
306 336
166 210
22 359
26 44
97 5
146 144
336 99
209 389
254 244
257 205
197 231
278 23
261 360
231 86
74 92
26 177
201 285
351 283
378 18
225 342
349 274
152 116
134 346
162 255
91 270
307 90
64 29
378 391
16 88
135 330
191 67
330 301
286 333
173 246
15 381
389 6
185 253
373 355
366 396
387 280
155 143
399 43
15 279
113 112
368 217
18 76
219 281
318 317
378 280
57 376
43 129
336 210
30 158
113 307
79 96
109 152
101 255
172 104
58 383
338 314
93 211
49 277
180 182
367 279
69 184
90 106
167 149
57 68
148 333
36 270
178 63
327 295
387 263
162 393
153 314
85 157
302 191
123 139
323 193
68 277
183 290
120 148
139 306
360 354
99 209
103 154
15 193
121 397
139 207
330 247
148 291
98 65
380 37
232 280
176 243
21 365
184 273
59 30
334 336
294 310
19 210
369 289
334 285
347 178
390 254
267 152
211 368
2 398
80 316
193 338
195 371
107 297
335 27
44 129
346 246
185 310
11 217
314 217
263 379
374 190
204 29
94 277
61 9
396 44
319 189
221 163
179 122
349 256
374 104
274 3
389 189
44 60
149 302
219 332
113 292
17 154
53 147
121 39
139 119
25 259
292 304
356 322
58 79
83 329
3 49
245 62
328 188
84 31
343 360
154 241
390 112
132 252
9 313
326 36
5 210
79 332
262 236
303 230
238 203
390 398
399 62
46 296
219 76
171 295
138 176
322 367
76 134
56 365
15 22
13 86
307 33
360 381
156 249
325 153
152 262
29 246
338 134
260 11
166 293
344 220
117 93
248 384
316 31
36 246
384 131
276 84
108 349
316 160
111 32
382 338
384 359
368 89
35 82
367 29
128 318
356 310
2 280
326 347
333 179
32 205
132 247
213 309
330 157
1 219
231 297
226 281
269 279
391 271
108 345
40 88
355 271
70 397
279 328
3 24
345 329
149 124
179 140
7 291
211 298
289 312
124 315
10 326
233 109
123 240
211 52
213 307
341 113
294 281
173 150
296 271
214 105
234 281
213 167
179 341
144 219
324 349
197 47
141 369
282 178
3 340
33 122
385 22
175 380
316 130
316 154
44 88
29 76
247 254
257 146
368 19
41 377
0 84
236 108
292 50
249 189
280 116
302 4
145 217
360 247
65 272
204 235
183 28
230 282
229 354
176 149
182 133
166 268
319 228
151 75
261 97
350 119
112 310
81 330
15 324
58 299
220 140
373 82
177 321
41 202
27 221
234 40
253 307
206 395
232 261
367 180
346 151
385 152
341 163
4 227
306 95
43 255
165 60
126 70
19 16
142 357
369 231
199 273
78 149
330 334
164 95
172 46
203 298
377 247
351 84
205 344
131 258
116 284
69 361
240 368
228 146
396 210
96 23
175 27
112 147
66 239
186 74
357 385
47 147
335 236
68 111
325 320
56 261
93 122
275 204
324 103
220 189
92 330
190 39
201 204
140 373
222 131
82 206
20 71
158 219
155 224
334 318
372 356
284 0
46 48
103 315
159 356
372 74
134 292
117 15
159 364
9 147
230 213
213 3
191 229
144 216
85 27
133 39
194 139
4 187
367 215
122 384
396 335
387 114
146 249
381 21
391 325
191 6
242 123
217 337
175 214
206 324
293 196
127 148
70 46
42 383
263 182
243 370
321 271
97 268
40 257
301 226
218 124
22 100
25 141
344 48
76 31
174 278
67 260
390 12
154 117
277 194
368 149
122 328
360 316
167 143
47 115
141 366
223 364
167 230
372 356
26 376
302 219
43 293
246 323
177 198
132 375
157 382
96 62
360 380
103 320
348 101
384 328
341 209
0 298
217 245
27 296
134 226
396 32
394 171
327 392
249 108
397 172
219 185
352 231
36 213
247 48
360 213
355 375
222 388
371 273
260 312
150 128
20 132
144 118
213 191
222 251
117 373
77 285
230 61
391 248
374 379
128 263
179 103
352 345
383 333
370 391
209 342
60 196
380 199
192 150
339 153
67 389
365 25
235 210
54 81
191 42
342 166
377 347
182 307
383 197
96 310
259 180
7 233
359 286
55 228
197 56
45 33
46 174
394 160
241 370
148 332
46 117
189 222
203 340
168 81
248 100
186 213
174 225
126 264
269 52
300 386
214 323
330 95
166 141
178 242
229 214
294 184
173 384
306 299
15 43
34 361
226 30
116 340
189 70
398 394
199 126
275 104
141 96
18 283
356 171
207 231
176 310
343 124
308 227
30 277
123 312
171 131
390 234
262 218
278 10
384 169
45 181
292 16
304 374
301 221
160 383
313 56
122 153
332 384
171 8
8 373
375 258
299 359
60 337
281 206
355 38
139 12
55 97
72 17
105 382
228 253
210 338
39 75
282 295
367 348
105 356
200 65
93 385
362 29
316 170
372 330
298 33
280 299
364 25
279 338
46 272
142 4
162 236
241 313
74 313
343 216
40 82
342 66
195 223
273 238
349 269
79 149
228 100
286 286
261 293
55 173
167 147
52 344
151 52
319 395
48 39
189 300
254 296
251 321
275 321
167 368
345 116
258 119
296 135
261 14
154 270
290 185
78 271
156 130
171 34
154 343
229 296
23 0
116 190
222 372
323 322
308 348
102 261
246 328
64 321
309 1
3 364
15 398
25 334
352 235
100 208
265 247
241 101
127 60
82 157
391 197
139 392
225 91
13 296
18 0
322 170
391 384
56 359
311 372
322 245
264 9
171 67
356 193
380 389
13 9
223 301
143 170
357 155
37 291
182 390
367 87
135 315
98 19
113 374
96 164
223 207
74 390
199 118
340 303
45 257
216 157
37 165
173 397
248 324
360 126
40 119
228 341
71 348
350 339
229 209
340 164
249 146
0 329
258 302
208 360
206 193
72 129
234 366
153 53
251 139
275 387
301 194
313 83
234 148
228 326
109 1
155 61
23 278
113 25
338 342
160 83
165 204
341 334
215 95
235 42
375 327
317 249
363 240
214 295
327 124
171 182
49 62
364 343
211 212
86 128
16 196
12 90
331 27
312 330
68 353
348 99
100 241
254 170
251 152
68 26
296 236
251 121
393 143
335 331
339 243
182 69
324 128
189 228
183 85
136 223
265 76
100 330
378 224
351 221
69 35
154 293
387 171
333 41
76 172
348 175
112 397
393 96
278 148
362 345
67 226
125 100
365 279
41 70
224 77
326 58
145 264
368 142
81 273
8 221
116 15
60 29
66 183
8 105
350 69
44 289
69 92
319 32
282 282
69 319
32 192
302 217
326 160
111 287
298 311
132 156
119 46
310 75
209 139
73 72
259 381
330 340
343 345
87 109
214 46
127 77
256 48
188 386
46 147
366 206
325 309
154 224
78 145
274 163
85 193
103 261
318 212
188 74
143 337
93 162
314 139
367 9
361 21
362 365
255 24
293 245
124 18
385 352
305 337
248 108
5 161
199 312
391 98
170 172
166 349
359 343
285 104
254 281
178 104
191 306
162 231
365 379
21 311
129 148
264 149
369 189
154 17
163 153
358 350
237 272
339 181
175 388
89 158
163 54
309 321
307 42
158 249
396 216
249 283
386 4
42 119
117 256
252 364
322 257
355 384
60 351
64 160
284 209
68 324
151 25
25 279
367 155
157 134
317 100
240 23
253 392
208 156
186 316
323 88
332 246
374 161
223 18
275 134
167 6
55 131
80 56
133 83
26 174
389 246
165 103
2 211
185 136
323 46
314 217
391 238
346 193
86 377
287 143
181 145
22 91
234 387
296 172
178 156
333 348
208 255
158 297
38 214
367 140
328 181
284 367
351 117
307 187
156 207
227 368
222 390
19 329
277 203
55 334
8 283
62 171
84 204
191 354
197 392
245 157
90 25
25 374
372 53
191 362
64 364
259 27
278 192
182 262
240 163
355 133
238 136
119 389
9 275
241 378
56 162
294 257
192 352
39 246
254 232
199 72
378 135
280 394
196 261
102 251
66 197
342 392
158 346
271 160
329 28
122 105
100 300
247 257
337 277
49 392
69 164
162 252
321 281
265 68
97 333
91 241
21 102
71 1
222 202
111 230
107 129
100 103
148 301
338 326
182 286
44 82
225 81
104 317
398 137
366 384
102 337
397 286
255 257
79 215
359 47
62 286
262 279
183 141
159 190
222 278
39 308
2 253
202 8
178 69
74 80
80 376
201 57
293 364
169 108
277 322
97 386
340 272
195 297
90 81
156 311
387 315
236 78
106 210
279 193
199 187
59 294
182 243
322 300
10 129
154 143
289 74
36 378
26 340
234 364
53 92
36 303
282 380
189 372
220 55
241 307
143 135
121 34
392 249
331 99
212 87
220 195
284 23
311 240
23 65
19 379
112 71
367 190
249 304
1 176
385 390
208 246
114 161
14 332
142 226
394 309
155 293
261 32
108 321
164 347
35 33
181 140
324 312
149 61
27 1
129 344
320 181
140 132
377 225
144 62
209 102
249 43
392 146
62 333
156 16
33 164
358 348
105 23
119 281
222 388
213 262
181 276
289 62
28 338
27 271
73 365
280 237
270 172
371 104
191 82
193 124
167 147
217 360
360 213
276 337
161 138
369 167
53 77
301 295
138 235
385 291
111 132
188 96
97 225
162 30
304 73
37 61
78 175
163 302
199 398
80 71
343 200
182 172
393 58
42 314
300 181
65 229
91 153
275 133
316 354
271 76
40 71
79 171
253 385
45 294
369 9
101 245
152 389
173 253
136 277
115 14
187 56
118 109
100 164
167 277
6 166
129 74
97 183
391 303
14 272
269 232
397 351
282 50
204 10
349 66
203 355
157 123
303 269
277 4
244 174
128 217
86 262
129 272
289 191
22 31
183 21
141 365
98 135
280 342
155 190
286 83
171 398
194 169
159 284
248 368
113 31
4 343
181 233
21 166
49 247
99 37
289 7
261 155
41 314
294 377
60 282
216 392
365 46
89 144
133 252
390 107
388 158
253 345
283 392
391 37
233 216
294 391
228 63
251 316
314 48
236 243
217 262
4 265
300 315
123 8
375 86
327 139
165 52
307 341
351 378
15 211
80 234
24 239
103 213
201 6
61 304
66 60
120 297
41 287
111 59
383 185
302 289
148 202
364 216
348 21
123 120
195 265
352 276
16 20
116 336
295 339
74 322
17 316
2 12
111 192
317 281
269 331
338 86
196 78
288 195
98 368
229 106
302 128
95 95
310 205
241 104
43 138
200 319
336 28
303 54
95 197
191 379
61 103
107 28
79 337
363 108
28 366
310 375
293 270
278 146
259 68
55 214
383 178
177 383
216 178
326 96
368 103
29 202
216 19
304 188
269 26
131 348
51 134
6 231
226 253
285 230
221 80
270 18
250 117
123 9
223 119
16 33
234 125
143 333
101 136
26 398
231 177
225 315
126 386
29 99
251 147
124 50
143 9
302 291
373 394
79 102
175 164
86 386
390 158
365 300
364 271
242 313
389 270
93 48
21 105
259 227
315 42
186 223
206 391
270 2
7 297
4 174
64 127
350 267
331 84
14 337
262 110
222 277
397 169
206 164
288 3
15 286
55 9
385 69
308 226
232 375
104 330
180 7
392 290
128 275
209 198
331 82
330 335
6 364
105 218
222 382
184 392
282 77
9 200
87 379
24 82
178 25
144 245
373 28
209 164
278 371
241 75
108 151
384 265
340 131
224 345
83 199
180 321
220 216
40 382
277 58
307 223
37 224
168 178
336 3
243 124
55 34
370 45
89 201
49 211
302 197
90 158
118 118
61 196
253 150
205 277
226 313
155 113
9 70
279 281
141 5
196 84
154 41
236 83
42 159
228 23
109 136
272 17
143 116
186 394
213 47
191 148
328 161
346 385
293 80
342 51
148 281
286 51
376 287
71 245
214 131
337 380
249 148
297 362
262 344
195 91
299 332
278 179
93 25
232 133
195 168
12 38
237 152
376 1
153 93
172 171
214 58
368 394
10 290
254 18
162 28
368 96
313 357
74 234
186 138
379 151
57 102
113 107
271 281
203 38
324 138
194 286
67 126
394 41
152 74
261 255
220 197
138 111
229 193
20 194
391 204
397 365
288 306
125 203
3 37
286 170
131 159
322 292
146 327
230 65
170 371
232 395
364 93
344 146
56 73
11 353
348 134
278 337
304 131
57 156
273 163
153 101
348 180
34 310
286 93
205 42
298 278
239 140
42 396
34 335
137 117
8 224
145 80
316 89
321 49
316 344
337 108
244 335
392 320
140 108
270 262
390 12
302 10
384 12
190 393
209 16
258 171
33 167
93 372
329 47
58 325
366 325
107 232
280 208
79 252
8 175
201 285
169 15
191 280
165 209
160 45
139 92
201 374
336 191
58 7
69 266
308 215
135 77
182 366
188 288
361 207
268 373
104 280
238 123
36 151
374 149
295 256
379 331
55 316
61 254
254 196
38 1
263 62
80 359
11 215
344 344
398 242
178 56
387 176
238 377
151 384
361 399
188 265
326 196
180 182
46 398
18 385
150 206
219 3
385 75
66 58
69 206
245 268
226 318
82 76
320 175
350 59
344 7
55 224
54 257
168 347
61 278
173 198
60 168
376 397
224 48
3 16
58 75
167 390
258 177
205 20
12 391
50 47
330 101
160 190
50 377
219 244
34 333
265 332
273 39
70 197
343 352
134 16
256 248
364 136
252 360
123 130
91 23
107 244
24 129
127 395
115 52
132 328
19 317
252 91
300 35
172 274
173 306
355 195
349 219
204 89
280 346
293 92
308 73
209 372
25 387
91 142
288 314
44 112
106 365
319 250
133 308
259 397
379 46
49 193
235 254
126 257
204 65
259 106
95 339
252 5
293 83
349 112
193 356
363 67
270 165
234 97
244 339
275 286
183 124
185 225
193 312
172 42
322 324
381 277
293 255
99 79
84 345
45 24
94 104
233 122
24 316
53 90
146 374
4 220
108 341
19 283
376 385
220 265
353 315
43 84
157 84
15 219
47 381
115 271
336 319
366 61
399 236
183 394
198 262
61 272
31 79
295 297
119 0
119 73
50 14
244 17
351 154
72 240
93 215
7 189
142 193
145 259
363 157
122 220
104 347
104 1
362 339
108 272
198 383
53 272
123 245
241 97
51 361
342 183
262 288
96 185
144 151
124 116
340 325
148 310
49 110
123 392
372 266
108 219
270 389
110 390
279 312
75 30
82 232
1 344
355 254
8 139
255 279
325 26
51 205
398 256
24 325
111 220
325 58
61 192
69 74
313 244
251 303
39 256
339 161
128 10
235 219
53 13
98 203
341 299
111 77
224 19
69 202
332 54
182 93
56 215
342 326
192 114
337 323
48 159
303 108
172 294
326 301
96 164
241 41
99 207
65 301
369 135
1 83
90 382
62 233
37 57
310 33
9 263
160 90
237 193
29 127
285 195
45 270
288 235
229 315
201 15
15 22
59 147
147 74
384 251
117 88
363 126
143 148
397 252
240 205
325 257
149 211
123 10
7 276
271 231
389 376
45 306
195 398
340 208
147 150
23 165
324 16
116 269
56 53
259 360
90 21
353 21
143 80
110 18
220 89
163 211
153 376
72 193
69 271
181 5
186 47
184 390
354 27
230 174
137 269
5 228
117 168
313 198
36 191
141 164
53 356
213 229
138 130
290 276
155 399
134 107
127 269
312 307
375 176
26 75
59 277
41 183
361 96
21 171
395 262
82 376
105 109
317 21
334 288
275 178
239 120
239 185
42 87
258 263
315 71
376 138
133 259
248 314
351 36
141 300
364 46
99 277
368 28
291 92
80 233
211 84
169 224
55 120
51 135
141 24
199 232
344 307
255 128
74 197
14 299
392 355
272 128
297 148
194 8
207 226
389 309
345 97
15 81
296 64
51 117
48 14
210 363
273 303
194 133
7 367
238 15
47 373
286 258
348 188
136 395
152 142
55 364
366 82
347 146
392 280
17 295
340 114
229 184
365 149
197 153
167 16
104 263
266 205
286 254
131 294
169 285
39 105
381 343
298 126
228 251
64 169
70 70
113 332
263 295
306 47
160 195
81 194
290 267
161 337
233 395
328 249
398 52
229 283
351 156
101 174
83 116
183 138
104 106
63 163
80 16
201 34
156 173
175 106
71 3
364 201
230 161
385 30
190 121
71 218
326 244
39 394
31 373
375 340
34 267
326 127
280 379
377 392
64 94
183 51
76 295
258 398
157 167
23 300
305 68
136 65
377 151
343 345
352 6
150 62
377 82
173 170
120 1
380 377
180 366
337 115
235 319
316 40
342 391
34 316
335 14
79 246
289 318
318 244
190 111
142 305
167 245
13 57
119 376
8 348
112 197
311 210
171 195
131 110
90 344
73 294
129 333
275 162
388 15
37 130
82 168
133 5
147 350
222 151
29 153
247 10
109 91
144 73
37 27
76 169
384 34
374 1
366 10
317 316
284 84
305 236
259 9
227 241
5 323
216 266
323 93
367 171
34 88
147 96
143 271
386 80
385 205
367 134
254 318
357 156
193 195
173 249
250 42
18 365
310 222
243 74
208 42
329 182
328 356
233 62
99 296
44 252
132 97
253 12
362 176
195 172
377 150
352 82
205 164
312 339
204 69
358 176
348 26
108 35
342 167
154 347
105 284
353 197
241 151
72 44
153 215
318 322
46 20
97 271
246 381
111 328
146 290
219 324
240 388
338 28
372 121
30 81
359 372
138 370
176 5
232 29
19 189
368 342
183 37
361 375
381 287
61 343
269 204
184 397
371 384
1 230
26 387
348 54
87 9
207 331
42 196
244 360
145 329
239 209
221 368
368 146
216 288
267 229
119 267
150 132
157 389
34 59
193 363
206 178
241 258
24 186
326 29
357 117
313 51
212 107
135 15
382 26
353 74
352 13
87 231
348 288
279 93
397 99
368 314
394 190
203 134
141 340
188 38
387 171
134 82
118 91
109 73
266 212
288 84
326 21
374 248
52 282
375 367
298 246
95 105
249 17
15 367
389 180
373 361
390 19
109 272
15 25
311 6
254 395
107 37
83 357
363 102
196 90
216 99
368 299
327 367
339 245
84 4
361 127
264 60
390 212
40 180
6 351
350 78
48 20
300 39
240 135
142 9
325 343
95 257
56 234
63 291
335 79
307 268
65 16
93 73
379 231
318 118
386 178
313 250
25 26
378 273
101 304
183 185
383 329
38 193
267 268
47 143
247 57
211 273
197 349
237 295
220 307
168 47
300 61
33 16
193 307
350 75
218 91
335 78
186 329
164 107
286 25
0 314
385 331
252 10
205 174
47 157
50 33
268 373
316 326
189 233
0 247
351 93
134 61
221 369
286 79
321 152
28 168
89 363
166 284
247 287
256 44
155 389
101 392
68 353
249 341
133 29
61 192
245 127
179 257
281 136
2 274
150 190
284 34
258 348
206 53
74 392
7 319
74 86
317 289
72 363
77 147
1 261
129 3
392 25
199 189
364 188
95 267
122 70
373 302
163 292
161 366
208 334
299 334
354 376
370 388
46 156
254 360
106 151
228 74
113 83
363 249
397 6
189 97
70 89
160 293
373 219
54 110
46 199
225 98
366 51
75 344
256 138
293 203
135 189
350 285
55 181
391 30
84 364
52 333
16 157
37 31
399 249
246 125
222 156
100 258
51 303
114 134
358 95
394 373
256 62
23 276
163 248
290 4
42 136
348 263
386 172
44 19
266 70
201 149
23 293
59 39
267 324
205 293
134 129
341 205
286 321
279 374
107 226
390 178
134 97
316 70
227 141
109 361
172 235
87 203
337 379
221 73
13 170
36 350
202 58
237 380
311 288
21 331
121 140
201 305
32 286
62 323
284 391
111 74
336 94
72 170
245 228
259 127
369 330
33 185
170 17
108 249
70 114
186 92
101 335
292 8
353 41
328 85
196 196
156 382
379 232
164 87
186 10
101 113
224 58
91 141
236 286
232 205
208 47
350 193
165 33
383 320
128 233
163 277
163 315
26 380
39 66
370 285
232 3
27 121
113 275
41 146
170 264
170 80
319 302
57 289
35 140
146 112
229 166
246 106
114 52
98 237
395 210
107 18
280 73
237 172
284 334
84 193
363 233
42 249
138 297
386 197
55 279
308 1
376 40
267 141
72 295
331 264
175 178
87 62
225 99
114 37
26 385
324 258
168 88
383 193
282 311
291 388
231 185
15 203
66 23
280 5
189 316
239 214
348 184
366 186
219 376
67 153
210 278
1 12
136 173
19 399
342 289
258 327
365 380
265 149
74 283
311 315
9 267
388 79
265 206
296 14
78 50
88 371
348 164
226 248
307 384
156 332
22 77
344 101
288 199
43 72
153 284
253 311
277 316
131 90
350 122
204 97
147 280
121 313
369 290
113 285
289 330
259 159
274 84
109 87
25 226
156 315
102 291
341 352
360 215
276 256
243 342
51 140
66 306
398 371
40 170
212 164
283 1
144 225
323 222
248 389
127 261
230 327
361 134
374 95
123 196
79 88
193 9
69 374
65 56
206 154
345 51
308 85
248 206
347 281
176 164
131 230
42 120
207 67
186 174
391 283
356 107
156 43
64 363
26 88
42 34
114 102
77 245
393 135
240 201
155 352
49 284
324 195
178 67
289 264
210 308
2 285
381 149
2 48
358 212
394 58
52 296
115 334
106 360
90 162
12 59
313 270
271 255
36 291
176 382
290 190
376 94
381 92
46 264
170 240
61 60
12 355
279 82
118 75
283 276
65 239
307 234
13 74
49 118
107 47
331 162
314 156
372 326
176 321
93 318
268 162
236 347
58 171
204 377
390 324
101 33
180 358
269 96
207 45
399 8
17 254
172 117
323 250
367 162
373 180
196 253
384 63
156 9
346 123
234 51
314 322
34 39
140 206
131 163
327 302
354 28
381 89
185 240
323 66
336 92
291 364
219 31
398 303
339 350
293 219
138 121
393 349
265 334
49 192
124 205
61 342
385 316
185 55
188 44
180 201
271 139
353 129
56 59
173 345
283 370
386 290
178 356
284 124
322 191
315 84
272 37
184 332
212 271
283 81
125 383
44 234
372 391
152 220
197 296
262 230
28 238
347 393
348 138
363 343
214 112
49 337
296 259
257 249
100 61
300 383
34 67
116 42
152 135
320 341
25 384
33 269
28 152
70 40
368 165
62 376
124 170
301 399
43 318
128 309
55 317
164 168
85 318
355 20
3 293
353 115
221 42
246 215
181 378
285 166
116 252
397 164
316 134
53 311
321 80
29 135
200 105
138 69
205 74
3 94
123 280
290 31
88 78
109 331
95 346
390 299
306 326
335 294
31 202
194 33
370 256
80 360
332 88
392 109
51 190
122 368
330 184
268 193
162 212
254 18
224 386
153 160
241 269
333 51
