[FBX_META_DATA]
MeshCount: 5

[MESH_DATA]
VertexCount: 597
IndexCount: 1194
BoneCount: 0
AnimationClips: 1

[VERTEX_DATA]
Position: -1.16845 0.457611 2.39855
Normal: -0 0.707107 0.707107
UV: 0.481887 0.345815

Position: 1.16845 0.457611 2.39855
Normal: -0 0.707107 0.707107
UV: 0.483162 0.345815

Position: 1.16845 0.356283 2.49987
Normal: -0 0.707107 0.707107
UV: 0.483162 0.34454

Position: -1.16845 0.356283 2.49987
Normal: -0 0.707107 0.707107
UV: 0.481887 0.34454

Position: -1.16845 0.356283 2.29722
Normal: -0 0.707107 -0.707107
UV: 0.481887 0.34709

Position: 1.16845 0.356283 2.29722
Normal: -0 0.707107 -0.707107
UV: 0.483162 0.34709

Position: 1.16845 0.457611 2.39855
Normal: -0 0.707107 -0.707107
UV: 0.483162 0.345815

Position: -1.16845 0.457611 2.39855
Normal: -0 0.707107 -0.707107
UV: 0.481887 0.345815

Position: -1.16845 0.254954 2.39855
Normal: -0 -0.707107 -0.707107
UV: 0.481887 0.348365

Position: 1.16845 0.254954 2.39855
Normal: -0 -0.707107 -0.707107
UV: 0.483162 0.348365

Position: 1.16845 0.356283 2.29722
Normal: -0 -0.707107 -0.707107
UV: 0.483162 0.34709

Position: -1.16845 0.356283 2.29722
Normal: -0 -0.707107 -0.707107
UV: 0.481887 0.34709

Position: -1.16845 0.356283 2.49987
Normal: -0 -0.707107 0.707107
UV: 0.481887 0.34964

Position: 1.16845 0.356283 2.49987
Normal: -0 -0.707107 0.707107
UV: 0.483162 0.34964

Position: 1.16845 0.254954 2.39855
Normal: -0 -0.707107 0.707107
UV: 0.483162 0.348365

Position: -1.16845 0.254954 2.39855
Normal: -0 -0.707107 0.707107
UV: 0.481887 0.348365

Position: -1.16845 0.457611 -1.45641
Normal: -0 0.707107 0.707107
UV: 0.481887 0.345815

Position: 1.16845 0.457611 -1.45641
Normal: -0 0.707107 0.707107
UV: 0.483162 0.345815

Position: 1.16845 0.356283 -1.35508
Normal: -0 0.707107 0.707107
UV: 0.483162 0.34454

Position: -1.16845 0.356283 -1.35508
Normal: -0 0.707107 0.707107
UV: 0.481887 0.34454

Position: -1.16845 0.356283 -1.55774
Normal: -0 0.707107 -0.707107
UV: 0.481887 0.34709

Position: 1.16845 0.356283 -1.55774
Normal: -0 0.707107 -0.707107
UV: 0.483162 0.34709

Position: 1.16845 0.457611 -1.45641
Normal: -0 0.707107 -0.707107
UV: 0.483162 0.345815

Position: -1.16845 0.457611 -1.45641
Normal: -0 0.707107 -0.707107
UV: 0.481887 0.345815

Position: -1.16845 0.254954 -1.45641
Normal: -0 -0.707107 -0.707107
UV: 0.481887 0.348365

Position: 1.16845 0.254954 -1.45641
Normal: -0 -0.707107 -0.707107
UV: 0.483162 0.348365

Position: 1.16845 0.356283 -1.55774
Normal: -0 -0.707107 -0.707107
UV: 0.483162 0.34709

Position: -1.16845 0.356283 -1.55774
Normal: -0 -0.707107 -0.707107
UV: 0.481887 0.34709

Position: -1.16845 0.356283 -1.35508
Normal: -0 -0.707107 0.707107
UV: 0.481887 0.34964

Position: 1.16845 0.356283 -1.35508
Normal: -0 -0.707107 0.707107
UV: 0.483162 0.34964

Position: 1.16845 0.254954 -1.45641
Normal: -0 -0.707107 0.707107
UV: 0.483162 0.348365

Position: -1.16845 0.254954 -1.45641
Normal: -0 -0.707107 0.707107
UV: 0.481887 0.348365

Position: -1.31259 3.34795 -0.154141
Normal: -0 0 1
UV: 0.468445 0.0538242

Position: -1.31259 3.09932 -0.154141
Normal: -0 0 1
UV: 0.468445 0.0373076

Position: -1.4309 3.34795 -0.154141
Normal: -0 0 1
UV: 0.436061 0.0538243

Position: -1.4309 3.09932 -0.154141
Normal: -0 0 1
UV: 0.436061 0.0373076

Position: -1.4309 3.34795 -0.154141
Normal: -0 1 0
UV: 0.436061 0.0110132

Position: -1.4309 3.34795 -0.910788
Normal: -0 1 0
UV: 0.388122 0.0110132

Position: -1.31259 3.34795 -0.154141
Normal: -0 1 0
UV: 0.436061 0.0265207

Position: -1.31259 3.34795 -0.910788
Normal: -0 1 0
UV: 0.388122 0.0265208

Position: -1.31259 3.09932 -0.910788
Normal: -0 0 -1
UV: 0.355738 0.0373076

Position: -1.31259 3.34795 -0.910788
Normal: -0 0 -1
UV: 0.355738 0.0538243

Position: -1.4309 3.09932 -0.910788
Normal: -0 0 -1
UV: 0.388122 0.0373077

Position: -1.4309 3.34795 -0.910788
Normal: -0 0 -1
UV: 0.388122 0.0538243

Position: -1.31259 3.09932 -0.154141
Normal: -0 -1 0
UV: 0.436061 0.0378871

Position: -1.31259 3.09932 -0.910788
Normal: -0 -1 0
UV: 0.388122 0.0378871

Position: -1.4309 3.09932 -0.154141
Normal: -0 -1 0
UV: 0.436061 0.0538436

Position: -1.4309 3.09932 -0.910788
Normal: -0 -1 0
UV: 0.388122 0.0538436

Position: -1.4309 3.34795 -0.910788
Normal: -1 0 0
UV: 0.388122 0.0538243

Position: -1.4309 3.34795 -0.154141
Normal: -1 0 0
UV: 0.436061 0.0538243

Position: -1.4309 3.09932 -0.154141
Normal: -1 0 0
UV: 0.436061 0.0373076

Position: -1.4309 3.09932 -0.910788
Normal: -1 0 0
UV: 0.388122 0.0373077

Position: -1.31259 3.34795 2.83287
Normal: -0 0 1
UV: 0.468445 0.0538242

Position: -1.31259 3.09932 2.83287
Normal: -0 0 1
UV: 0.468445 0.0373076

Position: -1.4309 3.34795 2.83287
Normal: -0 0 1
UV: 0.436061 0.0538243

Position: -1.4309 3.09932 2.83287
Normal: -0 0 1
UV: 0.436061 0.0373076

Position: -1.4309 3.34795 2.83287
Normal: -0 1 0
UV: 0.436061 0.0110132

Position: -1.4309 3.34795 2.07622
Normal: -0 1 0
UV: 0.388122 0.0110132

Position: -1.31259 3.34795 2.83287
Normal: -0 1 0
UV: 0.436061 0.0265207

Position: -1.31259 3.34795 2.07622
Normal: -0 1 0
UV: 0.388122 0.0265208

Position: -1.31259 3.09932 2.07622
Normal: -0 0 -1
UV: 0.355738 0.0373076

Position: -1.31259 3.34795 2.07622
Normal: -0 0 -1
UV: 0.355738 0.0538243

Position: -1.4309 3.09932 2.07622
Normal: -0 0 -1
UV: 0.388122 0.0373077

Position: -1.4309 3.34795 2.07622
Normal: -0 0 -1
UV: 0.388122 0.0538243

Position: -1.31259 3.09932 2.83287
Normal: -0 -1 0
UV: 0.436061 0.0378871

Position: -1.31259 3.09932 2.07622
Normal: -0 -1 0
UV: 0.388122 0.0378871

Position: -1.4309 3.09932 2.83287
Normal: -0 -1 0
UV: 0.436061 0.0538436

Position: -1.4309 3.09932 2.07622
Normal: -0 -1 0
UV: 0.388122 0.0538436

Position: -1.4309 3.34795 2.07622
Normal: -1 0 0
UV: 0.388122 0.0538243

Position: -1.4309 3.34795 2.83287
Normal: -1 0 0
UV: 0.436061 0.0538243

Position: -1.4309 3.09932 2.83287
Normal: -1 0 0
UV: 0.436061 0.0373076

Position: -1.4309 3.09932 2.07622
Normal: -1 0 0
UV: 0.388122 0.0373077

Position: -1.23109 3.34795 3.10619
Normal: -1 0 0
UV: 0.436061 0.0538243

Position: -1.23109 3.09932 3.10619
Normal: -1 0 0
UV: 0.436061 0.0373076

Position: -1.23109 3.09932 2.98787
Normal: -1 0 0
UV: 0.468445 0.0373076

Position: -1.23109 3.34795 2.98787
Normal: -1 0 0
UV: 0.468445 0.0538242

Position: -0.458586 3.34795 3.10619
Normal: -0 1 0
UV: 0.388122 0.0110132

Position: -1.23109 3.34795 3.10619
Normal: -0 1 0
UV: 0.436061 0.0110132

Position: -1.23109 3.34795 2.98787
Normal: -0 1 0
UV: 0.436061 0.0265207

Position: -0.458586 3.34795 2.98787
Normal: -0 1 0
UV: 0.388122 0.0265208

Position: -0.458586 3.09932 3.10619
Normal: 1 0 0
UV: 0.388122 0.0373077

Position: -0.458586 3.34795 3.10619
Normal: 1 0 0
UV: 0.388122 0.0538243

Position: -0.458586 3.34795 2.98787
Normal: 1 0 0
UV: 0.355738 0.0538243

Position: -0.458586 3.09932 2.98787
Normal: 1 0 0
UV: 0.355738 0.0373076

Position: -1.23109 3.09932 3.10619
Normal: -0 -1 0
UV: 0.436061 0.0538436

Position: -0.458586 3.09932 3.10619
Normal: -0 -1 0
UV: 0.388122 0.0538436

Position: -0.458586 3.09932 2.98787
Normal: -0 -1 0
UV: 0.388122 0.0378871

Position: -1.23109 3.09932 2.98787
Normal: -0 -1 0
UV: 0.436061 0.0378871

Position: -0.458586 3.34795 3.10619
Normal: -0 0 1
UV: 0.388122 0.0538243

Position: -1.23109 3.09932 3.10619
Normal: -0 0 1
UV: 0.436061 0.0373076

Position: -1.23109 3.34795 3.10619
Normal: -0 0 1
UV: 0.436061 0.0538243

Position: -0.458586 3.09932 3.10619
Normal: -0 0 1
UV: 0.388122 0.0373077

Position: -1.67119 2.15506 -2.20763
Normal: -0 0.81309 -0.582138
UV: 0.674504 0.355103

Position: -1.40772 2.24378 -2.08372
Normal: -0 0.81309 -0.582138
UV: 0.711283 0.376378

Position: -1.71845 2.24378 -2.08372
Normal: -0 0.81309 -0.582138
UV: 0.667907 0.376378

Position: -1.45498 2.15506 -2.20763
Normal: -0 0.81309 -0.582138
UV: 0.704686 0.355103

Position: -1.45498 1.74919 -2.20763
Normal: -0 0 -1
UV: 0.65635 0.218274

Position: -1.67119 2.15506 -2.20763
Normal: -0 0 -1
UV: 0.71301 0.248456

Position: -1.67119 1.74919 -2.20763
Normal: -0 0 -1
UV: 0.65635 0.248456

Position: -1.45498 2.15506 -2.20763
Normal: -0 0 -1
UV: 0.71301 0.218274

Position: -1.40772 1.66047 -2.08372
Normal: -0 -0.81309 -0.582138
UV: 0.661471 0.313294

Position: -1.67119 1.74919 -2.20763
Normal: -0 -0.81309 -0.582138
UV: 0.698248 0.292019

Position: -1.71845 1.66047 -2.08372
Normal: -0 -0.81309 -0.582138
UV: 0.704845 0.313292

Position: -1.45498 1.74919 -2.20763
Normal: -0 -0.81309 -0.582138
UV: 0.668066 0.292019

Position: -1.40772 2.24378 -2.08372
Normal: -0 0 1
UV: 0.944324 0.0923805

Position: -1.71845 1.66047 -2.08372
Normal: -0 0 1
UV: 0.862895 0.0490045

Position: -1.71845 2.24378 -2.08372
Normal: -0 0 1
UV: 0.944324 0.0490045

Position: -1.40772 1.66047 -2.08372
Normal: -0 0 1
UV: 0.862895 0.0923805

Position: -1.45498 1.74919 -2.20763
Normal: 0.93435 0 -0.356358
UV: 0.750109 0.2036

Position: -1.40772 2.24378 -2.08372
Normal: 0.93435 0 -0.356358
UV: 0.819153 0.185087

Position: -1.45498 2.15506 -2.20763
Normal: 0.93435 0 -0.356358
UV: 0.806767 0.2036

Position: -1.40772 1.66047 -2.08372
Normal: 0.93435 0 -0.356358
UV: 0.737723 0.185087

Position: -1.67119 2.15506 -2.20763
Normal: -0.934348 0 -0.356361
UV: 0.749991 0.203605

Position: -1.71845 1.66047 -2.08372
Normal: -0.934348 0 -0.356361
UV: 0.819035 0.185091

Position: -1.67119 1.74919 -2.20763
Normal: -0.934348 0 -0.356361
UV: 0.806649 0.203605

Position: -1.71845 2.24378 -2.08372
Normal: -0.934348 0 -0.356361
UV: 0.737606 0.185092

Position: 1.4309 3.34795 -0.154141
Normal: -0 0 1
UV: 0.436061 0.0538243

Position: 1.31259 3.09932 -0.154141
Normal: -0 0 1
UV: 0.468445 0.0373076

Position: 1.31259 3.34795 -0.154141
Normal: -0 0 1
UV: 0.468445 0.0538242

Position: 1.4309 3.09932 -0.154141
Normal: -0 0 1
UV: 0.436061 0.0373076

Position: 1.4309 3.34795 -0.910788
Normal: -0 1 0
UV: 0.388122 0.0110132

Position: 1.4309 3.34795 -0.154141
Normal: -0 1 0
UV: 0.436061 0.0110132

Position: 1.31259 3.34795 -0.154141
Normal: -0 1 0
UV: 0.436061 0.0265207

Position: 1.31259 3.34795 -0.910788
Normal: -0 1 0
UV: 0.388122 0.0265208

Position: 1.4309 3.09932 -0.910788
Normal: -0 0 -1
UV: 0.388122 0.0373077

Position: 1.31259 3.34795 -0.910788
Normal: -0 0 -1
UV: 0.355738 0.0538243

Position: 1.31259 3.09932 -0.910788
Normal: -0 0 -1
UV: 0.355738 0.0373076

Position: 1.4309 3.34795 -0.910788
Normal: -0 0 -1
UV: 0.388122 0.0538243

Position: 1.4309 3.09932 -0.154141
Normal: -0 -1 0
UV: 0.436061 0.0538436

Position: 1.31259 3.09932 -0.910788
Normal: -0 -1 0
UV: 0.388122 0.0378871

Position: 1.31259 3.09932 -0.154141
Normal: -0 -1 0
UV: 0.436061 0.0378871

Position: 1.4309 3.09932 -0.910788
Normal: -0 -1 0
UV: 0.388122 0.0538436

Position: 1.4309 3.34795 -0.910788
Normal: 1 0 0
UV: 0.388122 0.0538243

Position: 1.4309 3.09932 -0.154141
Normal: 1 0 0
UV: 0.436061 0.0373076

Position: 1.4309 3.34795 -0.154141
Normal: 1 0 0
UV: 0.436061 0.0538243

Position: 1.4309 3.09932 -0.910788
Normal: 1 0 0
UV: 0.388122 0.0373077

Position: 1.4309 3.34795 2.83287
Normal: -0 0 1
UV: 0.436061 0.0538243

Position: 1.31259 3.09932 2.83287
Normal: -0 0 1
UV: 0.468445 0.0373076

Position: 1.31259 3.34795 2.83287
Normal: -0 0 1
UV: 0.468445 0.0538242

Position: 1.4309 3.09932 2.83287
Normal: -0 0 1
UV: 0.436061 0.0373076

Position: 1.4309 3.34795 2.07622
Normal: -0 1 0
UV: 0.388122 0.0110132

Position: 1.4309 3.34795 2.83287
Normal: -0 1 0
UV: 0.436061 0.0110132

Position: 1.31259 3.34795 2.83287
Normal: -0 1 0
UV: 0.436061 0.0265207

Position: 1.31259 3.34795 2.07622
Normal: -0 1 0
UV: 0.388122 0.0265208

Position: 1.4309 3.09932 2.07622
Normal: -0 0 -1
UV: 0.388122 0.0373077

Position: 1.31259 3.34795 2.07622
Normal: -0 0 -1
UV: 0.355738 0.0538243

Position: 1.31259 3.09932 2.07622
Normal: -0 0 -1
UV: 0.355738 0.0373076

Position: 1.4309 3.34795 2.07622
Normal: -0 0 -1
UV: 0.388122 0.0538243

Position: 1.4309 3.09932 2.83287
Normal: -0 -1 0
UV: 0.436061 0.0538436

Position: 1.31259 3.09932 2.07622
Normal: -0 -1 0
UV: 0.388122 0.0378871

Position: 1.31259 3.09932 2.83287
Normal: -0 -1 0
UV: 0.436061 0.0378871

Position: 1.4309 3.09932 2.07622
Normal: -0 -1 0
UV: 0.388122 0.0538436

Position: 1.4309 3.34795 2.83287
Normal: 1 0 0
UV: 0.436061 0.0538243

Position: 1.4309 3.34795 2.07622
Normal: 1 0 0
UV: 0.388122 0.0538243

Position: 1.4309 3.09932 2.83287
Normal: 1 0 0
UV: 0.436061 0.0373076

Position: 1.4309 3.09932 2.07622
Normal: 1 0 0
UV: 0.388122 0.0373077

Position: 1.23109 3.34795 3.10619
Normal: 1 0 0
UV: 0.436061 0.0538243

Position: 1.23109 3.09932 2.98787
Normal: 1 0 0
UV: 0.468445 0.0373076

Position: 1.23109 3.09932 3.10619
Normal: 1 0 0
UV: 0.436061 0.0373076

Position: 1.23109 3.34795 2.98787
Normal: 1 0 0
UV: 0.468445 0.0538242

Position: 0.458586 3.34795 3.10619
Normal: -0 1 0
UV: 0.388122 0.0110132

Position: 1.23109 3.34795 2.98787
Normal: -0 1 0
UV: 0.436061 0.0265207

Position: 1.23109 3.34795 3.10619
Normal: -0 1 0
UV: 0.436061 0.0110132

Position: 0.458586 3.34795 2.98787
Normal: -0 1 0
UV: 0.388122 0.0265208

Position: 0.458586 3.09932 3.10619
Normal: -1 0 0
UV: 0.388122 0.0373077

Position: 0.458586 3.34795 2.98787
Normal: -1 0 0
UV: 0.355738 0.0538243

Position: 0.458586 3.34795 3.10619
Normal: -1 0 0
UV: 0.388122 0.0538243

Position: 0.458586 3.09932 2.98787
Normal: -1 0 0
UV: 0.355738 0.0373076

Position: 1.23109 3.09932 3.10619
Normal: -0 -1 0
UV: 0.436061 0.0538436

Position: 0.458586 3.09932 2.98787
Normal: -0 -1 0
UV: 0.388122 0.0378871

Position: 0.458586 3.09932 3.10619
Normal: -0 -1 0
UV: 0.388122 0.0538436

Position: 1.23109 3.09932 2.98787
Normal: -0 -1 0
UV: 0.436061 0.0378871

Position: 0.458586 3.34795 3.10619
Normal: -0 0 1
UV: 0.388122 0.0538243

Position: 1.23109 3.34795 3.10619
Normal: -0 0 1
UV: 0.436061 0.0538243

Position: 1.23109 3.09932 3.10619
Normal: -0 0 1
UV: 0.436061 0.0373076

Position: 0.458586 3.09932 3.10619
Normal: -0 0 1
UV: 0.388122 0.0373077

Position: 1.40772 2.24378 -2.08372
Normal: -0 0.813091 -0.582137
UV: 0.711283 0.376378

Position: 1.67119 2.15506 -2.20763
Normal: -0 0.813091 -0.582137
UV: 0.674504 0.355103

Position: 1.71845 2.24378 -2.08372
Normal: -0 0.813091 -0.582137
UV: 0.667907 0.376378

Position: 1.45498 2.15506 -2.20763
Normal: -0 0.813091 -0.582137
UV: 0.704686 0.355103

Position: 1.67119 1.74919 -2.20763
Normal: -0 0 -1
UV: 0.65635 0.248456

Position: 1.67119 2.15506 -2.20763
Normal: -0 0 -1
UV: 0.71301 0.248456

Position: 1.45498 1.74919 -2.20763
Normal: -0 0 -1
UV: 0.65635 0.218274

Position: 1.45498 2.15506 -2.20763
Normal: -0 0 -1
UV: 0.71301 0.218274

Position: 1.40772 1.66047 -2.08372
Normal: -0 -0.81309 -0.582138
UV: 0.661471 0.313294

Position: 1.71845 1.66047 -2.08372
Normal: -0 -0.81309 -0.582138
UV: 0.704845 0.313292

Position: 1.67119 1.74919 -2.20763
Normal: -0 -0.81309 -0.582138
UV: 0.698248 0.292019

Position: 1.45498 1.74919 -2.20763
Normal: -0 -0.81309 -0.582137
UV: 0.668066 0.292019

Position: 1.71845 2.24378 -2.08372
Normal: -0 0 1
UV: 0.944324 0.0490045

Position: 1.71845 1.66047 -2.08372
Normal: -0 0 1
UV: 0.862895 0.0490045

Position: 1.40772 2.24378 -2.08372
Normal: -0 0 1
UV: 0.944324 0.0923805

Position: 1.40772 1.66047 -2.08372
Normal: -0 0 1
UV: 0.862895 0.0923805

Position: 1.40772 2.24378 -2.08372
Normal: -0.93435 0 -0.356358
UV: 0.819153 0.185087

Position: 1.40772 1.66047 -2.08372
Normal: -0.93435 0 -0.356358
UV: 0.737723 0.185087

Position: 1.45498 1.74919 -2.20763
Normal: -0.93435 0 -0.356358
UV: 0.750109 0.2036

Position: 1.45498 2.15506 -2.20763
Normal: -0.93435 0 -0.356358
UV: 0.806767 0.2036

Position: 1.71845 1.66047 -2.08372
Normal: 0.934348 0 -0.356361
UV: 0.819035 0.185091

Position: 1.71845 2.24378 -2.08372
Normal: 0.934348 0 -0.356361
UV: 0.737606 0.185092

Position: 1.67119 2.15506 -2.20763
Normal: 0.934348 0 -0.356361
UV: 0.749991 0.203605

Position: 1.67119 1.74919 -2.20763
Normal: 0.934348 0 -0.356361
UV: 0.806649 0.203605

Position: 1.35413 1.11072 2.77879
Normal: 1 6.56908e-008 0
UV: 0.0718412 0.884922

Position: 1.35413 1.11072 3.02863
Normal: 1 0 0
UV: 0.0397931 0.884922

Position: 1.35413 2.86022 3.02863
Normal: 1 -4.84931e-008 0
UV: 0.039793 0.660507

Position: 1.35413 0.361899 3.02863
Normal: 1 0 0
UV: 0.731073 0.067502

Position: 1.35413 0.561634 3.02863
Normal: 1 0 0
UV: 0.731072 0.095382

Position: 1.35413 0.561634 2.85843
Normal: 1 1.86746e-007 -1.31174e-007
UV: 0.707314 0.0953798

Position: 1.35413 0.361899 2.85843
Normal: 1 1.00783e-008 0
UV: 0.707321 0.0675151

Position: 1.35413 0.561634 -2.97491
Normal: 1 2.01383e-007 0
UV: 0.330677 0.335905

Position: 1.35413 0.361899 -2.91426
Normal: 1 1.92965e-007 0
UV: 0.322897 0.361526

Position: 1.35413 0.561634 -2.78756
Normal: 1 -5.18656e-008 6.03374e-008
UV: 0.306643 0.335905

Position: 1.35413 0.361899 -2.78756
Normal: 1 -5.54607e-007 0
UV: 0.306643 0.361526

Position: 1.35413 1.11072 -2.97948
Normal: -0 0 -1
UV: 0.79176 0.493368

Position: 1.35413 1.49281 -2.97948
Normal: -0 0 -1
UV: 0.79176 0.441027

Position: 0.827205 1.11072 -2.97948
Normal: -0 0 -1
UV: 0.867239 0.494099

Position: -0 1.49281 -2.97948
Normal: -4.66369e-008 0 -1
UV: 0.984322 0.441027

Position: -0 0.361899 -3.10619
Normal: -0 0 -1
UV: 0.935091 0.079326

Position: 1.35413 0.361899 -3.10162
Normal: 0.00337285 0 -0.999994
UV: 0.745582 0.079469

Position: 1.35413 0.561634 -3.10162
Normal: 0.00337285 0 -0.999994
UV: 0.745567 0.051582

Position: -0 0.561634 -3.10619
Normal: -0 0 -1
UV: 0.935068 0.051441

Position: -0 0.361899 -2.79212
Normal: -0 -1 5.14274e-009
UV: 0.0516034 0.193736

Position: 1.35413 0.361899 -2.78756
Normal: -0 -1 2.43409e-008
UV: 0.0546523 0.193726

Position: 1.35413 0.361899 -2.91426
Normal: -0 -1 0
UV: 0.0546523 0.194011

Position: -0 0.361899 -2.91882
Normal: -0 -1 0
UV: 0.0516034 0.194021

Position: 1.35413 0.361899 3.02863
Normal: -0 -1 0
UV: 0.0546523 0.180631

Position: 1.35413 0.361899 2.85843
Normal: -0 -1 -4.30251e-008
UV: 0.0546523 0.181014

Position: -0 0.361899 3.02863
Normal: -0 -1 -3.18438e-009
UV: 0.0516034 0.180631

Position: -0 0.561634 3.02863
Normal: -1.01597e-007 0 1
UV: 0.920572 0.095399

Position: 1.35413 0.561634 3.02863
Normal: -0 0 1
UV: 0.731072 0.095382

Position: 1.35413 0.361899 3.02863
Normal: -0 0 1
UV: 0.731073 0.067502

Position: -0 0.361899 3.02863
Normal: -0 0 1
UV: 0.920574 0.067517

Position: 1.35413 0.561634 3.02863
Normal: -0 0 1
UV: 0.996668 0.433302

Position: -0 0.561634 3.02863
Normal: -1.01597e-007 0 1
UV: 0.829655 0.433302

Position: 0.827205 0.827222 3.02863
Normal: -3.80005e-007 0 1
UV: 0.922427 0.395294

Position: 1.35413 0.827222 3.02863
Normal: -0 0 1
UV: 0.996668 0.394884

Position: 1.35413 1.77422 -2.23327
Normal: 1.43508e-006 0.400655 -0.916229
UV: 0.48278 0.424951

Position: 1.35413 2.86022 -1.82618
Normal: 1.43508e-006 0.400658 -0.916228
UV: 0.660928 0.424834

Position: 1.26733 1.85486 -2.19576
Normal: 2.4107e-007 0.348243 -0.937404
UV: 0.493274 0.435217

Position: 1.26733 2.77958 -1.86369
Normal: 2.4107e-007 0.348244 -0.937404
UV: 0.650446 0.435113

Position: 1.35413 0.361899 2.85843
Normal: 1 1.00783e-008 0
UV: 0.0616246 0.980977

Position: 1.35413 0.561634 2.79931
Normal: 1 9.03021e-007 -6.39409e-007
UV: 0.0692283 0.955356

Position: 1.35413 0.361899 2.7953
Normal: 1 3.81375e-008 0
UV: 0.0697441 0.980977

Position: 1.35413 0.561634 2.85843
Normal: 1 1.86746e-007 -1.31174e-007
UV: 0.0616246 0.955356

Position: 1.35413 1.83018 -1.08989
Normal: 1 -1.18444e-007 0
UV: 0.0237379 0.258833

Position: 1.35413 2.77781 -1.77396
Normal: 1 5.41835e-008 0
UV: 0.132141 0.11523

Position: 1.35413 1.8449 -2.10982
Normal: 1 -1.39299e-007 0
UV: 0.199095 0.258589

Position: 1.35413 2.77781 -1.08873
Normal: 1 -4.66928e-008 0
UV: 0.0242293 0.11538

Position: 1.35413 1.8449 -2.10982
Normal: 1 -1.39299e-007 0
UV: 0.698925 0.790745

Position: 1.35413 2.86022 -1.82618
Normal: 1 -4.19114e-007 0
UV: 0.662541 0.660507

Position: 1.35413 1.77422 -2.23327
Normal: 1 1.94088e-007 0
UV: 0.714762 0.799812

Position: 1.35413 2.77781 -1.77396
Normal: 1 5.41835e-008 0
UV: 0.655843 0.671078

Position: 1.35413 2.86022 -1.08368
Normal: 1 -4.12454e-008 0
UV: 0.567298 0.660507

Position: 1.35413 2.77781 -1.08873
Normal: 1 -4.66928e-008 0
UV: 0.567946 0.671078

Position: 1.35413 0.827222 3.02863
Normal: 1 0 0
UV: 0.032262 0.0686291

Position: 1.35413 1.11072 3.02863
Normal: 1 0 0
UV: 0.032287 0.0129501

Position: 1.35413 1.11072 2.77879
Normal: 1 6.56908e-008 0
UV: 0.067166 0.0129631

Position: 1.35413 0.827222 2.77879
Normal: 1 2.12428e-008 -8.22931e-008
UV: 0.067139 0.0686411

Position: 1.35413 0.827222 3.02863
Normal: 1 0 0
UV: 0.0397931 0.921288

Position: 1.35413 0.561634 3.02863
Normal: 1 0 0
UV: 0.0397931 0.955356

Position: 1.35413 0.827222 2.77879
Normal: 1 2.12428e-008 -8.22931e-008
UV: 0.0718412 0.921288

Position: 0.827205 0.827222 -2.97948
Normal: 0.000909823 -0.00463893 -0.999989
UV: 0.180913 0.0701771

Position: 1.35413 0.827222 -2.97948
Normal: 0.00151927 -0.00774632 -0.999969
UV: 0.107352 0.0701811

Position: 1.35413 1.11072 -2.97948
Normal: -0 0 -1
UV: 0.107343 0.0144721

Position: 0.827205 1.11072 -2.97948
Normal: -0 0 -1
UV: 0.180903 0.0144681

Position: 1.35413 0.827222 3.02863
Normal: -0 0 1
UV: 0.22643 0.0695481

Position: 0.827205 0.827222 3.02863
Normal: -3.80005e-007 0 1
UV: 0.152869 0.0695481

Position: 1.35413 1.11072 3.02863
Normal: -0 0 1
UV: 0.226429 0.0138221

Position: 0.827205 1.11072 3.02863
Normal: -2.50297e-007 0 1
UV: 0.152868 0.0138351

Position: 1.35413 1.11072 -2.70773
Normal: 1 -8.60443e-008 0
UV: 0.777468 0.884922

Position: 1.35413 1.11072 -2.97948
Normal: 1 6.67631e-008 0
UV: 0.812326 0.884922

Position: 1.35413 0.561634 -2.78756
Normal: 1 -5.18656e-008 6.03374e-008
UV: 0.787707 0.955357

Position: 1.35413 0.827222 -2.70773
Normal: 1 2.38076e-007 6.729e-008
UV: 0.777468 0.921288

Position: 1.35413 0.827222 -2.97948
Normal: 1 0 0
UV: 0.812326 0.921288

Position: 1.35413 0.827222 -2.70773
Normal: 1 2.38076e-007 6.729e-008
UV: 0.241136 0.068832

Position: 1.35413 1.11072 -2.70773
Normal: 1 -8.60443e-008 0
UV: 0.241154 0.013122

Position: 1.35413 1.11072 -2.97948
Normal: 1 6.67631e-008 0
UV: 0.28578 0.013135

Position: 1.35413 0.827222 -2.97948
Normal: 1 0 0
UV: 0.285759 0.068833

Position: 1.35413 0.827222 2.38222
Normal: 1 2.36333e-007 -3.60004e-010
UV: 0.122845 0.921288

Position: 1.35413 1.83018 -1.08989
Normal: 1 -1.18444e-007 0
UV: 0.568095 0.792635

Position: -0 0.561634 -2.97948
Normal: -5.28377e-008 -0.00135183 -0.999999
UV: 0.984322 0.573106

Position: 0.827205 0.827222 -2.97948
Normal: 0.000909823 -0.00463893 -0.999989
UV: 0.866857 0.534333

Position: 1.35413 0.561634 -2.97491
Normal: 0.00242772 -0.0123783 -0.99992
UV: 0.79176 0.571337

Position: 1.35413 0.827222 -2.97948
Normal: 0.00151927 -0.00774632 -0.999969
UV: 0.79176 0.533657

Position: 1.35413 1.80052 1.29005
Normal: 1 -1.28719e-008 0
UV: 0.32456 0.204055

Position: 1.35413 1.80415 2.44945
Normal: 1 3.95763e-009 0
UV: 0.0969024 0.232204

Position: 1.35413 2.44032 2.43311
Normal: 1 -2.36644e-007 0
UV: 0.0813618 0.122578

Position: 1.35413 2.44212 1.29005
Normal: 1 -2.06508e-007 0
UV: 0.325002 0.127983

Position: 1.35413 2.86022 3.02863
Normal: -0 0 1
UV: 0.996668 0.110418

Position: 0.827205 1.11072 3.02863
Normal: -2.50297e-007 0 1
UV: 0.922177 0.355451

Position: -0 2.86022 3.02863
Normal: -1.80345e-008 0 1
UV: 0.829655 0.110418

Position: 1.35413 1.11072 3.02863
Normal: -0 0 1
UV: 0.996668 0.354983

Position: 1.35413 3.59776 3.02863
Normal: -0 0 1
UV: 0.0366122 0.79568

Position: -0 2.86022 3.02863
Normal: -1.80345e-008 0 1
UV: 0.241391 0.684417

Position: -1.35413 3.59776 3.02863
Normal: -0 0 1
UV: 0.0366122 0.79568

Position: 1.35413 3.59776 -1.08368
Normal: 1 0 0
UV: 0.362661 0.635575

Position: 1.35413 2.86022 3.02863
Normal: 1 -4.84931e-008 0
UV: 0.050777 0.730183

Position: 1.35413 3.59776 3.02863
Normal: 1 0 0
UV: 0.0507768 0.635575

Position: 1.35413 2.86022 -1.08368
Normal: 1 -4.12454e-008 0
UV: 0.362661 0.730183

Position: 1.35413 1.49281 -2.97948
Normal: 1 0 0
UV: 0.812326 0.83591

Position: 1.35413 0.561634 -2.97491
Normal: 1 2.01383e-007 0
UV: 0.81174 0.955356

Position: 1.35413 0.361899 -3.10162
Normal: 1 4.75095e-007 0
UV: 0.34693 0.361526

Position: 1.35413 0.561634 -3.10162
Normal: 1 4.75095e-007 0
UV: 0.34693 0.335905

Position: 1.35413 0.361899 -3.10162
Normal: -0 -1 0
UV: 0.0777196 0.349078

Position: -0 0.361899 -2.91882
Normal: -0 -1 0
UV: 0.267221 0.348937

Position: 1.35413 0.361899 -2.91426
Normal: -0 -1 0
UV: 0.0777196 0.349078

Position: -0 0.361899 -3.10619
Normal: -0 -1 0
UV: 0.267221 0.348937

Position: 1.35413 1.80415 2.44945
Normal: 1 3.95763e-009 0
UV: 0.114086 0.795974

Position: 1.35413 2.44032 2.43311
Normal: 1 -2.36644e-007 0
UV: 0.116183 0.714369

Position: 1.35413 1.80052 1.29005
Normal: 1 -1.28719e-008 0
UV: 0.262809 0.796439

Position: 1.35413 2.44212 1.29005
Normal: 1 -2.06508e-007 0
UV: 0.262809 0.714138

Position: -0 0.561634 -3.10619
Normal: -0 1 0
UV: 0.76173 0.115174

Position: 1.35413 0.561634 -3.10162
Normal: -0 1 0
UV: 0.599451 0.114486

Position: -0 0.561634 -2.97948
Normal: -0 1 0
UV: 0.763059 0.09606

Position: 1.35413 0.561634 -2.97491
Normal: -0 1 0
UV: 0.599451 0.0953712

Position: 1.35413 0.734865 2.65872
Normal: 1 -6.51075e-007 -4.23376e-007
UV: 0.0872924 0.933135

Position: 1.35413 0.361899 1.99463
Normal: 1 -9.69187e-008 -3.93306e-008
UV: 0.172711 0.980977

Position: 1.35413 0.561634 -1.03097
Normal: 1 1.2948e-006 -3.64872e-008
UV: 0.561808 0.955356

Position: 1.35413 0.361899 -1.03766
Normal: 1 -9.69187e-008 -3.93306e-008
UV: 0.562668 0.980977

Position: 1.35413 0.561634 1.99864
Normal: 1 1.35415e-006 -3.63659e-008
UV: 0.172195 0.955356

Position: 1.35413 0.741915 -1.15362
Normal: 1 -9.06921e-007 -1.77669e-008
UV: 0.57759 0.934841

Position: 1.35413 0.731261 2.15233
Normal: 1 -1.04819e-006 -1.70695e-008
UV: 0.152418 0.933598

Position: 1.35413 0.842322 -1.44241
Normal: 1 2.6475e-007 -9.8016e-011
UV: 0.61475 0.918721

Position: 1.07832 0.561634 2.79931
Normal: 1 -7.85417e-008 1.23966e-007
UV: 0.679651 0.305998

Position: 1.07832 0.731261 2.15233
Normal: 1 1.86395e-006 7.28139e-008
UV: 0.676394 0.293576

Position: 1.07832 0.561634 1.99864
Normal: 1 -1.34101e-007 1.25429e-007
UV: 0.679651 0.290626

Position: 1.07832 0.734865 2.65872
Normal: 1 1.86395e-006 7.28139e-008
UV: 0.676325 0.303299

Position: 1.07832 0.827222 2.38222
Normal: 1 1.86395e-006 7.28139e-008
UV: 0.674552 0.29799

Position: 1.07832 0.361899 2.7953
Normal: 1 -1.02496e-006 1.48888e-007
UV: 0.683486 0.305921

Position: 1.07832 0.361899 1.99463
Normal: 1 -1.02496e-006 1.48888e-007
UV: 0.683486 0.290549

Position: 1.35413 0.561634 -1.86569
Normal: 1 1.11601e-007 9.27527e-008
UV: 0.669154 0.955356

Position: 1.35413 0.361899 -1.87119
Normal: 1 -6.49363e-007 0
UV: 0.669861 0.980977

Position: 1.35413 0.361899 -2.78756
Normal: 1 -5.54607e-007 0
UV: 0.787707 0.980977

Position: 1.35413 0.738266 -1.71775
Normal: 1 -5.41918e-007 9.29952e-008
UV: 0.650138 0.935309

Position: 1.07832 0.561634 -1.03097
Normal: 1 3.06288e-007 0
UV: 0.694302 0.306681

Position: 1.07832 0.738266 -1.71775
Normal: 1 5.81919e-007 0
UV: 0.691302 0.293495

Position: 1.07832 0.561634 -1.86569
Normal: 1 2.91647e-007 0
UV: 0.694302 0.290654

Position: 1.07832 0.842322 -1.44241
Normal: 1 5.81919e-007 0
UV: 0.689203 0.298299

Position: 1.07832 0.741915 -1.15362
Normal: 1 5.81919e-007 0
UV: 0.691232 0.304326

Position: 1.07832 0.361899 -1.03766
Normal: 1 1.45341e-007 0
UV: 0.698137 0.306552

Position: 1.07832 0.361899 -1.87119
Normal: 1 1.45341e-007 0
UV: 0.698137 0.290549

Position: 1.35413 0.731261 2.15233
Normal: -0 -0.822157 0.569261
UV: 0.669239 0.309065

Position: 1.07832 0.561634 1.99864
Normal: -0 -0.392657 0.919685
UV: 0.674535 0.306114

Position: 1.07832 0.731261 2.15233
Normal: -0 -0.822157 0.569261
UV: 0.674535 0.309065

Position: 1.35413 0.561634 1.99864
Normal: -0 -0.392657 0.919685
UV: 0.669239 0.306114

Position: 1.07832 0.827222 2.38222
Normal: -0 -0.999975 0.00711684
UV: 0.674535 0.313478

Position: 1.35413 0.827222 2.38222
Normal: -0 -0.999975 0.00711682
UV: 0.669239 0.313478

Position: 1.35413 0.734865 2.65872
Normal: -0 -0.843507 -0.537119
UV: 0.669239 0.318787

Position: 1.07832 0.734865 2.65872
Normal: -0 -0.843507 -0.537118
UV: 0.674535 0.318787

Position: 1.07832 0.561634 2.79931
Normal: -0 -0.343855 -0.939023
UV: 0.674535 0.321487

Position: 1.35413 0.561634 2.79931
Normal: -0 -0.343855 -0.939023
UV: 0.669239 0.321487

Position: 1.07832 0.561634 1.99864
Normal: -0 -0.392657 0.919685
UV: 0.678725 0.311409

Position: 1.35413 0.561634 1.99864
Normal: -0 -0.392657 0.919685
UV: 0.678725 0.306114

Position: 1.35413 0.361899 1.99463
Normal: -0 -0.0200819 0.999798
UV: 0.68256 0.306114

Position: 1.07832 0.361899 1.99463
Normal: -0 -0.0200819 0.999798
UV: 0.68256 0.311409

Position: 1.35413 0.361899 2.7953
Normal: -0 0.0200819 -0.999798
UV: 0.674713 0.306114

Position: 1.07832 0.561634 2.79931
Normal: -0 -0.343855 -0.939023
UV: 0.678547 0.311409

Position: 1.07832 0.361899 2.7953
Normal: -0 0.0200819 -0.999798
UV: 0.674713 0.311409

Position: 1.35413 0.561634 2.79931
Normal: -0 -0.343855 -0.939023
UV: 0.678547 0.306114

Position: 1.35413 0.738266 -1.71775
Normal: -0 -0.83341 0.552655
UV: 0.683676 0.293389

Position: 1.07832 0.561634 -1.86569
Normal: -0 -0.377522 0.926
UV: 0.688971 0.290549

Position: 1.07832 0.738266 -1.71775
Normal: -0 -0.83341 0.552655
UV: 0.688971 0.293389

Position: 1.35413 0.561634 -1.86569
Normal: -0 -0.377522 0.926001
UV: 0.683676 0.290549

Position: 1.07832 0.842322 -1.44241
Normal: -0 -0.999979 0.00646823
UV: 0.688971 0.298194

Position: 1.35413 0.842322 -1.44241
Normal: -0 -0.999979 0.00646824
UV: 0.683676 0.298194

Position: 1.35413 0.741915 -1.15362
Normal: -0 -0.826075 -0.563561
UV: 0.683676 0.30422

Position: 1.07832 0.741915 -1.15362
Normal: -0 -0.826075 -0.56356
UV: 0.688971 0.30422

Position: 1.07832 0.561634 -1.03097
Normal: -0 -0.291858 -0.956462
UV: 0.688971 0.306575

Position: 1.35413 0.561634 -1.03097
Normal: -0 -0.291857 -0.956462
UV: 0.683676 0.306575

Position: 1.07832 0.561634 -1.86569
Normal: -0 -0.377522 0.926
UV: 0.682738 0.311986

Position: 1.35413 0.561634 -1.86569
Normal: -0 -0.377522 0.926001
UV: 0.682738 0.306691

Position: 1.35413 0.361899 -1.87119
Normal: -0 -0.027539 0.999621
UV: 0.686573 0.306691

Position: 1.07832 0.361899 -1.87119
Normal: -0 -0.027539 0.999621
UV: 0.686573 0.311986

Position: 1.07832 0.361899 -1.03766
Normal: -0 0.0334752 -0.99944
UV: 0.686751 0.312092

Position: 1.35413 0.361899 -1.03766
Normal: -0 0.0334752 -0.99944
UV: 0.686751 0.306796

Position: 1.35413 0.561634 -1.03097
Normal: -0 -0.291857 -0.956462
UV: 0.690586 0.306796

Position: 1.07832 0.561634 -1.03097
Normal: -0 -0.291858 -0.956462
UV: 0.690586 0.312092

Position: 1.07832 0.361899 -1.87119
Normal: -0 -1 1.91394e-008
UV: 0.0540313 0.191663

Position: 1.35413 0.361899 -1.87119
Normal: -0 -1 2.99045e-008
UV: 0.0546523 0.191663

Position: 1.07832 0.361899 2.7953
Normal: -6.2683e-009 -1 -7.57785e-008
UV: 0.0540313 0.181156

Position: 1.35413 0.361899 2.7953
Normal: -0 -1 -9.94392e-008
UV: 0.0546523 0.181156

Position: 1.35413 0.361899 1.99463
Normal: -0 -1 8.90863e-009
UV: 0.0546523 0.182959

Position: 1.07832 0.361899 -1.03766
Normal: 1.1271e-008 -1 8.40374e-010
UV: 0.0540313 0.189786

Position: 1.07832 0.361899 1.99463
Normal: 1.08283e-008 -1 -9.62548e-010
UV: 0.0540313 0.182959

Position: 1.35413 0.361899 -1.03766
Normal: -0 -1 8.90863e-009
UV: 0.0546523 0.189786

Position: -1.35413 1.11072 2.77879
Normal: -1 1.22547e-007 0
UV: 0.0718412 0.884922

Position: -1.35413 2.86022 3.02863
Normal: -1 2.41196e-008 0
UV: 0.039793 0.660507

Position: -1.35413 1.11072 3.02863
Normal: -1 0 0
UV: 0.0397931 0.884922

Position: -1.35413 0.361899 3.02863
Normal: -1 0 0
UV: 0.731073 0.067502

Position: -1.35413 0.561634 2.85843
Normal: -1 1.37423e-007 -1.31174e-007
UV: 0.707314 0.0953798

Position: -1.35413 0.561634 3.02863
Normal: -1 0 0
UV: 0.731072 0.095382

Position: -1.35413 0.361899 2.85843
Normal: -1 0 0
UV: 0.707321 0.0675151

Position: -1.35413 0.361899 -2.91426
Normal: -1 1.92965e-007 0
UV: 0.322897 0.361526

Position: -1.35413 0.561634 -2.78756
Normal: -1 -5.58004e-008 6.03374e-008
UV: 0.306643 0.335905

Position: -1.35413 0.361899 -2.78756
Normal: -1 -5.54607e-007 0
UV: 0.306643 0.361526

Position: -1.35413 0.561634 -2.97491
Normal: -1 1.69242e-007 0
UV: 0.330677 0.335905

Position: -1.26733 1.85486 -2.19576
Normal: -1.95869e-007 0.348243 -0.937404
UV: 0.266255 0.262173

Position: 1.26733 1.85486 -2.19576
Normal: 2.4107e-007 0.348243 -0.937404
UV: 0.266255 0.262173

Position: 1.26733 2.77958 -1.86369
Normal: 2.4107e-007 0.348244 -0.937404
UV: 0.266228 0.105016

Position: -1.26733 2.77958 -1.86369
Normal: -1.95869e-007 0.348244 -0.937404
UV: 0.266228 0.105016

Position: -1.35413 1.11072 -2.97948
Normal: -0 0 -1
UV: 0.79176 0.493368

Position: -0.827205 1.11072 -2.97948
Normal: -5.39211e-008 0 -1
UV: 0.867239 0.494099

Position: -1.35413 1.49281 -2.97948
Normal: -0 0 -1
UV: 0.79176 0.441027

Position: -1.35413 0.561634 -3.10162
Normal: -0.00337285 0 -0.999994
UV: 0.745567 0.051582

Position: -1.35413 0.361899 -3.10162
Normal: -0.00337285 0 -0.999994
UV: 0.745582 0.079469

Position: -1.35413 0.361899 -2.91426
Normal: -0 -1 0
UV: 0.0546523 0.194011

Position: -1.35413 0.361899 -2.78756
Normal: -0 -1 3.24545e-008
UV: 0.0546523 0.193726

Position: -1.35413 0.361899 3.02863
Normal: -0 -1 0
UV: 0.0546523 0.180631

Position: -1.35413 0.361899 2.85843
Normal: -0 -1 0
UV: 0.0546523 0.181014

Position: -1.35413 0.361899 3.02863
Normal: -0 0 1
UV: 0.731073 0.067502

Position: -1.35413 0.561634 3.02863
Normal: -0 0 1
UV: 0.731072 0.095382

Position: -1.35413 0.561634 3.02863
Normal: -0 0 1
UV: 0.996668 0.433302

Position: -0.827205 0.827222 3.02863
Normal: 1.90002e-007 0 1
UV: 0.922427 0.395294

Position: -1.35413 0.827222 3.02863
Normal: -0 0 1
UV: 0.996668 0.394884

Position: -1.35413 2.86022 -1.82618
Normal: -1.16601e-006 0.400658 -0.916228
UV: 0.660928 0.424834

Position: -1.26733 2.77958 -1.86369
Normal: -1.95869e-007 0.348244 -0.937404
UV: 0.650446 0.435113

Position: -1.35413 1.77422 -2.23327
Normal: -1.166e-006 0.400655 -0.916229
UV: 0.48278 0.424951

Position: -1.26733 1.85486 -2.19576
Normal: -1.95869e-007 0.348243 -0.937404
UV: 0.493274 0.435217

Position: -1.35413 3.59776 3.02863
Normal: -0 1 0
UV: 0.526869 0.437518

Position: -1.35413 3.59776 -1.08368
Normal: -0 1 0
UV: 0.0457945 0.437518

Position: 1.35413 3.59776 3.02863
Normal: -0 1 0
UV: 0.526869 0.437518

Position: 1.35413 3.59776 -1.08368
Normal: -0 1 0
UV: 0.0457945 0.437518

Position: -1.35413 0.361899 2.85843
Normal: -1 0 0
UV: 0.0616246 0.980977

Position: -1.35413 0.561634 2.79931
Normal: -1 6.69874e-007 -6.39409e-007
UV: 0.0692283 0.955356

Position: -1.35413 0.561634 2.85843
Normal: -1 1.37423e-007 -1.31174e-007
UV: 0.0616246 0.955356

Position: -1.35413 0.361899 2.7953
Normal: -1 0 0
UV: 0.0697441 0.980977

Position: -1.35413 1.83018 -1.08989
Normal: -1 -7.53456e-008 0
UV: 0.0237379 0.258833

Position: -1.35413 2.77781 -1.77396
Normal: -1 8.98008e-008 0
UV: 0.132141 0.11523

Position: -1.35413 2.77781 -1.08873
Normal: -1 2.85729e-008 0
UV: 0.0242293 0.11538

Position: -1.35413 1.8449 -2.10982
Normal: -1 -8.89488e-008 0
UV: 0.199095 0.258589

Position: -1.35413 2.86022 -1.82618
Normal: -1 -2.26759e-007 0
UV: 0.662541 0.660507

Position: -1.35413 1.8449 -2.10982
Normal: -1 -8.89488e-008 0
UV: 0.698925 0.790745

Position: -1.35413 1.77422 -2.23327
Normal: -1 4.57749e-008 0
UV: 0.714762 0.799812

Position: -1.35413 2.77781 -1.77396
Normal: -1 8.98008e-008 0
UV: 0.655843 0.671078

Position: -1.35413 2.77781 -1.08873
Normal: -1 2.85729e-008 0
UV: 0.567946 0.671078

Position: -1.35413 2.86022 -1.08368
Normal: -1 -1.75415e-008 0
UV: 0.567298 0.660507

Position: -1.35413 0.827222 3.02863
Normal: -1 0 0
UV: 0.032262 0.0686291

Position: -1.35413 1.11072 2.77879
Normal: -1 1.22547e-007 0
UV: 0.067166 0.0129631

Position: -1.35413 1.11072 3.02863
Normal: -1 0 0
UV: 0.032287 0.0129501

Position: -1.35413 0.827222 2.77879
Normal: -1 -3.87316e-008 -8.22931e-008
UV: 0.067139 0.0686411

Position: -1.35413 0.827222 3.02863
Normal: -1 0 0
UV: 0.0397931 0.921288

Position: -1.35413 0.827222 2.77879
Normal: -1 -3.87316e-008 -8.22931e-008
UV: 0.0718412 0.921288

Position: -1.35413 0.561634 3.02863
Normal: -1 0 0
UV: 0.0397931 0.955356

Position: -0.827205 1.11072 -2.97948
Normal: -5.39211e-008 0 -1
UV: 0.180903 0.0144681

Position: -1.35413 1.11072 -2.97948
Normal: -0 0 -1
UV: 0.107343 0.0144721

Position: -0.827205 0.827222 -2.97948
Normal: -0.000909882 -0.00463893 -0.999989
UV: 0.180913 0.0701771

Position: -1.35413 0.827222 -2.97948
Normal: -0.00151927 -0.00774632 -0.999969
UV: 0.107352 0.0701811

Position: -0.827205 0.827222 3.02863
Normal: 1.90002e-007 0 1
UV: 0.152869 0.0695481

Position: -1.35413 1.11072 3.02863
Normal: -0 0 1
UV: 0.226429 0.0138221

Position: -0.827205 1.11072 3.02863
Normal: 1.25149e-007 0 1
UV: 0.152868 0.0138351

Position: -1.35413 0.827222 3.02863
Normal: -0 0 1
UV: 0.22643 0.0695481

Position: -1.35413 1.11072 -2.70773
Normal: -1 -6.47185e-008 0
UV: 0.777468 0.884922

Position: -1.35413 1.11072 -2.97948
Normal: -1 0 0
UV: 0.812326 0.884922

Position: -1.35413 0.561634 -2.78756
Normal: -1 -5.58004e-008 6.03374e-008
UV: 0.787707 0.955357

Position: -1.35413 0.827222 -2.97948
Normal: -1 -9.98662e-009 0
UV: 0.812326 0.921288

Position: -1.35413 0.827222 -2.70773
Normal: -1 2.3446e-007 6.729e-008
UV: 0.777468 0.921288

Position: -1.35413 0.827222 -2.70773
Normal: -1 2.3446e-007 6.729e-008
UV: 0.241136 0.068832

Position: -1.35413 1.11072 -2.97948
Normal: -1 0 0
UV: 0.28578 0.013135

Position: -1.35413 1.11072 -2.70773
Normal: -1 -6.47185e-008 0
UV: 0.241154 0.013122

Position: -1.35413 0.827222 -2.97948
Normal: -1 -9.98662e-009 0
UV: 0.285759 0.068833

Position: -1.35413 0.827222 2.38222
Normal: -1 3.19527e-007 -3.60004e-010
UV: 0.122845 0.921288

Position: -1.35413 1.83018 -1.08989
Normal: -1 -7.53456e-008 0
UV: 0.568095 0.792635

Position: -0.827205 0.827222 -2.97948
Normal: -0.000909882 -0.00463893 -0.999989
UV: 0.866857 0.534333

Position: -1.35413 0.561634 -2.97491
Normal: -0.00242772 -0.0123783 -0.99992
UV: 0.79176 0.571337

Position: -1.35413 0.827222 -2.97948
Normal: -0.00151927 -0.00774632 -0.999969
UV: 0.79176 0.533657

Position: -1.35413 1.80415 2.44945
Normal: -1 3.52508e-008 0
UV: 0.0969024 0.232204

Position: -1.35413 1.80052 1.29005
Normal: -1 3.55813e-008 0
UV: 0.32456 0.204055

Position: -1.35413 2.44032 2.43311
Normal: -1 1.20405e-007 0
UV: 0.0813618 0.122578

Position: -1.35413 2.44212 1.29005
Normal: -1 9.57019e-008 0
UV: 0.325002 0.127983

Position: -1.35413 2.86022 3.02863
Normal: -0 0 1
UV: 0.996668 0.110418

Position: -0.827205 1.11072 3.02863
Normal: 1.25149e-007 0 1
UV: 0.922177 0.355451

Position: -1.35413 1.11072 3.02863
Normal: -0 0 1
UV: 0.996668 0.354983

Position: 1.35413 2.86022 -1.08368
Normal: -0 1 0
UV: 0.0271403 0.667852

Position: -1.35413 2.86022 -1.08368
Normal: -0 1 0
UV: 0.0271403 0.667852

Position: -1.35413 2.86022 -1.82618
Normal: -0 1 0
UV: 0.0271404 0.779861

Position: 1.35413 2.86022 -1.82618
Normal: -0 1 0
UV: 0.0271404 0.779861

Position: -1.35413 2.86022 -1.08368
Normal: -0 0 -1
UV: 0.860858 0.689944

Position: 1.35413 2.86022 -1.08368
Normal: -0 0 -1
UV: 0.860858 0.689944

Position: 1.35413 3.59776 -1.08368
Normal: -0 0 -1
UV: 0.860858 0.62685

Position: -1.35413 3.59776 -1.08368
Normal: -0 0 -1
UV: 0.860858 0.62685

Position: -1.35413 3.59776 -1.08368
Normal: -1 0 0
UV: 0.362661 0.635575

Position: -1.35413 3.59776 3.02863
Normal: -1 0 0
UV: 0.0507768 0.635575

Position: -1.35413 2.86022 3.02863
Normal: -1 2.41196e-008 0
UV: 0.050777 0.730183

Position: -1.35413 2.86022 -1.08368
Normal: -1 -1.75415e-008 0
UV: 0.362661 0.730183

Position: -0 1.49281 -2.97948
Normal: -0 0.935675 -0.352862
UV: 0.320007 0.595585

Position: 1.35413 1.77422 -2.23327
Normal: -0 0.935675 -0.352862
UV: 0.115228 0.435246

Position: -1.35413 1.77422 -2.23327
Normal: -0 0.935675 -0.352862
UV: 0.115228 0.435246

Position: -1.35413 1.49281 -2.97948
Normal: -0 0.935675 -0.352862
UV: 0.115228 0.595585

Position: -1.35413 1.49281 -2.97948
Normal: -1 0 0
UV: 0.812326 0.83591

Position: -1.35413 0.561634 -2.97491
Normal: -1 1.69242e-007 0
UV: 0.81174 0.955356

Position: -1.35413 0.361899 -3.10162
Normal: -1 4.75095e-007 0
UV: 0.34693 0.361526

Position: -1.35413 0.561634 -3.10162
Normal: -1 4.75095e-007 0
UV: 0.34693 0.335905

Position: -1.35413 0.361899 -3.10162
Normal: -0 -1 0
UV: 0.0777196 0.349078

Position: -1.35413 0.361899 -2.91426
Normal: -0 -1 0
UV: 0.0777196 0.349078

Position: -1.35413 1.80415 2.44945
Normal: -1 3.52508e-008 0
UV: 0.114086 0.795974

Position: -1.35413 2.44032 2.43311
Normal: -1 1.20405e-007 0
UV: 0.116183 0.714369

Position: -1.35413 1.80052 1.29005
Normal: -1 3.55813e-008 0
UV: 0.262809 0.796439

Position: -1.35413 2.44212 1.29005
Normal: -1 9.57019e-008 0
UV: 0.262809 0.714138

Position: -1.35413 0.561634 -2.97491
Normal: -0 1 0
UV: 0.599451 0.0953712

Position: -1.35413 0.561634 -3.10162
Normal: -0 1 0
UV: 0.599451 0.114486

Position: -1.35413 0.734865 2.65872
Normal: -1 -1.21308e-006 -4.23376e-007
UV: 0.0872924 0.933135

Position: -1.35413 0.361899 1.99463
Normal: -1 0 -3.93306e-008
UV: 0.172711 0.980977

Position: -1.35413 0.561634 -1.03097
Normal: -1 1.42732e-006 -3.64872e-008
UV: 0.561808 0.955356

Position: -1.35413 0.561634 1.99864
Normal: -1 1.4882e-006 -3.63659e-008
UV: 0.172195 0.955356

Position: -1.35413 0.361899 -1.03766
Normal: -1 0 -3.93306e-008
UV: 0.562668 0.980977

Position: -1.35413 0.741915 -1.15362
Normal: -1 -9.04955e-007 -1.77669e-008
UV: 0.57759 0.934841

Position: -1.35413 0.731261 2.15233
Normal: -1 -1.05299e-006 -1.70695e-008
UV: 0.152418 0.933598

Position: -1.35413 0.842322 -1.44241
Normal: -1 3.48443e-007 -9.8016e-011
UV: 0.61475 0.918721

Position: -1.07832 0.734865 2.65872
Normal: -1 1.75431e-006 7.28139e-008
UV: 0.676325 0.303299

Position: -1.07832 0.731261 2.15233
Normal: -1 1.75431e-006 7.28139e-008
UV: 0.676394 0.293576

Position: -1.07832 0.827222 2.38222
Normal: -1 1.75431e-006 7.28139e-008
UV: 0.674552 0.29799

Position: -1.07832 0.561634 2.79931
Normal: -1 -1.77114e-007 1.23966e-007
UV: 0.679651 0.305998

Position: -1.07832 0.561634 1.99864
Normal: -1 -2.32357e-007 1.25429e-007
UV: 0.679651 0.290626

Position: -1.07832 0.361899 2.7953
Normal: -1 -1.11814e-006 1.48888e-007
UV: 0.683486 0.305921

Position: -1.07832 0.361899 1.99463
Normal: -1 -1.11814e-006 1.48888e-007
UV: 0.683486 0.290549

Position: -1.35413 0.361899 -1.87119
Normal: -1 -6.49363e-007 0
UV: 0.669861 0.980977

Position: -1.35413 0.561634 -1.86569
Normal: -1 1.11601e-007 9.27527e-008
UV: 0.669154 0.955356

Position: -1.35413 0.361899 -2.78756
Normal: -1 -5.54607e-007 0
UV: 0.787707 0.980977

Position: -1.35413 0.738266 -1.71775
Normal: -1 -7.52937e-007 9.29952e-008
UV: 0.650138 0.935309

Position: -1.07832 0.842322 -1.44241
Normal: -1 7.75892e-007 0
UV: 0.689203 0.298299

Position: -1.07832 0.561634 -1.03097
Normal: -1 2.86036e-007 0
UV: 0.694302 0.306681

Position: -1.07832 0.738266 -1.71775
Normal: -1 7.75891e-007 0
UV: 0.691302 0.293495

Position: -1.07832 0.561634 -1.86569
Normal: -1 2.60016e-007 0
UV: 0.694302 0.290654

Position: -1.07832 0.741915 -1.15362
Normal: -1 7.75892e-007 0
UV: 0.691232 0.304326

Position: -1.07832 0.361899 -1.03766
Normal: -1 0 0
UV: 0.698137 0.306552

Position: -1.07832 0.361899 -1.87119
Normal: -1 0 0
UV: 0.698137 0.290549

Position: -1.35413 0.731261 2.15233
Normal: -0 -0.822157 0.569261
UV: 0.669239 0.309065

Position: -1.07832 0.561634 1.99864
Normal: -0 -0.392658 0.919685
UV: 0.674535 0.306114

Position: -1.35413 0.561634 1.99864
Normal: -0 -0.392657 0.919685
UV: 0.669239 0.306114

Position: -1.07832 0.731261 2.15233
Normal: -0 -0.822157 0.569261
UV: 0.674535 0.309065

Position: -1.07832 0.827222 2.38222
Normal: -0 -0.999975 0.00711686
UV: 0.674535 0.313478

Position: -1.35413 0.827222 2.38222
Normal: -0 -0.999975 0.0071168
UV: 0.669239 0.313478

Position: -1.35413 0.734865 2.65872
Normal: -0 -0.843507 -0.537119
UV: 0.669239 0.318787

Position: -1.07832 0.734865 2.65872
Normal: -0 -0.843507 -0.537119
UV: 0.674535 0.318787

Position: -1.07832 0.561634 2.79931
Normal: -0 -0.343855 -0.939023
UV: 0.674535 0.321487

Position: -1.35413 0.561634 2.79931
Normal: -0 -0.343855 -0.939023
UV: 0.669239 0.321487

Position: -1.07832 0.561634 1.99864
Normal: -0 -0.392658 0.919685
UV: 0.678725 0.311409

Position: -1.35413 0.361899 1.99463
Normal: -0 -0.0200819 0.999798
UV: 0.68256 0.306114

Position: -1.35413 0.561634 1.99864
Normal: -0 -0.392657 0.919685
UV: 0.678725 0.306114

Position: -1.07832 0.361899 1.99463
Normal: -0 -0.0200819 0.999798
UV: 0.68256 0.311409

Position: -1.35413 0.361899 2.7953
Normal: -0 0.0200819 -0.999798
UV: 0.674713 0.306114

Position: -1.07832 0.561634 2.79931
Normal: -0 -0.343855 -0.939023
UV: 0.678547 0.311409

Position: -1.35413 0.561634 2.79931
Normal: -0 -0.343855 -0.939023
UV: 0.678547 0.306114

Position: -1.07832 0.361899 2.7953
Normal: -0 0.0200819 -0.999798
UV: 0.674713 0.311409

Position: -1.35413 0.738266 -1.71775
Normal: -0 -0.83341 0.552655
UV: 0.683676 0.293389

Position: -1.07832 0.561634 -1.86569
Normal: -0 -0.377522 0.926
UV: 0.688971 0.290549

Position: -1.35413 0.561634 -1.86569
Normal: -0 -0.377522 0.926001
UV: 0.683676 0.290549

Position: -1.07832 0.738266 -1.71775
Normal: -0 -0.83341 0.552655
UV: 0.688971 0.293389

Position: -1.07832 0.842322 -1.44241
Normal: -0 -0.999979 0.00646823
UV: 0.688971 0.298194

Position: -1.35413 0.842322 -1.44241
Normal: -0 -0.999979 0.00646824
UV: 0.683676 0.298194

Position: -1.35413 0.741915 -1.15362
Normal: -0 -0.826075 -0.563561
UV: 0.683676 0.30422

Position: -1.07832 0.741915 -1.15362
Normal: -0 -0.826075 -0.56356
UV: 0.688971 0.30422

Position: -1.07832 0.561634 -1.03097
Normal: -0 -0.291858 -0.956462
UV: 0.688971 0.306575

Position: -1.35413 0.561634 -1.03097
Normal: -0 -0.291857 -0.956462
UV: 0.683676 0.306575

Position: -1.07832 0.561634 -1.86569
Normal: -0 -0.377522 0.926
UV: 0.682738 0.311986

Position: -1.35413 0.361899 -1.87119
Normal: -0 -0.027539 0.999621
UV: 0.686573 0.306691

Position: -1.35413 0.561634 -1.86569
Normal: -0 -0.377522 0.926001
UV: 0.682738 0.306691

Position: -1.07832 0.361899 -1.87119
Normal: -0 -0.027539 0.999621
UV: 0.686573 0.311986

Position: -1.07832 0.361899 -1.03766
Normal: -0 0.0334752 -0.99944
UV: 0.686751 0.312092

Position: -1.35413 0.561634 -1.03097
Normal: -0 -0.291857 -0.956462
UV: 0.690586 0.306796

Position: -1.35413 0.361899 -1.03766
Normal: -0 0.0334752 -0.99944
UV: 0.686751 0.306796

Position: -1.07832 0.561634 -1.03097
Normal: -0 -0.291858 -0.956462
UV: 0.690586 0.312092

Position: -1.07832 0.361899 -1.87119
Normal: -0 -1 2.55192e-008
UV: 0.0540313 0.191663

Position: -1.35413 0.361899 -1.87119
Normal: -0 -1 3.98727e-008
UV: 0.0546523 0.191663

Position: -1.07832 0.361899 2.7953
Normal: 6.2683e-009 -1 -2.96796e-008
UV: 0.0540313 0.181156

Position: -1.35413 0.361899 2.7953
Normal: -0 -1 0
UV: 0.0546523 0.181156

Position: -1.07832 0.361899 1.99463
Normal: -1.08283e-008 -1 -1.22733e-010
UV: 0.0540313 0.182959

Position: -1.07832 0.361899 -1.03766
Normal: -1.1271e-008 -1 8.40374e-010
UV: 0.0540313 0.189786

Position: -1.35413 0.361899 1.99463
Normal: -0 -1 8.90863e-009
UV: 0.0546523 0.182959

Position: -1.35413 0.361899 -1.03766
Normal: -0 -1 8.90863e-009
UV: 0.0546523 0.189786

Position: 1.33149 3.24486 -1.03945
Normal: 1 0 0
UV: 0.35749 0.0571167

Position: 1.33149 3.49709 -1.03945
Normal: 1 0 0
UV: 0.346577 0.0571166

Position: 1.33149 3.24486 -1.32573
Normal: 1 0 0
UV: 0.357474 0.0410824

Position: 1.33149 3.49709 -1.32573
Normal: 1 0 0
UV: 0.346592 0.0410821

Position: -0 3.49709 -1.32573
Normal: -0 1 0
UV: 0.464639 0.0242298

Position: 1.33149 3.49709 -1.32573
Normal: -0 1 0
UV: 0.357468 0.0241788

Position: -0 3.49709 -1.03945
Normal: -0 1 0
UV: 0.464602 0.0142194

Position: 1.33149 3.49709 -1.03945
Normal: -0 1 0
UV: 0.357468 0.0141632

Position: -0 3.24486 -1.32573
Normal: -0 0 -1
UV: 0.464599 0.0410591

Position: 1.33149 3.24486 -1.32573
Normal: -0 0 -1
UV: 0.357474 0.0410824

Position: 1.33149 3.49709 -1.32573
Normal: -0 0 -1
UV: 0.357444 0.0345162

Position: -0 3.49709 -1.32573
Normal: -0 0 -1
UV: 0.464562 0.0344896

Position: 1.33149 3.24486 -1.32573
Normal: -0 -1 0
UV: 0.357474 0.0410824

Position: -0 3.24486 -1.32573
Normal: -0 -1 0
UV: 0.464599 0.0410591

Position: 1.33149 3.24486 -1.03945
Normal: -0 -1 0
UV: 0.35749 0.0571167

Position: -0 3.24486 -1.03945
Normal: -0 -1 0
UV: 0.464626 0.0570948

Position: -1.33149 3.24486 -1.03945
Normal: -1 0 0
UV: 0.35749 0.0571167

Position: -1.33149 3.24486 -1.32573
Normal: -1 0 0
UV: 0.357474 0.0410824

Position: -1.33149 3.49709 -1.03945
Normal: -1 0 0
UV: 0.346577 0.0571166

Position: -1.33149 3.49709 -1.32573
Normal: -1 0 0
UV: 0.346592 0.0410821

Position: -1.33149 3.49709 -1.32573
Normal: -0 1 0
UV: 0.357468 0.0241788

Position: -1.33149 3.49709 -1.03945
Normal: -0 1 0
UV: 0.357468 0.0141632

Position: -1.33149 3.49709 -1.32573
Normal: -0 0 -1
UV: 0.357444 0.0345162

Position: -1.33149 3.24486 -1.32573
Normal: -0 0 -1
UV: 0.357474 0.0410824

Position: -1.33149 3.24486 -1.03945
Normal: -0 -1 0
UV: 0.35749 0.0571167

Position: -1.33149 3.24486 -1.32573
Normal: -0 -1 0
UV: 0.357474 0.0410824

Position: 1.35413 1.49281 -2.97948
Normal: -0 0.935675 -0.352862
UV: 0.115228 0.595585

Position: 1.35413 2.86022 3.02863
Normal: -0 0 1
UV: 0.0366121 0.684417

Position: -1.35413 2.86022 3.02863
Normal: -0 0 1
UV: 0.0366121 0.684417


[INDEX_DATA]
0 2 1
0 3 2
4 6 5
4 7 6
8 10 9
8 11 10
12 14 13
12 15 14
16 18 17
16 19 18
20 22 21
20 23 22
24 26 25
24 27 26
28 30 29
28 31 30
32 34 33
34 35 33
36 38 37
38 39 37
40 42 41
42 43 41
44 46 45
46 47 45
48 50 49
50 48 51
52 54 53
54 55 53
56 58 57
58 59 57
60 62 61
62 63 61
64 66 65
66 67 65
68 70 69
70 68 71
72 74 73
72 75 74
76 78 77
76 79 78
80 82 81
80 83 82
84 86 85
84 87 86
88 90 89
89 91 88
92 94 93
93 95 92
96 98 97
97 99 96
100 102 101
101 103 100
104 106 105
105 107 104
108 110 109
111 108 109
112 114 113
115 112 113
116 118 117
117 119 116
120 122 121
122 120 123
124 126 125
125 127 124
128 130 129
129 131 128
132 134 133
133 135 132
136 138 137
137 139 136
140 142 141
142 140 143
144 146 145
145 147 144
148 150 149
149 151 148
152 154 153
154 155 153
156 158 157
157 159 156
160 162 161
161 163 160
164 166 165
165 167 164
168 170 169
169 171 168
172 174 173
172 175 174
176 178 177
177 179 176
180 182 181
182 183 181
184 186 185
184 187 186
188 190 189
190 191 189
192 194 193
192 195 194
196 198 197
196 199 198
200 202 201
203 205 204
203 206 205
207 209 208
210 208 209
211 213 212
212 213 214
215 217 216
215 218 217
219 221 220
219 222 221
223 225 224
226 228 227
226 229 228
230 232 231
232 230 233
234 236 235
236 237 235
238 240 239
239 241 238
242 244 243
243 245 242
246 248 247
247 249 246
250 251 249
250 249 247
252 254 253
252 255 254
256 257 241
241 258 256
259 261 260
259 262 261
263 265 264
266 264 265
267 268 248
267 248 246
269 271 270
272 274 273
272 275 274
276 200 258
267 277 200
267 246 277
213 279 278
214 213 278
280 278 279
279 281 280
282 284 283
284 282 285
286 288 287
287 289 286
231 232 287
287 288 231
290 292 291
293 295 294
294 296 293
248 268 297
271 269 298
208 299 207
207 299 300
301 303 302
302 304 301
251 250 202
305 306 202
200 305 202
307 305 200
277 307 200
308 307 277
277 251 308
202 306 308
202 308 251
309 311 310
312 310 311
258 241 239
313 258 239
314 316 315
315 317 314
276 319 318
276 318 320
321 323 322
322 324 321
322 325 324
326 327 323
323 321 326
328 329 269
329 330 269
331 270 320
332 334 333
335 336 332
333 335 332
337 338 334
334 332 337
267 320 270
200 276 320
200 320 267
317 315 318
318 319 317
328 269 270
270 331 328
258 313 276
339 341 340
340 342 339
343 339 344
343 341 339
345 346 343
343 344 345
347 345 348
347 346 345
349 351 350
349 352 351
353 355 354
354 356 353
357 359 358
358 360 357
361 357 362
361 359 357
363 364 361
361 362 363
365 363 366
365 364 363
367 369 368
367 370 369
371 373 372
371 374 373
220 376 375
375 219 220
225 377 224
377 378 224
379 381 380
380 382 379
377 225 381
219 375 380
225 219 380
380 381 225
383 385 384
386 388 387
387 389 386
390 392 391
391 393 390
394 396 395
394 397 396
398 400 399
399 400 214
218 215 401
402 401 215
222 219 403
404 403 219
405 406 225
229 226 407
408 407 226
231 410 409
411 409 410
235 413 412
235 237 413
412 415 414
412 413 415
414 236 234
414 415 236
416 418 417
418 419 417
420 422 421
421 423 420
424 426 425
425 427 424
428 430 429
429 431 428
432 433 431
433 428 431
434 436 435
435 437 434
438 439 422
422 440 438
441 443 442
444 442 443
445 447 446
446 448 445
429 430 449
450 449 430
451 453 452
454 456 455
455 457 454
458 439 383
383 459 449
459 429 449
214 278 399
460 399 278
461 460 278
461 462 460
463 465 464
465 466 464
467 469 468
468 288 467
468 410 231
231 288 468
470 472 471
470 473 472
474 476 475
474 477 476
478 480 479
480 478 481
482 484 483
484 482 485
430 486 450
452 487 451
390 393 488
393 489 488
302 491 490
490 304 302
432 384 433
492 383 384
384 493 492
492 494 383
383 494 459
494 495 459
459 495 432
432 495 384
495 493 384
311 497 496
311 309 497
439 498 421
439 421 422
499 501 500
500 502 499
503 504 458
505 503 458
506 508 507
507 510 509
509 506 507
511 509 510
510 512 511
513 514 451
451 515 513
516 505 453
517 519 518
519 520 518
518 521 517
522 518 520
520 523 522
449 453 505
449 505 383
505 458 383
503 500 501
501 504 503
514 516 453
453 451 514
439 458 498
524 526 525
525 527 524
528 529 524
524 527 528
530 529 528
528 531 530
532 533 530
530 531 532
534 536 535
535 537 534
538 540 539
539 541 538
542 544 543
543 545 542
546 547 542
542 545 546
548 547 546
546 549 548
550 551 548
548 549 550
552 554 553
553 555 552
556 558 557
557 559 556
560 561 404
404 219 560
406 562 225
406 563 562
564 566 565
566 567 565
562 564 225
219 565 560
225 564 565
565 219 225
568 570 569
569 570 571
572 574 573
575 573 574
576 578 577
576 579 578
580 582 581
583 581 582
584 586 585
586 587 585
588 589 574
574 572 588
576 591 590
590 579 576
581 583 592
592 593 581
594 482 483
290 291 595
292 596 291

[MESH_DATA]
VertexCount: 53
IndexCount: 138
BoneCount: 0
AnimationClips: 1

[VERTEX_DATA]
Position: -1.38895 0.543906 -1.7675
Normal: -0 0.500009 -0.866021
UV: 0.4711 0.129914

Position: -1.15908 0.543906 -1.7675
Normal: -0 0.500009 -0.866021
UV: 0.471099 0.120741

Position: -1.38895 0.676322 -1.63508
Normal: -0 0.866022 -0.500005
UV: 0.460859 0.129913

Position: -1.15908 0.676322 -1.63508
Normal: -0 0.866022 -0.500005
UV: 0.460859 0.120741

Position: -1.15908 0.363022 -1.81596
Normal: -0 -1.34034e-006 -1
UV: 0.48134 0.12074

Position: -1.38895 0.363022 -1.81596
Normal: -0 -1.34034e-006 -1
UV: 0.481341 0.129913

Position: -1.15908 0.182138 -1.76749
Normal: -0 -0.50001 -0.86602
UV: 0.49158 0.120738

Position: -1.38895 0.182138 -1.76749
Normal: -0 -0.50001 -0.86602
UV: 0.491581 0.129912

Position: -1.15908 0.0497217 -1.63508
Normal: -0 -0.866024 -0.500003
UV: 0.501819 0.120738

Position: -1.38895 0.0497217 -1.63508
Normal: -0 -0.866024 -0.500003
UV: 0.50182 0.129911

Position: -1.15908 0.00125445 -1.4542
Normal: -0 -1 -1.65404e-006
UV: 0.512059 0.120739

Position: -1.38895 0.00125445 -1.4542
Normal: -0 -1 -1.65404e-006
UV: 0.512059 0.12991

Position: -1.15908 0.0497211 -1.27331
Normal: -0 -0.866028 0.499996
UV: 0.522297 0.12074

Position: -1.38895 0.0497211 -1.27331
Normal: -0 -0.866028 0.499996
UV: 0.522298 0.129912

Position: -1.15908 0.182138 -1.1409
Normal: -0 -0.499996 0.866027
UV: 0.471138 0.121002

Position: -1.38895 0.0497211 -1.27331
Normal: -0 -0.866028 0.499996
UV: 0.460899 0.130174

Position: -1.38895 0.182138 -1.1409
Normal: -0 -0.499996 0.866027
UV: 0.471139 0.130173

Position: -1.15908 0.0497211 -1.27331
Normal: -0 -0.866028 0.499996
UV: 0.460898 0.121002

Position: -1.15908 0.363022 -1.09243
Normal: -0 0 1
UV: 0.481376 0.121

Position: -1.38895 0.363022 -1.09243
Normal: -0 0 1
UV: 0.481377 0.130172

Position: -1.15908 0.543905 -1.1409
Normal: -0 0.499997 0.866027
UV: 0.491616 0.120999

Position: -1.38895 0.543905 -1.1409
Normal: -0 0.499997 0.866027
UV: 0.491617 0.130171

Position: -1.15908 0.676322 -1.27331
Normal: -0 0.866026 0.499999
UV: 0.501856 0.120999

Position: -1.38895 0.676322 -1.27331
Normal: -0 0.866026 0.499999
UV: 0.501857 0.130172

Position: -1.15908 0.72479 -1.4542
Normal: -0 1 9.12575e-007
UV: 0.512096 0.120998

Position: -1.38895 0.72479 -1.4542
Normal: -0 1 9.12575e-007
UV: 0.512096 0.130169

Position: -1.15908 0.676322 -1.63508
Normal: -0 0.866022 -0.500005
UV: 0.522337 0.120997

Position: -1.38895 0.676322 -1.63508
Normal: -0 0.866022 -0.500005
UV: 0.522337 0.13017

Position: -1.38895 0.543906 -1.7675
Normal: -1 0 0
UV: 0.571368 0.343774

Position: -1.38895 0.676322 -1.63508
Normal: -1 0 0
UV: 0.600016 0.315118

Position: -1.38895 0.363022 -1.4542
Normal: -1 -5.896e-008 0
UV: 0.532227 0.275999

Position: -1.38895 0.363022 -1.81596
Normal: -1 0 0
UV: 0.532231 0.354264

Position: -1.38895 0.182138 -1.76749
Normal: -1 0 0
UV: 0.493087 0.343772

Position: -1.38895 0.0497217 -1.63508
Normal: -1 5.08345e-008 0
UV: 0.46444 0.31512

Position: -1.38895 0.00125445 -1.4542
Normal: -1 5.08331e-008 0
UV: 0.45396 0.275979

Position: -1.38895 0.0497211 -1.27331
Normal: -1 4.55426e-007 0
UV: 0.464454 0.236858

Position: -1.38895 0.182138 -1.1409
Normal: -1 4.55427e-007 0
UV: 0.493099 0.208217

Position: -1.38895 0.363022 -1.09243
Normal: -1 -4.55425e-007 0
UV: 0.532229 0.197732

Position: -1.38895 0.543905 -1.1409
Normal: -1 -9.10853e-007 0
UV: 0.571357 0.208217

Position: -1.38895 0.676322 -1.27331
Normal: -1 -4.04592e-007 0
UV: 0.599999 0.236858

Position: -1.38895 0.72479 -1.4542
Normal: -1 5.08335e-008 0
UV: 0.610494 0.275981

Position: -1.15908 0.676322 -1.63508
Normal: 1 0 0
UV: 0.460859 0.120741

Position: -1.15908 0.543906 -1.7675
Normal: 1 0 0
UV: 0.471099 0.120741

Position: -1.15908 0.72479 -1.4542
Normal: 1 2.2771e-007 0
UV: 0.512096 0.120998

Position: -1.15908 0.363022 -1.81596
Normal: 1 6.27762e-007 0
UV: 0.48134 0.12074

Position: -1.15908 0.182138 -1.76749
Normal: 1 1.71555e-007 0
UV: 0.49158 0.120738

Position: -1.15908 0.0497217 -1.63508
Normal: 1 -2.16549e-007 0
UV: 0.501819 0.120738

Position: -1.15908 0.676322 -1.27331
Normal: 1 1.26803e-007 0
UV: 0.501856 0.120999

Position: -1.15908 0.00125445 -1.4542
Normal: 1 -1.92488e-007 0
UV: 0.512059 0.120739

Position: -1.15908 0.0497211 -1.27331
Normal: 1 2.39154e-007 0
UV: 0.460898 0.121002

Position: -1.15908 0.182138 -1.1409
Normal: 1 1.42749e-007 0
UV: 0.471138 0.121002

Position: -1.15908 0.363022 -1.09243
Normal: 1 0 0
UV: 0.481376 0.121

Position: -1.15908 0.543905 -1.1409
Normal: 1 0 0
UV: 0.491616 0.120999


[INDEX_DATA]
0 2 1
3 1 2
4 5 0
0 1 4
6 7 5
5 4 6
8 9 7
7 6 8
10 11 9
9 8 10
12 13 11
11 10 12
14 16 15
15 17 14
18 19 16
16 14 18
20 21 19
19 18 20
22 23 21
21 20 22
22 24 23
23 24 25
24 26 25
25 26 27
28 30 29
31 30 28
32 30 31
33 30 32
34 30 33
35 30 34
36 30 35
37 30 36
38 30 37
39 30 38
40 30 39
29 30 40
41 43 42
42 43 44
44 43 45
45 43 46
43 47 46
46 47 48
48 47 49
49 47 50
50 47 51
51 47 52

[MESH_DATA]
VertexCount: 53
IndexCount: 138
BoneCount: 109157
AnimationClips: 1

[VERTEX_DATA]
Position: -1.15908 0.543906 2.08053
Normal: -0 0.499999 -0.866026
UV: 0.471099 0.120741

Position: -1.38895 0.676322 2.21295
Normal: -0 0.866027 -0.499997
UV: 0.460859 0.129913

Position: -1.38895 0.543906 2.08053
Normal: -0 0.499999 -0.866026
UV: 0.4711 0.129914

Position: -1.15908 0.676322 2.21295
Normal: -0 0.866027 -0.499997
UV: 0.460859 0.120741

Position: -1.15908 0.363022 2.03206
Normal: -0 0 -1
UV: 0.48134 0.12074

Position: -1.38895 0.363022 2.03206
Normal: -0 0 -1
UV: 0.481341 0.129913

Position: -1.15908 0.182138 2.08053
Normal: -0 -0.499999 -0.866026
UV: 0.49158 0.120738

Position: -1.38895 0.182138 2.08053
Normal: -0 -0.499999 -0.866026
UV: 0.491581 0.129912

Position: -1.15908 0.0497215 2.21295
Normal: -0 -0.866027 -0.499998
UV: 0.501819 0.120738

Position: -1.38895 0.0497215 2.21295
Normal: -0 -0.866027 -0.499998
UV: 0.50182 0.129911

Position: -1.15908 0.00125373 2.39384
Normal: -0 -1 0
UV: 0.512059 0.120739

Position: -1.38895 0.00125373 2.39384
Normal: -0 -1 0
UV: 0.512059 0.12991

Position: -1.15908 0.0497215 2.57471
Normal: -0 -0.866023 0.500004
UV: 0.522297 0.12074

Position: -1.38895 0.0497215 2.57471
Normal: -0 -0.866023 0.500004
UV: 0.522298 0.129912

Position: -1.15908 0.182138 2.70713
Normal: -0 -0.50001 0.86602
UV: 0.471138 0.121002

Position: -1.38895 0.0497215 2.57471
Normal: -0 -0.866023 0.500004
UV: 0.460899 0.130174

Position: -1.38895 0.182138 2.70713
Normal: -0 -0.50001 0.86602
UV: 0.471139 0.130173

Position: -1.15908 0.0497215 2.57471
Normal: -0 -0.866023 0.500004
UV: 0.460898 0.121002

Position: -1.15908 0.363022 2.7556
Normal: -0 -1.42589e-008 1
UV: 0.481376 0.121

Position: -1.38895 0.363022 2.7556
Normal: -0 -1.42589e-008 1
UV: 0.481377 0.130172

Position: -1.15908 0.543906 2.70713
Normal: -0 0.50001 0.86602
UV: 0.491616 0.120999

Position: -1.38895 0.543906 2.70713
Normal: -0 0.50001 0.86602
UV: 0.491617 0.130171

Position: -1.38895 0.676322 2.57471
Normal: -0 0.866024 0.500003
UV: 0.501857 0.130172

Position: -1.15908 0.676322 2.57471
Normal: -0 0.866024 0.500003
UV: 0.501856 0.120999

Position: -1.15908 0.72479 2.39384
Normal: -0 1 1.4259e-008
UV: 0.512096 0.120998

Position: -1.38895 0.72479 2.39384
Normal: -0 1 1.4259e-008
UV: 0.512096 0.130169

Position: -1.15908 0.676322 2.21295
Normal: -0 0.866027 -0.499997
UV: 0.522337 0.120997

Position: -1.38895 0.676322 2.21295
Normal: -0 0.866027 -0.499997
UV: 0.522337 0.13017

Position: -1.38895 0.543906 2.08053
Normal: -1 0 0
UV: 0.571368 0.343774

Position: -1.38895 0.676322 2.21295
Normal: -1 0 0
UV: 0.600016 0.315118

Position: -1.38895 0.363022 2.39384
Normal: -1 -7.59064e-008 0
UV: 0.532227 0.275999

Position: -1.38895 0.363022 2.03206
Normal: -1 0 0
UV: 0.532231 0.354264

Position: -1.38895 0.182138 2.08053
Normal: -1 0 0
UV: 0.493087 0.343772

Position: -1.38895 0.0497215 2.21295
Normal: -1 0 0
UV: 0.46444 0.31512

Position: -1.38895 0.00125373 2.39384
Normal: -1 0 0
UV: 0.45396 0.275979

Position: -1.38895 0.0497215 2.57471
Normal: -1 -4.55431e-007 0
UV: 0.464454 0.236858

Position: -1.38895 0.182138 2.70713
Normal: -1 -4.55426e-007 0
UV: 0.493099 0.208217

Position: -1.38895 0.363022 2.7556
Normal: -1 0 0
UV: 0.532229 0.197732

Position: -1.38895 0.543906 2.70713
Normal: -1 0 0
UV: 0.571357 0.208217

Position: -1.38895 0.676322 2.57471
Normal: -1 0 0
UV: 0.599999 0.236858

Position: -1.38895 0.72479 2.39384
Normal: -1 0 0
UV: 0.610494 0.275981

Position: -1.15908 0.676322 2.21295
Normal: 1 1.69962e-006 0
UV: 0.460859 0.120741

Position: -1.15908 0.543906 2.08053
Normal: 1 -1.1292e-006 0
UV: 0.471099 0.120741

Position: -1.15908 0.72479 2.39384
Normal: 1 -7.59005e-008 0
UV: 0.512096 0.120998

Position: -1.15908 0.363022 2.03206
Normal: 1 4.70814e-007 0
UV: 0.48134 0.12074

Position: -1.15908 0.182138 2.08053
Normal: 1 -2.28739e-007 0
UV: 0.49158 0.120738

Position: -1.15908 0.0497215 2.21295
Normal: 1 -1.92485e-007 0
UV: 0.501819 0.120738

Position: -1.15908 0.00125373 2.39384
Normal: 1 0 0
UV: 0.512059 0.120739

Position: -1.15908 0.0497215 2.57471
Normal: 1 9.62447e-008 0
UV: 0.460898 0.121002

Position: -1.15908 0.182138 2.70713
Normal: 1 2.00146e-007 0
UV: 0.471138 0.121002

Position: -1.15908 0.363022 2.7556
Normal: 1 0 0
UV: 0.481376 0.121

Position: -1.15908 0.543906 2.70713
Normal: 1 -1.32841e-007 0
UV: 0.491616 0.120999

Position: -1.15908 0.676322 2.57471
Normal: 1 -3.39957e-006 0
UV: 0.501856 0.120999


[INDEX_DATA]
0 2 1
1 3 0
4 5 2
2 0 4
6 7 5
5 4 6
8 9 7
7 6 8
10 11 9
9 8 10
12 13 11
11 10 12
14 16 15
15 17 14
18 19 16
16 14 18
20 21 19
19 18 20
22 21 23
20 23 21
23 24 22
22 24 25
24 26 25
25 26 27
28 30 29
31 30 28
32 30 31
33 30 32
34 30 33
35 30 34
36 30 35
37 30 36
38 30 37
39 30 38
40 30 39
29 30 40
41 43 42
42 43 44
44 43 45
45 43 46
46 43 47
47 43 48
48 43 49
49 43 50
50 43 51
51 43 52

[MESH_DATA]
VertexCount: 53
IndexCount: 138
BoneCount: 109157
AnimationClips: 1

[VERTEX_DATA]
Position: 1.15908 0.543906 2.08053
Normal: -0 0.499999 -0.866026
UV: 0.471099 0.120741

Position: 1.38895 0.543906 2.08053
Normal: -0 0.499999 -0.866026
UV: 0.4711 0.129914

Position: 1.38895 0.676322 2.21295
Normal: -0 0.866027 -0.499997
UV: 0.460859 0.129913

Position: 1.15908 0.676322 2.21295
Normal: -0 0.866027 -0.499997
UV: 0.460859 0.120741

Position: 1.15908 0.363022 2.03206
Normal: -0 0 -1
UV: 0.48134 0.12074

Position: 1.38895 0.363022 2.03206
Normal: -0 0 -1
UV: 0.481341 0.129913

Position: 1.15908 0.182138 2.08053
Normal: -0 -0.499999 -0.866026
UV: 0.49158 0.120738

Position: 1.38895 0.182138 2.08053
Normal: -0 -0.499999 -0.866026
UV: 0.491581 0.129912

Position: 1.15908 0.0497215 2.21295
Normal: -0 -0.866027 -0.499998
UV: 0.501819 0.120738

Position: 1.38895 0.0497215 2.21295
Normal: -0 -0.866027 -0.499998
UV: 0.50182 0.129911

Position: 1.15908 0.00125373 2.39384
Normal: -0 -1 0
UV: 0.512059 0.120739

Position: 1.38895 0.00125373 2.39384
Normal: -0 -1 0
UV: 0.512059 0.12991

Position: 1.15908 0.0497215 2.57471
Normal: -0 -0.866023 0.500004
UV: 0.522297 0.12074

Position: 1.38895 0.0497215 2.57471
Normal: -0 -0.866023 0.500004
UV: 0.522298 0.129912

Position: 1.15908 0.182138 2.70713
Normal: -0 -0.50001 0.86602
UV: 0.471138 0.121002

Position: 1.38895 0.182138 2.70713
Normal: -0 -0.50001 0.86602
UV: 0.471139 0.130173

Position: 1.38895 0.0497215 2.57471
Normal: -0 -0.866023 0.500004
UV: 0.460899 0.130174

Position: 1.15908 0.0497215 2.57471
Normal: -0 -0.866023 0.500004
UV: 0.460898 0.121002

Position: 1.15908 0.363022 2.7556
Normal: -0 -1.42589e-008 1
UV: 0.481376 0.121

Position: 1.38895 0.363022 2.7556
Normal: -0 -1.42589e-008 1
UV: 0.481377 0.130172

Position: 1.15908 0.543906 2.70713
Normal: -0 0.50001 0.86602
UV: 0.491616 0.120999

Position: 1.38895 0.543906 2.70713
Normal: -0 0.50001 0.86602
UV: 0.491617 0.130171

Position: 1.15908 0.676322 2.57471
Normal: -0 0.866024 0.500003
UV: 0.501856 0.120999

Position: 1.38895 0.676322 2.57471
Normal: -0 0.866024 0.500003
UV: 0.501857 0.130172

Position: 1.15908 0.72479 2.39384
Normal: -0 1 1.4259e-008
UV: 0.512096 0.120998

Position: 1.38895 0.72479 2.39384
Normal: -0 1 1.4259e-008
UV: 0.512096 0.130169

Position: 1.15908 0.676322 2.21295
Normal: -0 0.866027 -0.499997
UV: 0.522337 0.120997

Position: 1.38895 0.676322 2.21295
Normal: -0 0.866027 -0.499997
UV: 0.522337 0.13017

Position: 1.38895 0.543906 2.08053
Normal: 1 0 0
UV: 0.571368 0.343774

Position: 1.38895 0.363022 2.39384
Normal: 1 -5.18444e-014 0
UV: 0.532227 0.275999

Position: 1.38895 0.676322 2.21295
Normal: 1 0 0
UV: 0.600016 0.315118

Position: 1.38895 0.363022 2.03206
Normal: 1 0 0
UV: 0.532231 0.354264

Position: 1.38895 0.182138 2.08053
Normal: 1 0 0
UV: 0.493087 0.343772

Position: 1.38895 0.0497215 2.21295
Normal: 1 0 0
UV: 0.46444 0.31512

Position: 1.38895 0.00125373 2.39384
Normal: 1 0 0
UV: 0.45396 0.275979

Position: 1.38895 0.0497215 2.57471
Normal: 1 -2.27716e-007 0
UV: 0.464454 0.236858

Position: 1.38895 0.182138 2.70713
Normal: 1 -2.27713e-007 0
UV: 0.493099 0.208217

Position: 1.38895 0.363022 2.7556
Normal: 1 0 0
UV: 0.532229 0.197732

Position: 1.38895 0.543906 2.70713
Normal: 1 2.27713e-007 0
UV: 0.571357 0.208217

Position: 1.38895 0.676322 2.57471
Normal: 1 2.27715e-007 0
UV: 0.599999 0.236858

Position: 1.38895 0.72479 2.39384
Normal: 1 0 0
UV: 0.610494 0.275981

Position: 1.15908 0.676322 2.21295
Normal: -1 1.69962e-006 0
UV: 0.460859 0.120741

Position: 1.15908 0.72479 2.39384
Normal: -1 3.14955e-012 0
UV: 0.512096 0.120998

Position: 1.15908 0.543906 2.08053
Normal: -1 -8.30291e-007 0
UV: 0.471099 0.120741

Position: 1.15908 0.363022 2.03206
Normal: -1 3.53111e-007 0
UV: 0.48134 0.12074

Position: 1.15908 0.182138 2.08053
Normal: -1 -7.14799e-008 0
UV: 0.49158 0.120738

Position: 1.15908 0.0497215 2.21295
Normal: -1 -9.62426e-008 0
UV: 0.501819 0.120738

Position: 1.15908 0.00125373 2.39384
Normal: -1 0 0
UV: 0.512059 0.120739

Position: 1.15908 0.0497215 2.57471
Normal: -1 9.62446e-008 0
UV: 0.460898 0.121002

Position: 1.15908 0.182138 2.70713
Normal: -1 2.2159e-007 0
UV: 0.471138 0.121002

Position: 1.15908 0.363022 2.7556
Normal: -1 5.88528e-008 0
UV: 0.481376 0.121

Position: 1.15908 0.543906 2.70713
Normal: -1 -2.15877e-007 0
UV: 0.491616 0.120999

Position: 1.15908 0.676322 2.57471
Normal: -1 -1.69978e-006 0
UV: 0.501856 0.120999


[INDEX_DATA]
0 2 1
0 3 2
4 1 5
4 0 1
6 5 7
6 4 5
8 7 9
8 6 7
10 9 11
10 8 9
12 11 13
12 10 11
14 16 15
14 17 16
18 15 19
18 14 15
20 19 21
20 18 19
21 22 20
21 23 22
22 23 24
23 25 24
24 25 26
25 27 26
28 30 29
31 28 29
32 31 29
33 32 29
34 33 29
35 34 29
36 35 29
37 36 29
38 37 29
39 38 29
40 39 29
30 40 29
41 43 42
43 44 42
44 45 42
45 46 42
46 47 42
47 48 42
48 49 42
49 50 42
50 51 42
51 52 42

[MESH_DATA]
VertexCount: 53
IndexCount: 138
BoneCount: 109157
AnimationClips: 1

[VERTEX_DATA]
Position: 1.15908 0.543906 -1.76749
Normal: -0 0.500009 -0.86602
UV: 0.471099 0.120741

Position: 1.38895 0.676322 -1.63508
Normal: -0 0.866023 -0.500004
UV: 0.460859 0.129913

Position: 1.15908 0.676322 -1.63508
Normal: -0 0.866023 -0.500004
UV: 0.460859 0.120741

Position: 1.38895 0.543906 -1.76749
Normal: -0 0.500009 -0.86602
UV: 0.4711 0.129914

Position: 1.15908 0.363022 -1.81596
Normal: -0 0 -1
UV: 0.48134 0.12074

Position: 1.38895 0.363022 -1.81596
Normal: -0 0 -1
UV: 0.481341 0.129913

Position: 1.15908 0.182138 -1.76749
Normal: -0 -0.500009 -0.86602
UV: 0.49158 0.120738

Position: 1.38895 0.182138 -1.76749
Normal: -0 -0.500009 -0.86602
UV: 0.491581 0.129912

Position: 1.15908 0.0497215 -1.63508
Normal: -0 -0.866023 -0.500004
UV: 0.501819 0.120738

Position: 1.38895 0.0497215 -1.63508
Normal: -0 -0.866023 -0.500004
UV: 0.50182 0.129911

Position: 1.15908 0.00125373 -1.4542
Normal: -0 -1 0
UV: 0.512059 0.120739

Position: 1.38895 0.00125373 -1.4542
Normal: -0 -1 0
UV: 0.512059 0.12991

Position: 1.15908 0.0497215 -1.27331
Normal: -0 -0.866027 0.499998
UV: 0.522297 0.12074

Position: 1.38895 0.0497215 -1.27331
Normal: -0 -0.866027 0.499998
UV: 0.522298 0.129912

Position: 1.15908 0.182138 -1.1409
Normal: -0 -0.499998 0.866026
UV: 0.471138 0.121002

Position: 1.38895 0.182138 -1.1409
Normal: -0 -0.499998 0.866026
UV: 0.471139 0.130173

Position: 1.38895 0.0497215 -1.27331
Normal: -0 -0.866027 0.499998
UV: 0.460899 0.130174

Position: 1.15908 0.0497215 -1.27331
Normal: -0 -0.866027 0.499998
UV: 0.460898 0.121002

Position: 1.15908 0.363022 -1.09243
Normal: -0 -1.42589e-008 1
UV: 0.481376 0.121

Position: 1.38895 0.363022 -1.09243
Normal: -0 -1.42589e-008 1
UV: 0.481377 0.130172

Position: 1.15908 0.543906 -1.1409
Normal: -0 0.499998 0.866026
UV: 0.491616 0.120999

Position: 1.38895 0.543906 -1.1409
Normal: -0 0.499998 0.866026
UV: 0.491617 0.130171

Position: 1.15908 0.676322 -1.27331
Normal: -0 0.866027 0.499997
UV: 0.501856 0.120999

Position: 1.38895 0.676322 -1.27331
Normal: -0 0.866027 0.499997
UV: 0.501857 0.130172

Position: 1.15908 0.72479 -1.4542
Normal: -0 1 0
UV: 0.512096 0.120998

Position: 1.38895 0.72479 -1.4542
Normal: -0 1 0
UV: 0.512096 0.130169

Position: 1.15908 0.676322 -1.63508
Normal: -0 0.866023 -0.500004
UV: 0.522337 0.120997

Position: 1.38895 0.676322 -1.63508
Normal: -0 0.866023 -0.500004
UV: 0.522337 0.13017

Position: 1.38895 0.543906 -1.76749
Normal: 1 2.27714e-007 0
UV: 0.571368 0.343774

Position: 1.38895 0.363022 -1.4542
Normal: 1 -8.64073e-015 0
UV: 0.532227 0.275999

Position: 1.38895 0.676322 -1.63508
Normal: 1 2.27716e-007 0
UV: 0.600016 0.315118

Position: 1.38895 0.363022 -1.81596
Normal: 1 0 0
UV: 0.532231 0.354264

Position: 1.38895 0.182138 -1.76749
Normal: 1 -2.27713e-007 0
UV: 0.493087 0.343772

Position: 1.38895 0.0497215 -1.63508
Normal: 1 -2.27716e-007 0
UV: 0.46444 0.31512

Position: 1.38895 0.00125373 -1.4542
Normal: 1 0 0
UV: 0.45396 0.275979

Position: 1.38895 0.0497215 -1.27331
Normal: 1 0 0
UV: 0.464454 0.236858

Position: 1.38895 0.182138 -1.1409
Normal: 1 4.55428e-007 0
UV: 0.493099 0.208217

Position: 1.38895 0.363022 -1.09243
Normal: 1 -4.14753e-014 0
UV: 0.532229 0.197732

Position: 1.38895 0.543906 -1.1409
Normal: 1 -4.55427e-007 0
UV: 0.571357 0.208217

Position: 1.38895 0.676322 -1.27331
Normal: 1 0 0
UV: 0.599999 0.236858

Position: 1.38895 0.72479 -1.4542
Normal: 1 0 0
UV: 0.610494 0.275981

Position: 1.15908 0.676322 -1.63508
Normal: -1 1.69977e-006 0
UV: 0.460859 0.120741

Position: 1.15908 0.72479 -1.4542
Normal: -1 1.70783e-007 0
UV: 0.512096 0.120998

Position: 1.15908 0.543906 -1.76749
Normal: -1 -8.3032e-007 0
UV: 0.471099 0.120741

Position: 1.15908 0.363022 -1.81596
Normal: -1 3.53117e-007 0
UV: 0.48134 0.12074

Position: 1.15908 0.182138 -1.76749
Normal: -1 -7.14797e-008 0
UV: 0.49158 0.120738

Position: 1.15908 0.0497215 -1.63508
Normal: -1 -1.92488e-007 0
UV: 0.501819 0.120738

Position: 1.15908 0.676322 -1.27331
Normal: -1 1.13857e-007 0
UV: 0.501856 0.120999

Position: 1.15908 0.00125373 -1.4542
Normal: -1 -1.44366e-007 0
UV: 0.512059 0.120739

Position: 1.15908 0.0497215 -1.27331
Normal: -1 0 0
UV: 0.460898 0.121002

Position: 1.15908 0.182138 -1.1409
Normal: -1 1.96178e-008 0
UV: 0.471138 0.121002

Position: 1.15908 0.363022 -1.09243
Normal: -1 1.32848e-007 0
UV: 0.481376 0.121

Position: 1.15908 0.543906 -1.1409
Normal: -1 -4.24933e-007 0
UV: 0.491616 0.120999


[INDEX_DATA]
0 2 1
1 3 0
4 3 5
4 0 3
6 5 7
6 4 5
8 7 9
8 6 7
10 9 11
10 8 9
12 11 13
12 10 11
14 16 15
14 17 16
18 15 19
18 14 15
20 19 21
20 18 19
22 21 23
22 20 21
22 23 24
23 25 24
24 25 26
25 27 26
28 30 29
31 28 29
32 31 29
33 32 29
34 33 29
35 34 29
36 35 29
37 36 29
38 37 29
39 38 29
40 39 29
30 40 29
41 43 42
43 44 42
44 45 42
45 46 42
42 46 47
46 48 47
48 49 47
49 50 47
50 51 47
51 52 47

