[FBX_META_DATA]
MeshCount: 1

[MESH_DATA]
VertexCount: 698
IndexCount: 1332
BoneCount: 0
AnimationClips: 1

[VERTEX_DATA]
Position: -1.33149 3.24486 -1.03945
Normal: -1 0 0
UV: 0.35749 0.0571167

Position: -1.33149 3.24486 -1.32573
Normal: -1 0 0
UV: 0.357474 0.0410824

Position: -1.33149 3.49709 -1.03945
Normal: -1 0 0
UV: 0.346577 0.0571166

Position: -1.33149 3.49709 -1.32573
Normal: -1 0 0
UV: 0.346592 0.0410821

Position: 1.32805 3.24486 -1.32573
Normal: -0 0 -1
UV: 0.571764 0.0410257

Position: -0.0148906 3.49709 -1.32573
Normal: -0 0 -1
UV: 0.464562 0.0344896

Position: -0.0148906 3.24486 -1.32573
Normal: -0 0 -1
UV: 0.464599 0.0410591

Position: 1.32805 3.49709 -1.32573
Normal: -0 0 -1
UV: 0.571681 0.0344527

Position: 1.32805 3.24486 -1.03945
Normal: 1 0 0
UV: 0.571764 0.0570623

Position: 1.32805 3.49709 -1.03945
Normal: 1 0 0
UV: 0.581379 0.0570458

Position: 1.32805 3.49709 -1.32573
Normal: 1 0 0
UV: 0.581345 0.0410093

Position: 1.32805 3.24486 -1.32573
Normal: 1 0 0
UV: 0.571764 0.0410257

Position: -0.0148906 3.24486 -1.03945
Normal: -0 -1 0
UV: 0.464626 0.0570948

Position: 1.32805 3.24486 -1.03945
Normal: -0 -1 0
UV: 0.571764 0.0570623

Position: 1.32805 3.24486 -1.32573
Normal: -0 -1 0
UV: 0.571764 0.0410257

Position: -0.0148906 3.24486 -1.32573
Normal: -0 -1 0
UV: 0.464599 0.0410591

Position: 1.32805 3.49709 -1.03945
Normal: -0 1 0
UV: 0.57172 0.0141633

Position: -0.0148906 3.49709 -1.03945
Normal: -0 1 0
UV: 0.464602 0.0142194

Position: -0.0148906 3.49709 -1.32573
Normal: -0 1 0
UV: 0.464639 0.0242298

Position: 1.32805 3.49709 -1.32573
Normal: -0 1 0
UV: 0.571764 0.0241789

Position: -1.33149 3.49709 -1.03945
Normal: -0 1 0
UV: 0.357468 0.0141632

Position: -1.33149 3.49709 -1.32573
Normal: -0 1 0
UV: 0.357468 0.0241788

Position: -1.33149 3.49709 -1.32573
Normal: -0 0 -1
UV: 0.357444 0.0345162

Position: -1.33149 3.24486 -1.32573
Normal: -0 0 -1
UV: 0.357474 0.0410824

Position: -1.33149 3.24486 -1.03945
Normal: -0 -1 0
UV: 0.35749 0.0571167

Position: -1.33149 3.24486 -1.32573
Normal: -0 -1 0
UV: 0.357474 0.0410824

Position: -1.31259 3.34795 -0.154141
Normal: -0 0 1
UV: 0.468445 0.0538242

Position: -1.31259 3.09932 -0.154141
Normal: -0 0 1
UV: 0.468445 0.0373076

Position: -1.4309 3.34795 -0.154141
Normal: -0 0 1
UV: 0.436061 0.0538243

Position: -1.4309 3.09932 -0.154141
Normal: -0 0 1
UV: 0.436061 0.0373076

Position: -1.4309 3.34795 -0.154141
Normal: -0 1 0
UV: 0.436061 0.0110132

Position: -1.4309 3.34795 -0.910788
Normal: -0 1 0
UV: 0.388122 0.0110132

Position: -1.31259 3.34795 -0.154141
Normal: -0 1 0
UV: 0.436061 0.0265207

Position: -1.31259 3.34795 -0.910788
Normal: -0 1 0
UV: 0.388122 0.0265208

Position: -1.31259 3.09932 -0.910788
Normal: -0 0 -1
UV: 0.355738 0.0373076

Position: -1.31259 3.34795 -0.910788
Normal: -0 0 -1
UV: 0.355738 0.0538243

Position: -1.4309 3.09932 -0.910788
Normal: -0 0 -1
UV: 0.388122 0.0373077

Position: -1.4309 3.34795 -0.910788
Normal: -0 0 -1
UV: 0.388122 0.0538243

Position: -1.31259 3.09932 -0.154141
Normal: -0 -1 0
UV: 0.436061 0.0378871

Position: -1.31259 3.09932 -0.910788
Normal: -0 -1 0
UV: 0.388122 0.0378871

Position: -1.4309 3.09932 -0.154141
Normal: -0 -1 0
UV: 0.436061 0.0538436

Position: -1.4309 3.09932 -0.910788
Normal: -0 -1 0
UV: 0.388122 0.0538436

Position: -1.4309 3.34795 -0.910788
Normal: -1 0 0
UV: 0.388122 0.0538243

Position: -1.4309 3.34795 -0.154141
Normal: -1 0 0
UV: 0.436061 0.0538243

Position: -1.4309 3.09932 -0.154141
Normal: -1 0 0
UV: 0.436061 0.0373076

Position: -1.4309 3.09932 -0.910788
Normal: -1 0 0
UV: 0.388122 0.0373077

Position: -1.31259 3.34795 2.83287
Normal: -0 0 1
UV: 0.468445 0.0538242

Position: -1.31259 3.09932 2.83287
Normal: -0 0 1
UV: 0.468445 0.0373076

Position: -1.4309 3.34795 2.83287
Normal: -0 0 1
UV: 0.436061 0.0538243

Position: -1.4309 3.09932 2.83287
Normal: -0 0 1
UV: 0.436061 0.0373076

Position: -1.4309 3.34795 2.83287
Normal: -0 1 0
UV: 0.436061 0.0110132

Position: -1.4309 3.34795 2.07622
Normal: -0 1 0
UV: 0.388122 0.0110132

Position: -1.31259 3.34795 2.83287
Normal: -0 1 0
UV: 0.436061 0.0265207

Position: -1.31259 3.34795 2.07622
Normal: -0 1 0
UV: 0.388122 0.0265208

Position: -1.31259 3.09932 2.07622
Normal: -0 0 -1
UV: 0.355738 0.0373076

Position: -1.31259 3.34795 2.07622
Normal: -0 0 -1
UV: 0.355738 0.0538243

Position: -1.4309 3.09932 2.07622
Normal: -0 0 -1
UV: 0.388122 0.0373077

Position: -1.4309 3.34795 2.07622
Normal: -0 0 -1
UV: 0.388122 0.0538243

Position: -1.31259 3.09932 2.83287
Normal: -0 -1 0
UV: 0.436061 0.0378871

Position: -1.31259 3.09932 2.07622
Normal: -0 -1 0
UV: 0.388122 0.0378871

Position: -1.4309 3.09932 2.83287
Normal: -0 -1 0
UV: 0.436061 0.0538436

Position: -1.4309 3.09932 2.07622
Normal: -0 -1 0
UV: 0.388122 0.0538436

Position: -1.4309 3.34795 2.07622
Normal: -1 0 0
UV: 0.388122 0.0538243

Position: -1.4309 3.34795 2.83287
Normal: -1 0 0
UV: 0.436061 0.0538243

Position: -1.4309 3.09932 2.83287
Normal: -1 0 0
UV: 0.436061 0.0373076

Position: -1.4309 3.09932 2.07622
Normal: -1 0 0
UV: 0.388122 0.0373077

Position: -1.23109 3.34795 3.10619
Normal: -1 0 0
UV: 0.436061 0.0538243

Position: -1.23109 3.09932 3.10619
Normal: -1 0 0
UV: 0.436061 0.0373076

Position: -1.23109 3.09932 2.98787
Normal: -1 0 0
UV: 0.468445 0.0373076

Position: -1.23109 3.34795 2.98787
Normal: -1 0 0
UV: 0.468445 0.0538242

Position: -0.458586 3.34795 3.10619
Normal: -0 1 0
UV: 0.388122 0.0110132

Position: -1.23109 3.34795 3.10619
Normal: -0 1 0
UV: 0.436061 0.0110132

Position: -1.23109 3.34795 2.98787
Normal: -0 1 0
UV: 0.436061 0.0265207

Position: -0.458586 3.34795 2.98787
Normal: -0 1 0
UV: 0.388122 0.0265208

Position: -0.458586 3.09932 3.10619
Normal: 1 0 0
UV: 0.388122 0.0373077

Position: -0.458586 3.34795 3.10619
Normal: 1 0 0
UV: 0.388122 0.0538243

Position: -0.458586 3.34795 2.98787
Normal: 1 0 0
UV: 0.355738 0.0538243

Position: -0.458586 3.09932 2.98787
Normal: 1 0 0
UV: 0.355738 0.0373076

Position: -1.23109 3.09932 3.10619
Normal: -0 -1 0
UV: 0.436061 0.0538436

Position: -0.458586 3.09932 3.10619
Normal: -0 -1 0
UV: 0.388122 0.0538436

Position: -0.458586 3.09932 2.98787
Normal: -0 -1 0
UV: 0.388122 0.0378871

Position: -1.23109 3.09932 2.98787
Normal: -0 -1 0
UV: 0.436061 0.0378871

Position: -0.458586 3.34795 3.10619
Normal: -0 0 1
UV: 0.388122 0.0538243

Position: -1.23109 3.09932 3.10619
Normal: -0 0 1
UV: 0.436061 0.0373076

Position: -1.23109 3.34795 3.10619
Normal: -0 0 1
UV: 0.436061 0.0538243

Position: -0.458586 3.09932 3.10619
Normal: -0 0 1
UV: 0.388122 0.0373077

Position: 1.21405 3.34795 3.10619
Normal: 1 0 0
UV: 0.436061 0.0538243

Position: 1.21405 3.09932 2.98787
Normal: 1 0 0
UV: 0.468445 0.0373076

Position: 1.21405 3.09932 3.10619
Normal: 1 0 0
UV: 0.436061 0.0373076

Position: 1.21405 3.34795 2.98787
Normal: 1 0 0
UV: 0.468445 0.0538242

Position: 0.457398 3.34795 3.10619
Normal: -0 1 0
UV: 0.388122 0.0110132

Position: 1.21405 3.34795 2.98787
Normal: -0 1 0
UV: 0.436061 0.0265207

Position: 1.21405 3.34795 3.10619
Normal: -0 1 0
UV: 0.436061 0.0110132

Position: 0.457398 3.34795 2.98787
Normal: -0 1 0
UV: 0.388122 0.0265208

Position: 0.457398 3.09932 3.10619
Normal: -1 0 0
UV: 0.388122 0.0373077

Position: 0.457398 3.34795 2.98787
Normal: -1 0 0
UV: 0.355738 0.0538243

Position: 0.457398 3.34795 3.10619
Normal: -1 0 0
UV: 0.388122 0.0538243

Position: 0.457398 3.09932 2.98787
Normal: -1 0 0
UV: 0.355738 0.0373076

Position: 1.21405 3.09932 3.10619
Normal: -0 -1 0
UV: 0.436061 0.0538436

Position: 0.457398 3.09932 2.98787
Normal: -0 -1 0
UV: 0.388122 0.0378871

Position: 0.457398 3.09932 3.10619
Normal: -0 -1 0
UV: 0.388122 0.0538436

Position: 1.21405 3.09932 2.98787
Normal: -0 -1 0
UV: 0.436061 0.0378871

Position: 0.457398 3.34795 3.10619
Normal: -0 0 1
UV: 0.388122 0.0538243

Position: 1.21405 3.34795 3.10619
Normal: -0 0 1
UV: 0.436061 0.0538243

Position: 1.21405 3.09932 3.10619
Normal: -0 0 1
UV: 0.436061 0.0373076

Position: 0.457398 3.09932 3.10619
Normal: -0 0 1
UV: 0.388122 0.0373077

Position: 1.4473 3.34795 -0.154141
Normal: -0 0 1
UV: 0.436061 0.0538243

Position: 1.32914 3.09932 -0.154141
Normal: -0 0 1
UV: 0.468445 0.0373076

Position: 1.32914 3.34795 -0.154141
Normal: -0 0 1
UV: 0.468445 0.0538242

Position: 1.4473 3.09932 -0.154141
Normal: -0 0 1
UV: 0.436061 0.0373076

Position: 1.4473 3.34795 -0.910788
Normal: -0 1 0
UV: 0.388122 0.0110132

Position: 1.4473 3.34795 -0.154141
Normal: -0 1 0
UV: 0.436061 0.0110132

Position: 1.32914 3.34795 -0.154141
Normal: -0 1 0
UV: 0.436061 0.0265207

Position: 1.32914 3.34795 -0.910788
Normal: -0 1 0
UV: 0.388122 0.0265208

Position: 1.4473 3.09932 -0.910788
Normal: -0 0 -1
UV: 0.388122 0.0373077

Position: 1.32914 3.34795 -0.910788
Normal: -0 0 -1
UV: 0.355738 0.0538243

Position: 1.32914 3.09932 -0.910788
Normal: -0 0 -1
UV: 0.355738 0.0373076

Position: 1.4473 3.34795 -0.910788
Normal: -0 0 -1
UV: 0.388122 0.0538243

Position: 1.4473 3.09932 -0.154141
Normal: -0 -1 0
UV: 0.436061 0.0538436

Position: 1.32914 3.09932 -0.910788
Normal: -0 -1 0
UV: 0.388122 0.0378871

Position: 1.32914 3.09932 -0.154141
Normal: -0 -1 0
UV: 0.436061 0.0378871

Position: 1.4473 3.09932 -0.910788
Normal: -0 -1 0
UV: 0.388122 0.0538436

Position: 1.4473 3.34795 -0.910788
Normal: 1 0 0
UV: 0.388122 0.0538243

Position: 1.4473 3.09932 -0.154141
Normal: 1 0 0
UV: 0.436061 0.0373076

Position: 1.4473 3.34795 -0.154141
Normal: 1 0 0
UV: 0.436061 0.0538243

Position: 1.4473 3.09932 -0.910788
Normal: 1 0 0
UV: 0.388122 0.0373077

Position: 1.4473 3.34795 2.83287
Normal: -0 0 1
UV: 0.436061 0.0538243

Position: 1.32914 3.09932 2.83287
Normal: -0 0 1
UV: 0.468445 0.0373076

Position: 1.32914 3.34795 2.83287
Normal: -0 0 1
UV: 0.468445 0.0538242

Position: 1.4473 3.09932 2.83287
Normal: -0 0 1
UV: 0.436061 0.0373076

Position: 1.4473 3.34795 2.07622
Normal: -0 1 0
UV: 0.388122 0.0110132

Position: 1.4473 3.34795 2.83287
Normal: -0 1 0
UV: 0.436061 0.0110132

Position: 1.32914 3.34795 2.83287
Normal: -0 1 0
UV: 0.436061 0.0265207

Position: 1.32914 3.34795 2.07622
Normal: -0 1 0
UV: 0.388122 0.0265208

Position: 1.4473 3.09932 2.07622
Normal: -0 0 -1
UV: 0.388122 0.0373077

Position: 1.32914 3.34795 2.07622
Normal: -0 0 -1
UV: 0.355738 0.0538243

Position: 1.32914 3.09932 2.07622
Normal: -0 0 -1
UV: 0.355738 0.0373076

Position: 1.4473 3.34795 2.07622
Normal: -0 0 -1
UV: 0.388122 0.0538243

Position: 1.4473 3.09932 2.83287
Normal: -0 -1 0
UV: 0.436061 0.0538436

Position: 1.32914 3.09932 2.07622
Normal: -0 -1 0
UV: 0.388122 0.0378871

Position: 1.32914 3.09932 2.83287
Normal: -0 -1 0
UV: 0.436061 0.0378871

Position: 1.4473 3.09932 2.07622
Normal: -0 -1 0
UV: 0.388122 0.0538436

Position: 1.4473 3.34795 2.83287
Normal: 1 0 0
UV: 0.436061 0.0538243

Position: 1.4473 3.34795 2.07622
Normal: 1 0 0
UV: 0.388122 0.0538243

Position: 1.4473 3.09932 2.83287
Normal: 1 0 0
UV: 0.436061 0.0373076

Position: 1.4473 3.09932 2.07622
Normal: 1 0 0
UV: 0.388122 0.0373077

Position: -1.25382 0.676322 -1.63508
Normal: -0 0.707115 -0.707099
UV: 0.451919 0.369075

Position: -1.42874 0.676322 -1.63508
Normal: -0 0.707115 -0.707099
UV: 0.451919 0.392489

Position: -1.25382 0.543906 -1.76749
Normal: -0 0.707115 -0.707099
UV: 0.478059 0.369074

Position: -1.42874 0.543906 -1.76749
Normal: -0 0.707115 -0.707099
UV: 0.47806 0.39249

Position: -1.25382 0.363022 -1.81596
Normal: -0 0.258827 -0.965924
UV: 0.504199 0.369072

Position: -1.42874 0.543906 -1.76749
Normal: -0 0.258827 -0.965924
UV: 0.47806 0.39249

Position: -1.42874 0.363022 -1.81596
Normal: -0 0.258827 -0.965924
UV: 0.504202 0.392487

Position: -1.25382 0.543906 -1.76749
Normal: -0 0.258827 -0.965924
UV: 0.478059 0.369074

Position: -1.25382 0.182138 -1.76749
Normal: -0 -0.258827 -0.965924
UV: 0.530339 0.369068

Position: -1.42874 0.363022 -1.81596
Normal: -0 -0.258827 -0.965924
UV: 0.504202 0.392487

Position: -1.42874 0.182138 -1.76749
Normal: -0 -0.258827 -0.965924
UV: 0.530342 0.392484

Position: -1.25382 0.363022 -1.81596
Normal: -0 -0.258827 -0.965924
UV: 0.504199 0.369072

Position: -1.25382 0.0497215 -1.63508
Normal: -0 -0.707115 -0.707099
UV: 0.556476 0.369066

Position: -1.42874 0.182138 -1.76749
Normal: -0 -0.707115 -0.707099
UV: 0.530342 0.392484

Position: -1.42874 0.0497215 -1.63508
Normal: -0 -0.707115 -0.707099
UV: 0.556478 0.392483

Position: -1.25382 0.182138 -1.76749
Normal: -0 -0.707115 -0.707099
UV: 0.530339 0.369068

Position: -1.25382 0.00125373 -1.4542
Normal: -0 -0.965924 -0.258827
UV: 0.582615 0.369069

Position: -1.42874 0.0497215 -1.63508
Normal: -0 -0.965924 -0.258827
UV: 0.556478 0.392483

Position: -1.42874 0.00125373 -1.4542
Normal: -0 -0.965924 -0.258827
UV: 0.582614 0.392481

Position: -1.25382 0.0497215 -1.63508
Normal: -0 -0.965924 -0.258827
UV: 0.556476 0.369066

Position: -1.25382 0.0497215 -1.27331
Normal: -0 -0.965927 0.258813
UV: 0.60875 0.369072

Position: -1.42874 0.00125373 -1.4542
Normal: -0 -0.965927 0.258813
UV: 0.582614 0.392481

Position: -1.42874 0.0497215 -1.27331
Normal: -0 -0.965927 0.258813
UV: 0.608751 0.392484

Position: -1.25382 0.00125373 -1.4542
Normal: -0 -0.965927 0.258813
UV: 0.582615 0.369069

Position: -1.25382 0.182138 -1.1409
Normal: -0 -0.707101 0.707112
UV: 0.478156 0.369741

Position: -1.42874 0.0497215 -1.27331
Normal: -0 -0.707101 0.707112
UV: 0.452021 0.393154

Position: -1.42874 0.182138 -1.1409
Normal: -0 -0.707101 0.707112
UV: 0.478159 0.393153

Position: -1.25382 0.0497215 -1.27331
Normal: -0 -0.707101 0.707112
UV: 0.452019 0.369742

Position: -1.25382 0.363022 -1.09243
Normal: -0 -0.258826 0.965924
UV: 0.504291 0.369736

Position: -1.42874 0.182138 -1.1409
Normal: -0 -0.258826 0.965924
UV: 0.478159 0.393153

Position: -1.42874 0.363022 -1.09243
Normal: -0 -0.258826 0.965924
UV: 0.504295 0.393148

Position: -1.25382 0.182138 -1.1409
Normal: -0 -0.258826 0.965924
UV: 0.478156 0.369741

Position: -1.25382 0.543906 -1.1409
Normal: -0 0.258826 0.965924
UV: 0.530429 0.369733

Position: -1.42874 0.363022 -1.09243
Normal: -0 0.258826 0.965924
UV: 0.504295 0.393148

Position: -1.42874 0.543906 -1.1409
Normal: -0 0.258826 0.965924
UV: 0.530432 0.393147

Position: -1.25382 0.363022 -1.09243
Normal: -0 0.258826 0.965924
UV: 0.504291 0.369736

Position: -1.25382 0.676322 -1.27331
Normal: -0 0.707101 0.707112
UV: 0.55657 0.369733

Position: -1.42874 0.543906 -1.1409
Normal: -0 0.707101 0.707112
UV: 0.530432 0.393147

Position: -1.42874 0.676322 -1.27331
Normal: -0 0.707101 0.707112
UV: 0.556571 0.393148

Position: -1.25382 0.543906 -1.1409
Normal: -0 0.707101 0.707112
UV: 0.530429 0.369733

Position: -1.25382 0.676322 -1.27331
Normal: -0 0.965927 0.258813
UV: 0.55657 0.369733

Position: -1.42874 0.676322 -1.27331
Normal: -0 0.965927 0.258813
UV: 0.556571 0.393148

Position: -1.25382 0.72479 -1.4542
Normal: -0 0.965927 0.258813
UV: 0.582708 0.36973

Position: -1.42874 0.72479 -1.4542
Normal: -0 0.965927 0.258813
UV: 0.58271 0.393142

Position: -1.25382 0.72479 -1.4542
Normal: -0 0.965924 -0.258827
UV: 0.582708 0.36973

Position: -1.42874 0.72479 -1.4542
Normal: -0 0.965924 -0.258827
UV: 0.58271 0.393142

Position: -1.25382 0.676322 -1.63508
Normal: -0 0.965924 -0.258827
UV: 0.60885 0.369729

Position: -1.42874 0.676322 -1.63508
Normal: -0 0.965924 -0.258827
UV: 0.608852 0.393144

Position: -1.42874 0.543906 -1.76749
Normal: -1 0 0
UV: 0.570843 0.342224

Position: -1.42874 0.676322 -1.63508
Normal: -1 0 0
UV: 0.59949 0.313567

Position: -1.42874 0.363022 -1.4542
Normal: -1 1.51808e-007 0
UV: 0.531701 0.274449

Position: -1.42874 0.363022 -1.81596
Normal: -1 0 0
UV: 0.531706 0.352713

Position: -1.42874 0.182138 -1.76749
Normal: -1 0 0
UV: 0.492562 0.342221

Position: -1.42874 0.0497215 -1.63508
Normal: -1 0 0
UV: 0.463915 0.313569

Position: -1.42874 0.00125373 -1.4542
Normal: -1 0 0
UV: 0.453434 0.274428

Position: -1.42874 0.0497215 -1.27331
Normal: -1 4.55427e-007 0
UV: 0.463928 0.235307

Position: -1.42874 0.182138 -1.1409
Normal: -1 4.55426e-007 0
UV: 0.492573 0.206667

Position: -1.42874 0.363022 -1.09243
Normal: -1 4.55424e-007 0
UV: 0.531703 0.196182

Position: -1.42874 0.543906 -1.1409
Normal: -1 4.55427e-007 0
UV: 0.570831 0.206667

Position: -1.42874 0.676322 -1.27331
Normal: -1 0 0
UV: 0.599474 0.235307

Position: -1.42874 0.72479 -1.4542
Normal: -1 0 0
UV: 0.609968 0.27443

Position: -1.35413 1.11072 2.77879
Normal: -1 3.90374e-009 0
UV: 0.0718412 0.884922

Position: -1.35413 2.86022 3.02863
Normal: -1 2.41196e-008 0
UV: 0.039793 0.660507

Position: -1.35413 1.11072 3.02863
Normal: -1 0 0
UV: 0.0397931 0.884922

Position: -1.35413 0.361899 3.02863
Normal: -1 0 0
UV: 0.731073 0.067502

Position: -1.35413 0.561634 2.85843
Normal: -1 9.58851e-008 0
UV: 0.707314 0.0953798

Position: -1.35413 0.561634 3.02863
Normal: -1 0 0
UV: 0.731072 0.095382

Position: -1.35413 0.361899 2.85843
Normal: -1 0 0
UV: 0.707321 0.0675151

Position: -1.35413 0.361899 -2.91426
Normal: -1 1.92965e-007 0
UV: 0.322897 0.361526

Position: -1.35413 0.561634 -2.78756
Normal: -1 -3.54682e-009 0
UV: 0.306643 0.335905

Position: -1.35413 0.361899 -2.78756
Normal: -1 0 0
UV: 0.306643 0.361526

Position: -1.35413 0.561634 -2.97491
Normal: -1 1.69242e-007 0
UV: 0.330677 0.335905

Position: -0 2.77958 -1.86369
Normal: -0 0.345257 -0.938508
UV: 0.416335 0.10499

Position: -1.26733 1.85486 -2.19576
Normal: -3.74151e-007 0.348099 -0.937458
UV: 0.266255 0.262173

Position: -0 1.85486 -2.19576
Normal: -0 0.345257 -0.938508
UV: 0.416362 0.262147

Position: -1.26733 2.77958 -1.86369
Normal: -3.74152e-007 0.3481 -0.937458
UV: 0.266228 0.105016

Position: -1.35413 1.11072 -2.97948
Normal: -0 0 -1
UV: 0.79176 0.493368

Position: -0.827205 1.11072 -2.97948
Normal: -5.39211e-008 0 -1
UV: 0.867239 0.494099

Position: -1.35413 1.49281 -2.97948
Normal: -0 0 -1
UV: 0.79176 0.441027

Position: -0 1.49281 -2.97948
Normal: -4.66369e-008 0 -1
UV: 0.984322 0.441027

Position: -0 0.561634 -3.10619
Normal: -0 0 -1
UV: 0.935068 0.051441

Position: -1.35413 0.561634 -3.10162
Normal: -0.00337285 0 -0.999994
UV: 0.745567 0.051582

Position: -0 0.361899 -3.10619
Normal: -0 0 -1
UV: 0.935091 0.079326

Position: -1.35413 0.361899 -3.10162
Normal: -0.00337285 0 -0.999994
UV: 0.745582 0.079469

Position: -0 0.361899 -2.91882
Normal: -0 -1 0
UV: 0.735991 0.134496

Position: -1.35413 0.361899 -2.91426
Normal: -0 -1 0
UV: 0.575629 0.134505

Position: -0 0.361899 -2.79212
Normal: -0 -1 0
UV: 0.735942 0.149465

Position: -1.35413 0.361899 -2.78756
Normal: -0 -1 0
UV: 0.575579 0.149474

Position: -1.35413 0.361899 3.02863
Normal: -0 -1 0
UV: 0.436316 0.396661

Position: -0 0.361899 3.02863
Normal: -0 -1 0
UV: 0.436351 0.293808

Position: -1.35413 0.361899 2.85843
Normal: -0 -1 0
UV: 0.423408 0.396653

Position: -0 0.361899 3.02863
Normal: -0 0 1
UV: 0.920574 0.067517

Position: -1.35413 0.361899 3.02863
Normal: -0 0 1
UV: 0.731073 0.067502

Position: -0 0.561634 3.02863
Normal: -1.01597e-007 0 1
UV: 0.920572 0.095399

Position: -1.35413 0.561634 3.02863
Normal: -0 0 1
UV: 0.731072 0.095382

Position: -0 0.561634 3.02863
Normal: -1.01597e-007 0 1
UV: 0.829655 0.433302

Position: -1.35413 0.561634 3.02863
Normal: -0 0 1
UV: 0.996668 0.433302

Position: -0.827205 0.827222 3.02863
Normal: 1.90002e-007 0 1
UV: 0.922427 0.395294

Position: -1.35413 0.827222 3.02863
Normal: -0 0 1
UV: 0.996668 0.394884

Position: -0 2.86022 -1.82618
Normal: -0 0.421862 -0.90666
UV: 0.661578 0.585185

Position: -1.26733 2.77958 -1.86369
Normal: -3.74152e-007 0.3481 -0.937458
UV: 0.650446 0.435113

Position: -0 2.77958 -1.86369
Normal: -0 0.345257 -0.938508
UV: 0.651071 0.585228

Position: -1.35413 2.86022 -1.82618
Normal: -1.82269e-006 0.388615 -0.9214
UV: 0.660928 0.424834

Position: -1.35413 1.77422 -2.23327
Normal: -1.82269e-006 0.388614 -0.921401
UV: 0.48278 0.424951

Position: -1.26733 1.85486 -2.19576
Normal: -3.74151e-007 0.348099 -0.937458
UV: 0.493274 0.435217

Position: -0 1.85486 -2.19576
Normal: -0 0.345257 -0.938508
UV: 0.492818 0.585333

Position: -0 1.77422 -2.23327
Normal: -0 0.421859 -0.906662
UV: 0.482311 0.585302

Position: -1.35413 3.59776 3.02863
Normal: -0 1 0
UV: 0.526869 0.437518

Position: -1.35413 3.59776 -1.08368
Normal: -0 1 0
UV: 0.0457945 0.437518

Position: -0 3.59776 3.02863
Normal: -0 1 0
UV: 0.526869 0.596318

Position: -0 3.59776 -1.08382
Normal: -0 1 0
UV: 0.0457783 0.596318

Position: -1.35413 0.561634 -1.46689
Normal: -1 1.28743e-007 0
UV: 0.616453 0.955356

Position: -1.35413 0.361899 -1.46689
Normal: -1 0 0
UV: 0.616453 0.980977

Position: -1.35413 0.361899 -2.78756
Normal: -1 0 0
UV: 0.787707 0.980977

Position: -1.35413 1.83018 -1.08989
Normal: -1 -7.53456e-008 0
UV: 0.0237379 0.258833

Position: -1.35413 2.77781 -1.77396
Normal: -1 8.98008e-008 0
UV: 0.132141 0.11523

Position: -1.35413 2.77781 -1.08873
Normal: -1 2.85729e-008 0
UV: 0.0242293 0.11538

Position: -1.35413 1.8449 -2.10982
Normal: -1 -8.89488e-008 0
UV: 0.199095 0.258589

Position: -1.35413 2.86022 -1.82618
Normal: -1 -2.26759e-007 0
UV: 0.662541 0.660507

Position: -1.35413 1.8449 -2.10982
Normal: -1 -8.89488e-008 0
UV: 0.698925 0.790745

Position: -1.35413 1.77422 -2.23327
Normal: -1 4.57749e-008 0
UV: 0.714762 0.799812

Position: -1.35413 2.77781 -1.77396
Normal: -1 8.98008e-008 0
UV: 0.655843 0.671078

Position: -1.35413 2.77781 -1.08873
Normal: -1 2.85729e-008 0
UV: 0.567946 0.671078

Position: -1.35413 2.86022 -1.08368
Normal: -1 -1.75415e-008 0
UV: 0.567298 0.660507

Position: -1.35413 0.827222 3.02863
Normal: -1 0 0
UV: 0.032262 0.0686291

Position: -1.35413 1.11072 2.77879
Normal: -1 3.90374e-009 0
UV: 0.067166 0.0129631

Position: -1.35413 1.11072 3.02863
Normal: -1 0 0
UV: 0.032287 0.0129501

Position: -1.35413 0.827222 2.77879
Normal: -1 8.78763e-008 0
UV: 0.067139 0.0686411

Position: -1.35413 0.827222 3.02863
Normal: -1 0 0
UV: 0.0397931 0.921288

Position: -1.35413 0.561634 2.85843
Normal: -1 9.58851e-008 0
UV: 0.0616246 0.955356

Position: -1.35413 0.827222 2.77879
Normal: -1 8.78763e-008 0
UV: 0.0718412 0.921288

Position: -1.35413 0.561634 3.02863
Normal: -1 0 0
UV: 0.0397931 0.955356

Position: -0.827205 1.11072 -2.97948
Normal: -5.39211e-008 0 -1
UV: 0.180903 0.0144681

Position: -1.35413 1.11072 -2.97948
Normal: -0 0 -1
UV: 0.107343 0.0144721

Position: -0.827205 0.827222 -2.97948
Normal: -0.000909882 -0.00463893 -0.999989
UV: 0.180913 0.0701771

Position: -1.35413 0.827222 -2.97948
Normal: -0.00151927 -0.00774632 -0.999969
UV: 0.107352 0.0701811

Position: -0.827205 0.827222 3.02863
Normal: 1.90002e-007 0 1
UV: 0.152869 0.0695481

Position: -1.35413 1.11072 3.02863
Normal: -0 0 1
UV: 0.226429 0.0138221

Position: -0.827205 1.11072 3.02863
Normal: 1.25149e-007 0 1
UV: 0.152868 0.0138351

Position: -1.35413 0.827222 3.02863
Normal: -0 0 1
UV: 0.22643 0.0695481

Position: -1.35413 1.11072 -2.70773
Normal: -1 -6.46378e-008 0
UV: 0.777468 0.884922

Position: -1.35413 1.11072 -2.97948
Normal: -1 0 0
UV: 0.812326 0.884922

Position: -1.35413 0.561634 -2.78756
Normal: -1 -3.54682e-009 0
UV: 0.787707 0.955357

Position: -1.35413 0.827222 -2.97948
Normal: -1 -5.06047e-009 0
UV: 0.812326 0.921288

Position: -1.35413 0.827222 -2.70773
Normal: -1 1.45346e-008 0
UV: 0.777468 0.921288

Position: -1.35413 0.827222 -2.70773
Normal: -1 1.45346e-008 0
UV: 0.241136 0.068832

Position: -1.35413 1.11072 -2.97948
Normal: -1 0 0
UV: 0.28578 0.013135

Position: -1.35413 1.11072 -2.70773
Normal: -1 -6.46378e-008 0
UV: 0.241154 0.013122

Position: -1.35413 0.827222 -2.97948
Normal: -1 -5.06047e-009 0
UV: 0.285759 0.068833

Position: -1.35413 0.361899 -1.46689
Normal: -0 -1 0
UV: 0.095702 0.396403

Position: -0 0.361899 -2.79212
Normal: -0 -1 0
UV: 0.020275 0.293556

Position: -1.35413 0.361899 -2.78756
Normal: -0 -1 0
UV: 0.020408 0.396412

Position: -1.35413 1.83018 -1.08989
Normal: -1 -7.53456e-008 0
UV: 0.568095 0.792635

Position: -0 0.561634 -2.97948
Normal: -5.28377e-008 -0.00135183 -0.999999
UV: 0.984322 0.573106

Position: -0.827205 0.827222 -2.97948
Normal: -0.000909882 -0.00463893 -0.999989
UV: 0.866857 0.534333

Position: -1.35413 0.561634 -2.97491
Normal: -0.00242772 -0.0123783 -0.99992
UV: 0.79176 0.571337

Position: -1.35413 0.827222 -2.97948
Normal: -0.00151927 -0.00774632 -0.999969
UV: 0.79176 0.533657

Position: -1.35413 1.80415 2.44945
Normal: -1 3.52508e-008 0
UV: 0.0969024 0.232204

Position: -1.35413 1.80052 1.29005
Normal: -1 3.55813e-008 0
UV: 0.32456 0.204055

Position: -1.35413 2.44032 2.43311
Normal: -1 1.20405e-007 0
UV: 0.0813618 0.122578

Position: -1.35413 2.44212 1.29005
Normal: -1 9.57019e-008 0
UV: 0.325002 0.127983

Position: -1.35413 2.86022 3.02863
Normal: -0 0 1
UV: 0.996668 0.110418

Position: -0.827205 1.11072 3.02863
Normal: 1.25149e-007 0 1
UV: 0.922177 0.355451

Position: -1.35413 1.11072 3.02863
Normal: -0 0 1
UV: 0.996668 0.354983

Position: -0 2.86022 3.02863
Normal: -1.68824e-008 0 1
UV: 0.829655 0.110418

Position: -1.35413 0.361899 2.85843
Normal: -1 0 0
UV: 0.0616246 0.980977

Position: -1.67119 2.15506 -2.20763
Normal: -0 0.81309 -0.582138
UV: 0.674504 0.355103

Position: -1.40772 2.24378 -2.08372
Normal: -0 0.81309 -0.582138
UV: 0.711283 0.376378

Position: -1.71845 2.24378 -2.08372
Normal: -0 0.81309 -0.582138
UV: 0.667907 0.376378

Position: -1.45498 2.15506 -2.20763
Normal: -0 0.81309 -0.582138
UV: 0.704686 0.355103

Position: -1.45498 1.74919 -2.20763
Normal: -0 0 -1
UV: 0.65635 0.218274

Position: -1.67119 2.15506 -2.20763
Normal: -0 0 -1
UV: 0.71301 0.248456

Position: -1.67119 1.74919 -2.20763
Normal: -0 0 -1
UV: 0.65635 0.248456

Position: -1.45498 2.15506 -2.20763
Normal: -0 0 -1
UV: 0.71301 0.218274

Position: -1.40772 1.66047 -2.08372
Normal: -0 -0.81309 -0.582138
UV: 0.661471 0.313294

Position: -1.67119 1.74919 -2.20763
Normal: -0 -0.81309 -0.582138
UV: 0.698248 0.292019

Position: -1.71845 1.66047 -2.08372
Normal: -0 -0.81309 -0.582138
UV: 0.704845 0.313292

Position: -1.45498 1.74919 -2.20763
Normal: -0 -0.81309 -0.582138
UV: 0.668066 0.292019

Position: -1.40772 2.24378 -2.08372
Normal: -0 0 1
UV: 0.944324 0.0923805

Position: -1.71845 1.66047 -2.08372
Normal: -0 0 1
UV: 0.862895 0.0490045

Position: -1.71845 2.24378 -2.08372
Normal: -0 0 1
UV: 0.944324 0.0490045

Position: -1.40772 1.66047 -2.08372
Normal: -0 0 1
UV: 0.862895 0.0923805

Position: -1.45498 1.74919 -2.20763
Normal: 0.93435 0 -0.356358
UV: 0.750109 0.2036

Position: -1.40772 2.24378 -2.08372
Normal: 0.93435 0 -0.356358
UV: 0.819153 0.185087

Position: -1.45498 2.15506 -2.20763
Normal: 0.93435 0 -0.356358
UV: 0.806767 0.2036

Position: -1.40772 1.66047 -2.08372
Normal: 0.93435 0 -0.356358
UV: 0.737723 0.185087

Position: -1.67119 2.15506 -2.20763
Normal: -0.934348 0 -0.356361
UV: 0.749991 0.203605

Position: -1.71845 1.66047 -2.08372
Normal: -0.934348 0 -0.356361
UV: 0.819035 0.185091

Position: -1.67119 1.74919 -2.20763
Normal: -0.934348 0 -0.356361
UV: 0.806649 0.203605

Position: -1.71845 2.24378 -2.08372
Normal: -0.934348 0 -0.356361
UV: 0.737606 0.185092

Position: -1.25382 0.543906 2.08053
Normal: -0 0.707101 -0.707112
UV: 0.478059 0.369074

Position: -1.42874 0.676322 2.21295
Normal: -0 0.707101 -0.707112
UV: 0.451919 0.392489

Position: -1.42874 0.543906 2.08053
Normal: -0 0.707101 -0.707112
UV: 0.47806 0.39249

Position: -1.25382 0.676322 2.21295
Normal: -0 0.707101 -0.707112
UV: 0.451919 0.369075

Position: -1.25382 0.363022 2.03206
Normal: -0 0.258827 -0.965924
UV: 0.504199 0.369072

Position: -1.42874 0.543906 2.08053
Normal: -0 0.258827 -0.965924
UV: 0.47806 0.39249

Position: -1.42874 0.363022 2.03206
Normal: -0 0.258827 -0.965924
UV: 0.504202 0.392487

Position: -1.25382 0.543906 2.08053
Normal: -0 0.258827 -0.965924
UV: 0.478059 0.369074

Position: -1.25382 0.182138 2.08053
Normal: -0 -0.258827 -0.965924
UV: 0.530339 0.369068

Position: -1.42874 0.363022 2.03206
Normal: -0 -0.258827 -0.965924
UV: 0.504202 0.392487

Position: -1.42874 0.182138 2.08053
Normal: -0 -0.258827 -0.965924
UV: 0.530342 0.392484

Position: -1.25382 0.363022 2.03206
Normal: -0 -0.258827 -0.965924
UV: 0.504199 0.369072

Position: -1.25382 0.0497215 2.21295
Normal: -0 -0.707101 -0.707112
UV: 0.556476 0.369066

Position: -1.42874 0.182138 2.08053
Normal: -0 -0.707101 -0.707112
UV: 0.530342 0.392484

Position: -1.42874 0.0497215 2.21295
Normal: -0 -0.707101 -0.707112
UV: 0.556478 0.392483

Position: -1.25382 0.182138 2.08053
Normal: -0 -0.707101 -0.707112
UV: 0.530339 0.369068

Position: -1.25382 0.00125373 2.39384
Normal: -0 -0.965927 -0.258813
UV: 0.582615 0.369069

Position: -1.42874 0.0497215 2.21295
Normal: -0 -0.965927 -0.258813
UV: 0.556478 0.392483

Position: -1.42874 0.00125373 2.39384
Normal: -0 -0.965927 -0.258813
UV: 0.582614 0.392481

Position: -1.25382 0.0497215 2.21295
Normal: -0 -0.965927 -0.258813
UV: 0.556476 0.369066

Position: -1.25382 0.0497215 2.57471
Normal: -0 -0.965924 0.258827
UV: 0.60875 0.369072

Position: -1.42874 0.00125373 2.39384
Normal: -0 -0.965924 0.258827
UV: 0.582614 0.392481

Position: -1.42874 0.0497215 2.57471
Normal: -0 -0.965924 0.258827
UV: 0.608751 0.392484

Position: -1.25382 0.00125373 2.39384
Normal: -0 -0.965924 0.258827
UV: 0.582615 0.369069

Position: -1.25382 0.182138 2.70713
Normal: -0 -0.707116 0.707098
UV: 0.478156 0.369741

Position: -1.42874 0.0497215 2.57471
Normal: -0 -0.707116 0.707098
UV: 0.452021 0.393154

Position: -1.42874 0.182138 2.70713
Normal: -0 -0.707116 0.707098
UV: 0.478159 0.393153

Position: -1.25382 0.0497215 2.57471
Normal: -0 -0.707116 0.707098
UV: 0.452019 0.369742

Position: -1.25382 0.363022 2.7556
Normal: -0 -0.258826 0.965924
UV: 0.504291 0.369736

Position: -1.42874 0.182138 2.70713
Normal: -0 -0.258826 0.965924
UV: 0.478159 0.393153

Position: -1.42874 0.363022 2.7556
Normal: -0 -0.258826 0.965924
UV: 0.504295 0.393148

Position: -1.25382 0.182138 2.70713
Normal: -0 -0.258826 0.965924
UV: 0.478156 0.369741

Position: -1.25382 0.543906 2.70713
Normal: -0 0.258826 0.965924
UV: 0.530429 0.369733

Position: -1.42874 0.363022 2.7556
Normal: -0 0.258826 0.965924
UV: 0.504295 0.393148

Position: -1.42874 0.543906 2.70713
Normal: -0 0.258826 0.965924
UV: 0.530432 0.393147

Position: -1.25382 0.363022 2.7556
Normal: -0 0.258826 0.965924
UV: 0.504291 0.369736

Position: -1.25382 0.543906 2.70713
Normal: -0 0.707116 0.707098
UV: 0.530429 0.369733

Position: -1.42874 0.543906 2.70713
Normal: -0 0.707116 0.707098
UV: 0.530432 0.393147

Position: -1.25382 0.676322 2.57471
Normal: -0 0.707116 0.707098
UV: 0.55657 0.369733

Position: -1.42874 0.676322 2.57471
Normal: -0 0.707116 0.707098
UV: 0.556571 0.393148

Position: -1.25382 0.676322 2.57471
Normal: -0 0.965924 0.258827
UV: 0.55657 0.369733

Position: -1.42874 0.676322 2.57471
Normal: -0 0.965924 0.258827
UV: 0.556571 0.393148

Position: -1.25382 0.72479 2.39384
Normal: -0 0.965924 0.258827
UV: 0.582708 0.36973

Position: -1.42874 0.72479 2.39384
Normal: -0 0.965924 0.258827
UV: 0.58271 0.393142

Position: -1.25382 0.72479 2.39384
Normal: -0 0.965927 -0.258813
UV: 0.582708 0.36973

Position: -1.42874 0.72479 2.39384
Normal: -0 0.965927 -0.258813
UV: 0.58271 0.393142

Position: -1.25382 0.676322 2.21295
Normal: -0 0.965927 -0.258813
UV: 0.60885 0.369729

Position: -1.42874 0.676322 2.21295
Normal: -0 0.965927 -0.258813
UV: 0.608852 0.393144

Position: -1.42874 0.543906 2.08053
Normal: -1 -4.55426e-007 0
UV: 0.570843 0.342224

Position: -1.42874 0.676322 2.21295
Normal: -1 -4.55427e-007 0
UV: 0.59949 0.313567

Position: -1.42874 0.363022 2.39384
Normal: -1 7.59061e-008 0
UV: 0.531701 0.274449

Position: -1.42874 0.363022 2.03206
Normal: -1 4.55424e-007 0
UV: 0.531706 0.352713

Position: -1.42874 0.182138 2.08053
Normal: -1 4.55428e-007 0
UV: 0.492562 0.342221

Position: -1.42874 0.0497215 2.21295
Normal: -1 0 0
UV: 0.463915 0.313569

Position: -1.42874 0.00125373 2.39384
Normal: -1 0 0
UV: 0.453434 0.274428

Position: -1.42874 0.0497215 2.57471
Normal: -1 4.55431e-007 0
UV: 0.463928 0.235307

Position: -1.42874 0.182138 2.70713
Normal: -1 4.55426e-007 0
UV: 0.492573 0.206667

Position: -1.42874 0.363022 2.7556
Normal: -1 4.5543e-007 0
UV: 0.531703 0.196182

Position: -1.42874 0.543906 2.70713
Normal: -1 3.85723e-012 0
UV: 0.570831 0.206667

Position: -1.42874 0.676322 2.57471
Normal: -1 -4.55431e-007 0
UV: 0.599474 0.235307

Position: -1.42874 0.72479 2.39384
Normal: -1 0 0
UV: 0.609968 0.27443

Position: -0 2.86022 -1.08382
Normal: -0 1 0
UV: 0.23192 0.667873

Position: -1.35413 2.86022 -1.08368
Normal: -0 1 0
UV: 0.0271403 0.667852

Position: -1.35413 2.86022 -1.82618
Normal: -0 1 0
UV: 0.0271404 0.779861

Position: -0 2.86022 -1.82618
Normal: -0 1 0
UV: 0.23192 0.779861

Position: -1.35413 2.86022 -1.08368
Normal: -0.000101457 0 -1
UV: 0.860858 0.689944

Position: -0 2.86022 -1.08382
Normal: -0.000101457 0 -1
UV: 0.976982 0.689944

Position: -0 3.59776 -1.08382
Normal: -0.000101457 0 -1
UV: 0.976982 0.62685

Position: -1.35413 3.59776 -1.08368
Normal: -0.000101457 0 -1
UV: 0.860858 0.62685

Position: -0 3.59776 3.02863
Normal: 1 0 0
UV: 0.0500632 0.426212

Position: -0 2.86022 -1.08382
Normal: 1 0 0
UV: 0.535796 0.426077

Position: -0 2.86022 3.02863
Normal: 1 0 0
UV: 0.0500632 0.426212

Position: -0 3.59776 -1.08382
Normal: 1 0 0
UV: 0.535796 0.426077

Position: -1.35413 3.59776 3.02863
Normal: -0 0 1
UV: 0.0366122 0.79568

Position: -0 3.59776 3.02863
Normal: -0 0 1
UV: 0.241391 0.79568

Position: -0 2.86022 3.02863
Normal: -1.68824e-008 0 1
UV: 0.241391 0.684417

Position: -1.35413 2.86022 3.02863
Normal: -0 0 1
UV: 0.0366121 0.684417

Position: -1.35413 3.59776 -1.08368
Normal: -1 0 0
UV: 0.362661 0.635575

Position: -1.35413 3.59776 3.02863
Normal: -1 0 0
UV: 0.0507768 0.635575

Position: -1.35413 2.86022 3.02863
Normal: -1 2.41196e-008 0
UV: 0.050777 0.730183

Position: -1.35413 2.86022 -1.08368
Normal: -1 -1.75415e-008 0
UV: 0.362661 0.730183

Position: -0 3.59776 -1.08382
Normal: -1 0 0
UV: 0.535796 0.426077

Position: -0 3.59776 3.02863
Normal: -1 0 0
UV: 0.0500632 0.426212

Position: -0 2.86022 3.02863
Normal: -1 0 0
UV: 0.0500632 0.426212

Position: -0 2.86022 -1.08382
Normal: -1 0 0
UV: 0.535796 0.426077

Position: -0 1.77422 -2.23327
Normal: -0 0.935675 -0.352862
UV: 0.320007 0.435246

Position: -1.35413 1.77422 -2.23327
Normal: -0 0.935675 -0.352862
UV: 0.115228 0.435246

Position: -1.35413 1.49281 -2.97948
Normal: -0 0.935675 -0.352862
UV: 0.115228 0.595585

Position: -0 1.49281 -2.97948
Normal: -0 0.935675 -0.352862
UV: 0.320007 0.595585

Position: -1.35413 1.49281 -2.97948
Normal: -1 0 0
UV: 0.812326 0.83591

Position: -1.35413 0.561634 -2.97491
Normal: -1 1.69242e-007 0
UV: 0.81174 0.955356

Position: -1.35413 0.361899 -3.10162
Normal: -1 4.75095e-007 0
UV: 0.34693 0.361526

Position: -1.35413 0.561634 -3.10162
Normal: -1 4.75095e-007 0
UV: 0.34693 0.335905

Position: -0 0.361899 -2.91882
Normal: -0 -1 0
UV: 0.935068 0.051441

Position: -1.35413 0.361899 -3.10162
Normal: -0 -1 0
UV: 0.745567 0.051582

Position: -1.35413 0.361899 -2.91426
Normal: -0 -1 0
UV: 0.745567 0.051582

Position: -0 0.361899 -3.10619
Normal: -0 -1 0
UV: 0.935068 0.051441

Position: -1.35413 1.80415 2.44945
Normal: -1 3.52508e-008 0
UV: 0.114086 0.795974

Position: -1.35413 2.44032 2.43311
Normal: -1 1.20405e-007 0
UV: 0.116183 0.714369

Position: -1.35413 1.80052 1.29005
Normal: -1 3.55813e-008 0
UV: 0.262809 0.796439

Position: -1.35413 2.44212 1.29005
Normal: -1 9.57019e-008 0
UV: 0.262809 0.714138

Position: -0 0.561634 -2.97948
Normal: -0 1 0
UV: 0.80423 0.09606

Position: -1.35413 0.561634 -2.97491
Normal: -0 1 0
UV: 0.599451 0.0953712

Position: -1.35413 0.561634 -3.10162
Normal: -0 1 0
UV: 0.599451 0.114486

Position: -0 0.561634 -3.10619
Normal: -0 1 0
UV: 0.828963 0.115174

Position: 1.25382 0.676322 -1.63508
Normal: -0 0.707115 -0.707099
UV: 0.451919 0.369075

Position: 1.25382 0.543906 -1.76749
Normal: -0 0.707115 -0.707099
UV: 0.478059 0.369074

Position: 1.42874 0.676322 -1.63508
Normal: -0 0.707115 -0.707099
UV: 0.451919 0.392489

Position: 1.42874 0.543906 -1.76749
Normal: -0 0.707115 -0.707099
UV: 0.47806 0.39249

Position: 1.25382 0.363022 -1.81596
Normal: -0 0.258827 -0.965924
UV: 0.504199 0.369072

Position: 1.42874 0.363022 -1.81596
Normal: -0 0.258827 -0.965924
UV: 0.504202 0.392487

Position: 1.42874 0.543906 -1.76749
Normal: -0 0.258827 -0.965924
UV: 0.47806 0.39249

Position: 1.25382 0.543906 -1.76749
Normal: -0 0.258827 -0.965924
UV: 0.478059 0.369074

Position: 1.25382 0.182138 -1.76749
Normal: -0 -0.258827 -0.965924
UV: 0.530339 0.369068

Position: 1.42874 0.182138 -1.76749
Normal: -0 -0.258827 -0.965924
UV: 0.530342 0.392484

Position: 1.42874 0.363022 -1.81596
Normal: -0 -0.258827 -0.965924
UV: 0.504202 0.392487

Position: 1.25382 0.363022 -1.81596
Normal: -0 -0.258827 -0.965924
UV: 0.504199 0.369072

Position: 1.25382 0.0497215 -1.63508
Normal: -0 -0.707115 -0.707099
UV: 0.556476 0.369066

Position: 1.42874 0.0497215 -1.63508
Normal: -0 -0.707115 -0.707099
UV: 0.556478 0.392483

Position: 1.42874 0.182138 -1.76749
Normal: -0 -0.707115 -0.707099
UV: 0.530342 0.392484

Position: 1.25382 0.182138 -1.76749
Normal: -0 -0.707115 -0.707099
UV: 0.530339 0.369068

Position: 1.25382 0.00125373 -1.4542
Normal: -0 -0.965924 -0.258827
UV: 0.582615 0.369069

Position: 1.42874 0.00125373 -1.4542
Normal: -0 -0.965924 -0.258827
UV: 0.582614 0.392481

Position: 1.42874 0.0497215 -1.63508
Normal: -0 -0.965924 -0.258827
UV: 0.556478 0.392483

Position: 1.25382 0.0497215 -1.63508
Normal: -0 -0.965924 -0.258827
UV: 0.556476 0.369066

Position: 1.25382 0.0497215 -1.27331
Normal: -0 -0.965927 0.258813
UV: 0.60875 0.369072

Position: 1.42874 0.0497215 -1.27331
Normal: -0 -0.965927 0.258813
UV: 0.608751 0.392484

Position: 1.42874 0.00125373 -1.4542
Normal: -0 -0.965927 0.258813
UV: 0.582614 0.392481

Position: 1.25382 0.00125373 -1.4542
Normal: -0 -0.965927 0.258813
UV: 0.582615 0.369069

Position: 1.25382 0.182138 -1.1409
Normal: -0 -0.707101 0.707112
UV: 0.478156 0.369741

Position: 1.42874 0.182138 -1.1409
Normal: -0 -0.707101 0.707112
UV: 0.478159 0.393153

Position: 1.42874 0.0497215 -1.27331
Normal: -0 -0.707101 0.707112
UV: 0.452021 0.393154

Position: 1.25382 0.0497215 -1.27331
Normal: -0 -0.707101 0.707112
UV: 0.452019 0.369742

Position: 1.25382 0.363022 -1.09243
Normal: -0 -0.258826 0.965924
UV: 0.504291 0.369736

Position: 1.42874 0.363022 -1.09243
Normal: -0 -0.258826 0.965924
UV: 0.504295 0.393148

Position: 1.42874 0.182138 -1.1409
Normal: -0 -0.258826 0.965924
UV: 0.478159 0.393153

Position: 1.25382 0.182138 -1.1409
Normal: -0 -0.258826 0.965924
UV: 0.478156 0.369741

Position: 1.25382 0.543906 -1.1409
Normal: -0 0.258826 0.965924
UV: 0.530429 0.369733

Position: 1.42874 0.543906 -1.1409
Normal: -0 0.258826 0.965924
UV: 0.530432 0.393147

Position: 1.42874 0.363022 -1.09243
Normal: -0 0.258826 0.965924
UV: 0.504295 0.393148

Position: 1.25382 0.363022 -1.09243
Normal: -0 0.258826 0.965924
UV: 0.504291 0.369736

Position: 1.25382 0.676322 -1.27331
Normal: -0 0.707101 0.707112
UV: 0.55657 0.369733

Position: 1.42874 0.676322 -1.27331
Normal: -0 0.707101 0.707112
UV: 0.556571 0.393148

Position: 1.42874 0.543906 -1.1409
Normal: -0 0.707101 0.707112
UV: 0.530432 0.393147

Position: 1.25382 0.543906 -1.1409
Normal: -0 0.707101 0.707112
UV: 0.530429 0.369733

Position: 1.25382 0.72479 -1.4542
Normal: -0 0.965927 0.258813
UV: 0.582708 0.36973

Position: 1.42874 0.676322 -1.27331
Normal: -0 0.965927 0.258813
UV: 0.556571 0.393148

Position: 1.25382 0.676322 -1.27331
Normal: -0 0.965927 0.258813
UV: 0.55657 0.369733

Position: 1.42874 0.72479 -1.4542
Normal: -0 0.965927 0.258813
UV: 0.58271 0.393142

Position: 1.25382 0.72479 -1.4542
Normal: -0 0.965924 -0.258827
UV: 0.582708 0.36973

Position: 1.25382 0.676322 -1.63508
Normal: -0 0.965924 -0.258827
UV: 0.60885 0.369729

Position: 1.42874 0.72479 -1.4542
Normal: -0 0.965924 -0.258827
UV: 0.58271 0.393142

Position: 1.42874 0.676322 -1.63508
Normal: -0 0.965924 -0.258827
UV: 0.608852 0.393144

Position: 1.42874 0.543906 -1.76749
Normal: 1 4.55429e-007 0
UV: 0.570843 0.342224

Position: 1.42874 0.363022 -1.4542
Normal: 1 9.07277e-014 0
UV: 0.531701 0.274449

Position: 1.42874 0.676322 -1.63508
Normal: 1 2.27716e-007 0
UV: 0.59949 0.313567

Position: 1.42874 0.363022 -1.81596
Normal: 1 2.0738e-014 0
UV: 0.531706 0.352713

Position: 1.42874 0.182138 -1.76749
Normal: 1 -4.55429e-007 0
UV: 0.492562 0.342221

Position: 1.42874 0.0497215 -1.63508
Normal: 1 -2.27716e-007 0
UV: 0.463915 0.313569

Position: 1.42874 0.00125373 -1.4542
Normal: 1 0 0
UV: 0.453434 0.274428

Position: 1.42874 0.0497215 -1.27331
Normal: 1 2.27713e-007 0
UV: 0.463928 0.235307

Position: 1.42874 0.182138 -1.1409
Normal: 1 -1.13858e-007 0
UV: 0.492573 0.206667

Position: 1.42874 0.363022 -1.09243
Normal: 1 2.07377e-014 0
UV: 0.531703 0.196182

Position: 1.42874 0.543906 -1.1409
Normal: 1 1.13858e-007 0
UV: 0.570831 0.206667

Position: 1.42874 0.676322 -1.27331
Normal: 1 -2.27713e-007 0
UV: 0.599474 0.235307

Position: 1.42874 0.72479 -1.4542
Normal: 1 0 0
UV: 0.609968 0.27443

Position: 1.35413 1.11072 2.77879
Normal: 1 -1.83997e-008 0
UV: 0.0718412 0.884922

Position: 1.35413 1.11072 3.02863
Normal: 1 0 0
UV: 0.0397931 0.884922

Position: 1.35413 2.86022 3.02863
Normal: 1 -4.84931e-008 0
UV: 0.039793 0.660507

Position: 1.35413 0.361899 3.02863
Normal: 1 0 0
UV: 0.731073 0.067502

Position: 1.35413 0.561634 3.02863
Normal: 1 0 0
UV: 0.731072 0.095382

Position: 1.35413 0.561634 2.85843
Normal: 1 1.9177e-007 0
UV: 0.707314 0.0953798

Position: 1.35413 0.361899 2.85843
Normal: 1 0 0
UV: 0.707321 0.0675151

Position: 1.35413 0.561634 -2.97491
Normal: 1 2.01383e-007 0
UV: 0.330677 0.335905

Position: 1.35413 0.361899 -2.91426
Normal: 1 1.92965e-007 0
UV: 0.322897 0.361526

Position: 1.35413 0.561634 -2.78756
Normal: 1 0 0
UV: 0.306643 0.335905

Position: 1.35413 0.361899 -2.78756
Normal: 1 0 0
UV: 0.306643 0.361526

Position: 1.26733 1.85486 -2.19576
Normal: 4.60494e-007 0.348099 -0.937458
UV: 0.266255 0.262173

Position: 1.26733 2.77958 -1.86369
Normal: 4.60494e-007 0.3481 -0.937457
UV: 0.266228 0.105016

Position: 1.35413 1.11072 -2.97948
Normal: -0 0 -1
UV: 0.79176 0.493368

Position: 1.35413 1.49281 -2.97948
Normal: -0 0 -1
UV: 0.79176 0.441027

Position: 0.827205 1.11072 -2.97948
Normal: -0 0 -1
UV: 0.867239 0.494099

Position: 1.35413 0.361899 -3.10162
Normal: 0.00337285 0 -0.999994
UV: 0.745582 0.079469

Position: 1.35413 0.561634 -3.10162
Normal: 0.00337285 0 -0.999994
UV: 0.745567 0.051582

Position: 1.35413 0.361899 -2.78756
Normal: -0 -1 0
UV: 0.575579 0.149474

Position: 1.35413 0.361899 -2.91426
Normal: -0 -1 0
UV: 0.575629 0.134505

Position: 1.35413 0.361899 3.02863
Normal: -0 -1 0
UV: 0.436316 0.396661

Position: 1.35413 0.361899 2.85843
Normal: -0 -1 0
UV: 0.423408 0.396653

Position: 1.35413 0.561634 3.02863
Normal: -0 0 1
UV: 0.731072 0.095382

Position: 1.35413 0.361899 3.02863
Normal: -0 0 1
UV: 0.731073 0.067502

Position: 1.35413 0.561634 3.02863
Normal: -0 0 1
UV: 0.996668 0.433302

Position: 0.827205 0.827222 3.02863
Normal: -3.80005e-007 0 1
UV: 0.922427 0.395294

Position: 1.35413 0.827222 3.02863
Normal: -0 0 1
UV: 0.996668 0.394884

Position: 1.26733 2.77958 -1.86369
Normal: 4.60494e-007 0.3481 -0.937457
UV: 0.650446 0.435113

Position: 1.35413 2.86022 -1.82618
Normal: 2.24331e-006 0.388616 -0.9214
UV: 0.660928 0.424834

Position: 1.35413 1.77422 -2.23327
Normal: 2.24331e-006 0.388614 -0.921401
UV: 0.48278 0.424951

Position: 1.26733 1.85486 -2.19576
Normal: 4.60494e-007 0.348099 -0.937458
UV: 0.493274 0.435217

Position: 1.35413 3.59776 -1.08368
Normal: -0 1 0
UV: 0.0457945 0.437518

Position: 1.35413 3.59776 3.02863
Normal: -0 1 0
UV: 0.526869 0.437518

Position: 1.35413 0.561634 -1.46689
Normal: 1 2.57486e-007 0
UV: 0.616453 0.955356

Position: 1.35413 0.361899 -2.78756
Normal: 1 0 0
UV: 0.787707 0.980977

Position: 1.35413 0.361899 -1.46689
Normal: 1 0 0
UV: 0.616453 0.980977

Position: 1.35413 1.83018 -1.08989
Normal: 1 -1.18444e-007 0
UV: 0.0237379 0.258833

Position: 1.35413 2.77781 -1.77396
Normal: 1 5.41835e-008 0
UV: 0.132141 0.11523

Position: 1.35413 1.8449 -2.10982
Normal: 1 -1.39299e-007 0
UV: 0.199095 0.258589

Position: 1.35413 2.77781 -1.08873
Normal: 1 -4.66928e-008 0
UV: 0.0242293 0.11538

Position: 1.35413 1.8449 -2.10982
Normal: 1 -1.39299e-007 0
UV: 0.698925 0.790745

Position: 1.35413 2.86022 -1.82618
Normal: 1 -4.19114e-007 0
UV: 0.662541 0.660507

Position: 1.35413 1.77422 -2.23327
Normal: 1 1.94088e-007 0
UV: 0.714762 0.799812

Position: 1.35413 2.77781 -1.77396
Normal: 1 5.41835e-008 0
UV: 0.655843 0.671078

Position: 1.35413 2.86022 -1.08368
Normal: 1 -4.12454e-008 0
UV: 0.567298 0.660507

Position: 1.35413 2.77781 -1.08873
Normal: 1 -4.66928e-008 0
UV: 0.567946 0.671078

Position: 1.35413 0.827222 3.02863
Normal: 1 0 0
UV: 0.032262 0.0686291

Position: 1.35413 1.11072 3.02863
Normal: 1 0 0
UV: 0.032287 0.0129501

Position: 1.35413 1.11072 2.77879
Normal: 1 -1.83997e-008 0
UV: 0.067166 0.0129631

Position: 1.35413 0.827222 2.77879
Normal: 1 1.75753e-007 0
UV: 0.067139 0.0686411

Position: 1.35413 0.827222 3.02863
Normal: 1 0 0
UV: 0.0397931 0.921288

Position: 1.35413 0.561634 2.85843
Normal: 1 1.9177e-007 0
UV: 0.0616246 0.955356

Position: 1.35413 0.561634 3.02863
Normal: 1 0 0
UV: 0.0397931 0.955356

Position: 1.35413 0.827222 2.77879
Normal: 1 1.75753e-007 0
UV: 0.0718412 0.921288

Position: 0.827205 0.827222 -2.97948
Normal: 0.000909823 -0.00463893 -0.999989
UV: 0.180913 0.0701771

Position: 1.35413 0.827222 -2.97948
Normal: 0.00151927 -0.00774632 -0.999969
UV: 0.107352 0.0701811

Position: 1.35413 1.11072 -2.97948
Normal: -0 0 -1
UV: 0.107343 0.0144721

Position: 0.827205 1.11072 -2.97948
Normal: -0 0 -1
UV: 0.180903 0.0144681

Position: 1.35413 0.827222 3.02863
Normal: -0 0 1
UV: 0.22643 0.0695481

Position: 0.827205 0.827222 3.02863
Normal: -3.80005e-007 0 1
UV: 0.152869 0.0695481

Position: 1.35413 1.11072 3.02863
Normal: -0 0 1
UV: 0.226429 0.0138221

Position: 0.827205 1.11072 3.02863
Normal: -2.50297e-007 0 1
UV: 0.152868 0.0138351

Position: 1.35413 1.11072 -2.70773
Normal: 1 -7.24996e-008 0
UV: 0.777468 0.884922

Position: 1.35413 1.11072 -2.97948
Normal: 1 6.67631e-008 0
UV: 0.812326 0.884922

Position: 1.35413 0.561634 -2.78756
Normal: 1 0 0
UV: 0.787707 0.955357

Position: 1.35413 0.827222 -2.70773
Normal: 1 2.90693e-008 0
UV: 0.777468 0.921288

Position: 1.35413 0.827222 -2.97948
Normal: 1 0 0
UV: 0.812326 0.921288

Position: 1.35413 0.827222 -2.70773
Normal: 1 2.90693e-008 0
UV: 0.241136 0.068832

Position: 1.35413 1.11072 -2.70773
Normal: 1 -7.24996e-008 0
UV: 0.241154 0.013122

Position: 1.35413 1.11072 -2.97948
Normal: 1 6.67631e-008 0
UV: 0.28578 0.013135

Position: 1.35413 0.827222 -2.97948
Normal: 1 0 0
UV: 0.285759 0.068833

Position: 1.35413 0.361899 -1.46689
Normal: -0 -1 0
UV: 0.095702 0.396403

Position: 1.35413 0.361899 -2.78756
Normal: -0 -1 0
UV: 0.020408 0.396412

Position: 1.35413 1.83018 -1.08989
Normal: 1 -1.18444e-007 0
UV: 0.568095 0.792635

Position: 0.827205 0.827222 -2.97948
Normal: 0.000909823 -0.00463893 -0.999989
UV: 0.866857 0.534333

Position: 1.35413 0.561634 -2.97491
Normal: 0.00242772 -0.0123783 -0.99992
UV: 0.79176 0.571337

Position: 1.35413 0.827222 -2.97948
Normal: 0.00151927 -0.00774632 -0.999969
UV: 0.79176 0.533657

Position: 1.35413 1.80052 1.29005
Normal: 1 -1.28719e-008 0
UV: 0.32456 0.204055

Position: 1.35413 1.80415 2.44945
Normal: 1 3.95763e-009 0
UV: 0.0969024 0.232204

Position: 1.35413 2.44032 2.43311
Normal: 1 -2.36644e-007 0
UV: 0.0813618 0.122578

Position: 1.35413 2.44212 1.29005
Normal: 1 -2.06508e-007 0
UV: 0.325002 0.127983

Position: 1.35413 2.86022 3.02863
Normal: -0 0 1
UV: 0.996668 0.110418

Position: 0.827205 1.11072 3.02863
Normal: -2.50297e-007 0 1
UV: 0.922177 0.355451

Position: 1.35413 1.11072 3.02863
Normal: -0 0 1
UV: 0.996668 0.354983

Position: 1.35413 0.361899 2.85843
Normal: 1 0 0
UV: 0.0616246 0.980977

Position: 1.40772 2.24378 -2.08372
Normal: -0 0.813091 -0.582137
UV: 0.711283 0.376378

Position: 1.67119 2.15506 -2.20763
Normal: -0 0.813091 -0.582137
UV: 0.674504 0.355103

Position: 1.71845 2.24378 -2.08372
Normal: -0 0.813091 -0.582137
UV: 0.667907 0.376378

Position: 1.45498 2.15506 -2.20763
Normal: -0 0.813091 -0.582137
UV: 0.704686 0.355103

Position: 1.67119 1.74919 -2.20763
Normal: -0 0 -1
UV: 0.65635 0.248456

Position: 1.67119 2.15506 -2.20763
Normal: -0 0 -1
UV: 0.71301 0.248456

Position: 1.45498 1.74919 -2.20763
Normal: -0 0 -1
UV: 0.65635 0.218274

Position: 1.45498 2.15506 -2.20763
Normal: -0 0 -1
UV: 0.71301 0.218274

Position: 1.40772 1.66047 -2.08372
Normal: -0 -0.81309 -0.582138
UV: 0.661471 0.313294

Position: 1.71845 1.66047 -2.08372
Normal: -0 -0.81309 -0.582138
UV: 0.704845 0.313292

Position: 1.67119 1.74919 -2.20763
Normal: -0 -0.81309 -0.582138
UV: 0.698248 0.292019

Position: 1.45498 1.74919 -2.20763
Normal: -0 -0.81309 -0.582137
UV: 0.668066 0.292019

Position: 1.71845 2.24378 -2.08372
Normal: -0 0 1
UV: 0.944324 0.0490045

Position: 1.71845 1.66047 -2.08372
Normal: -0 0 1
UV: 0.862895 0.0490045

Position: 1.40772 2.24378 -2.08372
Normal: -0 0 1
UV: 0.944324 0.0923805

Position: 1.40772 1.66047 -2.08372
Normal: -0 0 1
UV: 0.862895 0.0923805

Position: 1.40772 2.24378 -2.08372
Normal: -0.93435 0 -0.356358
UV: 0.819153 0.185087

Position: 1.40772 1.66047 -2.08372
Normal: -0.93435 0 -0.356358
UV: 0.737723 0.185087

Position: 1.45498 1.74919 -2.20763
Normal: -0.93435 0 -0.356358
UV: 0.750109 0.2036

Position: 1.45498 2.15506 -2.20763
Normal: -0.93435 0 -0.356358
UV: 0.806767 0.2036

Position: 1.71845 1.66047 -2.08372
Normal: 0.934348 0 -0.356361
UV: 0.819035 0.185091

Position: 1.71845 2.24378 -2.08372
Normal: 0.934348 0 -0.356361
UV: 0.737606 0.185092

Position: 1.67119 2.15506 -2.20763
Normal: 0.934348 0 -0.356361
UV: 0.749991 0.203605

Position: 1.67119 1.74919 -2.20763
Normal: 0.934348 0 -0.356361
UV: 0.806649 0.203605

Position: 1.25382 0.543906 2.08053
Normal: -0 0.707101 -0.707112
UV: 0.478059 0.369074

Position: 1.42874 0.543906 2.08053
Normal: -0 0.707101 -0.707112
UV: 0.47806 0.39249

Position: 1.42874 0.676322 2.21295
Normal: -0 0.707101 -0.707112
UV: 0.451919 0.392489

Position: 1.25382 0.676322 2.21295
Normal: -0 0.707101 -0.707112
UV: 0.451919 0.369075

Position: 1.25382 0.363022 2.03206
Normal: -0 0.258827 -0.965924
UV: 0.504199 0.369072

Position: 1.42874 0.363022 2.03206
Normal: -0 0.258827 -0.965924
UV: 0.504202 0.392487

Position: 1.42874 0.543906 2.08053
Normal: -0 0.258827 -0.965924
UV: 0.47806 0.39249

Position: 1.25382 0.543906 2.08053
Normal: -0 0.258827 -0.965924
UV: 0.478059 0.369074

Position: 1.25382 0.182138 2.08053
Normal: -0 -0.258827 -0.965924
UV: 0.530339 0.369068

Position: 1.42874 0.182138 2.08053
Normal: -0 -0.258827 -0.965924
UV: 0.530342 0.392484

Position: 1.42874 0.363022 2.03206
Normal: -0 -0.258827 -0.965924
UV: 0.504202 0.392487

Position: 1.25382 0.363022 2.03206
Normal: -0 -0.258827 -0.965924
UV: 0.504199 0.369072

Position: 1.25382 0.0497215 2.21295
Normal: -0 -0.707101 -0.707112
UV: 0.556476 0.369066

Position: 1.42874 0.0497215 2.21295
Normal: -0 -0.707101 -0.707112
UV: 0.556478 0.392483

Position: 1.42874 0.182138 2.08053
Normal: -0 -0.707101 -0.707112
UV: 0.530342 0.392484

Position: 1.25382 0.182138 2.08053
Normal: -0 -0.707101 -0.707112
UV: 0.530339 0.369068

Position: 1.25382 0.00125373 2.39384
Normal: -0 -0.965927 -0.258813
UV: 0.582615 0.369069

Position: 1.42874 0.00125373 2.39384
Normal: -0 -0.965927 -0.258813
UV: 0.582614 0.392481

Position: 1.42874 0.0497215 2.21295
Normal: -0 -0.965927 -0.258813
UV: 0.556478 0.392483

Position: 1.25382 0.0497215 2.21295
Normal: -0 -0.965927 -0.258813
UV: 0.556476 0.369066

Position: 1.25382 0.0497215 2.57471
Normal: -0 -0.965924 0.258827
UV: 0.60875 0.369072

Position: 1.42874 0.0497215 2.57471
Normal: -0 -0.965924 0.258827
UV: 0.608751 0.392484

Position: 1.42874 0.00125373 2.39384
Normal: -0 -0.965924 0.258827
UV: 0.582614 0.392481

Position: 1.25382 0.00125373 2.39384
Normal: -0 -0.965924 0.258827
UV: 0.582615 0.369069

Position: 1.25382 0.182138 2.70713
Normal: -0 -0.707116 0.707098
UV: 0.478156 0.369741

Position: 1.42874 0.182138 2.70713
Normal: -0 -0.707116 0.707098
UV: 0.478159 0.393153

Position: 1.42874 0.0497215 2.57471
Normal: -0 -0.707116 0.707098
UV: 0.452021 0.393154

Position: 1.25382 0.0497215 2.57471
Normal: -0 -0.707116 0.707098
UV: 0.452019 0.369742

Position: 1.25382 0.363022 2.7556
Normal: -0 -0.258826 0.965924
UV: 0.504291 0.369736

Position: 1.42874 0.363022 2.7556
Normal: -0 -0.258826 0.965924
UV: 0.504295 0.393148

Position: 1.42874 0.182138 2.70713
Normal: -0 -0.258826 0.965924
UV: 0.478159 0.393153

Position: 1.25382 0.182138 2.70713
Normal: -0 -0.258826 0.965924
UV: 0.478156 0.369741

Position: 1.25382 0.543906 2.70713
Normal: -0 0.258826 0.965924
UV: 0.530429 0.369733

Position: 1.42874 0.543906 2.70713
Normal: -0 0.258826 0.965924
UV: 0.530432 0.393147

Position: 1.42874 0.363022 2.7556
Normal: -0 0.258826 0.965924
UV: 0.504295 0.393148

Position: 1.25382 0.363022 2.7556
Normal: -0 0.258826 0.965924
UV: 0.504291 0.369736

Position: 1.25382 0.543906 2.70713
Normal: -0 0.707116 0.707098
UV: 0.530429 0.369733

Position: 1.25382 0.676322 2.57471
Normal: -0 0.707116 0.707098
UV: 0.55657 0.369733

Position: 1.42874 0.543906 2.70713
Normal: -0 0.707116 0.707098
UV: 0.530432 0.393147

Position: 1.42874 0.676322 2.57471
Normal: -0 0.707116 0.707098
UV: 0.556571 0.393148

Position: 1.25382 0.72479 2.39384
Normal: -0 0.965924 0.258827
UV: 0.582708 0.36973

Position: 1.42874 0.676322 2.57471
Normal: -0 0.965924 0.258827
UV: 0.556571 0.393148

Position: 1.25382 0.676322 2.57471
Normal: -0 0.965924 0.258827
UV: 0.55657 0.369733

Position: 1.42874 0.72479 2.39384
Normal: -0 0.965924 0.258827
UV: 0.58271 0.393142

Position: 1.25382 0.676322 2.21295
Normal: -0 0.965927 -0.258813
UV: 0.60885 0.369729

Position: 1.42874 0.72479 2.39384
Normal: -0 0.965927 -0.258813
UV: 0.58271 0.393142

Position: 1.25382 0.72479 2.39384
Normal: -0 0.965927 -0.258813
UV: 0.582708 0.36973

Position: 1.42874 0.676322 2.21295
Normal: -0 0.965927 -0.258813
UV: 0.608852 0.393144

Position: 1.42874 0.543906 2.08053
Normal: 1 -4.55427e-007 0
UV: 0.570843 0.342224

Position: 1.42874 0.363022 2.39384
Normal: 1 7.77666e-014 0
UV: 0.531701 0.274449

Position: 1.42874 0.676322 2.21295
Normal: 1 -2.27713e-007 0
UV: 0.59949 0.313567

Position: 1.42874 0.363022 2.03206
Normal: 1 -2.07377e-014 0
UV: 0.531706 0.352713

Position: 1.42874 0.182138 2.08053
Normal: 1 4.55427e-007 0
UV: 0.492562 0.342221

Position: 1.42874 0.0497215 2.21295
Normal: 1 2.27713e-007 0
UV: 0.463915 0.313569

Position: 1.42874 0.00125373 2.39384
Normal: 1 0 0
UV: 0.453434 0.274428

Position: 1.42874 0.0497215 2.57471
Normal: 1 2.27716e-007 0
UV: 0.463928 0.235307

Position: 1.42874 0.182138 2.70713
Normal: 1 -1.13859e-007 0
UV: 0.492573 0.206667

Position: 1.42874 0.363022 2.7556
Normal: 1 2.07379e-014 0
UV: 0.531703 0.196182

Position: 1.42874 0.543906 2.70713
Normal: 1 1.13859e-007 0
UV: 0.570831 0.206667

Position: 1.42874 0.676322 2.57471
Normal: 1 -2.27715e-007 0
UV: 0.599474 0.235307

Position: 1.42874 0.72479 2.39384
Normal: 1 0 0
UV: 0.609968 0.27443

Position: 1.35413 2.86022 -1.82618
Normal: -0 1 0
UV: 0.0271404 0.779861

Position: 1.35413 2.86022 -1.08368
Normal: -0 1 0
UV: 0.0271403 0.667852

Position: 1.35413 3.59776 -1.08368
Normal: 0.000101457 0 -1
UV: 0.860858 0.62685

Position: -0 3.59776 -1.08382
Normal: 0.000101457 0 -1
UV: 0.976982 0.62685

Position: 1.35413 2.86022 -1.08368
Normal: 0.000101457 0 -1
UV: 0.860858 0.689944

Position: -0 2.86022 -1.08382
Normal: 0.000101457 0 -1
UV: 0.976982 0.689944

Position: 1.35413 3.59776 3.02863
Normal: -0 0 1
UV: 0.0366122 0.79568

Position: 1.35413 2.86022 3.02863
Normal: -0 0 1
UV: 0.0366121 0.684417

Position: 1.35413 3.59776 -1.08368
Normal: 1 0 0
UV: 0.362661 0.635575

Position: 1.35413 2.86022 3.02863
Normal: 1 -4.84931e-008 0
UV: 0.050777 0.730183

Position: 1.35413 3.59776 3.02863
Normal: 1 0 0
UV: 0.0507768 0.635575

Position: 1.35413 2.86022 -1.08368
Normal: 1 -4.12454e-008 0
UV: 0.362661 0.730183

Position: 1.35413 1.49281 -2.97948
Normal: -0 0.935675 -0.352862
UV: 0.115228 0.595585

Position: 1.35413 1.77422 -2.23327
Normal: -0 0.935675 -0.352862
UV: 0.115228 0.435246

Position: 1.35413 1.49281 -2.97948
Normal: 1 0 0
UV: 0.812326 0.83591

Position: 1.35413 0.561634 -2.97491
Normal: 1 2.01383e-007 0
UV: 0.81174 0.955356

Position: 1.35413 0.361899 -3.10162
Normal: 1 4.75095e-007 0
UV: 0.34693 0.361526

Position: 1.35413 0.561634 -3.10162
Normal: 1 4.75095e-007 0
UV: 0.34693 0.335905

Position: 1.35413 0.361899 -3.10162
Normal: -0 -1 0
UV: 0.745567 0.051582

Position: 1.35413 0.361899 -2.91426
Normal: -0 -1 0
UV: 0.745567 0.051582

Position: 1.35413 1.80415 2.44945
Normal: 1 3.95763e-009 0
UV: 0.114086 0.795974

Position: 1.35413 2.44032 2.43311
Normal: 1 -2.36644e-007 0
UV: 0.116183 0.714369

Position: 1.35413 1.80052 1.29005
Normal: 1 -1.28719e-008 0
UV: 0.262809 0.796439

Position: 1.35413 2.44212 1.29005
Normal: 1 -2.06508e-007 0
UV: 0.262809 0.714138

Position: 1.35413 0.561634 -3.10162
Normal: -0 1 0
UV: 0.599451 0.114486

Position: 1.35413 0.561634 -2.97491
Normal: -0 1 0
UV: 0.599451 0.0953712


[INDEX_DATA]
0 2 1
2 3 1
4 6 5
5 7 4
8 10 9
8 11 10
12 14 13
12 15 14
16 18 17
16 19 18
17 21 20
17 18 21
6 23 22
22 5 6
24 15 12
24 25 15
26 28 27
28 29 27
30 32 31
32 33 31
34 36 35
36 37 35
38 40 39
40 41 39
42 44 43
44 42 45
46 48 47
48 49 47
50 52 51
52 53 51
54 56 55
56 57 55
58 60 59
60 61 59
62 64 63
64 62 65
66 68 67
66 69 68
70 72 71
70 73 72
74 76 75
74 77 76
78 80 79
78 81 80
82 84 83
83 85 82
86 88 87
87 89 86
90 92 91
91 93 90
94 96 95
95 97 94
98 100 99
99 101 98
102 104 103
102 105 104
106 108 107
107 109 106
110 112 111
112 110 113
114 116 115
115 117 114
118 120 119
119 121 118
122 124 123
123 125 122
126 128 127
127 129 126
130 132 131
132 130 133
134 136 135
135 137 134
138 140 139
139 141 138
142 144 143
144 145 143
146 148 147
147 148 149
150 152 151
151 153 150
154 156 155
155 157 154
158 160 159
159 161 158
162 164 163
163 165 162
166 168 167
167 169 166
170 172 171
171 173 170
174 176 175
175 177 174
178 180 179
179 181 178
182 184 183
183 185 182
186 188 187
187 188 189
190 192 191
191 192 193
194 196 195
197 196 194
198 196 197
199 196 198
200 196 199
201 196 200
202 196 201
203 196 202
204 196 203
205 196 204
206 196 205
195 196 206
207 209 208
210 212 211
211 213 210
214 216 215
215 217 214
218 220 219
219 221 218
222 224 223
223 224 225
226 228 227
229 227 228
230 232 231
233 231 232
234 236 235
237 239 238
240 238 239
241 243 242
244 242 243
245 247 246
246 248 245
248 250 249
248 246 250
251 252 250
249 250 252
253 255 254
255 256 254
257 259 258
260 262 261
261 263 260
264 266 265
265 267 264
268 269 267
269 264 267
270 272 271
271 273 270
274 276 275
275 277 274
278 280 279
281 279 280
282 284 283
283 285 282
265 266 286
287 286 266
288 259 257
288 290 289
290 288 257
291 293 292
292 294 291
235 236 295
295 296 235
295 297 296
257 275 276
290 257 276
276 207 286
286 290 276
207 298 286
298 265 286
225 299 223
300 223 299
301 300 299
301 302 300
303 305 304
305 306 304
307 309 308
308 310 307
308 243 241
241 310 308
311 275 257
257 258 311
312 314 313
313 315 312
316 318 317
317 319 316
320 322 321
321 323 320
324 326 325
325 327 324
328 330 329
331 328 329
332 334 333
335 332 333
336 338 337
337 339 336
340 342 341
341 343 340
344 346 345
345 347 344
348 350 349
349 351 348
352 354 353
353 355 352
356 358 357
357 359 356
360 362 361
361 363 360
364 366 365
365 367 364
368 370 369
369 371 368
372 374 373
373 374 375
376 378 377
377 378 379
380 382 381
381 382 383
384 386 385
387 386 384
388 386 387
389 386 388
390 386 389
391 386 390
392 386 391
393 386 392
394 386 393
395 386 394
396 386 395
385 386 396
397 399 398
397 400 399
401 403 402
401 404 403
405 407 406
406 408 405
409 411 410
409 412 411
413 415 414
415 413 416
417 419 418
419 417 420
421 423 422
421 424 423
266 425 287
289 426 288
214 217 427
217 428 427
429 431 430
430 432 429
268 208 269
433 207 208
208 434 433
433 435 207
207 435 298
435 436 298
298 436 268
268 436 208
436 434 208
437 439 438
437 440 439
441 443 442
443 444 442
445 447 446
445 448 447
449 451 450
449 452 451
453 455 454
453 456 455
457 459 458
457 460 459
461 463 462
461 464 463
465 467 466
465 468 467
469 471 470
469 472 471
473 475 474
473 476 475
477 479 478
477 480 479
481 483 482
482 484 481
485 487 486
487 488 486
489 491 490
492 489 490
493 492 490
494 493 490
495 494 490
496 495 490
497 496 490
498 497 490
499 498 490
500 499 490
501 500 490
491 501 490
502 504 503
505 507 506
505 508 507
509 511 510
512 510 511
220 218 513
513 218 514
515 517 516
516 517 225
228 519 518
228 226 519
232 521 520
232 230 521
522 235 523
239 525 524
239 237 525
526 527 241
527 526 528
529 247 245
245 530 529
531 532 530
532 529 530
252 532 531
252 251 532
255 534 533
533 256 255
535 537 536
538 540 539
539 541 538
542 544 543
543 545 542
546 547 545
546 545 543
548 550 549
548 551 550
552 554 553
553 555 552
556 558 557
556 559 558
560 562 561
563 561 562
564 565 544
564 544 542
566 535 536
566 568 567
567 535 566
569 571 570
569 572 571
235 296 573
573 523 235
573 296 574
555 553 535
555 535 567
502 555 564
555 567 564
564 575 502
564 542 575
517 576 299
225 517 299
577 299 576
576 578 577
579 581 580
581 579 582
583 310 584
584 585 583
241 527 584
584 310 241
553 586 535
586 537 535
587 589 588
588 590 587
591 593 592
593 594 592
595 597 596
595 598 597
599 601 600
601 602 600
603 605 604
603 606 605
607 609 608
607 610 609
611 613 612
611 614 613
615 617 616
615 618 617
619 621 620
619 622 621
623 625 624
623 626 625
627 629 628
627 630 629
631 633 632
631 634 633
635 637 636
635 638 637
639 641 640
639 642 641
643 645 644
643 646 645
647 649 648
649 650 648
651 653 652
652 654 651
655 657 656
656 658 655
659 661 660
662 659 660
663 662 660
664 663 660
665 664 660
666 665 660
667 666 660
668 667 660
669 668 660
670 669 660
671 670 660
661 671 660
397 673 672
672 400 397
674 676 675
677 675 676
419 418 420
418 417 420
678 410 411
411 679 678
680 682 681
681 683 680
405 407 408
407 406 408
424 421 684
685 684 421
544 565 686
568 566 687
510 688 509
509 688 689
690 691 429
429 432 690
547 546 504
692 693 504
502 692 504
694 692 502
575 694 502
695 694 575
575 547 695
504 693 695
504 695 547
440 437 696
697 696 437

