[FBX_META_DATA]
MeshCount: 1

[MESH_DATA]
VertexCount: 636
IndexCount: 1197
BoneCount: 0
AnimationClips: 0

[VERTEX_DATA]
Position: -2.54532 9.55433 -5.45216
Normal: -0 -1 0
UV: 1.33247 0.179685

Position: -0 9.55433 -5.45216
Normal: -0 -1 0
UV: 1.27674 0.179685

Position: -0 9.55433 -5.67384
Normal: -0 -1 0
UV: 1.27674 0.175577

Position: -2.54532 9.55433 -5.67384
Normal: -0 -1 -1.70013e-008
UV: 1.33247 0.175577

Position: -3.31482 9.55433 -5.67384
Normal: -0 -1 -2.18002e-006
UV: 1.34558 0.175577

Position: -3.45695 9.55433 -5.81596
Normal: -0 -1 -5.92592e-007
UV: 1.34899 0.172943

Position: -0 9.55433 -5.81596
Normal: -0 -1 0
UV: 1.24896 0.172943

Position: -3.45695 9.55433 -5.81596
Normal: 2.1711e-006 0 -1
UV: 1.34899 0.172943

Position: -0 9.55433 -5.81596
Normal: 2.1711e-006 0 -1
UV: 1.24896 0.172943

Position: -0 10.2214 -5.81596
Normal: 2.1711e-006 0 -1
UV: 1.24896 0.139098

Position: -3.45695 10.2214 -5.81596
Normal: 2.1711e-006 0 -1
UV: 1.35762 0.139099

Position: -3.0718 10.2214 -5.43082
Normal: -0 1 -4.41289e-007
UV: 1.35722 0.120673

Position: -0 10.2214 -5.81596
Normal: -0 1 -1.13783e-006
UV: 1.24896 0.139098

Position: -0 10.2214 -5.43083
Normal: -0 1 -1.13783e-006
UV: 1.24896 0.120673

Position: -3.45695 10.2214 -5.81596
Normal: -0 1 -4.4129e-007
UV: 1.35762 0.139099

Position: -3.0718 10.2214 -5.43082
Normal: 4.93997e-006 0 1
UV: 1.18152 0.163576

Position: -0 10.2214 -5.43083
Normal: 4.93997e-006 0 1
UV: 1.36721 0.163576

Position: -0 10.137 -5.43083
Normal: 4.93997e-006 0 1
UV: 1.36721 0.14773

Position: -3.0718 10.137 -5.43082
Normal: 4.93997e-006 0 1
UV: 1.18152 0.14773

Position: -3.0718 10.137 -5.43082
Normal: -0 1 0
UV: 1.11476 0.0296131

Position: -0 10.137 -5.43083
Normal: -0 1 0
UV: 1.11476 0.100401

Position: -0 10.137 0
Normal: -0 1 0
UV: 1.30902 0.100401

Position: -3.09315 4.81256 -1.63127
Normal: 6.88939e-005 0 -1
UV: 0.468996 0.579891

Position: -3.09315 9.55433 -1.63127
Normal: 6.89544e-005 0 -1
UV: 0.468996 0.204662

Position: -3.31482 4.81256 -1.63129
Normal: 6.88939e-005 0 -1
UV: 0.485756 0.579884

Position: -3.31482 9.55433 -1.63129
Normal: 6.89544e-005 0 -1
UV: 0.485756 0.204632

Position: -3.09315 4.81256 -1.63127
Normal: -1 0 -1.74823e-006
UV: 0.468996 0.579891

Position: -3.09314 9.55433 -4.90433
Normal: -1 0 -1.74823e-006
UV: 0.139443 0.204816

Position: -3.09315 9.55433 -1.63127
Normal: -1 0 -1.74823e-006
UV: 0.468996 0.204662

Position: -3.09314 4.81256 -4.90433
Normal: -1 0 -1.74823e-006
UV: 0.139443 0.579804

Position: -3.09314 9.55433 -4.90433
Normal: -3.44772e-005 0 1
UV: 0.139443 0.204816

Position: -3.09314 4.81256 -4.90433
Normal: -3.42218e-005 0 1
UV: 0.139443 0.579804

Position: -3.31482 9.55433 -4.90434
Normal: -3.44772e-005 0 1
UV: 0.0970972 0.205457

Position: -3.31482 4.81256 -4.90434
Normal: -3.42218e-005 0 1
UV: 0.0970972 0.579726

Position: -3.31482 4.81256 -4.90434
Normal: -1 0 0
UV: 0.097097 0.579565

Position: -3.31482 9.55433 -5.67384
Normal: -1 0 0
UV: 0.0364509 0.205872

Position: -3.31482 9.55433 -4.90434
Normal: -1 0 0
UV: 0.097097 0.205872

Position: -3.31482 4.81256 -5.67384
Normal: -1 0 0
UV: 0.0364509 0.579565

Position: -3.31482 4.81256 0
Normal: -1 0 3.50769e-006
UV: 0.539847 0.579884

Position: -3.31482 9.55433 -1.63129
Normal: -1 0 3.50769e-006
UV: 0.542457 0.20463

Position: -3.31482 9.55433 0
Normal: -1 0 3.50769e-006
UV: 0.539846 0.204629

Position: -3.31482 4.81256 -1.63129
Normal: -1 0 3.50769e-006
UV: 0.542457 0.579884

Position: -3.09315 9.55433 -1.63127
Normal: -0 -1 9.98467e-008
UV: 1.27674 0.179685

Position: -3.09314 9.55433 -4.90433
Normal: -0 -1 9.98467e-008
UV: 1.33247 0.179685

Position: -3.31482 9.55433 -1.63129
Normal: -0 -1 1.05286e-007
UV: 1.27674 0.175577

Position: -3.31482 9.55433 -4.90434
Normal: -0 -1 1.07289e-007
UV: 1.33247 0.175577

Position: -3.45695 9.55433 0
Normal: -0 -1 -4.43552e-007
UV: 1.24896 0.172943

Position: -3.31482 9.55433 0
Normal: -0 -1 -6.24883e-007
UV: 1.24896 0.175577

Position: -3.45695 9.55433 0
Normal: -1 -9.83223e-007 -6.14908e-008
UV: 1.24896 0.172943

Position: -3.45695 9.55433 -5.81596
Normal: -1 -9.83223e-007 -6.14908e-008
UV: 1.34899 0.172943

Position: -3.45695 10.2214 -1.16229e-006
Normal: -1 -9.83223e-007 -6.14908e-008
UV: 1.24896 0.139098

Position: -3.45695 10.2214 -5.81596
Normal: -1 -9.83223e-007 -6.14908e-008
UV: 1.35762 0.139099

Position: -3.45695 10.2214 -1.16229e-006
Normal: -0 1 -3.69589e-008
UV: 1.24896 0.139098

Position: -3.0718 10.2214 0
Normal: -0 1 -3.69589e-008
UV: 1.24896 0.120673

Position: -3.0718 10.2214 0
Normal: 1 0 0
UV: 1.36721 0.163576

Position: -3.0718 10.2214 -5.43082
Normal: 1 0 0
UV: 1.18152 0.163576

Position: -3.0718 10.137 0
Normal: 1 0 0
UV: 1.36721 0.14773

Position: -3.0718 10.137 -5.43082
Normal: 1 0 0
UV: 1.18152 0.14773

Position: -3.0718 10.137 0
Normal: -0 1 0
UV: 1.11476 0.100401

Position: -2.54532 9.05309e-018 -5.67384
Normal: -0 0 -1
UV: 0.097097 0.998008

Position: -2.54532 4.81256 -5.67384
Normal: -0 0 -1
UV: 0.097097 0.579565

Position: -3.31482 9.05309e-018 -5.67384
Normal: -0 0 -1
UV: 0.036451 0.998008

Position: -3.31482 4.81256 -5.67384
Normal: -0 0 -1
UV: 0.0364509 0.579565

Position: -2.54532 4.81256 -5.45216
Normal: 1 0 0
UV: 0.139443 0.579804

Position: -2.54532 9.05309e-018 -5.67384
Normal: 1 0 0
UV: 0.097097 0.998008

Position: -2.54532 9.05309e-018 -5.45216
Normal: 1 0 0
UV: 0.139443 1

Position: -2.54532 4.81256 -5.67384
Normal: 1 0 0
UV: 0.0970972 0.579726

Position: -0 4.81256 -5.45216
Normal: -0 0 -1
UV: 0.428958 0.579891

Position: -2.54532 9.05309e-018 -5.45216
Normal: -0 0 -1
UV: 0.139443 1

Position: -0 9.05309e-018 -5.45216
Normal: -0 0 -1
UV: 0.428958 1.00001

Position: -2.54532 4.81256 -5.45216
Normal: -0 0 -1
UV: 0.139443 0.579804

Position: -2.54532 9.55433 -5.45216
Normal: -0 0 -1
UV: 0.139443 0.204816

Position: -0 9.55433 -5.45216
Normal: -0 0 -1
UV: 0.428958 0.204662

Position: -2.54532 9.55433 -5.45216
Normal: 1 0 0
UV: 0.139443 0.204816

Position: -2.54532 9.55433 -5.67384
Normal: 1 0 0
UV: 0.0970972 0.205457

Position: -3.31482 9.55433 -5.67384
Normal: -0 0 -1
UV: 0.0364509 0.205872

Position: -2.54532 9.55433 -5.67384
Normal: -0 0 -1
UV: 0.097097 0.205872

Position: -3.31482 9.05309e-018 -4.90434
Normal: -1 0 0
UV: 0.097097 0.998008

Position: -3.31482 9.05309e-018 -5.67384
Normal: -1 0 0
UV: 0.036451 0.998008

Position: -3.31482 9.05309e-018 -4.90434
Normal: -3.39701e-005 0 1
UV: 0.097097 0.998008

Position: -3.09314 9.05309e-018 -4.90433
Normal: -3.39701e-005 0 1
UV: 0.139443 1

Position: -3.09315 9.05309e-018 -1.63127
Normal: -1 0 -1.74823e-006
UV: 0.468996 1.00001

Position: -3.09314 9.05309e-018 -4.90433
Normal: -1 0 -1.74823e-006
UV: 0.139443 1

Position: -3.31482 9.05309e-018 -1.63129
Normal: 6.88342e-005 0 -1
UV: 0.485756 1

Position: -3.09315 9.05309e-018 -1.63127
Normal: 6.88342e-005 0 -1
UV: 0.468996 1.00001

Position: -3.31482 9.05309e-018 -1.63129
Normal: -1 0 3.50769e-006
UV: 0.542457 1

Position: -3.31482 9.05309e-018 0
Normal: -1 0 3.50769e-006
UV: 0.539846 1

Position: -0.952564 0.212061 -5.59121
Normal: -0 0 -1
UV: 0.952843 0.609018

Position: -2.36745 3.72196 -5.59121
Normal: -0 0 -1
UV: 0.680958 0.146411

Position: -2.36745 0.212061 -5.59121
Normal: -0 0 -1
UV: 0.680958 0.609018

Position: -0.952564 3.72196 -5.59121
Normal: -0 0 -1
UV: 0.952843 0.146411

Position: 0.462326 -1.64996e-007 -5.78942
Normal: -0 0 -1
UV: 0.829285 0.98104

Position: -2.36745 0.212061 -5.78942
Normal: -0 0 -1
UV: 0.802264 0.994604

Position: -2.36745 -1.64996e-007 -5.78942
Normal: -0 0 -1
UV: 0.802264 0.98104

Position: 0.462326 0.212061 -5.78942
Normal: -0 0 -1
UV: 0.829285 0.994604

Position: -2.36745 0.212061 -5.78942
Normal: -0 1 0
UV: 0.701132 0.993576

Position: 0.462326 0.212061 -5.78942
Normal: -0 1 0
UV: 0.728154 0.993576

Position: -2.36745 0.212061 -5.59121
Normal: -0 1 0
UV: 0.701132 0.993576

Position: 0.462326 0.212061 -5.59121
Normal: -0 1 0
UV: 0.728154 0.993576

Position: 0.462326 -1.64996e-007 -5.59121
Normal: 1 0 0
UV: 0.918345 0.995433

Position: 0.462326 0.212061 -5.59121
Normal: 1 0 0
UV: 0.918345 0.981104

Position: 0.462326 -1.64996e-007 -5.78942
Normal: 1 0 0
UV: 0.952583 0.995433

Position: 0.462326 0.212061 -5.78942
Normal: 1 0 0
UV: 0.952583 0.981104

Position: 0.462326 -1.64996e-007 -5.78942
Normal: -0 -1 0
UV: 0.948243 0.993381

Position: -2.36745 -1.64996e-007 -5.78942
Normal: -0 -1 0
UV: 0.921221 0.993381

Position: 0.462326 -1.64996e-007 -5.59121
Normal: -0 -1 0
UV: 0.948243 0.982754

Position: -2.36745 -1.64996e-007 -5.59121
Normal: -0 -1 0
UV: 0.921221 0.982754

Position: -2.36745 0.212061 -5.59121
Normal: -1 0 0
UV: 0.952583 0.981104

Position: -2.36745 -1.64996e-007 -5.59121
Normal: -1 0 0
UV: 0.952583 0.995433

Position: -2.36745 0.212061 -5.78942
Normal: -1 0 0
UV: 0.918345 0.981104

Position: -2.36745 -1.64996e-007 -5.78942
Normal: -1 0 0
UV: 0.918345 0.995433

Position: 0.462326 3.72196 -5.43084
Normal: -0 1 1.05074e-006
UV: 0.802364 0.981683

Position: -0.952564 3.72196 -5.59121
Normal: -0 1 1.05074e-006
UV: 0.816412 0.993933

Position: 0.462326 3.72196 -5.59121
Normal: -0 1 1.05074e-006
UV: 0.802364 0.993933

Position: -2.36745 3.72196 -5.43084
Normal: -0 1 1.05074e-006
UV: 0.83046 0.981683

Position: -2.36745 3.72196 -5.59121
Normal: -0 1 1.05074e-006
UV: 0.83046 0.993933

Position: -2.36745 3.72196 -5.59121
Normal: -1 0 0
UV: 0.705172 0.992968

Position: -2.36745 3.72196 -5.43084
Normal: -1 0 0
UV: 0.705172 0.980718

Position: -2.36745 0.212061 -5.59121
Normal: -1 0 0
UV: 0.728507 0.992968

Position: 0.462326 0.212061 -5.59121
Normal: 1 0 0
UV: 0.705172 0.992968

Position: 0.462326 -1.64996e-007 -5.43084
Normal: 1 0 0
UV: 0.705172 0.980718

Position: 0.462326 3.72196 -5.43084
Normal: 1 0 0
UV: 0.728507 0.980718

Position: -2.36745 0.212061 -5.59121
Normal: -1 0 0
UV: 0.705172 0.992968

Position: -2.36745 -1.64996e-007 -5.43084
Normal: -1 0 0
UV: 0.71684 0.980718

Position: -2.36745 -1.64996e-007 -5.59121
Normal: -1 0 0
UV: 0.728507 0.992968

Position: 0.462326 -1.64996e-007 -5.59121
Normal: 1 0 0
UV: 0.705172 0.992968

Position: 0.462326 -1.64996e-007 -5.43084
Normal: 1 0 0
UV: 0.71684 0.980718

Position: 0.462326 0.212061 -5.59121
Normal: 1 0 0
UV: 0.728507 0.992968

Position: 0.462326 -1.64996e-007 -5.43084
Normal: -0 -1 0
UV: 0.946062 0.981683

Position: -2.36745 -1.64996e-007 -5.59121
Normal: -0 -1 0
UV: 0.922047 0.993933

Position: -2.36745 -1.64996e-007 -5.43084
Normal: -0 -1 0
UV: 0.922047 0.981683

Position: 0.462326 -1.64996e-007 -5.59121
Normal: -0 -1 0
UV: 0.946062 0.993933

Position: -2.36745 -1.64996e-007 -5.43084
Normal: -1 0 0
UV: 0.728507 0.980718

Position: 0.462326 3.72196 -5.59121
Normal: 1 0 0
UV: 0.728507 0.992968

Position: 0.462326 0.212061 -5.59121
Normal: -0 0 -1
UV: 0.680958 0.609018

Position: 0.462326 3.72196 -5.59121
Normal: -0 0 -1
UV: 0.680958 0.146411

Position: -2.20393 4.88402 -5.59525
Normal: -0 0 -1
UV: 0.960083 0.975103

Position: -0.847782 4.88402 -5.59525
Normal: -0 0 -1
UV: 0.696956 0.975103

Position: -0.847782 6.46894 -5.59525
Normal: -0 0 -1
UV: 0.696956 0.667587

Position: -2.20393 6.46894 -5.59525
Normal: -0 0 -1
UV: 0.960083 0.667587

Position: -2.20393 4.67195 -5.79346
Normal: -0 0 -1
UV: 0.829285 0.98104

Position: -0.847782 4.67195 -5.79346
Normal: -0 0 -1
UV: 0.802264 0.98104

Position: -0.847782 4.88402 -5.79346
Normal: -0 0 -1
UV: 0.802264 0.994604

Position: -2.20393 4.88402 -5.79346
Normal: -0 0 -1
UV: 0.829285 0.994604

Position: -2.20393 4.88402 -5.79346
Normal: -0 1 0
UV: 0.728154 0.993576

Position: -0.847782 4.88402 -5.59525
Normal: -0 1 0
UV: 0.701132 0.993576

Position: -2.20393 4.88402 -5.59525
Normal: -0 1 0
UV: 0.728154 0.993576

Position: -0.847782 4.88402 -5.79346
Normal: -0 1 0
UV: 0.701132 0.993576

Position: -2.20393 4.67195 -5.59525
Normal: -1 0 0
UV: 0.918345 0.995433

Position: -2.20393 4.67195 -5.79346
Normal: -1 0 0
UV: 0.952583 0.995433

Position: -2.20393 4.88402 -5.59525
Normal: -1 0 0
UV: 0.918345 0.981104

Position: -2.20393 4.88402 -5.79346
Normal: -1 0 0
UV: 0.952583 0.981104

Position: -0.847782 4.67195 -5.79346
Normal: -0 -1 0
UV: 0.921221 0.993381

Position: -2.20393 4.67195 -5.59525
Normal: -0 -1 0
UV: 0.948243 0.982754

Position: -0.847782 4.67195 -5.59525
Normal: -0 -1 0
UV: 0.921221 0.982754

Position: -2.20393 4.67195 -5.79346
Normal: -0 -1 0
UV: 0.948243 0.993381

Position: -0.847782 4.88402 -5.59525
Normal: 1 0 0
UV: 0.952583 0.981104

Position: -0.847782 4.88402 -5.79346
Normal: 1 0 0
UV: 0.918345 0.981104

Position: -0.847782 4.67195 -5.59525
Normal: 1 0 0
UV: 0.952583 0.995433

Position: -0.847782 4.67195 -5.79346
Normal: 1 0 0
UV: 0.918345 0.995433

Position: -0.847782 6.46894 -5.43488
Normal: -0 1 0
UV: 0.845895 0.650581

Position: -2.20393 6.46894 -5.43488
Normal: -0 1 0
UV: 0.806238 0.650581

Position: -2.20393 6.46894 -5.59525
Normal: -0 1 0
UV: 0.806238 0.662831

Position: -0.847782 6.46894 -5.59525
Normal: -0 1 0
UV: 0.845895 0.662831

Position: -0.847782 6.46894 -5.59525
Normal: 1 0 0
UV: 0.710045 0.662831

Position: -0.847782 4.88402 -5.59525
Normal: 1 0 0
UV: 0.749702 0.662831

Position: -0.847782 6.46894 -5.43488
Normal: 1 0 0
UV: 0.710045 0.650581

Position: -2.20393 4.88402 -5.59525
Normal: -1 0 0
UV: 0.710045 0.662831

Position: -2.20393 6.46894 -5.43488
Normal: -1 0 0
UV: 0.749702 0.650581

Position: -2.20393 4.67195 -5.43488
Normal: -1 0 0
UV: 0.710045 0.650581

Position: -0.847782 4.88402 -5.59525
Normal: 1 0 0
UV: 0.710045 0.662831

Position: -0.847782 4.67195 -5.59525
Normal: 1 0 0
UV: 0.749702 0.662831

Position: -0.847782 4.67195 -5.43488
Normal: 1 0 0
UV: 0.729873 0.650581

Position: -2.20393 4.67195 -5.59525
Normal: -1 0 0
UV: 0.710045 0.662831

Position: -2.20393 4.88402 -5.59525
Normal: -1 0 0
UV: 0.749702 0.662831

Position: -2.20393 4.67195 -5.43488
Normal: -1 0 0
UV: 0.729873 0.650581

Position: -2.20393 4.67195 -5.43488
Normal: -0 -1 0
UV: 0.939401 0.650581

Position: -0.847782 4.67195 -5.43488
Normal: -0 -1 0
UV: 0.899744 0.650581

Position: -0.847782 4.67195 -5.59525
Normal: -0 -1 0
UV: 0.899744 0.662831

Position: -2.20393 4.67195 -5.59525
Normal: -0 -1 0
UV: 0.939401 0.662831

Position: -0.847782 4.67195 -5.43488
Normal: 1 0 0
UV: 0.749702 0.650581

Position: -2.20393 6.46894 -5.59525
Normal: -1 0 0
UV: 0.749702 0.662831

Position: -2.20393 7.24764 -5.59525
Normal: -0 0 -1
UV: 0.960083 0.975103

Position: -0.847782 7.24764 -5.59525
Normal: -0 0 -1
UV: 0.696956 0.975103

Position: -0.847782 8.83256 -5.59525
Normal: -0 0 -1
UV: 0.696956 0.667587

Position: -2.20393 8.83256 -5.59525
Normal: -0 0 -1
UV: 0.960083 0.667587

Position: -2.20393 7.03557 -5.79346
Normal: -0 0 -1
UV: 0.829285 0.98104

Position: -0.847782 7.03557 -5.79346
Normal: -0 0 -1
UV: 0.802264 0.98104

Position: -0.847782 7.24764 -5.79346
Normal: -0 0 -1
UV: 0.802264 0.994604

Position: -2.20393 7.24764 -5.79346
Normal: -0 0 -1
UV: 0.829285 0.994604

Position: -2.20393 7.24764 -5.79346
Normal: -0 1 0
UV: 0.728154 0.993576

Position: -0.847782 7.24764 -5.59525
Normal: -0 1 0
UV: 0.701132 0.993576

Position: -2.20393 7.24764 -5.59525
Normal: -0 1 0
UV: 0.728154 0.993576

Position: -0.847782 7.24764 -5.79346
Normal: -0 1 0
UV: 0.701132 0.993576

Position: -2.20393 7.03557 -5.59525
Normal: -1 0 0
UV: 0.918345 0.995433

Position: -2.20393 7.03557 -5.79346
Normal: -1 0 0
UV: 0.952583 0.995433

Position: -2.20393 7.24764 -5.59525
Normal: -1 0 0
UV: 0.918345 0.981104

Position: -2.20393 7.24764 -5.79346
Normal: -1 0 0
UV: 0.952583 0.981104

Position: -0.847782 7.03557 -5.79346
Normal: -0 -1 0
UV: 0.921221 0.993381

Position: -2.20393 7.03557 -5.59525
Normal: -0 -1 0
UV: 0.948243 0.982754

Position: -0.847782 7.03557 -5.59525
Normal: -0 -1 0
UV: 0.921221 0.982754

Position: -2.20393 7.03557 -5.79346
Normal: -0 -1 0
UV: 0.948243 0.993381

Position: -0.847782 7.24764 -5.59525
Normal: 1 0 0
UV: 0.952583 0.981104

Position: -0.847782 7.24764 -5.79346
Normal: 1 0 0
UV: 0.918345 0.981104

Position: -0.847782 7.03557 -5.59525
Normal: 1 0 0
UV: 0.952583 0.995433

Position: -0.847782 7.03557 -5.79346
Normal: 1 0 0
UV: 0.918345 0.995433

Position: -0.847782 8.83256 -5.43488
Normal: -0 1 0
UV: 0.845895 0.650581

Position: -2.20393 8.83256 -5.43488
Normal: -0 1 0
UV: 0.806238 0.650581

Position: -2.20393 8.83256 -5.59525
Normal: -0 1 0
UV: 0.806238 0.662831

Position: -0.847782 8.83256 -5.59525
Normal: -0 1 0
UV: 0.845895 0.662831

Position: -0.847782 8.83256 -5.59525
Normal: 1 0 0
UV: 0.710045 0.662831

Position: -0.847782 7.24764 -5.59525
Normal: 1 0 0
UV: 0.749702 0.662831

Position: -0.847782 8.83256 -5.43488
Normal: 1 0 0
UV: 0.710045 0.650581

Position: -2.20393 7.24764 -5.59525
Normal: -1 0 0
UV: 0.710045 0.662831

Position: -2.20393 8.83256 -5.43488
Normal: -1 0 0
UV: 0.749702 0.650581

Position: -2.20393 7.03557 -5.43488
Normal: -1 0 0
UV: 0.710045 0.650581

Position: -0.847782 7.24764 -5.59525
Normal: 1 0 0
UV: 0.710045 0.662831

Position: -0.847782 7.03557 -5.59525
Normal: 1 0 0
UV: 0.749702 0.662831

Position: -0.847782 7.03557 -5.43488
Normal: 1 0 0
UV: 0.729873 0.650581

Position: -2.20393 7.03557 -5.59525
Normal: -1 0 0
UV: 0.710045 0.662831

Position: -2.20393 7.24764 -5.59525
Normal: -1 0 0
UV: 0.749702 0.662831

Position: -2.20393 7.03557 -5.43488
Normal: -1 0 0
UV: 0.729873 0.650581

Position: -2.20393 7.03557 -5.43488
Normal: -0 -1 0
UV: 0.939401 0.650581

Position: -0.847782 7.03557 -5.43488
Normal: -0 -1 0
UV: 0.899744 0.650581

Position: -0.847782 7.03557 -5.59525
Normal: -0 -1 0
UV: 0.899744 0.662831

Position: -2.20393 7.03557 -5.59525
Normal: -0 -1 0
UV: 0.939401 0.662831

Position: -0.847782 7.03557 -5.43488
Normal: 1 0 0
UV: 0.749702 0.650581

Position: -2.20393 8.83256 -5.59525
Normal: -1 0 0
UV: 0.749702 0.662831

Position: -0 9.55433 5.67385
Normal: -0 -1 0
UV: 1.27674 0.175577

Position: -2.54532 9.55433 5.45216
Normal: -0 -1 0
UV: 1.33247 0.179685

Position: -2.54532 9.55433 5.67385
Normal: -0 -1 0
UV: 1.33247 0.175577

Position: -0 9.55433 5.45216
Normal: -0 -1 0
UV: 1.27674 0.179685

Position: -3.31482 9.55433 5.67385
Normal: -0 -1 0
UV: 1.34558 0.175577

Position: -3.45695 9.55433 5.81597
Normal: -0 -1 -7.85107e-008
UV: 1.34899 0.172943

Position: -0 9.55433 5.81596
Normal: -0 -1 0
UV: 1.24896 0.172943

Position: -0 10.2214 5.81596
Normal: 2.1711e-006 0 1
UV: 1.24896 0.139098

Position: -3.45695 9.55433 5.81597
Normal: 2.1711e-006 0 1
UV: 1.34899 0.172943

Position: -3.45695 10.2214 5.81597
Normal: 2.1711e-006 0 1
UV: 1.35762 0.139099

Position: -0 9.55433 5.81596
Normal: 2.1711e-006 0 1
UV: 1.24896 0.172943

Position: -3.0718 10.2214 5.43082
Normal: -0 1 0
UV: 1.35722 0.120673

Position: -0 10.2214 5.81596
Normal: -0 1 0
UV: 1.24896 0.139098

Position: -3.45695 10.2214 5.81597
Normal: -0 1 0
UV: 1.35762 0.139099

Position: -0 10.2214 5.43083
Normal: -0 1 0
UV: 1.24896 0.120673

Position: -0 10.137 5.43083
Normal: 2.52743e-006 0 -1
UV: 1.36721 0.14773

Position: -3.0718 10.2214 5.43082
Normal: 2.52743e-006 0 -1
UV: 1.18152 0.163576

Position: -3.0718 10.137 5.43082
Normal: 2.52743e-006 0 -1
UV: 1.18152 0.14773

Position: -0 10.2214 5.43083
Normal: 2.52743e-006 0 -1
UV: 1.36721 0.163576

Position: -3.0718 10.137 5.43082
Normal: -0 1 0
UV: 1.11476 0.0296131

Position: -0 10.137 5.43083
Normal: -0 1 0
UV: 1.11476 0.100401

Position: -3.31482 4.81256 1.63129
Normal: 6.86687e-005 0 1
UV: 0.485756 0.579884

Position: -3.31482 9.55433 1.63129
Normal: 6.85008e-005 0 1
UV: 0.485756 0.204632

Position: -3.09315 9.55433 1.63128
Normal: 6.85008e-005 0 1
UV: 0.453601 0.204662

Position: -3.09315 4.81256 1.63128
Normal: 6.86687e-005 0 1
UV: 0.453601 0.579891

Position: -3.09314 4.81256 4.90434
Normal: -1 0 1.74823e-006
UV: 0.139443 0.579804

Position: -3.09315 4.81256 1.63128
Normal: -1 0 1.74823e-006
UV: 0.453601 0.579891

Position: -3.09314 9.55433 4.90434
Normal: -1 0 1.74823e-006
UV: 0.139443 0.204816

Position: -3.09315 9.55433 1.63128
Normal: -1 0 1.74823e-006
UV: 0.453601 0.204662

Position: -3.09314 4.81256 4.90434
Normal: -3.51224e-005 0 -1
UV: 0.139443 0.579804

Position: -3.31482 9.55433 4.90434
Normal: -3.44772e-005 0 -1
UV: 0.0970972 0.205457

Position: -3.31482 4.81256 4.90434
Normal: -3.51224e-005 0 -1
UV: 0.0970972 0.579726

Position: -3.09314 9.55433 4.90434
Normal: -3.44772e-005 0 -1
UV: 0.139443 0.204816

Position: -3.31482 9.55433 5.67385
Normal: -1 0 0
UV: 0.0364509 0.205872

Position: -3.31482 4.81256 5.67385
Normal: -1 0 0
UV: 0.0364509 0.579565

Position: -3.31482 4.81256 4.90434
Normal: -1 0 0
UV: 0.097097 0.579565

Position: -3.31482 9.55433 4.90434
Normal: -1 0 0
UV: 0.097097 0.205872

Position: -3.31482 9.55433 1.63129
Normal: -1 0 -3.50767e-006
UV: 0.539846 0.20463

Position: -3.31482 4.81256 1.63129
Normal: -1 0 -3.50767e-006
UV: 0.539846 0.579884

Position: -3.31482 9.55433 1.63129
Normal: -0 -1 -1.13289e-007
UV: 1.27674 0.175577

Position: -3.31482 9.55433 4.90434
Normal: -0 -1 -1.15704e-007
UV: 1.33247 0.175577

Position: -3.09314 9.55433 4.90434
Normal: -0 -1 0
UV: 1.33247 0.179685

Position: -3.09315 9.55433 1.63128
Normal: -0 -1 0
UV: 1.27674 0.179685

Position: -3.45695 10.2214 5.81597
Normal: -1 -4.91611e-007 6.14907e-008
UV: 1.35762 0.139099

Position: -3.45695 9.55433 5.81597
Normal: -1 -4.91611e-007 6.14907e-008
UV: 1.34899 0.172943

Position: -3.0718 10.137 5.43082
Normal: 1 0 0
UV: 1.18152 0.14773

Position: -3.0718 10.2214 5.43082
Normal: 1 0 0
UV: 1.18152 0.163576

Position: -2.54532 4.81256 5.67385
Normal: -0 0 1
UV: 0.097097 0.579565

Position: -3.31482 9.05309e-018 5.67385
Normal: -0 0 1
UV: 0.036451 0.998008

Position: -3.31482 4.81256 5.67385
Normal: -0 0 1
UV: 0.0364509 0.579565

Position: -2.54532 9.05309e-018 5.67385
Normal: -0 0 1
UV: 0.097097 0.998008

Position: -2.54532 9.05309e-018 5.67385
Normal: 1 0 0
UV: 0.097097 0.998008

Position: -2.54532 4.81256 5.67385
Normal: 1 0 0
UV: 0.0970972 0.579726

Position: -2.54532 4.81256 5.45216
Normal: 1 0 0
UV: 0.139443 0.579804

Position: -2.54532 9.05309e-018 5.45216
Normal: 1 0 0
UV: 0.139443 1

Position: -0 4.81256 5.45216
Normal: -0 0 1
UV: 0.428879 0.579891

Position: -2.54532 9.05309e-018 5.45216
Normal: -0 0 1
UV: 0.139443 1

Position: -2.54532 4.81256 5.45216
Normal: -0 0 1
UV: 0.139443 0.579804

Position: -0 9.05309e-018 5.45216
Normal: -0 0 1
UV: 0.428879 1.00001

Position: -0 9.55433 5.45216
Normal: -0 0 1
UV: 0.428879 0.204662

Position: -2.54532 9.55433 5.45216
Normal: -0 0 1
UV: 0.139443 0.204816

Position: -2.54532 9.55433 5.45216
Normal: 1 0 0
UV: 0.139443 0.204816

Position: -2.54532 9.55433 5.67385
Normal: 1 0 0
UV: 0.0970972 0.205457

Position: -2.54532 9.55433 5.67385
Normal: -0 0 1
UV: 0.097097 0.205872

Position: -3.31482 9.55433 5.67385
Normal: -0 0 1
UV: 0.0364509 0.205872

Position: -3.31482 9.05309e-018 4.90434
Normal: -1 0 0
UV: 0.097097 0.998008

Position: -3.31482 9.05309e-018 5.67385
Normal: -1 0 0
UV: 0.036451 0.998008

Position: -3.31482 9.05309e-018 4.90434
Normal: -3.5758e-005 0 -1
UV: 0.097097 0.998008

Position: -3.09314 9.05309e-018 4.90434
Normal: -3.5758e-005 0 -1
UV: 0.139443 1

Position: -3.09314 9.05309e-018 4.90434
Normal: -1 0 1.74823e-006
UV: 0.139443 1

Position: -3.09315 9.05309e-018 1.63128
Normal: -1 0 1.74823e-006
UV: 0.453601 1.00001

Position: -3.09315 9.05309e-018 1.63128
Normal: 6.88342e-005 0 1
UV: 0.453601 1.00001

Position: -3.31482 9.05309e-018 1.63129
Normal: 6.88342e-005 0 1
UV: 0.485756 1

Position: -3.31482 9.05309e-018 1.63129
Normal: -1 0 -3.50767e-006
UV: 0.539846 1

Position: 2.54532 9.55433 -5.67384
Normal: -0 -1 0
UV: 1.33247 0.175577

Position: 2.54532 9.55433 -5.45216
Normal: -0 -1 0
UV: 1.33247 0.179685

Position: 3.31481 9.55433 -5.67384
Normal: -0 -1 0
UV: 1.34558 0.175577

Position: 3.45695 9.55433 -5.81596
Normal: -0 -1 0
UV: 1.34899 0.172943

Position: 3.45695 10.2214 -5.81596
Normal: -2.1711e-006 0 -1
UV: 1.35762 0.139099

Position: 3.45695 9.55433 -5.81596
Normal: -2.1711e-006 0 -1
UV: 1.34899 0.172943

Position: 3.0718 10.2214 -5.43082
Normal: -0 1 0
UV: 1.35722 0.120673

Position: 3.45695 10.2214 -5.81596
Normal: -0 1 0
UV: 1.35762 0.139099

Position: 3.0718 10.137 -5.43082
Normal: -4.93997e-006 0 1
UV: 1.18152 0.14773

Position: 3.0718 10.2214 -5.43082
Normal: -4.93997e-006 0 1
UV: 1.18152 0.163576

Position: 3.0718 10.137 -5.43082
Normal: -0 1 0
UV: 1.11476 0.0296131

Position: 3.31482 4.81256 -1.63129
Normal: -6.88939e-005 0 -1
UV: 0.485756 0.579884

Position: 3.09315 9.55433 -1.63127
Normal: -6.89544e-005 0 -1
UV: 0.468996 0.204662

Position: 3.09315 4.81256 -1.63127
Normal: -6.88939e-005 0 -1
UV: 0.468996 0.579891

Position: 3.31482 9.55433 -1.63129
Normal: -6.89544e-005 0 -1
UV: 0.485756 0.204632

Position: 3.09315 4.81256 -1.63127
Normal: 1 0 -1.45686e-006
UV: 0.468996 0.579891

Position: 3.09315 9.55433 -1.63127
Normal: 1 0 -1.45686e-006
UV: 0.468996 0.204662

Position: 3.09314 9.55433 -4.90433
Normal: 1 0 -1.45686e-006
UV: 0.139443 0.204816

Position: 3.09314 4.81256 -4.90433
Normal: 1 0 -1.45686e-006
UV: 0.139443 0.579804

Position: 3.09314 4.81256 -4.90433
Normal: 3.42221e-005 0 1
UV: 0.139443 0.579804

Position: 3.09314 9.55433 -4.90433
Normal: 3.44775e-005 0 1
UV: 0.139443 0.204816

Position: 3.31481 9.55433 -4.90434
Normal: 3.44775e-005 0 1
UV: 0.0970972 0.205457

Position: 3.31481 4.81256 -4.90434
Normal: 3.42221e-005 0 1
UV: 0.0970972 0.579726

Position: 3.31481 4.81256 -4.90434
Normal: 1 0 0
UV: 0.097097 0.579565

Position: 3.31481 9.55433 -4.90434
Normal: 1 0 0
UV: 0.097097 0.205872

Position: 3.31481 9.55433 -5.67384
Normal: 1 0 0
UV: 0.0364509 0.205872

Position: 3.31481 4.81256 -5.67384
Normal: 1 0 0
UV: 0.0364509 0.579565

Position: 3.31481 4.81256 0
Normal: 1 0 4.0923e-006
UV: 0.539847 0.579884

Position: 3.31481 9.55433 0
Normal: 1 0 4.0923e-006
UV: 0.539846 0.204629

Position: 3.31482 9.55433 -1.63129
Normal: 1 0 4.0923e-006
UV: 0.542457 0.20463

Position: 3.31482 4.81256 -1.63129
Normal: 1 0 4.0923e-006
UV: 0.542457 0.579884

Position: 3.31482 9.55433 -1.63129
Normal: -0 -1 -1.19929e-007
UV: 1.27674 0.175577

Position: 3.09314 9.55433 -4.90433
Normal: -0 -1 -3.28608e-007
UV: 1.33247 0.179685

Position: 3.09315 9.55433 -1.63127
Normal: -0 -1 -3.28608e-007
UV: 1.27674 0.179685

Position: 3.31481 9.55433 -4.90434
Normal: -0 -1 -1.21693e-007
UV: 1.33247 0.175577

Position: 3.31481 9.55433 0
Normal: -0 -1 0
UV: 1.24896 0.175577

Position: 3.45695 9.55433 0
Normal: -0 -1 0
UV: 1.24896 0.172943

Position: 3.45695 10.2214 0
Normal: 1 0 0
UV: 1.24896 0.139098

Position: 3.45695 9.55433 -5.81596
Normal: 1 0 0
UV: 1.34899 0.172943

Position: 3.45695 9.55433 0
Normal: 1 0 0
UV: 1.24896 0.172943

Position: 3.45695 10.2214 -5.81596
Normal: 1 0 0
UV: 1.35762 0.139099

Position: 3.45695 10.2214 0
Normal: -0 1 0
UV: 1.24896 0.139098

Position: 3.0718 10.2214 0
Normal: -0 1 0
UV: 1.24896 0.120673

Position: 3.0718 10.137 0
Normal: -1 0 0
UV: 1.36721 0.14773

Position: 3.0718 10.2214 -5.43082
Normal: -1 0 0
UV: 1.18152 0.163576

Position: 3.0718 10.2214 0
Normal: -1 0 0
UV: 1.36721 0.163576

Position: 3.0718 10.137 -5.43082
Normal: -1 0 0
UV: 1.18152 0.14773

Position: 3.0718 10.137 0
Normal: -0 1 0
UV: 1.11476 0.100401

Position: 2.54532 4.81256 -5.67384
Normal: -0 0 -1
UV: 0.097097 0.579565

Position: 2.54532 9.05309e-018 -5.67384
Normal: -0 0 -1
UV: 0.097097 0.998008

Position: 3.31481 9.05309e-018 -5.67384
Normal: -0 0 -1
UV: 0.036451 0.998008

Position: 3.31481 4.81256 -5.67384
Normal: -0 0 -1
UV: 0.0364509 0.579565

Position: 2.54532 4.81256 -5.45216
Normal: -1 0 0
UV: 0.139443 0.579804

Position: 2.54532 9.05309e-018 -5.45216
Normal: -1 0 0
UV: 0.139443 1

Position: 2.54532 9.05309e-018 -5.67384
Normal: -1 0 0
UV: 0.097097 0.998008

Position: 2.54532 4.81256 -5.67384
Normal: -1 0 0
UV: 0.0970972 0.579726

Position: 2.54532 9.05309e-018 -5.45216
Normal: -0 0 -1
UV: 0.139443 1

Position: 2.54532 4.81256 -5.45216
Normal: -0 0 -1
UV: 0.139443 0.579804

Position: 2.54532 9.55433 -5.45216
Normal: -0 0 -1
UV: 0.139443 0.204816

Position: 2.54532 9.55433 -5.67384
Normal: -1 0 0
UV: 0.0970972 0.205457

Position: 2.54532 9.55433 -5.45216
Normal: -1 0 0
UV: 0.139443 0.204816

Position: 3.31481 9.55433 -5.67384
Normal: -0 0 -1
UV: 0.0364509 0.205872

Position: 2.54532 9.55433 -5.67384
Normal: -0 0 -1
UV: 0.097097 0.205872

Position: 3.31481 9.05309e-018 -5.67384
Normal: 1 0 0
UV: 0.036451 0.998008

Position: 3.31481 9.05309e-018 -4.90434
Normal: 1 0 0
UV: 0.097097 0.998008

Position: 3.31481 9.05309e-018 -4.90434
Normal: 3.39704e-005 0 1
UV: 0.097097 0.998008

Position: 3.09314 9.05309e-018 -4.90433
Normal: 3.39704e-005 0 1
UV: 0.139443 1

Position: 3.09314 9.05309e-018 -4.90433
Normal: 1 0 -1.45686e-006
UV: 0.139443 1

Position: 3.09315 9.05309e-018 -1.63127
Normal: 1 0 -1.45686e-006
UV: 0.468996 1.00001

Position: 3.09315 9.05309e-018 -1.63127
Normal: -6.88342e-005 0 -1
UV: 0.468996 1.00001

Position: 3.31482 9.05309e-018 -1.63129
Normal: -6.88342e-005 0 -1
UV: 0.485756 1

Position: 3.31481 9.05309e-018 0
Normal: 1 0 4.0923e-006
UV: 0.539846 1

Position: 3.31482 9.05309e-018 -1.63129
Normal: 1 0 4.0923e-006
UV: 0.542457 1

Position: 2.54532 9.55433 5.67385
Normal: -0 -1 8.50066e-009
UV: 1.33247 0.175577

Position: 2.54532 9.55433 5.45216
Normal: -0 -1 0
UV: 1.33247 0.179685

Position: 3.31481 9.55433 5.67385
Normal: -0 -1 1.09001e-006
UV: 1.34558 0.175577

Position: 3.45695 9.55433 5.81597
Normal: -0 -1 3.16827e-007
UV: 1.34899 0.172943

Position: 3.45695 10.2214 5.81597
Normal: -2.1711e-006 0 1
UV: 1.35762 0.139099

Position: 3.45695 9.55433 5.81597
Normal: -2.1711e-006 0 1
UV: 1.34899 0.172943

Position: 3.0718 10.2214 5.43082
Normal: -0 1 4.17903e-007
UV: 1.35722 0.120673

Position: 3.45695 10.2214 5.81597
Normal: -0 1 4.17905e-007
UV: 1.35762 0.139099

Position: 3.0718 10.137 5.43082
Normal: -2.52743e-006 0 -1
UV: 1.18152 0.14773

Position: 3.0718 10.2214 5.43082
Normal: -2.52743e-006 0 -1
UV: 1.18152 0.163576

Position: 3.0718 10.137 5.43082
Normal: -0 1 0
UV: 1.11476 0.0296131

Position: 3.31482 9.55433 1.63129
Normal: -6.85008e-005 0 1
UV: 0.485756 0.204632

Position: 3.31482 4.81256 1.63129
Normal: -6.86687e-005 0 1
UV: 0.485756 0.579884

Position: 3.09315 9.55433 1.63128
Normal: -6.85008e-005 0 1
UV: 0.453601 0.204662

Position: 3.09315 4.81256 1.63128
Normal: -6.86687e-005 0 1
UV: 0.453601 0.579891

Position: 3.09314 4.81256 4.90434
Normal: 1 0 1.45686e-006
UV: 0.139443 0.579804

Position: 3.09314 9.55433 4.90434
Normal: 1 0 1.45686e-006
UV: 0.139443 0.204816

Position: 3.09315 4.81256 1.63128
Normal: 1 0 1.45686e-006
UV: 0.453601 0.579891

Position: 3.09315 9.55433 1.63128
Normal: 1 0 1.45686e-006
UV: 0.453601 0.204662

Position: 3.31481 4.81256 4.90434
Normal: 3.51227e-005 0 -1
UV: 0.0970972 0.579726

Position: 3.31481 9.55433 4.90434
Normal: 3.44775e-005 0 -1
UV: 0.0970972 0.205457

Position: 3.09314 4.81256 4.90434
Normal: 3.51227e-005 0 -1
UV: 0.139443 0.579804

Position: 3.09314 9.55433 4.90434
Normal: 3.44775e-005 0 -1
UV: 0.139443 0.204816

Position: 3.31481 9.55433 4.90434
Normal: 1 0 0
UV: 0.097097 0.205872

Position: 3.31481 4.81256 4.90434
Normal: 1 0 0
UV: 0.097097 0.579565

Position: 3.31481 9.55433 5.67385
Normal: 1 0 0
UV: 0.0364509 0.205872

Position: 3.31481 4.81256 5.67385
Normal: 1 0 0
UV: 0.0364509 0.579565

Position: 3.31482 9.55433 1.63129
Normal: 1 0 -4.09229e-006
UV: 0.539846 0.20463

Position: 3.31482 4.81256 1.63129
Normal: 1 0 -4.09228e-006
UV: 0.539846 0.579884

Position: 3.31481 9.55433 4.90434
Normal: -0 -1 1.06267e-007
UV: 1.33247 0.175577

Position: 3.31482 9.55433 1.63129
Normal: -0 -1 1.04758e-007
UV: 1.27674 0.175577

Position: 3.09314 9.55433 4.90434
Normal: -0 -1 3.00168e-007
UV: 1.33247 0.179685

Position: 3.09315 9.55433 1.63128
Normal: -0 -1 3.00168e-007
UV: 1.27674 0.179685

Position: 3.45695 9.55433 5.81597
Normal: 1 0 0
UV: 1.34899 0.172943

Position: 3.45695 10.2214 5.81597
Normal: 1 0 0
UV: 1.35762 0.139099

Position: 3.0718 10.2214 5.43082
Normal: -1 0 0
UV: 1.18152 0.163576

Position: 3.0718 10.137 5.43082
Normal: -1 0 0
UV: 1.18152 0.14773

Position: 3.31481 4.81256 5.67385
Normal: -0 0 1
UV: 0.0364509 0.579565

Position: 3.31481 9.05309e-018 5.67385
Normal: -0 0 1
UV: 0.036451 0.998008

Position: 2.54532 4.81256 5.67385
Normal: -0 0 1
UV: 0.097097 0.579565

Position: 2.54532 9.05309e-018 5.67385
Normal: -0 0 1
UV: 0.097097 0.998008

Position: 2.54532 9.05309e-018 5.45216
Normal: -1 0 0
UV: 0.139443 1

Position: 2.54532 4.81256 5.45216
Normal: -1 0 0
UV: 0.139443 0.579804

Position: 2.54532 9.05309e-018 5.67385
Normal: -1 0 0
UV: 0.097097 0.998008

Position: 2.54532 4.81256 5.67385
Normal: -1 0 0
UV: 0.0970972 0.579726

Position: 2.54532 4.81256 5.45216
Normal: -0 0 1
UV: 0.139443 0.579804

Position: 2.54532 9.05309e-018 5.45216
Normal: -0 0 1
UV: 0.139443 1

Position: 2.54532 9.55433 5.45216
Normal: -0 0 1
UV: 0.139443 0.204816

Position: 2.54532 9.55433 5.67385
Normal: -1 0 0
UV: 0.0970972 0.205457

Position: 2.54532 9.55433 5.45216
Normal: -1 0 0
UV: 0.139443 0.204816

Position: 2.54532 9.55433 5.67385
Normal: -0 0 1
UV: 0.097097 0.205872

Position: 3.31481 9.55433 5.67385
Normal: -0 0 1
UV: 0.0364509 0.205872

Position: 3.31481 9.05309e-018 5.67385
Normal: 1 0 0
UV: 0.036451 0.998008

Position: 3.31481 9.05309e-018 4.90434
Normal: 1 0 0
UV: 0.097097 0.998008

Position: 3.09314 9.05309e-018 4.90434
Normal: 3.57583e-005 0 -1
UV: 0.139443 1

Position: 3.31481 9.05309e-018 4.90434
Normal: 3.57583e-005 0 -1
UV: 0.097097 0.998008

Position: 3.09314 9.05309e-018 4.90434
Normal: 1 0 1.45686e-006
UV: 0.139443 1

Position: 3.09315 9.05309e-018 1.63128
Normal: 1 0 1.45686e-006
UV: 0.453601 1.00001

Position: 3.09315 9.05309e-018 1.63128
Normal: -6.88342e-005 0 1
UV: 0.453601 1.00001

Position: 3.31482 9.05309e-018 1.63129
Normal: -6.88342e-005 0 1
UV: 0.485756 1

Position: 3.31482 9.05309e-018 1.63129
Normal: 1 0 -4.09228e-006
UV: 0.539846 1

Position: 0.84355 7.24764 -5.59525
Normal: -0 0 -1
UV: 0.960083 0.975103

Position: 2.19969 7.24764 -5.59525
Normal: -0 0 -1
UV: 0.696956 0.975103

Position: 2.19969 8.83256 -5.59525
Normal: -0 0 -1
UV: 0.696956 0.667587

Position: 0.84355 8.83256 -5.59525
Normal: -0 0 -1
UV: 0.960083 0.667587

Position: 0.84355 7.03557 -5.79346
Normal: -0 0 -1
UV: 0.829285 0.98104

Position: 2.19969 7.03557 -5.79346
Normal: -0 0 -1
UV: 0.802264 0.98104

Position: 2.19969 7.24764 -5.79346
Normal: -0 0 -1
UV: 0.802264 0.994604

Position: 0.84355 7.24764 -5.79346
Normal: -0 0 -1
UV: 0.829285 0.994604

Position: 2.19969 7.24764 -5.59525
Normal: -0 1 0
UV: 0.701132 0.993576

Position: 0.84355 7.24764 -5.59525
Normal: -0 1 0
UV: 0.728154 0.993576

Position: 0.84355 7.24764 -5.79346
Normal: -0 1 0
UV: 0.728154 0.993576

Position: 2.19969 7.24764 -5.79346
Normal: -0 1 0
UV: 0.701132 0.993576

Position: 0.84355 7.03557 -5.59525
Normal: -1 0 0
UV: 0.918345 0.995433

Position: 0.84355 7.03557 -5.79346
Normal: -1 0 0
UV: 0.952583 0.995433

Position: 0.84355 7.24764 -5.59525
Normal: -1 0 0
UV: 0.918345 0.981104

Position: 0.84355 7.24764 -5.79346
Normal: -1 0 0
UV: 0.952583 0.981104

Position: 0.84355 7.03557 -5.59525
Normal: -0 -1 0
UV: 0.948243 0.982754

Position: 2.19969 7.03557 -5.59525
Normal: -0 -1 0
UV: 0.921221 0.982754

Position: 2.19969 7.03557 -5.79346
Normal: -0 -1 0
UV: 0.921221 0.993381

Position: 0.84355 7.03557 -5.79346
Normal: -0 -1 0
UV: 0.948243 0.993381

Position: 2.19969 7.24764 -5.59525
Normal: 1 0 0
UV: 0.952583 0.981104

Position: 2.19969 7.24764 -5.79346
Normal: 1 0 0
UV: 0.918345 0.981104

Position: 2.19969 7.03557 -5.59525
Normal: 1 0 0
UV: 0.952583 0.995433

Position: 2.19969 7.03557 -5.79346
Normal: 1 0 0
UV: 0.918345 0.995433

Position: 2.19969 8.83256 -5.43488
Normal: -0 1 0
UV: 0.845895 0.650581

Position: 0.84355 8.83256 -5.43488
Normal: -0 1 0
UV: 0.806238 0.650581

Position: 0.84355 8.83256 -5.59525
Normal: -0 1 0
UV: 0.806238 0.662831

Position: 2.19969 8.83256 -5.59525
Normal: -0 1 0
UV: 0.845895 0.662831

Position: 2.19969 8.83256 -5.59525
Normal: 1 0 0
UV: 0.710045 0.662831

Position: 2.19969 7.24764 -5.59525
Normal: 1 0 0
UV: 0.749702 0.662831

Position: 2.19969 8.83256 -5.43488
Normal: 1 0 0
UV: 0.710045 0.650581

Position: 0.84355 7.24764 -5.59525
Normal: -1 0 0
UV: 0.710045 0.662831

Position: 0.84355 8.83256 -5.43488
Normal: -1 0 0
UV: 0.749702 0.650581

Position: 0.84355 7.03557 -5.43488
Normal: -1 0 0
UV: 0.710045 0.650581

Position: 2.19969 7.24764 -5.59525
Normal: 1 0 0
UV: 0.710045 0.662831

Position: 2.19969 7.03557 -5.59525
Normal: 1 0 0
UV: 0.749702 0.662831

Position: 2.19969 7.03557 -5.43488
Normal: 1 0 0
UV: 0.729873 0.650581

Position: 0.84355 7.03557 -5.59525
Normal: -1 0 0
UV: 0.710045 0.662831

Position: 0.84355 7.24764 -5.59525
Normal: -1 0 0
UV: 0.749702 0.662831

Position: 0.84355 7.03557 -5.43488
Normal: -1 0 0
UV: 0.729873 0.650581

Position: 0.84355 7.03557 -5.43488
Normal: -0 -1 0
UV: 0.939401 0.650581

Position: 2.19969 7.03557 -5.43488
Normal: -0 -1 0
UV: 0.899744 0.650581

Position: 2.19969 7.03557 -5.59525
Normal: -0 -1 0
UV: 0.899744 0.662831

Position: 0.84355 7.03557 -5.59525
Normal: -0 -1 0
UV: 0.939401 0.662831

Position: 2.19969 7.03557 -5.43488
Normal: 1 0 0
UV: 0.749702 0.650581

Position: 0.84355 8.83256 -5.59525
Normal: -1 0 0
UV: 0.749702 0.662831

Position: 0.84355 4.88402 -5.59525
Normal: -0 0 -1
UV: 0.960083 0.975103

Position: 2.19969 4.88402 -5.59525
Normal: -0 0 -1
UV: 0.696956 0.975103

Position: 2.19969 6.46894 -5.59525
Normal: -0 0 -1
UV: 0.696956 0.667587

Position: 0.84355 6.46894 -5.59525
Normal: -0 0 -1
UV: 0.960083 0.667587

Position: 0.84355 4.67195 -5.79346
Normal: -0 0 -1
UV: 0.829285 0.98104

Position: 2.19969 4.67195 -5.79346
Normal: -0 0 -1
UV: 0.802264 0.98104

Position: 2.19969 4.88402 -5.79346
Normal: -0 0 -1
UV: 0.802264 0.994604

Position: 0.84355 4.88402 -5.79346
Normal: -0 0 -1
UV: 0.829285 0.994604

Position: 2.19969 4.88402 -5.59525
Normal: -0 1 0
UV: 0.701132 0.993576

Position: 0.84355 4.88402 -5.59525
Normal: -0 1 0
UV: 0.728154 0.993576

Position: 0.84355 4.88402 -5.79346
Normal: -0 1 0
UV: 0.728154 0.993576

Position: 2.19969 4.88402 -5.79346
Normal: -0 1 0
UV: 0.701132 0.993576

Position: 0.84355 4.67195 -5.59525
Normal: -1 0 0
UV: 0.918345 0.995433

Position: 0.84355 4.67195 -5.79346
Normal: -1 0 0
UV: 0.952583 0.995433

Position: 0.84355 4.88402 -5.59525
Normal: -1 0 0
UV: 0.918345 0.981104

Position: 0.84355 4.88402 -5.79346
Normal: -1 0 0
UV: 0.952583 0.981104

Position: 0.84355 4.67195 -5.59525
Normal: -0 -1 0
UV: 0.948243 0.982754

Position: 2.19969 4.67195 -5.59525
Normal: -0 -1 0
UV: 0.921221 0.982754

Position: 2.19969 4.67195 -5.79346
Normal: -0 -1 0
UV: 0.921221 0.993381

Position: 0.84355 4.67195 -5.79346
Normal: -0 -1 0
UV: 0.948243 0.993381

Position: 2.19969 4.88402 -5.59525
Normal: 1 0 0
UV: 0.952583 0.981104

Position: 2.19969 4.88402 -5.79346
Normal: 1 0 0
UV: 0.918345 0.981104

Position: 2.19969 4.67195 -5.59525
Normal: 1 0 0
UV: 0.952583 0.995433

Position: 2.19969 4.67195 -5.79346
Normal: 1 0 0
UV: 0.918345 0.995433

Position: 2.19969 6.46894 -5.43488
Normal: -0 1 0
UV: 0.845895 0.650581

Position: 0.84355 6.46894 -5.43488
Normal: -0 1 0
UV: 0.806238 0.650581

Position: 0.84355 6.46894 -5.59525
Normal: -0 1 0
UV: 0.806238 0.662831

Position: 2.19969 6.46894 -5.59525
Normal: -0 1 0
UV: 0.845895 0.662831

Position: 2.19969 6.46894 -5.59525
Normal: 1 0 0
UV: 0.710045 0.662831

Position: 2.19969 4.88402 -5.59525
Normal: 1 0 0
UV: 0.749702 0.662831

Position: 2.19969 6.46894 -5.43488
Normal: 1 0 0
UV: 0.710045 0.650581

Position: 0.84355 4.88402 -5.59525
Normal: -1 0 0
UV: 0.710045 0.662831

Position: 0.84355 6.46894 -5.43488
Normal: -1 0 0
UV: 0.749702 0.650581

Position: 0.84355 4.67195 -5.43488
Normal: -1 0 0
UV: 0.710045 0.650581

Position: 2.19969 4.88402 -5.59525
Normal: 1 0 0
UV: 0.710045 0.662831

Position: 2.19969 4.67195 -5.59525
Normal: 1 0 0
UV: 0.749702 0.662831

Position: 2.19969 4.67195 -5.43488
Normal: 1 0 0
UV: 0.729873 0.650581

Position: 0.84355 4.67195 -5.59525
Normal: -1 0 0
UV: 0.710045 0.662831

Position: 0.84355 4.88402 -5.59525
Normal: -1 0 0
UV: 0.749702 0.662831

Position: 0.84355 4.67195 -5.43488
Normal: -1 0 0
UV: 0.729873 0.650581

Position: 0.84355 4.67195 -5.43488
Normal: -0 -1 0
UV: 0.939401 0.650581

Position: 2.19969 4.67195 -5.43488
Normal: -0 -1 0
UV: 0.899744 0.650581

Position: 2.19969 4.67195 -5.59525
Normal: -0 -1 0
UV: 0.899744 0.662831

Position: 0.84355 4.67195 -5.59525
Normal: -0 -1 0
UV: 0.939401 0.662831

Position: 2.19969 4.67195 -5.43488
Normal: 1 0 0
UV: 0.749702 0.650581

Position: 0.84355 6.46894 -5.59525
Normal: -1 0 0
UV: 0.749702 0.662831

Position: -2.47152 4.15047 -5.41714
Normal: -0 0 1
UV: 0.824627 0.654562

Position: 2.47152 4.15047 -5.41714
Normal: -0 0 1
UV: 0.824627 0.654562

Position: 2.47152 3.92779 -5.41714
Normal: -0 0 1
UV: 0.824627 0.654562

Position: -2.47152 3.92779 -5.41714
Normal: -0 0 1
UV: 0.824627 0.654562

Position: -2.47152 4.15047 -6.22971
Normal: -0 1 0
UV: 0.824627 0.654562

Position: 2.47152 4.15047 -5.41714
Normal: -0 1 0
UV: 0.824627 0.654562

Position: -2.47152 4.15047 -5.41714
Normal: -0 1 0
UV: 0.824627 0.654562

Position: 2.47152 4.15047 -6.22971
Normal: -0 1 0
UV: 0.824627 0.654562

Position: -2.47152 3.92779 -6.22971
Normal: -0 0 -1
UV: 0.736088 0.656803

Position: 2.47152 3.92779 -6.22971
Normal: -0 0 -1
UV: 0.736088 0.656803

Position: 2.47152 4.15047 -6.22971
Normal: -0 0 -1
UV: 0.736088 0.656803

Position: -2.47152 4.15047 -6.22971
Normal: -0 0 -1
UV: 0.736088 0.656803

Position: -2.47152 3.92779 -5.41714
Normal: -0 -1 0
UV: 0.88851 0.656803

Position: 2.47152 3.92779 -5.41714
Normal: -0 -1 0
UV: 0.88851 0.656803

Position: 2.47152 3.92779 -6.22971
Normal: -0 -1 0
UV: 0.88851 0.656803

Position: -2.47152 3.92779 -6.22971
Normal: -0 -1 0
UV: 0.88851 0.656803

Position: -2.47152 4.15047 -6.22971
Normal: -1 0 0
UV: 0.73833 0.659045

Position: -2.47152 4.15047 -5.41714
Normal: -1 0 0
UV: 0.73833 0.659045

Position: -2.47152 3.92779 -5.41714
Normal: -1 0 0
UV: 0.73833 0.659045

Position: -2.47152 3.92779 -6.22971
Normal: -1 0 0
UV: 0.73833 0.659045

Position: 2.47152 4.15047 -5.41714
Normal: 1 0 0
UV: 0.73833 0.659045

Position: 2.47152 3.92779 -6.22971
Normal: 1 0 0
UV: 0.73833 0.659045

Position: 2.47152 3.92779 -5.41714
Normal: 1 0 0
UV: 0.73833 0.659045

Position: 2.47152 4.15047 -6.22971
Normal: 1 0 0
UV: 0.73833 0.659045

Position: -3.24496 9.55504 5.57253
Normal: -0 0 1
UV: 0.00966555 0.643184

Position: 3.24496 9.55504 5.57253
Normal: -0 0 1
UV: 0.00966552 0.643184

Position: 3.24496 9.15648 5.57253
Normal: -0 0 1
UV: 0.00966552 0.643184

Position: -3.24496 9.15648 5.57253
Normal: -0 0 1
UV: 0.00966555 0.643184

Position: -3.24496 9.15648 -5.61981
Normal: -0 0 -1
UV: 0.00966555 0.643184

Position: 3.24496 9.15648 -5.61981
Normal: -0 0 -1
UV: 0.00966552 0.643184

Position: 3.24496 9.55504 -5.61981
Normal: -0 0 -1
UV: 0.00966552 0.643184

Position: -3.24496 9.55504 -5.61981
Normal: -0 0 -1
UV: 0.00966555 0.643184

Position: -3.24496 9.15648 5.57253
Normal: -0 -1 0
UV: 0.123198 0.587319

Position: 3.24496 9.15648 5.57253
Normal: -0 -1 0
UV: 0.123198 0.587319

Position: 3.24496 9.15648 -5.61981
Normal: -0 -1 0
UV: 0.123198 0.587319

Position: -3.24496 9.15648 -5.61981
Normal: -0 -1 0
UV: 0.123198 0.587319

Position: -3.24496 9.55504 -5.61981
Normal: -1 0 0
UV: 0.00966555 0.643184

Position: -3.24496 9.55504 5.57253
Normal: -1 0 0
UV: 0.00966555 0.643184

Position: -3.24496 9.15648 5.57253
Normal: -1 0 0
UV: 0.00966555 0.643184

Position: -3.24496 9.15648 -5.61981
Normal: -1 0 0
UV: 0.00966555 0.643184

Position: 3.24496 9.55504 5.57253
Normal: 1 0 0
UV: 0.00966552 0.643184

Position: 3.24496 9.15648 -5.61981
Normal: 1 0 0
UV: 0.00966551 0.643184

Position: 3.24496 9.15648 5.57253
Normal: 1 0 0
UV: 0.00966552 0.643184

Position: 3.24496 9.55504 -5.61981
Normal: 1 0 0
UV: 0.00966551 0.643184

Position: 1.05469 1.15512 -5.44341
Normal: -0 0 1
UV: 0.239502 0.0939561

Position: 2.06772 1.15512 -5.44341
Normal: -0 0 1
UV: 0.239502 0.0939561

Position: 2.06772 -0.00507629 -5.44341
Normal: -0 0 1
UV: 0.239502 0.0939561

Position: 1.05469 -0.00507629 -5.44341
Normal: -0 0 1
UV: 0.239502 0.0939561

Position: 1.05469 1.15512 -5.44341
Normal: -0 1 0
UV: 0.266996 0.131348

Position: 1.05469 1.15512 -6.51347
Normal: -0 1 0
UV: 0.266996 0.131348

Position: 2.06772 1.15512 -5.44341
Normal: -0 1 0
UV: 0.266996 0.131348

Position: 2.06772 1.15512 -6.51347
Normal: -0 1 0
UV: 0.266996 0.131348

Position: 1.05469 -0.00507629 -6.51347
Normal: -0 0 -1
UV: 0.239502 0.0939561

Position: 2.06772 -0.00507629 -6.51347
Normal: -0 0 -1
UV: 0.239502 0.0939561

Position: 2.06772 1.15512 -6.51347
Normal: -0 0 -1
UV: 0.239502 0.0939561

Position: 1.05469 1.15512 -6.51347
Normal: -0 0 -1
UV: 0.239502 0.0939561

Position: 1.05469 1.15512 -5.44341
Normal: -1 0 0
UV: 0.732201 0.055464

Position: 1.05469 -0.00507629 -5.44341
Normal: -1 0 0
UV: 0.732201 0.055464

Position: 1.05469 1.15512 -6.51347
Normal: -1 0 0
UV: 0.732201 0.055464

Position: 1.05469 -0.00507629 -6.51347
Normal: -1 0 0
UV: 0.732201 0.055464

Position: 2.06772 1.15512 -5.44341
Normal: 1 0 0
UV: 0.732201 0.055464

Position: 2.06772 -0.00507629 -6.51347
Normal: 1 0 0
UV: 0.732201 0.055464

Position: 2.06772 -0.00507629 -5.44341
Normal: 1 0 0
UV: 0.732201 0.055464

Position: 2.06772 1.15512 -6.51347
Normal: 1 0 0
UV: 0.732201 0.055464

Position: 1.73939 1.81481 -5.79024
Normal: -0 0 1
UV: 0.607104 0.395308

Position: 1.73939 1.13404 -5.79024
Normal: -0 0 1
UV: 0.605336 0.395308

Position: 1.38302 1.81481 -5.79024
Normal: -0 0 1
UV: 0.607104 0.396962

Position: 1.38302 1.13404 -5.79024
Normal: -0 0 1
UV: 0.605336 0.396962

Position: 1.05241 2.61566 -6.51587
Normal: -0 1 0
UV: 0.625411 0.218091

Position: 2.06999 2.61566 -5.44102
Normal: -0 1 0
UV: 0.620688 0.223079

Position: 1.05241 2.61566 -5.44102
Normal: -0 1 0
UV: 0.625411 0.223079

Position: 2.06999 2.61566 -6.51587
Normal: -0 1 0
UV: 0.620688 0.218091

Position: 1.73939 1.13404 -6.16666
Normal: -0 0 -1
UV: 0.607077 0.405481

Position: 1.73939 1.81481 -6.16666
Normal: -0 0 -1
UV: 0.605309 0.405481

Position: 1.38302 1.13404 -6.16666
Normal: -0 0 -1
UV: 0.607077 0.407135

Position: 1.38302 1.81481 -6.16666
Normal: -0 0 -1
UV: 0.605309 0.407135

Position: 1.38302 1.13404 -6.16666
Normal: -1 0 0
UV: 0.632831 0.397147

Position: 1.38302 1.81481 -6.16666
Normal: -1 0 0
UV: 0.634599 0.397147

Position: 1.38302 1.13404 -5.79024
Normal: -1 0 0
UV: 0.632831 0.3954

Position: 1.38302 1.81481 -5.79024
Normal: -1 0 0
UV: 0.634599 0.3954

Position: 1.73939 1.81481 -5.79024
Normal: 1 0 0
UV: 0.634571 0.400538

Position: 1.73939 1.13404 -6.16666
Normal: 1 0 0
UV: 0.632803 0.398791

Position: 1.73939 1.13404 -5.79024
Normal: 1 0 0
UV: 0.632803 0.400538

Position: 1.73939 1.81481 -6.16666
Normal: 1 0 0
UV: 0.634571 0.398791

Position: 1.05241 1.81481 -5.44102
Normal: -0 -1 2.48456e-007
UV: 0.615635 0.309378

Position: 2.06999 1.81481 -5.44102
Normal: -0 -1 2.48456e-007
UV: 0.610912 0.309378

Position: 1.73939 1.81481 -5.79024
Normal: -0 -1 2.48456e-007
UV: 0.612446 0.310998

Position: 1.38302 1.81481 -5.79024
Normal: -0 -1 2.48456e-007
UV: 0.6141 0.310998

Position: 1.05241 1.81481 -6.51587
Normal: -0 -1 0
UV: 0.615635 0.314366

Position: 1.38302 1.81481 -6.16666
Normal: -0 -1 0
UV: 0.6141 0.312746

Position: 1.73939 1.81481 -6.16666
Normal: -0 -1 -2.48456e-007
UV: 0.612446 0.312746

Position: 2.06999 1.81481 -6.51587
Normal: -0 -1 -2.48456e-007
UV: 0.610912 0.314366

Position: 1.05241 2.61566 -5.44102
Normal: -0 0 1
UV: 0.628079 0.276583

Position: 2.06999 2.61566 -5.44102
Normal: -0 0 1
UV: 0.623356 0.276583

Position: 2.06999 1.81481 -5.44102
Normal: -0 0 1
UV: 0.623356 0.276583

Position: 1.05241 1.81481 -5.44102
Normal: -0 0 1
UV: 0.628079 0.276583

Position: 1.05241 2.61566 -5.44102
Normal: -1 0 0
UV: 0.621133 0.330209

Position: 1.05241 1.81481 -5.44102
Normal: -1 0 0
UV: 0.621133 0.330209

Position: 1.05241 2.61566 -6.51587
Normal: -1 0 0
UV: 0.626122 0.330209

Position: 1.05241 1.81481 -6.51587
Normal: -1 0 0
UV: 0.626122 0.330209

Position: 2.06999 1.81481 -6.51587
Normal: -0 0 -1
UV: 0.619385 0.235493

Position: 2.06999 2.61566 -6.51587
Normal: -0 0 -1
UV: 0.619385 0.235493

Position: 1.05241 1.81481 -6.51587
Normal: -0 0 -1
UV: 0.624107 0.235493

Position: 1.05241 2.61566 -6.51587
Normal: -0 0 -1
UV: 0.624107 0.235493

Position: 2.06999 2.61566 -5.44102
Normal: 1 0 0
UV: 0.609544 0.326265

Position: 2.06999 1.81481 -6.51587
Normal: 1 0 0
UV: 0.604556 0.331415

Position: 2.06999 1.81481 -5.44102
Normal: 1 0 0
UV: 0.609544 0.331415

Position: 2.06999 2.61566 -6.51587
Normal: 1 0 0
UV: 0.604556 0.326265


[INDEX_DATA]
0 2 1
0 3 2
4 5 3
6 3 5
3 6 2
7 9 8
7 10 9
11 13 12
12 14 11
15 17 16
15 18 17
19 21 20
22 24 23
24 25 23
26 28 27
27 29 26
30 32 31
32 33 31
34 36 35
35 37 34
38 40 39
39 41 38
42 44 43
44 45 43
44 47 46
4 45 5
44 46 5
5 45 44
48 50 49
50 51 49
52 53 11
11 14 52
54 56 55
56 57 55
19 58 21
59 61 60
61 62 60
63 65 64
64 66 63
67 69 68
68 70 67
67 70 71
71 72 67
63 74 73
63 66 74
60 62 75
75 76 60
34 78 77
34 37 78
31 33 79
79 80 31
26 82 81
26 29 82
24 84 83
84 24 22
85 86 41
38 41 86
87 89 88
88 90 87
91 93 92
92 94 91
95 97 96
98 96 97
99 101 100
100 101 102
103 105 104
106 104 105
107 109 108
108 109 110
111 113 112
111 112 114
114 112 115
116 118 117
119 121 120
122 124 123
125 127 126
128 130 129
129 131 128
117 118 132
119 133 121
134 87 90
90 135 134
136 138 137
136 139 138
140 142 141
140 143 142
144 146 145
145 147 144
148 150 149
150 151 149
152 154 153
153 155 152
156 158 157
158 159 157
160 162 161
160 163 162
164 166 165
167 169 168
170 172 171
173 175 174
176 178 177
176 179 178
166 180 165
167 168 181
182 184 183
182 185 184
186 188 187
186 189 188
190 192 191
191 193 190
194 196 195
196 197 195
198 200 199
199 201 198
202 204 203
204 205 203
206 208 207
206 209 208
210 212 211
213 215 214
216 218 217
219 221 220
222 224 223
222 225 224
212 226 211
213 214 227
228 230 229
229 231 228
232 230 233
233 230 234
230 228 234
235 237 236
236 238 235
239 241 240
240 242 239
243 245 244
244 246 243
247 248 21
249 251 250
251 249 252
253 255 254
255 256 254
257 259 258
258 260 257
261 263 262
261 264 263
265 38 266
265 40 38
267 269 268
269 267 270
267 46 47
232 233 268
233 46 267
267 268 233
271 50 48
48 272 271
52 241 239
239 53 52
56 274 273
274 56 54
247 21 58
275 277 276
276 278 275
279 281 280
279 282 281
283 285 284
284 286 283
287 288 283
288 285 283
289 290 281
280 281 290
291 292 275
292 277 275
293 294 263
262 263 294
257 296 295
295 259 257
253 254 297
297 254 298
252 249 299
249 300 299
266 86 301
266 38 86
302 303 2
1 2 303
304 302 305
305 302 6
2 6 302
306 307 9
8 9 307
12 13 308
308 309 12
310 311 17
16 17 311
312 20 21
313 315 314
314 316 313
317 319 318
317 320 319
321 323 322
323 321 324
325 327 326
325 328 327
329 331 330
329 332 331
333 335 334
334 336 333
333 338 337
304 305 336
305 338 333
333 336 305
339 341 340
340 342 339
343 309 308
308 344 343
345 347 346
346 348 345
312 21 349
350 352 351
352 350 353
354 356 355
354 357 356
67 358 69
358 67 359
359 67 360
67 72 360
354 362 361
361 357 354
353 350 363
350 364 363
325 366 365
365 328 325
324 321 367
321 368 367
317 370 369
369 320 317
313 372 371
371 315 313
373 332 329
373 374 332
228 376 375
228 231 376
377 378 375
234 375 378
234 228 375
235 380 379
235 238 380
240 382 381
381 242 240
243 384 383
243 246 384
385 21 248
386 388 387
388 389 387
390 392 391
391 392 393
394 396 395
396 397 395
398 400 399
401 399 400
330 402 329
403 329 402
404 406 405
406 407 405
405 337 338
377 404 378
405 338 378
378 404 405
339 409 408
408 341 339
343 344 381
381 382 343
345 411 410
410 347 345
385 349 21
412 414 413
414 415 413
416 418 417
419 417 418
420 283 421
283 286 421
283 422 287
422 283 420
423 417 419
423 424 417
414 426 425
426 414 412
427 399 401
427 428 399
396 430 429
430 396 394
390 431 392
431 432 392
387 389 433
433 434 387
403 435 373
373 329 403
436 438 437
436 439 438
440 442 441
440 443 442
444 446 445
444 447 446
448 450 449
450 451 449
452 454 453
452 455 454
456 458 457
458 459 457
460 462 461
460 463 462
464 466 465
467 469 468
470 472 471
473 475 474
476 478 477
476 479 478
466 480 465
467 468 481
482 484 483
482 485 484
486 488 487
486 489 488
490 492 491
490 493 492
494 496 495
496 497 495
498 500 499
498 501 500
502 504 503
504 505 503
506 508 507
506 509 508
510 512 511
513 515 514
516 518 517
519 521 520
522 524 523
522 525 524
512 526 511
513 514 527
528 530 529
528 531 530
532 534 533
533 535 532
536 538 537
536 539 538
540 542 541
540 543 542
544 546 545
546 544 547
548 550 549
549 551 548
552 554 553
552 555 554
556 558 557
556 559 558
560 562 561
560 563 562
564 566 565
566 564 567
568 570 569
569 571 568
572 574 573
572 575 574
576 578 577
578 579 577
580 582 581
580 583 582
584 586 585
585 586 587
588 590 589
589 591 588
592 594 593
594 595 593
596 598 597
597 599 596
600 602 601
602 603 601
604 606 605
607 605 606
608 610 609
609 611 608
612 614 613
612 615 614
616 615 612
616 617 615
617 619 618
617 616 619
613 614 618
613 618 619
620 622 621
620 623 622
624 626 625
625 626 627
628 630 629
630 631 629
632 634 633
633 635 632

