[FBX_META_DATA]
MeshCount: 1

[MESH_DATA]
VertexCount: 1006
IndexCount: 1755
BoneCount: 0
AnimationClips: 1

[VERTEX_DATA]
Position: -4.90435 9.83453e-015 -5.58012
Normal: -0 0 -1
UV: 0.097097 0.998008

Position: -4.90435 4.81256 -5.58012
Normal: -0 0 -1
UV: 0.097097 0.579565

Position: -5.67384 9.83453e-015 -5.58012
Normal: -0 0 -1
UV: 0.036451 0.998008

Position: -5.67384 4.81256 -5.58012
Normal: -0 0 -1
UV: 0.0364509 0.579565

Position: -4.90435 4.81256 -5.35843
Normal: 1 0 0
UV: 0.139443 0.579804

Position: -4.90435 9.83453e-015 -5.58012
Normal: 1 0 0
UV: 0.097097 0.998008

Position: -4.90435 9.83453e-015 -5.35843
Normal: 1 0 0
UV: 0.139443 1

Position: -4.90435 4.81256 -5.58012
Normal: 1 0 0
UV: 0.0970972 0.579726

Position: -1.6313 9.83453e-015 -5.35843
Normal: -0 0 -1
UV: 0.452267 1.00001

Position: -1.6313 4.81256 -5.35843
Normal: -0 0 -1
UV: 0.452267 0.579891

Position: -4.90435 9.83453e-015 -5.35843
Normal: -0 0 -1
UV: 0.139443 1

Position: -4.90435 4.81256 -5.35843
Normal: -0 0 -1
UV: 0.139443 0.579804

Position: -1.6313 9.83453e-015 -5.58012
Normal: -1 0 0
UV: 0.484422 1

Position: -1.6313 4.81256 -5.58012
Normal: -1 0 0
UV: 0.484421 0.579884

Position: -1.6313 9.83453e-015 -5.35843
Normal: -1 0 0
UV: 0.452267 1.00001

Position: -1.6313 4.81256 -5.35843
Normal: -1 0 0
UV: 0.452267 0.579891

Position: -1.6313 9.30275 -5.58012
Normal: -1 0 0
UV: 0.484421 0.187913

Position: -1.6313 9.30275 -5.35843
Normal: -1 0 0
UV: 0.452267 0.187942

Position: -1.6313 9.30275 -5.35843
Normal: -0 0 -1
UV: 0.452267 0.187942

Position: -4.90435 9.30275 -5.35843
Normal: -0 0 -1
UV: 0.139443 0.188096

Position: -4.90435 9.30275 -5.35843
Normal: 1 0 0
UV: 0.139443 0.188096

Position: -4.90435 9.30275 -5.58012
Normal: 1 0 0
UV: 0.0970972 0.188737

Position: -4.90435 9.30275 -5.58012
Normal: -0 0 -1
UV: 0.097097 0.189153

Position: -5.67384 9.30275 -5.58012
Normal: -0 0 -1
UV: 0.0364509 0.189153

Position: -0 4.81256 -5.58012
Normal: -0 0 -1
UV: 0.539847 0.579884

Position: -0 9.30275 -5.58012
Normal: -0 0 -1
UV: 0.539846 0.18791

Position: -1.6313 4.81256 -5.58012
Normal: -0 0 -1
UV: 0.637282 0.579884

Position: -1.6313 9.30275 -5.58012
Normal: -0 0 -1
UV: 0.637282 0.18791

Position: -1.6313 9.83453e-015 -5.58012
Normal: -0 0 -1
UV: 0.637282 1

Position: -0 9.83453e-015 -5.58012
Normal: -0 0 -1
UV: 0.539846 1

Position: -4.90435 9.30275 -5.35843
Normal: -0 -1 0
UV: 1.33247 0.179685

Position: -1.6313 9.30275 -5.35843
Normal: -0 -1 0
UV: 1.27674 0.179685

Position: -1.6313 9.30275 -5.58012
Normal: -0 -1 0
UV: 1.27674 0.175577

Position: -4.90435 9.30275 -5.58012
Normal: -0 -1 7.26709e-007
UV: 1.33247 0.175577

Position: -0 9.30275 -5.58012
Normal: -0 -1 0
UV: 1.24896 0.175577

Position: -0 9.30275 -5.72223
Normal: -0 -1 7.38308e-007
UV: 1.24896 0.172943

Position: -5.67384 9.30275 -5.58012
Normal: -0 -1 1.09006e-006
UV: 1.34558 0.175577

Position: -5.81598 9.30275 -5.72223
Normal: -0 -1 5.42919e-007
UV: 1.34899 0.172943

Position: -5.81598 9.30275 -5.72223
Normal: 7.98871e-007 0 -1
UV: 1.34899 0.172943

Position: -0 9.30275 -5.72223
Normal: -0 0 -1
UV: 1.24896 0.172943

Position: -0 9.96984 -5.72223
Normal: -0 0 -1
UV: 1.24896 0.139098

Position: -5.81598 9.96984 -5.72223
Normal: 7.98871e-007 0 -1
UV: 1.35762 0.139099

Position: -5.43083 9.96984 -5.33709
Normal: -0 1 -2.20168e-007
UV: 1.35722 0.120673

Position: -0 9.96984 -5.72223
Normal: -0 1 -2.20168e-007
UV: 1.24896 0.139098

Position: -0 9.96984 -5.3371
Normal: -0 1 -2.20168e-007
UV: 1.24896 0.120673

Position: -5.81598 9.96984 -5.72223
Normal: -0 1 -2.20168e-007
UV: 1.35762 0.139099

Position: -5.43083 9.96984 -5.33709
Normal: 2.14456e-006 0 1
UV: 1.18152 0.163576

Position: -0 9.96984 -5.3371
Normal: -0 0 1
UV: 1.36721 0.163576

Position: -0 9.8854 -5.3371
Normal: -0 0 1
UV: 1.36721 0.14773

Position: -5.43083 9.8854 -5.33709
Normal: 2.14456e-006 0 1
UV: 1.18152 0.14773

Position: -5.43083 9.8854 -5.33709
Normal: -0 1 0
UV: 1.11476 0.0296131

Position: -0 9.8854 -5.3371
Normal: -0 1 0
UV: 1.11476 0.100401

Position: -0 9.8854 0.0937438
Normal: -0 1 -3.70552e-009
UV: 1.30902 0.100401

Position: -4.70748 2.13703 -5.50152
Normal: -0 0 -1
UV: 0.960083 0.975103

Position: -3.35134 2.13703 -5.50152
Normal: -0 0 -1
UV: 0.696956 0.975103

Position: -3.35134 3.72196 -5.50152
Normal: -0 0 -1
UV: 0.696956 0.667587

Position: -4.70748 3.72196 -5.50152
Normal: -0 0 -1
UV: 0.960083 0.667587

Position: -4.70748 1.92497 -5.69973
Normal: -0 0 -1
UV: 0.829285 0.98104

Position: -3.35134 1.92497 -5.69973
Normal: -0 0 -1
UV: 0.802264 0.98104

Position: -3.35134 2.13703 -5.69973
Normal: -0 0 -1
UV: 0.802264 0.994604

Position: -4.70748 2.13703 -5.69973
Normal: -0 0 -1
UV: 0.829285 0.994604

Position: -3.35134 2.13703 -5.50152
Normal: -0 1 0
UV: 0.701132 0.993576

Position: -4.70748 2.13703 -5.50152
Normal: -0 1 0
UV: 0.728154 0.993576

Position: -4.70748 2.13703 -5.69973
Normal: -0 1 0
UV: 0.728154 0.993576

Position: -3.35134 2.13703 -5.69973
Normal: -0 1 0
UV: 0.701132 0.993576

Position: -4.70748 1.92497 -5.69973
Normal: -1 0 0
UV: 0.952583 0.995433

Position: -4.70748 2.13703 -5.50152
Normal: -1 0 0
UV: 0.918345 0.981104

Position: -4.70748 1.92497 -5.50152
Normal: -1 0 0
UV: 0.918345 0.995433

Position: -4.70748 2.13703 -5.69973
Normal: -1 0 0
UV: 0.952583 0.981104

Position: -3.35134 1.92497 -5.69973
Normal: -0 -1 0
UV: 0.921221 0.993381

Position: -4.70748 1.92497 -5.50152
Normal: -0 -1 0
UV: 0.948243 0.982754

Position: -3.35134 1.92497 -5.50152
Normal: -0 -1 0
UV: 0.921221 0.982754

Position: -4.70748 1.92497 -5.69973
Normal: -0 -1 0
UV: 0.948243 0.993381

Position: -3.35134 2.13703 -5.50152
Normal: 1 0 0
UV: 0.952583 0.981104

Position: -3.35134 2.13703 -5.69973
Normal: 1 0 0
UV: 0.918345 0.981104

Position: -3.35134 1.92497 -5.50152
Normal: 1 0 0
UV: 0.952583 0.995433

Position: -3.35134 1.92497 -5.69973
Normal: 1 0 0
UV: 0.918345 0.995433

Position: -3.35134 3.72196 -5.34114
Normal: -0 1 0
UV: 0.845895 0.650581

Position: -4.70748 3.72196 -5.34114
Normal: -0 1 0
UV: 0.806238 0.650581

Position: -4.70748 3.72196 -5.50152
Normal: -0 1 0
UV: 0.806238 0.662831

Position: -3.35134 3.72196 -5.50152
Normal: -0 1 0
UV: 0.845895 0.662831

Position: -3.35134 3.72196 -5.50152
Normal: 1 0 0
UV: 0.710045 0.662831

Position: -3.35134 2.13703 -5.50152
Normal: 1 0 0
UV: 0.749702 0.662831

Position: -3.35134 3.72196 -5.34114
Normal: 1 0 0
UV: 0.710045 0.650581

Position: -4.70748 2.13703 -5.50152
Normal: -1 0 0
UV: 0.710045 0.662831

Position: -4.70748 3.72196 -5.34114
Normal: -1 0 0
UV: 0.749702 0.650581

Position: -4.70748 1.92497 -5.34114
Normal: -1 0 0
UV: 0.710045 0.650581

Position: -3.35134 2.13703 -5.50152
Normal: 1 0 0
UV: 0.710045 0.662831

Position: -3.35134 1.92497 -5.50152
Normal: 1 0 0
UV: 0.749702 0.662831

Position: -3.35134 1.92497 -5.34114
Normal: 1 0 0
UV: 0.729873 0.650581

Position: -4.70748 1.92497 -5.50152
Normal: -1 0 0
UV: 0.710045 0.662831

Position: -4.70748 2.13703 -5.50152
Normal: -1 0 0
UV: 0.749702 0.662831

Position: -4.70748 1.92497 -5.34114
Normal: -1 0 0
UV: 0.729873 0.650581

Position: -4.70748 1.92497 -5.34114
Normal: -0 -1 0
UV: 0.939401 0.650581

Position: -3.35134 1.92497 -5.34114
Normal: -0 -1 0
UV: 0.899744 0.650581

Position: -3.35134 1.92497 -5.50152
Normal: -0 -1 0
UV: 0.899744 0.662831

Position: -4.70748 1.92497 -5.50152
Normal: -0 -1 0
UV: 0.939401 0.662831

Position: -3.35134 1.92497 -5.34114
Normal: 1 0 0
UV: 0.749702 0.650581

Position: -4.70748 3.72196 -5.50152
Normal: -1 0 0
UV: 0.749702 0.662831

Position: -3.18431 2.13703 -5.50152
Normal: -0 0 -1
UV: 0.960083 0.975103

Position: -1.82817 2.13703 -5.50152
Normal: -0 0 -1
UV: 0.696956 0.975103

Position: -1.82817 3.72196 -5.50152
Normal: -0 0 -1
UV: 0.696956 0.667587

Position: -3.18431 3.72196 -5.50152
Normal: -0 0 -1
UV: 0.960083 0.667587

Position: -3.18431 1.92497 -5.69973
Normal: -0 0 -1
UV: 0.829285 0.98104

Position: -1.82817 1.92497 -5.69973
Normal: -0 0 -1
UV: 0.802264 0.98104

Position: -1.82817 2.13703 -5.69973
Normal: -0 0 -1
UV: 0.802264 0.994604

Position: -3.18431 2.13703 -5.69973
Normal: -0 0 -1
UV: 0.829285 0.994604

Position: -1.82817 2.13703 -5.50152
Normal: -0 1 0
UV: 0.701132 0.993576

Position: -3.18431 2.13703 -5.50152
Normal: -0 1 0
UV: 0.728154 0.993576

Position: -3.18431 2.13703 -5.69973
Normal: -0 1 0
UV: 0.728154 0.993576

Position: -1.82817 2.13703 -5.69973
Normal: -0 1 0
UV: 0.701132 0.993576

Position: -3.18431 1.92497 -5.69973
Normal: -1 0 0
UV: 0.952583 0.995433

Position: -3.18431 2.13703 -5.50152
Normal: -1 0 0
UV: 0.918345 0.981104

Position: -3.18431 1.92497 -5.50152
Normal: -1 0 0
UV: 0.918345 0.995433

Position: -3.18431 2.13703 -5.69973
Normal: -1 0 0
UV: 0.952583 0.981104

Position: -3.18431 1.92497 -5.50152
Normal: -0 -1 0
UV: 0.948243 0.982754

Position: -1.82817 1.92497 -5.50152
Normal: -0 -1 0
UV: 0.921221 0.982754

Position: -1.82817 1.92497 -5.69973
Normal: -0 -1 0
UV: 0.921221 0.993381

Position: -3.18431 1.92497 -5.69973
Normal: -0 -1 0
UV: 0.948243 0.993381

Position: -1.82817 2.13703 -5.50152
Normal: 1 0 0
UV: 0.952583 0.981104

Position: -1.82817 2.13703 -5.69973
Normal: 1 0 0
UV: 0.918345 0.981104

Position: -1.82817 1.92497 -5.50152
Normal: 1 0 0
UV: 0.952583 0.995433

Position: -1.82817 1.92497 -5.69973
Normal: 1 0 0
UV: 0.918345 0.995433

Position: -1.82817 3.72196 -5.34114
Normal: -0 1 0
UV: 0.845895 0.650581

Position: -3.18431 3.72196 -5.34114
Normal: -0 1 0
UV: 0.806238 0.650581

Position: -3.18431 3.72196 -5.50152
Normal: -0 1 0
UV: 0.806238 0.662831

Position: -1.82817 3.72196 -5.50152
Normal: -0 1 0
UV: 0.845895 0.662831

Position: -1.82817 3.72196 -5.50152
Normal: 1 0 0
UV: 0.710045 0.662831

Position: -1.82817 2.13703 -5.50152
Normal: 1 0 0
UV: 0.749702 0.662831

Position: -1.82817 3.72196 -5.34114
Normal: 1 0 0
UV: 0.710045 0.650581

Position: -3.18431 2.13703 -5.50152
Normal: -1 0 0
UV: 0.710045 0.662831

Position: -3.18431 3.72196 -5.34114
Normal: -1 0 0
UV: 0.749702 0.650581

Position: -3.18431 1.92497 -5.34114
Normal: -1 0 0
UV: 0.710045 0.650581

Position: -1.82817 2.13703 -5.50152
Normal: 1 0 0
UV: 0.710045 0.662831

Position: -1.82817 1.92497 -5.50152
Normal: 1 0 0
UV: 0.749702 0.662831

Position: -1.82817 1.92497 -5.34114
Normal: 1 0 0
UV: 0.729873 0.650581

Position: -3.18431 1.92497 -5.50152
Normal: -1 0 0
UV: 0.710045 0.662831

Position: -3.18431 2.13703 -5.50152
Normal: -1 0 0
UV: 0.749702 0.662831

Position: -3.18431 1.92497 -5.34114
Normal: -1 0 0
UV: 0.729873 0.650581

Position: -3.18431 1.92497 -5.34114
Normal: -0 -1 0
UV: 0.939401 0.650581

Position: -1.82817 1.92497 -5.34114
Normal: -0 -1 0
UV: 0.899744 0.650581

Position: -1.82817 1.92497 -5.50152
Normal: -0 -1 0
UV: 0.899744 0.662831

Position: -3.18431 1.92497 -5.50152
Normal: -0 -1 0
UV: 0.939401 0.662831

Position: -1.82817 1.92497 -5.34114
Normal: 1 0 0
UV: 0.749702 0.650581

Position: -3.18431 3.72196 -5.50152
Normal: -1 0 0
UV: 0.749702 0.662831

Position: 3.18431 2.13703 -5.50152
Normal: -0 0 -1
UV: 0.960083 0.975103

Position: 1.82816 3.72196 -5.50152
Normal: -0 0 -1
UV: 0.696956 0.667587

Position: 1.82816 2.13703 -5.50152
Normal: -0 0 -1
UV: 0.696956 0.975103

Position: 3.18431 3.72196 -5.50152
Normal: -0 0 -1
UV: 0.960083 0.667587

Position: 3.18431 1.92497 -5.69973
Normal: -0 0 -1
UV: 0.829285 0.98104

Position: 1.82816 2.13703 -5.69973
Normal: -0 0 -1
UV: 0.802264 0.994604

Position: 1.82816 1.92497 -5.69973
Normal: -0 0 -1
UV: 0.802264 0.98104

Position: 3.18431 2.13703 -5.69973
Normal: -0 0 -1
UV: 0.829285 0.994604

Position: 1.82816 2.13703 -5.69973
Normal: -0 1 0
UV: 0.701132 0.993576

Position: 3.18431 2.13703 -5.69973
Normal: -0 1 0
UV: 0.728154 0.993576

Position: 1.82816 2.13703 -5.50152
Normal: -0 1 0
UV: 0.701132 0.993576

Position: 3.18431 2.13703 -5.50152
Normal: -0 1 0
UV: 0.728154 0.993576

Position: 3.18431 1.92497 -5.50152
Normal: 1 0 0
UV: 0.918345 0.995433

Position: 3.18431 2.13703 -5.50152
Normal: 1 0 0
UV: 0.918345 0.981104

Position: 3.18431 1.92497 -5.69973
Normal: 1 0 0
UV: 0.952583 0.995433

Position: 3.18431 2.13703 -5.69973
Normal: 1 0 0
UV: 0.952583 0.981104

Position: 3.18431 1.92497 -5.69973
Normal: -0 -1 0
UV: 0.948243 0.993381

Position: 1.82816 1.92497 -5.69973
Normal: -0 -1 0
UV: 0.921221 0.993381

Position: 3.18431 1.92497 -5.50152
Normal: -0 -1 0
UV: 0.948243 0.982754

Position: 1.82816 1.92497 -5.50152
Normal: -0 -1 0
UV: 0.921221 0.982754

Position: 1.82816 2.13703 -5.50152
Normal: -1 0 0
UV: 0.952583 0.981104

Position: 1.82816 1.92497 -5.50152
Normal: -1 0 0
UV: 0.952583 0.995433

Position: 1.82816 2.13703 -5.69973
Normal: -1 0 0
UV: 0.918345 0.981104

Position: 1.82816 1.92497 -5.69973
Normal: -1 0 0
UV: 0.918345 0.995433

Position: 1.82816 3.72196 -5.34114
Normal: -0 1 0
UV: 0.845895 0.650581

Position: 3.18431 3.72196 -5.50152
Normal: -0 1 0
UV: 0.806238 0.662831

Position: 3.18431 3.72196 -5.34114
Normal: -0 1 0
UV: 0.806238 0.650581

Position: 1.82816 3.72196 -5.50152
Normal: -0 1 0
UV: 0.845895 0.662831

Position: 1.82816 3.72196 -5.50152
Normal: -1 0 0
UV: 0.710045 0.662831

Position: 1.82816 3.72196 -5.34114
Normal: -1 0 0
UV: 0.710045 0.650581

Position: 1.82816 2.13703 -5.50152
Normal: -1 0 0
UV: 0.749702 0.662831

Position: 3.18431 2.13703 -5.50152
Normal: 1 0 0
UV: 0.710045 0.662831

Position: 3.18431 1.92497 -5.34114
Normal: 1 0 0
UV: 0.710045 0.650581

Position: 3.18431 3.72196 -5.34114
Normal: 1 0 0
UV: 0.749702 0.650581

Position: 1.82816 2.13703 -5.50152
Normal: -1 0 0
UV: 0.710045 0.662831

Position: 1.82816 1.92497 -5.34114
Normal: -1 0 0
UV: 0.729873 0.650581

Position: 1.82816 1.92497 -5.50152
Normal: -1 0 0
UV: 0.749702 0.662831

Position: 3.18431 1.92497 -5.50152
Normal: 1 0 0
UV: 0.710045 0.662831

Position: 3.18431 1.92497 -5.34114
Normal: 1 0 0
UV: 0.729873 0.650581

Position: 3.18431 2.13703 -5.50152
Normal: 1 0 0
UV: 0.749702 0.662831

Position: 3.18431 1.92497 -5.34114
Normal: -0 -1 0
UV: 0.939401 0.650581

Position: 1.82816 1.92497 -5.50152
Normal: -0 -1 0
UV: 0.899744 0.662831

Position: 1.82816 1.92497 -5.34114
Normal: -0 -1 0
UV: 0.899744 0.650581

Position: 3.18431 1.92497 -5.50152
Normal: -0 -1 0
UV: 0.939401 0.662831

Position: 1.82816 1.92497 -5.34114
Normal: -1 0 0
UV: 0.749702 0.650581

Position: 3.18431 3.72196 -5.50152
Normal: 1 0 0
UV: 0.749702 0.662831

Position: 4.70748 2.13703 -5.50152
Normal: -0 0 -1
UV: 0.960083 0.975103

Position: 3.35134 3.72196 -5.50152
Normal: -0 0 -1
UV: 0.696956 0.667587

Position: 3.35134 2.13703 -5.50152
Normal: -0 0 -1
UV: 0.696956 0.975103

Position: 4.70748 3.72196 -5.50152
Normal: -0 0 -1
UV: 0.960083 0.667587

Position: 4.70748 1.92497 -5.69973
Normal: -0 0 -1
UV: 0.829285 0.98104

Position: 3.35134 2.13703 -5.69973
Normal: -0 0 -1
UV: 0.802264 0.994604

Position: 3.35134 1.92497 -5.69973
Normal: -0 0 -1
UV: 0.802264 0.98104

Position: 4.70748 2.13703 -5.69973
Normal: -0 0 -1
UV: 0.829285 0.994604

Position: 3.35134 2.13703 -5.69973
Normal: -0 1 0
UV: 0.701132 0.993576

Position: 4.70748 2.13703 -5.69973
Normal: -0 1 0
UV: 0.728154 0.993576

Position: 3.35134 2.13703 -5.50152
Normal: -0 1 0
UV: 0.701132 0.993576

Position: 4.70748 2.13703 -5.50152
Normal: -0 1 0
UV: 0.728154 0.993576

Position: 4.70748 1.92497 -5.50152
Normal: 1 0 0
UV: 0.918345 0.995433

Position: 4.70748 2.13703 -5.50152
Normal: 1 0 0
UV: 0.918345 0.981104

Position: 4.70748 1.92497 -5.69973
Normal: 1 0 0
UV: 0.952583 0.995433

Position: 4.70748 2.13703 -5.69973
Normal: 1 0 0
UV: 0.952583 0.981104

Position: 4.70748 1.92497 -5.69973
Normal: -0 -1 0
UV: 0.948243 0.993381

Position: 3.35134 1.92497 -5.69973
Normal: -0 -1 0
UV: 0.921221 0.993381

Position: 4.70748 1.92497 -5.50152
Normal: -0 -1 0
UV: 0.948243 0.982754

Position: 3.35134 1.92497 -5.50152
Normal: -0 -1 0
UV: 0.921221 0.982754

Position: 3.35134 2.13703 -5.50152
Normal: -1 0 0
UV: 0.952583 0.981104

Position: 3.35134 1.92497 -5.50152
Normal: -1 0 0
UV: 0.952583 0.995433

Position: 3.35134 2.13703 -5.69973
Normal: -1 0 0
UV: 0.918345 0.981104

Position: 3.35134 1.92497 -5.69973
Normal: -1 0 0
UV: 0.918345 0.995433

Position: 3.35134 3.72196 -5.34114
Normal: -0 1 0
UV: 0.845895 0.650581

Position: 4.70748 3.72196 -5.50152
Normal: -0 1 0
UV: 0.806238 0.662831

Position: 4.70748 3.72196 -5.34114
Normal: -0 1 0
UV: 0.806238 0.650581

Position: 3.35134 3.72196 -5.50152
Normal: -0 1 0
UV: 0.845895 0.662831

Position: 3.35134 3.72196 -5.50152
Normal: -1 0 0
UV: 0.710045 0.662831

Position: 3.35134 3.72196 -5.34114
Normal: -1 0 0
UV: 0.710045 0.650581

Position: 3.35134 2.13703 -5.50152
Normal: -1 0 0
UV: 0.749702 0.662831

Position: 4.70748 2.13703 -5.50152
Normal: 1 0 0
UV: 0.710045 0.662831

Position: 4.70748 1.92497 -5.34114
Normal: 1 0 0
UV: 0.710045 0.650581

Position: 4.70748 3.72196 -5.34114
Normal: 1 0 0
UV: 0.749702 0.650581

Position: 3.35134 2.13703 -5.50152
Normal: -1 0 0
UV: 0.710045 0.662831

Position: 3.35134 1.92497 -5.34114
Normal: -1 0 0
UV: 0.729873 0.650581

Position: 3.35134 1.92497 -5.50152
Normal: -1 0 0
UV: 0.749702 0.662831

Position: 4.70748 1.92497 -5.50152
Normal: 1 0 0
UV: 0.710045 0.662831

Position: 4.70748 1.92497 -5.34114
Normal: 1 0 0
UV: 0.729873 0.650581

Position: 4.70748 2.13703 -5.50152
Normal: 1 0 0
UV: 0.749702 0.662831

Position: 4.70748 1.92497 -5.34114
Normal: -0 -1 0
UV: 0.939401 0.650581

Position: 3.35134 1.92497 -5.50152
Normal: -0 -1 0
UV: 0.899744 0.662831

Position: 3.35134 1.92497 -5.34114
Normal: -0 -1 0
UV: 0.899744 0.650581

Position: 4.70748 1.92497 -5.50152
Normal: -0 -1 0
UV: 0.939401 0.662831

Position: 3.35134 1.92497 -5.34114
Normal: -1 0 0
UV: 0.749702 0.650581

Position: 4.70748 3.72196 -5.50152
Normal: 1 0 0
UV: 0.749702 0.662831

Position: -0 0.212061 -5.71151
Normal: -0 0 -1
UV: 0.952843 0.609018

Position: -1.41489 3.72196 -5.71151
Normal: -0 0 -1
UV: 0.680958 0.146411

Position: -1.41489 0.212061 -5.71151
Normal: -0 0 -1
UV: 0.680958 0.609018

Position: -0 3.72196 -5.71151
Normal: -0 0 -1
UV: 0.952843 0.146411

Position: 1.41489 -1.64996e-007 -5.90972
Normal: -0 0 -1
UV: 0.829285 0.98104

Position: -1.41489 0.212061 -5.90972
Normal: -0 0 -1
UV: 0.802264 0.994604

Position: -1.41489 -1.64996e-007 -5.90972
Normal: -0 0 -1
UV: 0.802264 0.98104

Position: 1.41489 0.212061 -5.90972
Normal: -0 0 -1
UV: 0.829285 0.994604

Position: -1.41489 0.212061 -5.90972
Normal: -0 1 0
UV: 0.701132 0.993576

Position: 1.41489 0.212061 -5.90972
Normal: -0 1 0
UV: 0.728154 0.993576

Position: -1.41489 0.212061 -5.71151
Normal: -0 1 0
UV: 0.701132 0.993576

Position: 1.41489 0.212061 -5.71151
Normal: -0 1 0
UV: 0.728154 0.993576

Position: 1.41489 -1.64996e-007 -5.71151
Normal: 1 0 0
UV: 0.918345 0.995433

Position: 1.41489 0.212061 -5.71151
Normal: 1 0 0
UV: 0.918345 0.981104

Position: 1.41489 -1.64996e-007 -5.90972
Normal: 1 0 0
UV: 0.952583 0.995433

Position: 1.41489 0.212061 -5.90972
Normal: 1 0 0
UV: 0.952583 0.981104

Position: 1.41489 -1.64996e-007 -5.90972
Normal: -0 -1 0
UV: 0.948243 0.993381

Position: -1.41489 -1.64996e-007 -5.90972
Normal: -0 -1 0
UV: 0.921221 0.993381

Position: 1.41489 -1.64996e-007 -5.71151
Normal: -0 -1 0
UV: 0.948243 0.982754

Position: -1.41489 -1.64996e-007 -5.71151
Normal: -0 -1 0
UV: 0.921221 0.982754

Position: -1.41489 0.212061 -5.71151
Normal: -1 0 0
UV: 0.952583 0.981104

Position: -1.41489 -1.64996e-007 -5.71151
Normal: -1 0 0
UV: 0.952583 0.995433

Position: -1.41489 0.212061 -5.90972
Normal: -1 0 0
UV: 0.918345 0.981104

Position: -1.41489 -1.64996e-007 -5.90972
Normal: -1 0 0
UV: 0.918345 0.995433

Position: 1.41489 3.72196 -5.55114
Normal: -0 1 1.05076e-006
UV: 0.802364 0.981683

Position: -0 3.72196 -5.71151
Normal: -0 1 1.05076e-006
UV: 0.816412 0.993933

Position: 1.41489 3.72196 -5.71151
Normal: -0 1 1.05076e-006
UV: 0.802364 0.993933

Position: -1.41489 3.72196 -5.55114
Normal: -0 1 1.05076e-006
UV: 0.83046 0.981683

Position: -1.41489 3.72196 -5.71151
Normal: -0 1 1.05076e-006
UV: 0.83046 0.993933

Position: -1.41489 3.72196 -5.71151
Normal: -1 0 0
UV: 0.705172 0.992968

Position: -1.41489 3.72196 -5.55114
Normal: -1 0 0
UV: 0.705172 0.980718

Position: -1.41489 0.212061 -5.71151
Normal: -1 0 0
UV: 0.728507 0.992968

Position: 1.41489 0.212061 -5.71151
Normal: 1 0 0
UV: 0.705172 0.992968

Position: 1.41489 -1.64996e-007 -5.55114
Normal: 1 0 0
UV: 0.705172 0.980718

Position: 1.41489 3.72196 -5.55114
Normal: 1 0 0
UV: 0.728507 0.980718

Position: -1.41489 0.212061 -5.71151
Normal: -1 0 0
UV: 0.705172 0.992968

Position: -1.41489 -1.64996e-007 -5.55114
Normal: -1 0 0
UV: 0.71684 0.980718

Position: -1.41489 -1.64996e-007 -5.71151
Normal: -1 0 0
UV: 0.728507 0.992968

Position: 1.41489 -1.64996e-007 -5.71151
Normal: 1 0 0
UV: 0.705172 0.992968

Position: 1.41489 -1.64996e-007 -5.55114
Normal: 1 0 0
UV: 0.71684 0.980718

Position: 1.41489 0.212061 -5.71151
Normal: 1 0 0
UV: 0.728507 0.992968

Position: 1.41489 -1.64996e-007 -5.55114
Normal: -0 -1 0
UV: 0.946062 0.981683

Position: -1.41489 -1.64996e-007 -5.71151
Normal: -0 -1 0
UV: 0.922047 0.993933

Position: -1.41489 -1.64996e-007 -5.55114
Normal: -0 -1 0
UV: 0.922047 0.981683

Position: 1.41489 -1.64996e-007 -5.71151
Normal: -0 -1 0
UV: 0.946062 0.993933

Position: -1.41489 -1.64996e-007 -5.55114
Normal: -1 0 0
UV: 0.728507 0.980718

Position: 1.41489 3.72196 -5.71151
Normal: 1 0 0
UV: 0.728507 0.992968

Position: 1.41489 0.212061 -5.71151
Normal: -0 0 -1
UV: 0.680958 0.609018

Position: 1.41489 3.72196 -5.71151
Normal: -0 0 -1
UV: 0.680958 0.146411

Position: -4.70748 5.19931 -5.50152
Normal: -0 0 -1
UV: 0.960083 0.975103

Position: -3.35134 5.19931 -5.50152
Normal: -0 0 -1
UV: 0.696956 0.975103

Position: -3.35134 6.78423 -5.50152
Normal: -0 0 -1
UV: 0.696956 0.667587

Position: -4.70748 6.78423 -5.50152
Normal: -0 0 -1
UV: 0.960083 0.667587

Position: -4.70748 4.98724 -5.69973
Normal: -0 0 -1
UV: 0.829285 0.98104

Position: -3.35134 4.98724 -5.69973
Normal: -0 0 -1
UV: 0.802264 0.98104

Position: -3.35134 5.19931 -5.69973
Normal: -0 0 -1
UV: 0.802264 0.994604

Position: -4.70748 5.19931 -5.69973
Normal: -0 0 -1
UV: 0.829285 0.994604

Position: -3.35134 5.19931 -5.50152
Normal: -0 1 0
UV: 0.701132 0.993576

Position: -4.70748 5.19931 -5.50152
Normal: -0 1 0
UV: 0.728154 0.993576

Position: -4.70748 5.19931 -5.69973
Normal: -0 1 0
UV: 0.728154 0.993576

Position: -3.35134 5.19931 -5.69973
Normal: -0 1 0
UV: 0.701132 0.993576

Position: -4.70748 4.98724 -5.50152
Normal: -1 0 0
UV: 0.918345 0.995433

Position: -4.70748 4.98724 -5.69973
Normal: -1 0 0
UV: 0.952583 0.995433

Position: -4.70748 5.19931 -5.50152
Normal: -1 0 0
UV: 0.918345 0.981104

Position: -4.70748 5.19931 -5.69973
Normal: -1 0 0
UV: 0.952583 0.981104

Position: -3.35134 4.98724 -5.69973
Normal: -0 -1 0
UV: 0.921221 0.993381

Position: -4.70748 4.98724 -5.50152
Normal: -0 -1 0
UV: 0.948243 0.982754

Position: -3.35134 4.98724 -5.50152
Normal: -0 -1 0
UV: 0.921221 0.982754

Position: -4.70748 4.98724 -5.69973
Normal: -0 -1 0
UV: 0.948243 0.993381

Position: -3.35134 5.19931 -5.50152
Normal: 1 0 0
UV: 0.952583 0.981104

Position: -3.35134 5.19931 -5.69973
Normal: 1 0 0
UV: 0.918345 0.981104

Position: -3.35134 4.98724 -5.50152
Normal: 1 0 0
UV: 0.952583 0.995433

Position: -3.35134 4.98724 -5.69973
Normal: 1 0 0
UV: 0.918345 0.995433

Position: -3.35134 6.78423 -5.34114
Normal: -0 1 0
UV: 0.845895 0.650581

Position: -4.70748 6.78423 -5.34114
Normal: -0 1 0
UV: 0.806238 0.650581

Position: -4.70748 6.78423 -5.50152
Normal: -0 1 0
UV: 0.806238 0.662831

Position: -3.35134 6.78423 -5.50152
Normal: -0 1 0
UV: 0.845895 0.662831

Position: -3.35134 6.78423 -5.50152
Normal: 1 0 0
UV: 0.710045 0.662831

Position: -3.35134 5.19931 -5.50152
Normal: 1 0 0
UV: 0.749702 0.662831

Position: -3.35134 6.78423 -5.34114
Normal: 1 0 0
UV: 0.710045 0.650581

Position: -4.70748 5.19931 -5.50152
Normal: -1 0 0
UV: 0.710045 0.662831

Position: -4.70748 6.78423 -5.34114
Normal: -1 0 0
UV: 0.749702 0.650581

Position: -4.70748 4.98724 -5.34114
Normal: -1 0 0
UV: 0.710045 0.650581

Position: -3.35134 5.19931 -5.50152
Normal: 1 0 0
UV: 0.710045 0.662831

Position: -3.35134 4.98724 -5.50152
Normal: 1 0 0
UV: 0.749702 0.662831

Position: -3.35134 4.98724 -5.34114
Normal: 1 0 0
UV: 0.729873 0.650581

Position: -4.70748 4.98724 -5.50152
Normal: -1 0 0
UV: 0.710045 0.662831

Position: -4.70748 5.19931 -5.50152
Normal: -1 0 0
UV: 0.749702 0.662831

Position: -4.70748 4.98724 -5.34114
Normal: -1 0 0
UV: 0.729873 0.650581

Position: -4.70748 4.98724 -5.34114
Normal: -0 -1 0
UV: 0.939401 0.650581

Position: -3.35134 4.98724 -5.34114
Normal: -0 -1 0
UV: 0.899744 0.650581

Position: -3.35134 4.98724 -5.50152
Normal: -0 -1 0
UV: 0.899744 0.662831

Position: -4.70748 4.98724 -5.50152
Normal: -0 -1 0
UV: 0.939401 0.662831

Position: -3.35134 4.98724 -5.34114
Normal: 1 0 0
UV: 0.749702 0.650581

Position: -4.70748 6.78423 -5.50152
Normal: -1 0 0
UV: 0.749702 0.662831

Position: -3.18431 5.19931 -5.50152
Normal: -0 0 -1
UV: 0.960083 0.975103

Position: -1.82817 5.19931 -5.50152
Normal: -0 0 -1
UV: 0.696956 0.975103

Position: -1.82817 6.78423 -5.50152
Normal: -0 0 -1
UV: 0.696956 0.667587

Position: -3.18431 6.78423 -5.50152
Normal: -0 0 -1
UV: 0.960083 0.667587

Position: -3.18431 4.98724 -5.69973
Normal: -0 0 -1
UV: 0.829285 0.98104

Position: -1.82817 4.98724 -5.69973
Normal: -0 0 -1
UV: 0.802264 0.98104

Position: -1.82817 5.19931 -5.69973
Normal: -0 0 -1
UV: 0.802264 0.994604

Position: -3.18431 5.19931 -5.69973
Normal: -0 0 -1
UV: 0.829285 0.994604

Position: -1.82817 5.19931 -5.50152
Normal: -0 1 0
UV: 0.701132 0.993576

Position: -3.18431 5.19931 -5.50152
Normal: -0 1 0
UV: 0.728154 0.993576

Position: -3.18431 5.19931 -5.69973
Normal: -0 1 0
UV: 0.728154 0.993576

Position: -1.82817 5.19931 -5.69973
Normal: -0 1 0
UV: 0.701132 0.993576

Position: -3.18431 4.98724 -5.50152
Normal: -1 0 0
UV: 0.918345 0.995433

Position: -3.18431 4.98724 -5.69973
Normal: -1 0 0
UV: 0.952583 0.995433

Position: -3.18431 5.19931 -5.50152
Normal: -1 0 0
UV: 0.918345 0.981104

Position: -3.18431 5.19931 -5.69973
Normal: -1 0 0
UV: 0.952583 0.981104

Position: -3.18431 4.98724 -5.50152
Normal: -0 -1 0
UV: 0.948243 0.982754

Position: -1.82817 4.98724 -5.50152
Normal: -0 -1 0
UV: 0.921221 0.982754

Position: -1.82817 4.98724 -5.69973
Normal: -0 -1 0
UV: 0.921221 0.993381

Position: -3.18431 4.98724 -5.69973
Normal: -0 -1 0
UV: 0.948243 0.993381

Position: -1.82817 5.19931 -5.50152
Normal: 1 0 0
UV: 0.952583 0.981104

Position: -1.82817 5.19931 -5.69973
Normal: 1 0 0
UV: 0.918345 0.981104

Position: -1.82817 4.98724 -5.50152
Normal: 1 0 0
UV: 0.952583 0.995433

Position: -1.82817 4.98724 -5.69973
Normal: 1 0 0
UV: 0.918345 0.995433

Position: -1.82817 6.78423 -5.34114
Normal: -0 1 0
UV: 0.845895 0.650581

Position: -3.18431 6.78423 -5.34114
Normal: -0 1 0
UV: 0.806238 0.650581

Position: -3.18431 6.78423 -5.50152
Normal: -0 1 0
UV: 0.806238 0.662831

Position: -1.82817 6.78423 -5.50152
Normal: -0 1 0
UV: 0.845895 0.662831

Position: -1.82817 6.78423 -5.50152
Normal: 1 0 0
UV: 0.710045 0.662831

Position: -1.82817 5.19931 -5.50152
Normal: 1 0 0
UV: 0.749702 0.662831

Position: -1.82817 6.78423 -5.34114
Normal: 1 0 0
UV: 0.710045 0.650581

Position: -3.18431 5.19931 -5.50152
Normal: -1 0 0
UV: 0.710045 0.662831

Position: -3.18431 6.78423 -5.34114
Normal: -1 0 0
UV: 0.749702 0.650581

Position: -3.18431 4.98724 -5.34114
Normal: -1 0 0
UV: 0.710045 0.650581

Position: -1.82817 5.19931 -5.50152
Normal: 1 0 0
UV: 0.710045 0.662831

Position: -1.82817 4.98724 -5.50152
Normal: 1 0 0
UV: 0.749702 0.662831

Position: -1.82817 4.98724 -5.34114
Normal: 1 0 0
UV: 0.729873 0.650581

Position: -3.18431 4.98724 -5.50152
Normal: -1 0 0
UV: 0.710045 0.662831

Position: -3.18431 5.19931 -5.50152
Normal: -1 0 0
UV: 0.749702 0.662831

Position: -3.18431 4.98724 -5.34114
Normal: -1 0 0
UV: 0.729873 0.650581

Position: -3.18431 4.98724 -5.34114
Normal: -0 -1 0
UV: 0.939401 0.650581

Position: -1.82817 4.98724 -5.34114
Normal: -0 -1 0
UV: 0.899744 0.650581

Position: -1.82817 4.98724 -5.50152
Normal: -0 -1 0
UV: 0.899744 0.662831

Position: -3.18431 4.98724 -5.50152
Normal: -0 -1 0
UV: 0.939401 0.662831

Position: -1.82817 4.98724 -5.34114
Normal: 1 0 0
UV: 0.749702 0.650581

Position: -3.18431 6.78423 -5.50152
Normal: -1 0 0
UV: 0.749702 0.662831

Position: 3.18431 5.19931 -5.50152
Normal: -0 0 -1
UV: 0.960083 0.975103

Position: 1.82816 6.78423 -5.50152
Normal: -0 0 -1
UV: 0.696956 0.667587

Position: 1.82816 5.19931 -5.50152
Normal: -0 0 -1
UV: 0.696956 0.975103

Position: 3.18431 6.78423 -5.50152
Normal: -0 0 -1
UV: 0.960083 0.667587

Position: 3.18431 4.98724 -5.69973
Normal: -0 0 -1
UV: 0.829285 0.98104

Position: 1.82816 5.19931 -5.69973
Normal: -0 0 -1
UV: 0.802264 0.994604

Position: 1.82816 4.98724 -5.69973
Normal: -0 0 -1
UV: 0.802264 0.98104

Position: 3.18431 5.19931 -5.69973
Normal: -0 0 -1
UV: 0.829285 0.994604

Position: 1.82816 5.19931 -5.69973
Normal: -0 1 0
UV: 0.701132 0.993576

Position: 3.18431 5.19931 -5.69973
Normal: -0 1 0
UV: 0.728154 0.993576

Position: 1.82816 5.19931 -5.50152
Normal: -0 1 0
UV: 0.701132 0.993576

Position: 3.18431 5.19931 -5.50152
Normal: -0 1 0
UV: 0.728154 0.993576

Position: 3.18431 4.98724 -5.50152
Normal: 1 0 0
UV: 0.918345 0.995433

Position: 3.18431 5.19931 -5.50152
Normal: 1 0 0
UV: 0.918345 0.981104

Position: 3.18431 4.98724 -5.69973
Normal: 1 0 0
UV: 0.952583 0.995433

Position: 3.18431 5.19931 -5.69973
Normal: 1 0 0
UV: 0.952583 0.981104

Position: 3.18431 4.98724 -5.69973
Normal: -0 -1 0
UV: 0.948243 0.993381

Position: 1.82816 4.98724 -5.69973
Normal: -0 -1 0
UV: 0.921221 0.993381

Position: 3.18431 4.98724 -5.50152
Normal: -0 -1 0
UV: 0.948243 0.982754

Position: 1.82816 4.98724 -5.50152
Normal: -0 -1 0
UV: 0.921221 0.982754

Position: 1.82816 5.19931 -5.50152
Normal: -1 0 0
UV: 0.952583 0.981104

Position: 1.82816 4.98724 -5.50152
Normal: -1 0 0
UV: 0.952583 0.995433

Position: 1.82816 5.19931 -5.69973
Normal: -1 0 0
UV: 0.918345 0.981104

Position: 1.82816 4.98724 -5.69973
Normal: -1 0 0
UV: 0.918345 0.995433

Position: 1.82816 6.78423 -5.34114
Normal: -0 1 0
UV: 0.845895 0.650581

Position: 3.18431 6.78423 -5.50152
Normal: -0 1 0
UV: 0.806238 0.662831

Position: 3.18431 6.78423 -5.34114
Normal: -0 1 0
UV: 0.806238 0.650581

Position: 1.82816 6.78423 -5.50152
Normal: -0 1 0
UV: 0.845895 0.662831

Position: 1.82816 6.78423 -5.50152
Normal: -1 0 0
UV: 0.710045 0.662831

Position: 1.82816 6.78423 -5.34114
Normal: -1 0 0
UV: 0.710045 0.650581

Position: 1.82816 5.19931 -5.50152
Normal: -1 0 0
UV: 0.749702 0.662831

Position: 3.18431 5.19931 -5.50152
Normal: 1 0 0
UV: 0.710045 0.662831

Position: 3.18431 4.98724 -5.34114
Normal: 1 0 0
UV: 0.710045 0.650581

Position: 3.18431 6.78423 -5.34114
Normal: 1 0 0
UV: 0.749702 0.650581

Position: 1.82816 5.19931 -5.50152
Normal: -1 0 0
UV: 0.710045 0.662831

Position: 1.82816 4.98724 -5.34114
Normal: -1 0 0
UV: 0.729873 0.650581

Position: 1.82816 4.98724 -5.50152
Normal: -1 0 0
UV: 0.749702 0.662831

Position: 3.18431 4.98724 -5.50152
Normal: 1 0 0
UV: 0.710045 0.662831

Position: 3.18431 4.98724 -5.34114
Normal: 1 0 0
UV: 0.729873 0.650581

Position: 3.18431 5.19931 -5.50152
Normal: 1 0 0
UV: 0.749702 0.662831

Position: 3.18431 4.98724 -5.34114
Normal: -0 -1 0
UV: 0.939401 0.650581

Position: 1.82816 4.98724 -5.50152
Normal: -0 -1 0
UV: 0.899744 0.662831

Position: 1.82816 4.98724 -5.34114
Normal: -0 -1 0
UV: 0.899744 0.650581

Position: 3.18431 4.98724 -5.50152
Normal: -0 -1 0
UV: 0.939401 0.662831

Position: 1.82816 4.98724 -5.34114
Normal: -1 0 0
UV: 0.749702 0.650581

Position: 3.18431 6.78423 -5.50152
Normal: 1 0 0
UV: 0.749702 0.662831

Position: 4.70748 5.19931 -5.50152
Normal: -0 0 -1
UV: 0.960083 0.975103

Position: 3.35134 6.78423 -5.50152
Normal: -0 0 -1
UV: 0.696956 0.667587

Position: 3.35134 5.19931 -5.50152
Normal: -0 0 -1
UV: 0.696956 0.975103

Position: 4.70748 6.78423 -5.50152
Normal: -0 0 -1
UV: 0.960083 0.667587

Position: 4.70748 4.98724 -5.69973
Normal: -0 0 -1
UV: 0.829285 0.98104

Position: 3.35134 5.19931 -5.69973
Normal: -0 0 -1
UV: 0.802264 0.994604

Position: 3.35134 4.98724 -5.69973
Normal: -0 0 -1
UV: 0.802264 0.98104

Position: 4.70748 5.19931 -5.69973
Normal: -0 0 -1
UV: 0.829285 0.994604

Position: 3.35134 5.19931 -5.69973
Normal: -0 1 0
UV: 0.701132 0.993576

Position: 4.70748 5.19931 -5.69973
Normal: -0 1 0
UV: 0.728154 0.993576

Position: 3.35134 5.19931 -5.50152
Normal: -0 1 0
UV: 0.701132 0.993576

Position: 4.70748 5.19931 -5.50152
Normal: -0 1 0
UV: 0.728154 0.993576

Position: 4.70748 4.98724 -5.50152
Normal: 1 0 0
UV: 0.918345 0.995433

Position: 4.70748 5.19931 -5.50152
Normal: 1 0 0
UV: 0.918345 0.981104

Position: 4.70748 4.98724 -5.69973
Normal: 1 0 0
UV: 0.952583 0.995433

Position: 4.70748 5.19931 -5.69973
Normal: 1 0 0
UV: 0.952583 0.981104

Position: 4.70748 4.98724 -5.69973
Normal: -0 -1 0
UV: 0.948243 0.993381

Position: 3.35134 4.98724 -5.69973
Normal: -0 -1 0
UV: 0.921221 0.993381

Position: 4.70748 4.98724 -5.50152
Normal: -0 -1 0
UV: 0.948243 0.982754

Position: 3.35134 4.98724 -5.50152
Normal: -0 -1 0
UV: 0.921221 0.982754

Position: 3.35134 5.19931 -5.50152
Normal: -1 0 0
UV: 0.952583 0.981104

Position: 3.35134 4.98724 -5.50152
Normal: -1 0 0
UV: 0.952583 0.995433

Position: 3.35134 5.19931 -5.69973
Normal: -1 0 0
UV: 0.918345 0.981104

Position: 3.35134 4.98724 -5.69973
Normal: -1 0 0
UV: 0.918345 0.995433

Position: 3.35134 6.78423 -5.34114
Normal: -0 1 0
UV: 0.845895 0.650581

Position: 4.70748 6.78423 -5.50152
Normal: -0 1 0
UV: 0.806238 0.662831

Position: 4.70748 6.78423 -5.34114
Normal: -0 1 0
UV: 0.806238 0.650581

Position: 3.35134 6.78423 -5.50152
Normal: -0 1 0
UV: 0.845895 0.662831

Position: 3.35134 6.78423 -5.50152
Normal: -1 0 0
UV: 0.710045 0.662831

Position: 3.35134 6.78423 -5.34114
Normal: -1 0 0
UV: 0.710045 0.650581

Position: 3.35134 5.19931 -5.50152
Normal: -1 0 0
UV: 0.749702 0.662831

Position: 4.70748 5.19931 -5.50152
Normal: 1 0 0
UV: 0.710045 0.662831

Position: 4.70748 4.98724 -5.34114
Normal: 1 0 0
UV: 0.710045 0.650581

Position: 4.70748 6.78423 -5.34114
Normal: 1 0 0
UV: 0.749702 0.650581

Position: 3.35134 5.19931 -5.50152
Normal: -1 0 0
UV: 0.710045 0.662831

Position: 3.35134 4.98724 -5.34114
Normal: -1 0 0
UV: 0.729873 0.650581

Position: 3.35134 4.98724 -5.50152
Normal: -1 0 0
UV: 0.749702 0.662831

Position: 4.70748 4.98724 -5.50152
Normal: 1 0 0
UV: 0.710045 0.662831

Position: 4.70748 4.98724 -5.34114
Normal: 1 0 0
UV: 0.729873 0.650581

Position: 4.70748 5.19931 -5.50152
Normal: 1 0 0
UV: 0.749702 0.662831

Position: 4.70748 4.98724 -5.34114
Normal: -0 -1 0
UV: 0.939401 0.650581

Position: 3.35134 4.98724 -5.50152
Normal: -0 -1 0
UV: 0.899744 0.662831

Position: 3.35134 4.98724 -5.34114
Normal: -0 -1 0
UV: 0.899744 0.650581

Position: 4.70748 4.98724 -5.50152
Normal: -0 -1 0
UV: 0.939401 0.662831

Position: 3.35134 4.98724 -5.34114
Normal: -1 0 0
UV: 0.749702 0.650581

Position: 4.70748 6.78423 -5.50152
Normal: 1 0 0
UV: 0.749702 0.662831

Position: -4.70748 7.56293 -5.50152
Normal: -0 0 -1
UV: 0.960083 0.975103

Position: -3.35134 7.56293 -5.50152
Normal: -0 0 -1
UV: 0.696956 0.975103

Position: -3.35134 9.14785 -5.50152
Normal: -0 0 -1
UV: 0.696956 0.667587

Position: -4.70748 9.14785 -5.50152
Normal: -0 0 -1
UV: 0.960083 0.667587

Position: -4.70748 7.35086 -5.69973
Normal: -0 0 -1
UV: 0.829285 0.98104

Position: -3.35134 7.35086 -5.69973
Normal: -0 0 -1
UV: 0.802264 0.98104

Position: -3.35134 7.56293 -5.69973
Normal: -0 0 -1
UV: 0.802264 0.994604

Position: -4.70748 7.56293 -5.69973
Normal: -0 0 -1
UV: 0.829285 0.994604

Position: -3.35134 7.56293 -5.50152
Normal: -0 1 0
UV: 0.701132 0.993576

Position: -4.70748 7.56293 -5.50152
Normal: -0 1 0
UV: 0.728154 0.993576

Position: -4.70748 7.56293 -5.69973
Normal: -0 1 0
UV: 0.728154 0.993576

Position: -3.35134 7.56293 -5.69973
Normal: -0 1 0
UV: 0.701132 0.993576

Position: -4.70748 7.35086 -5.50152
Normal: -1 0 0
UV: 0.918345 0.995433

Position: -4.70748 7.35086 -5.69973
Normal: -1 0 0
UV: 0.952583 0.995433

Position: -4.70748 7.56293 -5.50152
Normal: -1 0 0
UV: 0.918345 0.981104

Position: -4.70748 7.56293 -5.69973
Normal: -1 0 0
UV: 0.952583 0.981104

Position: -3.35134 7.35086 -5.69973
Normal: -0 -1 0
UV: 0.921221 0.993381

Position: -4.70748 7.35086 -5.50152
Normal: -0 -1 0
UV: 0.948243 0.982754

Position: -3.35134 7.35086 -5.50152
Normal: -0 -1 0
UV: 0.921221 0.982754

Position: -4.70748 7.35086 -5.69973
Normal: -0 -1 0
UV: 0.948243 0.993381

Position: -3.35134 7.56293 -5.50152
Normal: 1 0 0
UV: 0.952583 0.981104

Position: -3.35134 7.56293 -5.69973
Normal: 1 0 0
UV: 0.918345 0.981104

Position: -3.35134 7.35086 -5.50152
Normal: 1 0 0
UV: 0.952583 0.995433

Position: -3.35134 7.35086 -5.69973
Normal: 1 0 0
UV: 0.918345 0.995433

Position: -3.35134 9.14785 -5.34114
Normal: -0 1 0
UV: 0.845895 0.650581

Position: -4.70748 9.14785 -5.34114
Normal: -0 1 0
UV: 0.806238 0.650581

Position: -4.70748 9.14785 -5.50152
Normal: -0 1 0
UV: 0.806238 0.662831

Position: -3.35134 9.14785 -5.50152
Normal: -0 1 0
UV: 0.845895 0.662831

Position: -3.35134 9.14785 -5.50152
Normal: 1 0 0
UV: 0.710045 0.662831

Position: -3.35134 7.56293 -5.50152
Normal: 1 0 0
UV: 0.749702 0.662831

Position: -3.35134 9.14785 -5.34114
Normal: 1 0 0
UV: 0.710045 0.650581

Position: -4.70748 7.56293 -5.50152
Normal: -1 0 0
UV: 0.710045 0.662831

Position: -4.70748 9.14785 -5.34114
Normal: -1 0 0
UV: 0.749702 0.650581

Position: -4.70748 7.35086 -5.34114
Normal: -1 0 0
UV: 0.710045 0.650581

Position: -3.35134 7.56293 -5.50152
Normal: 1 0 0
UV: 0.710045 0.662831

Position: -3.35134 7.35086 -5.50152
Normal: 1 0 0
UV: 0.749702 0.662831

Position: -3.35134 7.35086 -5.34114
Normal: 1 0 0
UV: 0.729873 0.650581

Position: -4.70748 7.35086 -5.50152
Normal: -1 0 0
UV: 0.710045 0.662831

Position: -4.70748 7.56293 -5.50152
Normal: -1 0 0
UV: 0.749702 0.662831

Position: -4.70748 7.35086 -5.34114
Normal: -1 0 0
UV: 0.729873 0.650581

Position: -4.70748 7.35086 -5.34114
Normal: -0 -1 0
UV: 0.939401 0.650581

Position: -3.35134 7.35086 -5.34114
Normal: -0 -1 0
UV: 0.899744 0.650581

Position: -3.35134 7.35086 -5.50152
Normal: -0 -1 0
UV: 0.899744 0.662831

Position: -4.70748 7.35086 -5.50152
Normal: -0 -1 0
UV: 0.939401 0.662831

Position: -3.35134 7.35086 -5.34114
Normal: 1 0 0
UV: 0.749702 0.650581

Position: -4.70748 9.14785 -5.50152
Normal: -1 0 0
UV: 0.749702 0.662831

Position: -3.18431 7.56293 -5.50152
Normal: -0 0 -1
UV: 0.960083 0.975103

Position: -1.82817 7.56293 -5.50152
Normal: -0 0 -1
UV: 0.696956 0.975103

Position: -1.82817 9.14785 -5.50152
Normal: -0 0 -1
UV: 0.696956 0.667587

Position: -3.18431 9.14785 -5.50152
Normal: -0 0 -1
UV: 0.960083 0.667587

Position: -3.18431 7.35086 -5.69973
Normal: -0 0 -1
UV: 0.829285 0.98104

Position: -1.82817 7.35086 -5.69973
Normal: -0 0 -1
UV: 0.802264 0.98104

Position: -1.82817 7.56293 -5.69973
Normal: -0 0 -1
UV: 0.802264 0.994604

Position: -3.18431 7.56293 -5.69973
Normal: -0 0 -1
UV: 0.829285 0.994604

Position: -1.82817 7.56293 -5.50152
Normal: -0 1 0
UV: 0.701132 0.993576

Position: -3.18431 7.56293 -5.50152
Normal: -0 1 0
UV: 0.728154 0.993576

Position: -3.18431 7.56293 -5.69973
Normal: -0 1 0
UV: 0.728154 0.993576

Position: -1.82817 7.56293 -5.69973
Normal: -0 1 0
UV: 0.701132 0.993576

Position: -3.18431 7.35086 -5.50152
Normal: -1 0 0
UV: 0.918345 0.995433

Position: -3.18431 7.35086 -5.69973
Normal: -1 0 0
UV: 0.952583 0.995433

Position: -3.18431 7.56293 -5.50152
Normal: -1 0 0
UV: 0.918345 0.981104

Position: -3.18431 7.56293 -5.69973
Normal: -1 0 0
UV: 0.952583 0.981104

Position: -3.18431 7.35086 -5.50152
Normal: -0 -1 0
UV: 0.948243 0.982754

Position: -1.82817 7.35086 -5.50152
Normal: -0 -1 0
UV: 0.921221 0.982754

Position: -1.82817 7.35086 -5.69973
Normal: -0 -1 0
UV: 0.921221 0.993381

Position: -3.18431 7.35086 -5.69973
Normal: -0 -1 0
UV: 0.948243 0.993381

Position: -1.82817 7.56293 -5.50152
Normal: 1 0 0
UV: 0.952583 0.981104

Position: -1.82817 7.56293 -5.69973
Normal: 1 0 0
UV: 0.918345 0.981104

Position: -1.82817 7.35086 -5.50152
Normal: 1 0 0
UV: 0.952583 0.995433

Position: -1.82817 7.35086 -5.69973
Normal: 1 0 0
UV: 0.918345 0.995433

Position: -1.82817 9.14785 -5.34114
Normal: -0 1 0
UV: 0.845895 0.650581

Position: -3.18431 9.14785 -5.34114
Normal: -0 1 0
UV: 0.806238 0.650581

Position: -3.18431 9.14785 -5.50152
Normal: -0 1 0
UV: 0.806238 0.662831

Position: -1.82817 9.14785 -5.50152
Normal: -0 1 0
UV: 0.845895 0.662831

Position: -1.82817 9.14785 -5.50152
Normal: 1 0 0
UV: 0.710045 0.662831

Position: -1.82817 7.56293 -5.50152
Normal: 1 0 0
UV: 0.749702 0.662831

Position: -1.82817 9.14785 -5.34114
Normal: 1 0 0
UV: 0.710045 0.650581

Position: -3.18431 7.56293 -5.50152
Normal: -1 0 0
UV: 0.710045 0.662831

Position: -3.18431 9.14785 -5.34114
Normal: -1 0 0
UV: 0.749702 0.650581

Position: -3.18431 7.35086 -5.34114
Normal: -1 0 0
UV: 0.710045 0.650581

Position: -1.82817 7.56293 -5.50152
Normal: 1 0 0
UV: 0.710045 0.662831

Position: -1.82817 7.35086 -5.50152
Normal: 1 0 0
UV: 0.749702 0.662831

Position: -1.82817 7.35086 -5.34114
Normal: 1 0 0
UV: 0.729873 0.650581

Position: -3.18431 7.35086 -5.50152
Normal: -1 0 0
UV: 0.710045 0.662831

Position: -3.18431 7.56293 -5.50152
Normal: -1 0 0
UV: 0.749702 0.662831

Position: -3.18431 7.35086 -5.34114
Normal: -1 0 0
UV: 0.729873 0.650581

Position: -3.18431 7.35086 -5.34114
Normal: -0 -1 0
UV: 0.939401 0.650581

Position: -1.82817 7.35086 -5.34114
Normal: -0 -1 0
UV: 0.899744 0.650581

Position: -1.82817 7.35086 -5.50152
Normal: -0 -1 0
UV: 0.899744 0.662831

Position: -3.18431 7.35086 -5.50152
Normal: -0 -1 0
UV: 0.939401 0.662831

Position: -1.82817 7.35086 -5.34114
Normal: 1 0 0
UV: 0.749702 0.650581

Position: -3.18431 9.14785 -5.50152
Normal: -1 0 0
UV: 0.749702 0.662831

Position: 3.18431 7.56293 -5.50152
Normal: -0 0 -1
UV: 0.960083 0.975103

Position: 1.82816 9.14785 -5.50152
Normal: -0 0 -1
UV: 0.696956 0.667587

Position: 1.82816 7.56293 -5.50152
Normal: -0 0 -1
UV: 0.696956 0.975103

Position: 3.18431 9.14785 -5.50152
Normal: -0 0 -1
UV: 0.960083 0.667587

Position: 3.18431 7.35086 -5.69973
Normal: -0 0 -1
UV: 0.829285 0.98104

Position: 1.82816 7.56293 -5.69973
Normal: -0 0 -1
UV: 0.802264 0.994604

Position: 1.82816 7.35086 -5.69973
Normal: -0 0 -1
UV: 0.802264 0.98104

Position: 3.18431 7.56293 -5.69973
Normal: -0 0 -1
UV: 0.829285 0.994604

Position: 1.82816 7.56293 -5.69973
Normal: -0 1 0
UV: 0.701132 0.993576

Position: 3.18431 7.56293 -5.69973
Normal: -0 1 0
UV: 0.728154 0.993576

Position: 1.82816 7.56293 -5.50152
Normal: -0 1 0
UV: 0.701132 0.993576

Position: 3.18431 7.56293 -5.50152
Normal: -0 1 0
UV: 0.728154 0.993576

Position: 3.18431 7.35086 -5.50152
Normal: 1 0 0
UV: 0.918345 0.995433

Position: 3.18431 7.56293 -5.50152
Normal: 1 0 0
UV: 0.918345 0.981104

Position: 3.18431 7.35086 -5.69973
Normal: 1 0 0
UV: 0.952583 0.995433

Position: 3.18431 7.56293 -5.69973
Normal: 1 0 0
UV: 0.952583 0.981104

Position: 3.18431 7.35086 -5.69973
Normal: -0 -1 0
UV: 0.948243 0.993381

Position: 1.82816 7.35086 -5.69973
Normal: -0 -1 0
UV: 0.921221 0.993381

Position: 3.18431 7.35086 -5.50152
Normal: -0 -1 0
UV: 0.948243 0.982754

Position: 1.82816 7.35086 -5.50152
Normal: -0 -1 0
UV: 0.921221 0.982754

Position: 1.82816 7.56293 -5.50152
Normal: -1 0 0
UV: 0.952583 0.981104

Position: 1.82816 7.35086 -5.50152
Normal: -1 0 0
UV: 0.952583 0.995433

Position: 1.82816 7.56293 -5.69973
Normal: -1 0 0
UV: 0.918345 0.981104

Position: 1.82816 7.35086 -5.69973
Normal: -1 0 0
UV: 0.918345 0.995433

Position: 1.82816 9.14785 -5.34114
Normal: -0 1 0
UV: 0.845895 0.650581

Position: 3.18431 9.14785 -5.50152
Normal: -0 1 0
UV: 0.806238 0.662831

Position: 3.18431 9.14785 -5.34114
Normal: -0 1 0
UV: 0.806238 0.650581

Position: 1.82816 9.14785 -5.50152
Normal: -0 1 0
UV: 0.845895 0.662831

Position: 1.82816 9.14785 -5.50152
Normal: -1 0 0
UV: 0.710045 0.662831

Position: 1.82816 9.14785 -5.34114
Normal: -1 0 0
UV: 0.710045 0.650581

Position: 1.82816 7.56293 -5.50152
Normal: -1 0 0
UV: 0.749702 0.662831

Position: 3.18431 7.56293 -5.50152
Normal: 1 0 0
UV: 0.710045 0.662831

Position: 3.18431 7.35086 -5.34114
Normal: 1 0 0
UV: 0.710045 0.650581

Position: 3.18431 9.14785 -5.34114
Normal: 1 0 0
UV: 0.749702 0.650581

Position: 1.82816 7.56293 -5.50152
Normal: -1 0 0
UV: 0.710045 0.662831

Position: 1.82816 7.35086 -5.34114
Normal: -1 0 0
UV: 0.729873 0.650581

Position: 1.82816 7.35086 -5.50152
Normal: -1 0 0
UV: 0.749702 0.662831

Position: 3.18431 7.35086 -5.50152
Normal: 1 0 0
UV: 0.710045 0.662831

Position: 3.18431 7.35086 -5.34114
Normal: 1 0 0
UV: 0.729873 0.650581

Position: 3.18431 7.56293 -5.50152
Normal: 1 0 0
UV: 0.749702 0.662831

Position: 3.18431 7.35086 -5.34114
Normal: -0 -1 0
UV: 0.939401 0.650581

Position: 1.82816 7.35086 -5.50152
Normal: -0 -1 0
UV: 0.899744 0.662831

Position: 1.82816 7.35086 -5.34114
Normal: -0 -1 0
UV: 0.899744 0.650581

Position: 3.18431 7.35086 -5.50152
Normal: -0 -1 0
UV: 0.939401 0.662831

Position: 1.82816 7.35086 -5.34114
Normal: -1 0 0
UV: 0.749702 0.650581

Position: 3.18431 9.14785 -5.50152
Normal: 1 0 0
UV: 0.749702 0.662831

Position: 4.70748 7.56293 -5.50152
Normal: -0 0 -1
UV: 0.960083 0.975103

Position: 3.35134 9.14785 -5.50152
Normal: -0 0 -1
UV: 0.696956 0.667587

Position: 3.35134 7.56293 -5.50152
Normal: -0 0 -1
UV: 0.696956 0.975103

Position: 4.70748 9.14785 -5.50152
Normal: -0 0 -1
UV: 0.960083 0.667587

Position: 4.70748 7.35086 -5.69973
Normal: -0 0 -1
UV: 0.829285 0.98104

Position: 3.35134 7.56293 -5.69973
Normal: -0 0 -1
UV: 0.802264 0.994604

Position: 3.35134 7.35086 -5.69973
Normal: -0 0 -1
UV: 0.802264 0.98104

Position: 4.70748 7.56293 -5.69973
Normal: -0 0 -1
UV: 0.829285 0.994604

Position: 3.35134 7.56293 -5.69973
Normal: -0 1 0
UV: 0.701132 0.993576

Position: 4.70748 7.56293 -5.69973
Normal: -0 1 0
UV: 0.728154 0.993576

Position: 3.35134 7.56293 -5.50152
Normal: -0 1 0
UV: 0.701132 0.993576

Position: 4.70748 7.56293 -5.50152
Normal: -0 1 0
UV: 0.728154 0.993576

Position: 4.70748 7.35086 -5.50152
Normal: 1 0 0
UV: 0.918345 0.995433

Position: 4.70748 7.56293 -5.50152
Normal: 1 0 0
UV: 0.918345 0.981104

Position: 4.70748 7.35086 -5.69973
Normal: 1 0 0
UV: 0.952583 0.995433

Position: 4.70748 7.56293 -5.69973
Normal: 1 0 0
UV: 0.952583 0.981104

Position: 4.70748 7.35086 -5.69973
Normal: -0 -1 0
UV: 0.948243 0.993381

Position: 3.35134 7.35086 -5.69973
Normal: -0 -1 0
UV: 0.921221 0.993381

Position: 4.70748 7.35086 -5.50152
Normal: -0 -1 0
UV: 0.948243 0.982754

Position: 3.35134 7.35086 -5.50152
Normal: -0 -1 0
UV: 0.921221 0.982754

Position: 3.35134 7.56293 -5.50152
Normal: -1 0 0
UV: 0.952583 0.981104

Position: 3.35134 7.35086 -5.50152
Normal: -1 0 0
UV: 0.952583 0.995433

Position: 3.35134 7.56293 -5.69973
Normal: -1 0 0
UV: 0.918345 0.981104

Position: 3.35134 7.35086 -5.69973
Normal: -1 0 0
UV: 0.918345 0.995433

Position: 3.35134 9.14785 -5.34114
Normal: -0 1 0
UV: 0.845895 0.650581

Position: 4.70748 9.14785 -5.50152
Normal: -0 1 0
UV: 0.806238 0.662831

Position: 4.70748 9.14785 -5.34114
Normal: -0 1 0
UV: 0.806238 0.650581

Position: 3.35134 9.14785 -5.50152
Normal: -0 1 0
UV: 0.845895 0.662831

Position: 3.35134 9.14785 -5.50152
Normal: -1 0 0
UV: 0.710045 0.662831

Position: 3.35134 9.14785 -5.34114
Normal: -1 0 0
UV: 0.710045 0.650581

Position: 3.35134 7.56293 -5.50152
Normal: -1 0 0
UV: 0.749702 0.662831

Position: 4.70748 7.56293 -5.50152
Normal: 1 0 0
UV: 0.710045 0.662831

Position: 4.70748 7.35086 -5.34114
Normal: 1 0 0
UV: 0.710045 0.650581

Position: 4.70748 9.14785 -5.34114
Normal: 1 0 0
UV: 0.749702 0.650581

Position: 3.35134 7.56293 -5.50152
Normal: -1 0 0
UV: 0.710045 0.662831

Position: 3.35134 7.35086 -5.34114
Normal: -1 0 0
UV: 0.729873 0.650581

Position: 3.35134 7.35086 -5.50152
Normal: -1 0 0
UV: 0.749702 0.662831

Position: 4.70748 7.35086 -5.50152
Normal: 1 0 0
UV: 0.710045 0.662831

Position: 4.70748 7.35086 -5.34114
Normal: 1 0 0
UV: 0.729873 0.650581

Position: 4.70748 7.56293 -5.50152
Normal: 1 0 0
UV: 0.749702 0.662831

Position: 4.70748 7.35086 -5.34114
Normal: -0 -1 0
UV: 0.939401 0.650581

Position: 3.35134 7.35086 -5.50152
Normal: -0 -1 0
UV: 0.899744 0.662831

Position: 3.35134 7.35086 -5.34114
Normal: -0 -1 0
UV: 0.899744 0.650581

Position: 4.70748 7.35086 -5.50152
Normal: -0 -1 0
UV: 0.939401 0.662831

Position: 3.35134 7.35086 -5.34114
Normal: -1 0 0
UV: 0.749702 0.650581

Position: 4.70748 9.14785 -5.50152
Normal: 1 0 0
UV: 0.749702 0.662831

Position: 0.784492 11.9546 1.97249
Normal: -0 0 1
UV: 0.186977 0.0753409

Position: 4.09316 11.9546 1.97249
Normal: -0 0 1
UV: 0.312098 0.0753411

Position: 4.09316 11.6089 1.97249
Normal: -0 0 1
UV: 0.312098 0.0622705

Position: 0.784492 11.6089 1.97249
Normal: -0 0 1
UV: 0.186977 0.06227

Position: 4.09316 11.9546 -1.80608
Normal: -0 1 0
UV: 0.32356 0.121352

Position: 0.784492 11.9546 1.97249
Normal: -0 1 0
UV: 0.180676 0.134897

Position: 0.784492 11.9546 -1.80608
Normal: -0 1 0
UV: 0.32356 0.134897

Position: 0.784492 11.6089 -1.80608
Normal: -0 0 -1
UV: 0.307834 0.0229089

Position: 4.09316 11.6089 -1.80608
Normal: -0 0 -1
UV: 0.182714 0.0229089

Position: 4.09316 11.9546 -1.80608
Normal: -0 0 -1
UV: 0.182714 0.0359798

Position: 0.784492 11.9546 -1.80608
Normal: -0 0 -1
UV: 0.307834 0.0359798

Position: 0.784492 11.9546 -1.80608
Normal: -1 0 0
UV: 0.324114 0.0842431

Position: 0.784492 11.9546 1.97249
Normal: -1 0 0
UV: 0.181231 0.0842431

Position: 0.784492 11.6089 1.97249
Normal: -1 0 0
UV: 0.181231 0.0973138

Position: 0.784492 11.6089 -1.80608
Normal: -1 0 0
UV: 0.324114 0.0973139

Position: 4.09316 11.9546 1.97249
Normal: 1 0 0
UV: 0.176241 0.0550312

Position: 4.09316 11.6089 -1.80608
Normal: 1 0 0
UV: 0.319125 0.0419605

Position: 4.09316 11.6089 1.97249
Normal: 1 0 0
UV: 0.176241 0.0419605

Position: 4.09316 11.9546 -1.80608
Normal: 1 0 0
UV: 0.319125 0.0550313

Position: 4.09316 11.6089 -1.80608
Normal: -5.55596e-005 -1 5.04303e-005
UV: 0.571218 0.156895

Position: 0.784492 11.6089 -1.80608
Normal: 5.55596e-005 -1 5.04303e-005
UV: 0.571218 0.0319641

Position: 0.887481 11.6089 -1.68847
Normal: 5.55596e-005 -1 5.04303e-005
UV: 0.547012 0.0319641

Position: 3.99017 11.6089 -1.68847
Normal: -5.55596e-005 -1 5.04303e-005
UV: 0.547012 0.156895

Position: 3.99017 11.6089 1.85485
Normal: -5.55596e-005 -1 -5.04211e-005
UV: 0.606111 0.0139307

Position: 4.09316 11.6089 -1.80608
Normal: -5.55596e-005 -1 5.04303e-005
UV: 0.645344 0.153721

Position: 3.99017 11.6089 -1.68847
Normal: -5.55596e-005 -1 5.04303e-005
UV: 0.645344 0.0139308

Position: 4.09316 11.6089 1.97249
Normal: -5.55596e-005 -1 -5.04211e-005
UV: 0.606111 0.153721

Position: 0.784492 11.6089 1.97249
Normal: 5.55596e-005 -1 -5.04211e-005
UV: 0.645344 0.153721

Position: 0.887481 11.6089 1.85485
Normal: 5.55596e-005 -1 -5.04211e-005
UV: 0.645344 0.0139308

Position: 0.784492 11.6089 -1.80608
Normal: 5.55596e-005 -1 5.04303e-005
UV: 0.606111 0.153721

Position: 0.887481 11.6089 -1.68847
Normal: 5.55596e-005 -1 5.04303e-005
UV: 0.606111 0.0139307

Position: 4.09316 11.9546 1.97249
Normal: -0 1 0
UV: 0.180676 0.121352

Position: 2.56619 9.8854 -1.68847
Normal: -1.07737e-008 0 -1
UV: 0.700762 0.592983

Position: 3.68393 9.8854 -1.68847
Normal: -0 0 -1
UV: 0.952647 0.592983

Position: 3.68393 11.4575 -1.68847
Normal: -0 0 -1
UV: 0.952647 0.160669

Position: 2.56619 11.4575 -1.68847
Normal: -7.18247e-009 0 -1
UV: 0.700762 0.160669

Position: 3.99017 11.6089 1.85485
Normal: 1 0 0
UV: 0.606111 0.0139307

Position: 3.99017 9.8854 -1.68847
Normal: 1 0 0
UV: 0.645344 0.153721

Position: 3.99017 9.8854 1.85485
Normal: 1 0 0
UV: 0.606111 0.153721

Position: 3.99017 11.6089 -1.68847
Normal: 1 0 0
UV: 0.645344 0.0139308

Position: 0.887481 11.6089 1.85485
Normal: -0 0 1
UV: 0.645344 0.0139308

Position: 3.99017 11.6089 1.85485
Normal: -0 0 1
UV: 0.606111 0.0139307

Position: 3.99017 9.8854 1.85485
Normal: -0 0 1
UV: 0.606111 0.153721

Position: 0.887481 9.8854 1.85485
Normal: -0 0 1
UV: 0.645344 0.153721

Position: 0.887481 11.6089 -1.68847
Normal: -1 0 0
UV: 0.618203 0.0139307

Position: 0.887481 11.6089 1.85485
Normal: -1 0 0
UV: 0.632639 0.0139307

Position: 0.887481 9.8854 1.85485
Normal: -1 0 0
UV: 0.632639 0.153721

Position: 0.887481 9.8854 -1.68847
Normal: -1 0 0
UV: 0.618203 0.153721

Position: 3.99017 11.6089 -1.68847
Normal: -0 0 -1
UV: 0.576815 0.0139307

Position: 0.887481 11.6089 -1.68847
Normal: -1.07737e-008 0 -1
UV: 0.536625 0.0139307

Position: 2.56619 11.4575 -1.68847
Normal: -7.18247e-009 0 -1
UV: 0.55837 0.0262133

Position: 3.68393 11.4575 -1.68847
Normal: -0 0 -1
UV: 0.572848 0.0262133

Position: 0.887481 9.8854 -1.68847
Normal: -2.15474e-008 0 -1
UV: 0.536625 0.153721

Position: 2.56619 9.8854 -1.68847
Normal: -1.07737e-008 0 -1
UV: 0.55837 0.153721

Position: 3.68393 9.8854 -1.68847
Normal: -0 0 -1
UV: 0.572848 0.153721

Position: 3.99017 9.8854 -1.68847
Normal: -0 0 -1
UV: 0.576815 0.153721

Position: 4.90436 4.81256 -5.58012
Normal: -0 0 -1
UV: 0.097097 0.579565

Position: 4.90436 9.83453e-015 -5.58012
Normal: -0 0 -1
UV: 0.097097 0.998008

Position: 5.67384 9.83453e-015 -5.58012
Normal: -0 0 -1
UV: 0.036451 0.998008

Position: 5.67384 4.81256 -5.58012
Normal: -0 0 -1
UV: 0.0364509 0.579565

Position: 4.90436 4.81256 -5.35843
Normal: -1 0 0
UV: 0.139443 0.579804

Position: 4.90436 9.83453e-015 -5.35843
Normal: -1 0 0
UV: 0.139443 1

Position: 4.90436 9.83453e-015 -5.58012
Normal: -1 0 0
UV: 0.097097 0.998008

Position: 4.90436 4.81256 -5.58012
Normal: -1 0 0
UV: 0.0970972 0.579726

Position: 1.63128 9.83453e-015 -5.35843
Normal: -0 0 -1
UV: 0.452267 1.00001

Position: 4.90436 9.83453e-015 -5.35843
Normal: -0 0 -1
UV: 0.139443 1

Position: 1.63128 4.81256 -5.35843
Normal: -0 0 -1
UV: 0.452267 0.579891

Position: 4.90436 4.81256 -5.35843
Normal: -0 0 -1
UV: 0.139443 0.579804

Position: 1.63128 4.81256 -5.58012
Normal: 1 0 0
UV: 0.484421 0.579884

Position: 1.63128 9.83453e-015 -5.35843
Normal: 1 0 0
UV: 0.452267 1.00001

Position: 1.63128 4.81256 -5.35843
Normal: 1 0 0
UV: 0.452267 0.579891

Position: 1.63128 9.83453e-015 -5.58012
Normal: 1 0 0
UV: 0.484422 1

Position: 1.63128 9.30275 -5.35843
Normal: 1 0 0
UV: 0.452267 0.187942

Position: 1.63128 9.30275 -5.58012
Normal: 1 0 0
UV: 0.484421 0.187913

Position: 1.63128 9.30275 -5.35843
Normal: -0 0 -1
UV: 0.452267 0.187942

Position: 4.90436 9.30275 -5.35843
Normal: -0 0 -1
UV: 0.139443 0.188096

Position: 4.90436 9.30275 -5.35843
Normal: -1 0 0
UV: 0.139443 0.188096

Position: 4.90436 9.30275 -5.58012
Normal: -1 0 0
UV: 0.0970972 0.188737

Position: 4.90436 9.30275 -5.58012
Normal: -0 0 -1
UV: 0.097097 0.189153

Position: 5.67384 9.30275 -5.58012
Normal: -0 0 -1
UV: 0.0364509 0.189153

Position: 1.63128 4.81256 -5.58012
Normal: -0 0 -1
UV: 0.637282 0.579884

Position: 1.63128 9.30275 -5.58012
Normal: -0 0 -1
UV: 0.637282 0.18791

Position: 1.63128 9.83453e-015 -5.58012
Normal: -0 0 -1
UV: 0.637282 1

Position: 4.90436 9.30275 -5.58012
Normal: -0 -1 9.84411e-007
UV: 1.33247 0.175577

Position: 1.63128 9.30275 -5.58012
Normal: -0 -1 9.84411e-007
UV: 1.27674 0.175577

Position: 4.90436 9.30275 -5.35843
Normal: -0 -1 0
UV: 1.33247 0.179685

Position: 1.63128 9.30275 -5.35843
Normal: -0 -1 0
UV: 1.27674 0.179685

Position: 5.67384 9.30275 -5.58012
Normal: -0 -1 0
UV: 1.34558 0.175577

Position: 5.81598 9.30275 -5.72223
Normal: -0 -1 6.92171e-007
UV: 1.34899 0.172943

Position: 5.81598 9.96984 -5.72223
Normal: -7.98871e-007 0 -1
UV: 1.35762 0.139099

Position: 5.81598 9.30275 -5.72223
Normal: -7.98871e-007 0 -1
UV: 1.34899 0.172943

Position: 5.43083 9.96984 -5.33709
Normal: -0 1 5.50407e-008
UV: 1.35722 0.120673

Position: 5.81598 9.96984 -5.72223
Normal: -0 1 5.50407e-008
UV: 1.35762 0.139099

Position: 5.43083 9.8854 -5.33709
Normal: -2.14456e-006 0 1
UV: 1.18152 0.14773

Position: 5.43083 9.96984 -5.33709
Normal: -2.14456e-006 0 1
UV: 1.18152 0.163576

Position: 5.43083 9.8854 -5.33709
Normal: -0 1 0
UV: 1.11476 0.0296131

Position: 5.67384 4.81256 5.76758
Normal: -0 0 1
UV: 0.0364509 0.579565

Position: 5.67384 9.83453e-015 5.76758
Normal: -0 0 1
UV: 0.036451 0.998008

Position: 4.90436 4.81256 5.76758
Normal: -0 0 1
UV: 0.097097 0.579565

Position: 4.90436 9.83453e-015 5.76758
Normal: -0 0 1
UV: 0.097097 0.998008

Position: 4.90436 9.83453e-015 5.54592
Normal: -1 0 0
UV: 0.139443 1

Position: 4.90436 4.81256 5.54592
Normal: -1 0 0
UV: 0.139443 0.579804

Position: 4.90436 9.83453e-015 5.76758
Normal: -1 0 0
UV: 0.097097 0.998008

Position: 4.90436 4.81256 5.76758
Normal: -1 0 0
UV: 0.0970972 0.579726

Position: 1.63128 4.81256 5.54592
Normal: -0 0 1
UV: 0.452267 0.579891

Position: 4.90436 4.81256 5.54592
Normal: -0 0 1
UV: 0.139443 0.579804

Position: 4.90436 9.83453e-015 5.54592
Normal: -0 0 1
UV: 0.139443 1

Position: 1.63128 9.83453e-015 5.54592
Normal: -0 0 1
UV: 0.452267 1.00001

Position: 1.63128 4.81256 5.76758
Normal: 1 0 0
UV: 0.484421 0.579884

Position: 1.63128 9.83453e-015 5.54592
Normal: 1 0 0
UV: 0.452267 1.00001

Position: 1.63128 9.83453e-015 5.76758
Normal: 1 0 0
UV: 0.484422 1

Position: 1.63128 4.81256 5.54592
Normal: 1 0 0
UV: 0.452267 0.579891

Position: 1.63128 9.30275 5.76758
Normal: 1 0 0
UV: 0.484421 0.187913

Position: 1.63128 9.30275 5.54592
Normal: 1 0 0
UV: 0.452267 0.187942

Position: 1.63128 9.30275 5.54592
Normal: -0 0 1
UV: 0.452267 0.187942

Position: 4.90436 9.30275 5.54592
Normal: -0 0 1
UV: 0.139443 0.188096

Position: 4.90436 9.30275 5.54592
Normal: -1 0 0
UV: 0.139443 0.188096

Position: 4.90436 9.30275 5.76758
Normal: -1 0 0
UV: 0.0970972 0.188737

Position: 5.67384 9.30275 5.76758
Normal: -0 0 1
UV: 0.0364509 0.189153

Position: 4.90436 9.30275 5.76758
Normal: -0 0 1
UV: 0.097097 0.189153

Position: 1.63128 9.30275 5.76758
Normal: -0 0 1
UV: 0.637282 0.18791

Position: 1.63128 4.81256 5.76758
Normal: -0 0 1
UV: 0.637282 0.579884

Position: -0 9.30275 5.76758
Normal: -0 0 1
UV: 0.539846 0.18791

Position: -0 4.81256 5.76758
Normal: -0 0 1
UV: 0.539847 0.579884

Position: -0 9.83453e-015 5.76758
Normal: -0 0 1
UV: 0.539846 1

Position: 1.63128 9.83453e-015 5.76758
Normal: -0 0 1
UV: 0.637282 1

Position: 1.63128 9.30275 5.76758
Normal: -0 -1 4.92125e-007
UV: 1.27674 0.175577

Position: 4.90436 9.30275 5.76758
Normal: -0 -1 -2.34488e-007
UV: 1.33247 0.175577

Position: 4.90436 9.30275 5.54592
Normal: -0 -1 0
UV: 1.33247 0.179685

Position: 1.63128 9.30275 5.54592
Normal: -0 -1 0
UV: 1.27674 0.179685

Position: -0 9.30275 5.76758
Normal: -0 -1 0
UV: 1.24896 0.175577

Position: -0 9.30275 5.90972
Normal: -0 -1 3.69094e-007
UV: 1.24896 0.172943

Position: 5.67384 9.30275 5.76758
Normal: -0 -1 -1.08992e-006
UV: 1.34558 0.175577

Position: 5.81598 9.30275 5.90972
Normal: -0 -1 -1.51313e-007
UV: 1.34899 0.172943

Position: -0 9.96984 5.90972
Normal: -0 0 1
UV: 1.24896 0.139098

Position: 5.81598 9.96984 5.90972
Normal: -0 0 1
UV: 1.35762 0.139099

Position: 5.81598 9.30275 5.90972
Normal: -0 0 1
UV: 1.34899 0.172943

Position: -0 9.30275 5.90972
Normal: -0 0 1
UV: 1.24896 0.172943

Position: -0 9.96984 5.90972
Normal: -0 1 2.20163e-007
UV: 1.24896 0.139098

Position: 5.43083 9.96984 5.52458
Normal: -0 1 1.65123e-007
UV: 1.35722 0.120673

Position: 5.81598 9.96984 5.90972
Normal: -0 1 1.65123e-007
UV: 1.35762 0.139099

Position: -0 9.96984 5.52458
Normal: -0 1 2.20163e-007
UV: 1.24896 0.120673

Position: -0 9.8854 5.52458
Normal: -0 0 -1
UV: 1.36721 0.14773

Position: 5.43083 9.8854 5.52458
Normal: -0 0 -1
UV: 1.18152 0.14773

Position: 5.43083 9.96984 5.52458
Normal: -0 0 -1
UV: 1.18152 0.163576

Position: -0 9.96984 5.52458
Normal: -0 0 -1
UV: 1.36721 0.163576

Position: 5.43083 9.8854 5.52458
Normal: -0 1 -1.48221e-008
UV: 1.11476 0.0296131

Position: -0 9.8854 5.52458
Normal: -0 1 0
UV: 1.11476 0.100401

Position: 5.67384 4.81256 -4.81061
Normal: 1 0 0
UV: 0.097097 0.579565

Position: 5.67384 9.83453e-015 -5.58012
Normal: 1 0 0
UV: 0.036451 0.998008

Position: 5.67384 9.83453e-015 -4.81061
Normal: 1 0 0
UV: 0.097097 0.998008

Position: 5.67384 4.81256 -5.58012
Normal: 1 0 0
UV: 0.0364509 0.579565

Position: 5.67384 4.81256 -4.81061
Normal: 2.2161e-005 0 1
UV: 0.0970972 0.579726

Position: 5.67384 9.83453e-015 -4.81061
Normal: 2.32429e-005 0 1
UV: 0.097097 0.998008

Position: 5.45217 4.81256 -4.8106
Normal: 2.2161e-005 0 1
UV: 0.139443 0.579804

Position: 5.45217 9.83453e-015 -4.8106
Normal: 2.32429e-005 0 1
UV: 0.139443 1

Position: 5.45217 4.81256 -1.53755
Normal: 1 0 1.45686e-006
UV: 0.452267 0.579891

Position: 5.45217 9.83453e-015 -4.8106
Normal: 1 0 1.45686e-006
UV: 0.139443 1

Position: 5.45217 9.83453e-015 -1.53755
Normal: 1 0 1.45686e-006
UV: 0.452267 1.00001

Position: 5.45217 4.81256 -4.8106
Normal: 1 0 1.45686e-006
UV: 0.139443 0.579804

Position: 5.67384 9.83453e-015 -1.53756
Normal: -4.738e-005 0 -1
UV: 0.484422 1

Position: 5.67384 4.81256 -1.53756
Normal: -4.7404e-005 0 -1
UV: 0.484421 0.579884

Position: 5.45217 9.83453e-015 -1.53755
Normal: -4.738e-005 0 -1
UV: 0.452267 1.00001

Position: 5.45217 4.81256 -1.53755
Normal: -4.7404e-005 0 -1
UV: 0.452267 0.579891

Position: 5.67384 9.30275 -1.53756
Normal: -4.7428e-005 0 -1
UV: 0.484421 0.187913

Position: 5.45217 9.30275 -1.53755
Normal: -4.7428e-005 0 -1
UV: 0.452267 0.187942

Position: 5.45217 9.30275 -1.53755
Normal: 1 0 1.45686e-006
UV: 0.452267 0.187942

Position: 5.45217 9.30275 -4.8106
Normal: 1 0 1.45686e-006
UV: 0.139443 0.188096

Position: 5.67384 9.30275 -4.81061
Normal: 2.1079e-005 0 1
UV: 0.0970972 0.188737

Position: 5.45217 9.30275 -4.8106
Normal: 2.1079e-005 0 1
UV: 0.139443 0.188096

Position: 5.67384 9.30275 -4.81061
Normal: 1 0 0
UV: 0.097097 0.189153

Position: 5.67384 9.30275 -5.58012
Normal: 1 0 0
UV: 0.0364509 0.189153

Position: 5.67384 9.30275 -1.53756
Normal: 1 0 -3.50768e-006
UV: 0.637282 0.18791

Position: 5.67384 4.81256 -1.53756
Normal: 1 0 -3.50768e-006
UV: 0.637282 0.579884

Position: 5.67384 9.30275 0.0937332
Normal: 1 0 -5.79803e-012
UV: 0.539846 0.18791

Position: 5.67384 4.81256 0.0937332
Normal: 1 0 -5.79803e-012
UV: 0.539847 0.579884

Position: 5.67384 9.83453e-015 0.0937332
Normal: 1 0 -5.79803e-012
UV: 0.539846 1

Position: 5.67384 9.83453e-015 -1.53756
Normal: 1 0 -3.50768e-006
UV: 0.637282 1

Position: 5.67384 9.30275 -1.53756
Normal: -0 -1 1.71702e-007
UV: 1.27674 0.175577

Position: 5.45217 9.30275 -4.8106
Normal: -0 -1 -3.2861e-007
UV: 1.33247 0.179685

Position: 5.45217 9.30275 -1.53755
Normal: -0 -1 -3.2861e-007
UV: 1.27674 0.179685

Position: 5.67384 9.30275 -4.81061
Normal: -0 -1 -1.71053e-007
UV: 1.33247 0.175577

Position: 5.67384 9.30275 0.0937332
Normal: -0 -1 2.40527e-007
UV: 1.24896 0.175577

Position: 5.81598 9.30275 0.0937491
Normal: -0 -1 9.86785e-008
UV: 1.24896 0.172943

Position: 5.81598 9.96984 0.0937491
Normal: 1 0 0
UV: 1.24896 0.139098

Position: 5.81598 9.30275 -5.72223
Normal: 1 0 0
UV: 1.34899 0.172943

Position: 5.81598 9.30275 0.0937491
Normal: 1 0 0
UV: 1.24896 0.172943

Position: 5.81598 9.96984 -5.72223
Normal: 1 0 0
UV: 1.35762 0.139099

Position: 5.81598 9.96984 0.0937491
Normal: -0 1 7.81597e-014
UV: 1.24896 0.139098

Position: 5.43083 9.96984 0.0937438
Normal: -0 1 7.81597e-014
UV: 1.24896 0.120673

Position: 5.43083 9.8854 0.0937438
Normal: -1 0 -2.84217e-014
UV: 1.36721 0.14773

Position: 5.43083 9.96984 -5.33709
Normal: -1 0 -7.02415e-007
UV: 1.18152 0.163576

Position: 5.43083 9.96984 0.0937438
Normal: -1 0 -2.84217e-014
UV: 1.36721 0.163576

Position: 5.43083 9.8854 -5.33709
Normal: -1 0 -7.02415e-007
UV: 1.18152 0.14773

Position: 5.43083 9.8854 0.0937438
Normal: -0 1 -1.48221e-008
UV: 1.11476 0.100401

Position: 5.67384 4.81256 4.99808
Normal: 1 0 0
UV: 0.097097 0.579565

Position: 5.67384 9.83453e-015 5.76758
Normal: 1 0 0
UV: 0.036451 0.998008

Position: 5.67384 4.81256 5.76758
Normal: 1 0 0
UV: 0.0364509 0.579565

Position: 5.67384 9.83453e-015 4.99808
Normal: 1 0 0
UV: 0.097097 0.998008

Position: 5.45217 4.81256 4.99809
Normal: -2.1267e-005 0 -1
UV: 0.139443 0.579804

Position: 5.45217 9.83453e-015 4.99809
Normal: -2.1455e-005 0 -1
UV: 0.139443 1

Position: 5.67384 9.83453e-015 4.99808
Normal: -2.1455e-005 0 -1
UV: 0.097097 0.998008

Position: 5.67384 4.81256 4.99808
Normal: -2.1267e-005 0 -1
UV: 0.0970972 0.579726

Position: 5.45217 4.81256 1.72504
Normal: 1 0 -1.45686e-006
UV: 0.452267 0.579891

Position: 5.45217 9.83453e-015 4.99809
Normal: 1 0 -1.45686e-006
UV: 0.139443 1

Position: 5.45217 4.81256 4.99809
Normal: 1 0 -1.45686e-006
UV: 0.139443 0.579804

Position: 5.45217 9.83453e-015 1.72504
Normal: 1 0 -1.45686e-006
UV: 0.452267 1.00001

Position: 5.67384 4.81256 1.72503
Normal: 4.64779e-005 0 1
UV: 0.484421 0.579884

Position: 5.45217 9.83453e-015 1.72504
Normal: 4.6486e-005 0 1
UV: 0.452267 1.00001

Position: 5.45217 4.81256 1.72504
Normal: 4.64779e-005 0 1
UV: 0.452267 0.579891

Position: 5.67384 9.83453e-015 1.72503
Normal: 4.6486e-005 0 1
UV: 0.484422 1

Position: 5.67384 9.30275 1.72503
Normal: 4.64698e-005 0 1
UV: 0.484421 0.187913

Position: 5.45217 9.30275 1.72504
Normal: 4.64698e-005 0 1
UV: 0.452267 0.187942

Position: 5.45217 9.30275 4.99809
Normal: 1 0 -1.45686e-006
UV: 0.139443 0.188096

Position: 5.45217 9.30275 1.72504
Normal: 1 0 -1.45686e-006
UV: 0.452267 0.187942

Position: 5.45217 9.30275 4.99809
Normal: -2.1079e-005 0 -1
UV: 0.139443 0.188096

Position: 5.67384 9.30275 4.99808
Normal: -2.1079e-005 0 -1
UV: 0.0970972 0.188737

Position: 5.67384 9.30275 5.76758
Normal: 1 0 0
UV: 0.0364509 0.189153

Position: 5.67384 9.30275 4.99808
Normal: 1 0 0
UV: 0.097097 0.189153

Position: 5.67384 4.81256 1.72503
Normal: 1 0 3.50767e-006
UV: 0.637282 0.579884

Position: 5.67384 9.30275 1.72503
Normal: 1 0 3.50767e-006
UV: 0.637282 0.18791

Position: 5.67384 9.83453e-015 1.72503
Normal: 1 0 3.50767e-006
UV: 0.637282 1

Position: 5.67384 9.30275 4.99808
Normal: -0 -1 1.48306e-007
UV: 1.33247 0.175577

Position: 5.45217 9.30275 1.72504
Normal: -0 -1 3.46706e-007
UV: 1.27674 0.179685

Position: 5.45217 9.30275 4.99809
Normal: -0 -1 3.46706e-007
UV: 1.33247 0.179685

Position: 5.67384 9.30275 1.72503
Normal: -0 -1 -3.40982e-008
UV: 1.27674 0.175577

Position: 5.81598 9.30275 5.90972
Normal: 1 0 0
UV: 1.34899 0.172943

Position: 5.81598 9.96984 5.90972
Normal: 1 0 0
UV: 1.35762 0.139099

Position: 5.43083 9.8854 5.52458
Normal: -1 0 7.02415e-007
UV: 1.18152 0.14773

Position: 5.43083 9.96984 5.52458
Normal: -1 0 7.02415e-007
UV: 1.18152 0.163576

Position: -4.90435 4.81256 5.76758
Normal: -0 0 1
UV: 0.097097 0.579565

Position: -5.67384 9.83453e-015 5.76758
Normal: -0 0 1
UV: 0.036451 0.998008

Position: -5.67384 4.81256 5.76758
Normal: -0 0 1
UV: 0.0364509 0.579565

Position: -4.90435 9.83453e-015 5.76758
Normal: -0 0 1
UV: 0.097097 0.998008

Position: -4.90435 4.81256 5.54592
Normal: 1 0 0
UV: 0.139443 0.579804

Position: -4.90435 9.83453e-015 5.76758
Normal: 1 0 0
UV: 0.097097 0.998008

Position: -4.90435 4.81256 5.76758
Normal: 1 0 0
UV: 0.0970972 0.579726

Position: -4.90435 9.83453e-015 5.54592
Normal: 1 0 0
UV: 0.139443 1

Position: -1.6313 4.81256 5.54592
Normal: -0 0 1
UV: 0.452267 0.579891

Position: -4.90435 9.83453e-015 5.54592
Normal: -0 0 1
UV: 0.139443 1

Position: -4.90435 4.81256 5.54592
Normal: -0 0 1
UV: 0.139443 0.579804

Position: -1.6313 9.83453e-015 5.54592
Normal: -0 0 1
UV: 0.452267 1.00001

Position: -1.6313 4.81256 5.76758
Normal: -1 0 0
UV: 0.484421 0.579884

Position: -1.6313 9.83453e-015 5.76758
Normal: -1 0 0
UV: 0.484422 1

Position: -1.6313 9.83453e-015 5.54592
Normal: -1 0 0
UV: 0.452267 1.00001

Position: -1.6313 4.81256 5.54592
Normal: -1 0 0
UV: 0.452267 0.579891

Position: -1.6313 9.30275 5.76758
Normal: -1 0 0
UV: 0.484421 0.187913

Position: -1.6313 9.30275 5.54592
Normal: -1 0 0
UV: 0.452267 0.187942

Position: -1.6313 9.30275 5.54592
Normal: -0 0 1
UV: 0.452267 0.187942

Position: -4.90435 9.30275 5.54592
Normal: -0 0 1
UV: 0.139443 0.188096

Position: -4.90435 9.30275 5.76758
Normal: 1 0 0
UV: 0.0970972 0.188737

Position: -4.90435 9.30275 5.54592
Normal: 1 0 0
UV: 0.139443 0.188096

Position: -4.90435 9.30275 5.76758
Normal: -0 0 1
UV: 0.097097 0.189153

Position: -5.67384 9.30275 5.76758
Normal: -0 0 1
UV: 0.0364509 0.189153

Position: -1.6313 4.81256 5.76758
Normal: -0 0 1
UV: 0.637282 0.579884

Position: -1.6313 9.30275 5.76758
Normal: -0 0 1
UV: 0.637282 0.18791

Position: -1.6313 9.83453e-015 5.76758
Normal: -0 0 1
UV: 0.637282 1

Position: -1.6313 9.30275 5.76758
Normal: -0 -1 0
UV: 1.27674 0.175577

Position: -4.90435 9.30275 5.54592
Normal: -0 -1 0
UV: 1.33247 0.179685

Position: -4.90435 9.30275 5.76758
Normal: -0 -1 0
UV: 1.33247 0.175577

Position: -1.6313 9.30275 5.54592
Normal: -0 -1 0
UV: 1.27674 0.179685

Position: -5.67384 9.30275 5.76758
Normal: -0 -1 0
UV: 1.34558 0.175577

Position: -5.81598 9.30275 5.90972
Normal: -0 -1 0
UV: 1.34899 0.172943

Position: -5.81598 9.30275 5.90972
Normal: -0 0 1
UV: 1.34899 0.172943

Position: -5.81598 9.96984 5.90972
Normal: -0 0 1
UV: 1.35762 0.139099

Position: -5.43083 9.96984 5.52458
Normal: -0 1 0
UV: 1.35722 0.120673

Position: -5.81598 9.96984 5.90972
Normal: -0 1 0
UV: 1.35762 0.139099

Position: -5.43083 9.96984 5.52458
Normal: -0 0 -1
UV: 1.18152 0.163576

Position: -5.43083 9.8854 5.52458
Normal: -0 0 -1
UV: 1.18152 0.14773

Position: -5.43083 9.8854 5.52458
Normal: -0 1 0
UV: 1.11476 0.0296131

Position: -5.67384 4.81256 -4.81061
Normal: -1 0 0
UV: 0.097097 0.579565

Position: -5.67384 9.83453e-015 -4.81061
Normal: -1 0 0
UV: 0.097097 0.998008

Position: -5.67384 9.83453e-015 -5.58012
Normal: -1 0 0
UV: 0.036451 0.998008

Position: -5.67384 4.81256 -5.58012
Normal: -1 0 0
UV: 0.0364509 0.579565

Position: -5.45217 4.81256 -4.8106
Normal: -2.2161e-005 0 1
UV: 0.139443 0.579804

Position: -5.67384 9.83453e-015 -4.81061
Normal: -2.32429e-005 0 1
UV: 0.097097 0.998008

Position: -5.67384 4.81256 -4.81061
Normal: -2.2161e-005 0 1
UV: 0.0970972 0.579726

Position: -5.45217 9.83453e-015 -4.8106
Normal: -2.32429e-005 0 1
UV: 0.139443 1

Position: -5.45218 4.81256 -1.53755
Normal: -1 0 -1.45686e-006
UV: 0.452267 0.579891

Position: -5.45218 9.83453e-015 -1.53755
Normal: -1 0 -1.45686e-006
UV: 0.452267 1.00001

Position: -5.45217 9.83453e-015 -4.8106
Normal: -1 0 -1.45686e-006
UV: 0.139443 1

Position: -5.45217 4.81256 -4.8106
Normal: -1 0 -1.45686e-006
UV: 0.139443 0.579804

Position: -5.67385 4.81256 -1.53756
Normal: 4.74034e-005 0 -1
UV: 0.484421 0.579884

Position: -5.67385 9.83453e-015 -1.53756
Normal: 4.73794e-005 0 -1
UV: 0.484422 1

Position: -5.45218 9.83453e-015 -1.53755
Normal: 4.73794e-005 0 -1
UV: 0.452267 1.00001

Position: -5.45218 4.81256 -1.53755
Normal: 4.74034e-005 0 -1
UV: 0.452267 0.579891

Position: -5.67385 9.30275 -1.53756
Normal: 4.74273e-005 0 -1
UV: 0.484421 0.187913

Position: -5.45218 9.30275 -1.53755
Normal: 4.74273e-005 0 -1
UV: 0.452267 0.187942

Position: -5.45218 9.30275 -1.53755
Normal: -1 0 -1.45686e-006
UV: 0.452267 0.187942

Position: -5.45217 9.30275 -4.8106
Normal: -1 0 -1.45686e-006
UV: 0.139443 0.188096

Position: -5.45217 9.30275 -4.8106
Normal: -2.1079e-005 0 1
UV: 0.139443 0.188096

Position: -5.67384 9.30275 -4.81061
Normal: -2.1079e-005 0 1
UV: 0.0970972 0.188737

Position: -5.67384 9.30275 -4.81061
Normal: -1 0 0
UV: 0.097097 0.189153

Position: -5.67384 9.30275 -5.58012
Normal: -1 0 0
UV: 0.0364509 0.189153

Position: -5.67384 9.30275 0.0937332
Normal: -1 0 6.59384e-012
UV: 0.539846 0.18791

Position: -5.67384 4.81256 0.0937332
Normal: -1 0 6.59384e-012
UV: 0.539847 0.579884

Position: -5.67385 4.81256 -1.53756
Normal: -1 0 4.0923e-006
UV: 0.637282 0.579884

Position: -5.67385 9.30275 -1.53756
Normal: -1 0 4.0923e-006
UV: 0.637282 0.18791

Position: -5.67385 9.83453e-015 -1.53756
Normal: -1 0 4.0923e-006
UV: 0.637282 1

Position: -5.67384 9.83453e-015 0.0937332
Normal: -1 0 6.59384e-012
UV: 0.539846 1

Position: -5.45218 9.30275 -1.53755
Normal: -0 -1 1.80961e-008
UV: 1.27674 0.179685

Position: -5.45217 9.30275 -4.8106
Normal: -0 -1 1.80961e-008
UV: 1.33247 0.179685

Position: -5.67385 9.30275 -1.53756
Normal: -0 -1 1.89061e-008
UV: 1.27674 0.175577

Position: -5.67384 9.30275 -4.81061
Normal: -0 -1 3.21589e-009
UV: 1.33247 0.175577

Position: -5.81598 9.30275 0.0937491
Normal: -0 -1 9.65555e-009
UV: 1.24896 0.172943

Position: -5.67384 9.30275 0.0937332
Normal: -0 -1 2.35353e-008
UV: 1.24896 0.175577

Position: -5.81598 9.30275 0.0937491
Normal: -1 0 0
UV: 1.24896 0.172943

Position: -5.81598 9.30275 -5.72223
Normal: -1 0 0
UV: 1.34899 0.172943

Position: -5.81598 9.96984 0.0937491
Normal: -1 0 0
UV: 1.24896 0.139098

Position: -5.81598 9.96984 -5.72223
Normal: -1 0 0
UV: 1.35762 0.139099

Position: -5.81598 9.96984 0.0937491
Normal: -0 1 0
UV: 1.24896 0.139098

Position: -5.43083 9.96984 0.0937438
Normal: -0 1 0
UV: 1.24896 0.120673

Position: -5.43083 9.96984 0.0937438
Normal: 1 0 0
UV: 1.36721 0.163576

Position: -5.43083 9.96984 -5.33709
Normal: 1 0 0
UV: 1.18152 0.163576

Position: -5.43083 9.8854 0.0937438
Normal: 1 0 0
UV: 1.36721 0.14773

Position: -5.43083 9.8854 -5.33709
Normal: 1 0 0
UV: 1.18152 0.14773

Position: -5.43083 9.8854 0.0937438
Normal: -0 1 0
UV: 1.11476 0.100401

Position: -5.67384 9.83453e-015 4.99808
Normal: -1 0 0
UV: 0.097097 0.998008

Position: -5.67384 4.81256 4.99808
Normal: -1 0 0
UV: 0.097097 0.579565

Position: -5.67384 9.83453e-015 5.76758
Normal: -1 0 0
UV: 0.036451 0.998008

Position: -5.67384 4.81256 5.76758
Normal: -1 0 0
UV: 0.0364509 0.579565

Position: -5.45217 4.81256 4.99809
Normal: 2.1267e-005 0 -1
UV: 0.139443 0.579804

Position: -5.67384 9.83453e-015 4.99808
Normal: 2.1455e-005 0 -1
UV: 0.097097 0.998008

Position: -5.45217 9.83453e-015 4.99809
Normal: 2.1455e-005 0 -1
UV: 0.139443 1

Position: -5.67384 4.81256 4.99808
Normal: 2.1267e-005 0 -1
UV: 0.0970972 0.579726

Position: -5.45217 4.81256 4.99809
Normal: -1 0 1.45686e-006
UV: 0.139443 0.579804

Position: -5.45217 9.83453e-015 4.99809
Normal: -1 0 1.45686e-006
UV: 0.139443 1

Position: -5.45218 4.81256 1.72504
Normal: -1 0 1.45686e-006
UV: 0.452267 0.579891

Position: -5.45218 9.83453e-015 1.72504
Normal: -1 0 1.45686e-006
UV: 0.452267 1.00001

Position: -5.45218 4.81256 1.72504
Normal: -4.64773e-005 0 1
UV: 0.452267 0.579891

Position: -5.45218 9.83453e-015 1.72504
Normal: -4.64854e-005 0 1
UV: 0.452267 1.00001

Position: -5.67385 4.81256 1.72503
Normal: -4.64773e-005 0 1
UV: 0.484421 0.579884

Position: -5.67385 9.83453e-015 1.72503
Normal: -4.64854e-005 0 1
UV: 0.484422 1

Position: -5.45218 9.30275 1.72504
Normal: -4.64692e-005 0 1
UV: 0.452267 0.187942

Position: -5.67385 9.30275 1.72503
Normal: -4.64692e-005 0 1
UV: 0.484421 0.187913

Position: -5.45217 9.30275 4.99809
Normal: -1 0 1.45686e-006
UV: 0.139443 0.188096

Position: -5.45218 9.30275 1.72504
Normal: -1 0 1.45686e-006
UV: 0.452267 0.187942

Position: -5.45217 9.30275 4.99809
Normal: 2.1079e-005 0 -1
UV: 0.139443 0.188096

Position: -5.67384 9.30275 4.99808
Normal: 2.1079e-005 0 -1
UV: 0.0970972 0.188737

Position: -5.67384 9.30275 4.99808
Normal: -1 0 0
UV: 0.097097 0.189153

Position: -5.67384 9.30275 5.76758
Normal: -1 0 0
UV: 0.0364509 0.189153

Position: -5.67385 4.81256 1.72503
Normal: -1 0 -4.09228e-006
UV: 0.637282 0.579884

Position: -5.67385 9.30275 1.72503
Normal: -1 0 -4.09228e-006
UV: 0.637282 0.18791

Position: -5.67385 9.83453e-015 1.72503
Normal: -1 0 -4.09228e-006
UV: 0.637282 1

Position: -5.67384 9.30275 4.99808
Normal: -0 -1 0
UV: 1.33247 0.175577

Position: -5.45218 9.30275 1.72504
Normal: -0 -1 0
UV: 1.27674 0.179685

Position: -5.67385 9.30275 1.72503
Normal: -0 -1 0
UV: 1.27674 0.175577

Position: -5.45217 9.30275 4.99809
Normal: -0 -1 0
UV: 1.33247 0.179685

Position: -5.81598 9.96984 5.90972
Normal: -1 0 0
UV: 1.35762 0.139099

Position: -5.81598 9.30275 5.90972
Normal: -1 0 0
UV: 1.34899 0.172943

Position: -5.43083 9.8854 5.52458
Normal: 1 0 0
UV: 1.18152 0.14773

Position: -5.43083 9.96984 5.52458
Normal: 1 0 0
UV: 1.18152 0.163576


[INDEX_DATA]
0 2 1
2 3 1
4 6 5
5 7 4
8 10 9
10 11 9
12 14 13
15 13 14
13 15 16
17 16 15
9 11 18
11 19 18
20 4 7
7 21 20
1 3 22
3 23 22
24 26 25
26 27 25
26 29 28
29 26 24
30 32 31
30 33 32
32 35 34
36 37 33
37 35 32
32 33 37
38 40 39
38 41 40
42 44 43
43 45 42
46 48 47
46 49 48
50 52 51
53 55 54
53 56 55
57 59 58
57 60 59
61 63 62
61 64 63
65 67 66
66 68 65
69 71 70
70 72 69
73 75 74
75 76 74
77 79 78
77 80 79
81 83 82
84 86 85
87 89 88
90 92 91
93 95 94
93 96 95
83 97 82
84 85 98
99 101 100
99 102 101
103 105 104
103 106 105
107 109 108
107 110 109
111 113 112
112 114 111
115 117 116
115 118 117
119 121 120
121 122 120
123 125 124
123 126 125
127 129 128
130 132 131
133 135 134
136 138 137
139 141 140
139 142 141
129 143 128
130 131 144
145 147 146
146 148 145
149 151 150
150 152 149
153 155 154
156 154 155
157 159 158
158 159 160
161 163 162
164 162 163
165 167 166
166 167 168
169 171 170
170 172 169
173 175 174
176 178 177
179 181 180
182 184 183
185 187 186
186 188 185
174 175 189
176 190 178
191 193 192
192 194 191
195 197 196
196 198 195
199 201 200
202 200 201
203 205 204
204 205 206
207 209 208
210 208 209
211 213 212
212 213 214
215 217 216
216 218 215
219 221 220
222 224 223
225 227 226
228 230 229
231 233 232
232 234 231
220 221 235
222 236 224
237 239 238
238 240 237
241 243 242
242 244 241
245 247 246
248 246 247
249 251 250
250 251 252
253 255 254
256 254 255
257 259 258
258 259 260
261 263 262
261 262 264
264 262 265
266 268 267
269 271 270
272 274 273
275 277 276
278 280 279
279 281 278
267 268 282
269 283 271
284 237 240
240 285 284
286 288 287
286 289 288
290 292 291
290 293 292
294 296 295
294 297 296
298 300 299
300 301 299
302 304 303
303 305 302
306 308 307
308 309 307
310 312 311
310 313 312
314 316 315
317 319 318
320 322 321
323 325 324
326 328 327
326 329 328
316 330 315
317 318 331
332 334 333
332 335 334
336 338 337
336 339 338
340 342 341
340 343 342
344 346 345
346 347 345
348 350 349
348 351 350
352 354 353
354 355 353
356 358 357
356 359 358
360 362 361
363 365 364
366 368 367
369 371 370
372 374 373
372 375 374
362 376 361
363 364 377
378 380 379
379 381 378
382 384 383
383 385 382
386 388 387
389 387 388
390 392 391
391 392 393
394 396 395
397 395 396
398 400 399
399 400 401
402 404 403
403 405 402
406 408 407
409 411 410
412 414 413
415 417 416
418 420 419
419 421 418
407 408 422
409 423 411
424 426 425
425 427 424
428 430 429
429 431 428
432 434 433
435 433 434
436 438 437
437 438 439
440 442 441
443 441 442
444 446 445
445 446 447
448 450 449
449 451 448
452 454 453
455 457 456
458 460 459
461 463 462
464 466 465
465 467 464
453 454 468
455 469 457
470 472 471
470 473 472
474 476 475
474 477 476
478 480 479
478 481 480
482 484 483
484 485 483
486 488 487
487 489 486
490 492 491
492 493 491
494 496 495
494 497 496
498 500 499
501 503 502
504 506 505
507 509 508
510 512 511
510 513 512
500 514 499
501 502 515
516 518 517
516 519 518
520 522 521
520 523 522
524 526 525
524 527 526
528 530 529
530 531 529
532 534 533
532 535 534
536 538 537
538 539 537
540 542 541
540 543 542
544 546 545
547 549 548
550 552 551
553 555 554
556 558 557
556 559 558
546 560 545
547 548 561
562 564 563
563 565 562
566 568 567
567 569 566
570 572 571
573 571 572
574 576 575
575 576 577
578 580 579
581 579 580
582 584 583
583 584 585
586 588 587
587 589 586
590 592 591
593 595 594
596 598 597
599 601 600
602 604 603
603 605 602
591 592 606
593 607 595
608 610 609
609 611 608
612 614 613
613 615 612
616 618 617
619 617 618
620 622 621
621 622 623
624 626 625
627 625 626
628 630 629
629 630 631
632 634 633
633 635 632
636 638 637
639 641 640
642 644 643
645 647 646
648 650 649
649 651 648
637 638 652
639 653 641
654 656 655
654 657 656
658 660 659
661 663 662
661 664 663
665 667 666
667 665 668
669 671 670
670 672 669
673 675 674
673 676 675
677 679 678
678 680 677
681 677 680
681 682 677
683 682 681
683 684 682
685 658 659
686 688 687
686 689 688
690 692 691
691 693 690
694 696 695
694 697 696
698 700 699
700 698 701
702 704 703
702 705 704
706 703 704
704 707 706
705 709 708
709 705 702
710 712 711
712 710 713
714 716 715
714 717 716
718 720 719
719 720 721
722 724 723
723 725 722
724 727 726
724 722 727
720 728 721
721 728 729
730 717 714
730 731 717
732 713 710
713 732 733
734 24 25
25 735 734
734 736 29
29 24 734
737 739 738
740 738 739
738 34 35
741 737 742
738 35 742
742 737 738
743 744 40
39 40 744
43 44 745
745 746 43
747 748 48
47 48 748
749 51 52
750 752 751
752 753 751
754 756 755
757 755 756
758 760 759
758 761 760
762 764 763
763 765 762
766 762 765
765 767 766
768 759 769
768 758 759
755 757 770
771 770 757
772 773 750
773 752 750
774 776 775
776 777 775
775 777 778
778 779 775
780 782 781
780 783 782
780 785 784
786 787 781
787 785 780
780 781 787
788 790 789
788 791 790
792 794 793
793 795 792
796 798 797
796 799 798
800 52 801
802 804 803
803 805 802
806 808 807
808 809 807
810 812 811
811 813 810
814 816 815
816 817 815
815 817 818
817 819 818
820 810 813
813 821 820
822 823 806
823 808 806
824 802 805
805 825 824
826 828 827
829 827 828
827 829 830
830 831 827
832 834 833
833 835 832
832 837 836
741 742 835
742 837 832
832 835 742
838 840 839
839 841 838
842 746 745
745 843 842
844 846 845
845 847 844
749 52 848
849 851 850
850 852 849
853 855 854
855 853 856
857 859 858
858 860 857
861 863 862
862 864 861
865 866 863
863 861 865
867 859 868
859 857 868
869 856 853
856 869 870
851 872 871
851 849 872
873 828 874
873 829 828
873 875 830
830 829 873
876 878 877
877 879 876
879 836 837
786 876 787
879 837 787
787 876 879
838 881 880
880 840 838
842 843 793
793 794 842
882 883 844
883 846 844
800 848 52
884 886 885
885 887 884
888 890 889
889 891 888
892 894 893
893 895 892
896 898 897
896 899 898
900 899 896
900 901 899
902 903 894
894 892 902
890 905 904
890 888 905
906 907 886
886 884 906
908 776 909
776 908 777
777 908 778
908 910 778
911 913 912
912 914 911
911 784 785
915 913 916
911 785 916
916 913 911
788 918 917
917 791 788
919 920 792
792 795 919
796 922 921
921 799 796
923 801 52
924 926 925
924 927 926
928 930 929
929 931 928
932 934 933
932 935 934
936 938 937
938 936 939
940 939 936
939 940 941
942 935 932
942 943 935
944 945 930
930 928 944
946 927 924
946 947 927
948 950 949
948 951 950
952 953 950
949 950 953
954 956 955
956 957 955
956 959 958
36 957 37
956 958 37
37 957 956
960 962 961
962 963 961
964 965 42
42 45 964
966 968 967
968 969 967
50 970 52
971 973 972
974 972 973
975 977 976
976 978 975
979 981 980
980 981 982
983 985 984
985 986 984
987 988 983
988 985 983
989 990 979
979 990 981
975 978 991
978 992 991
972 974 993
994 993 974
995 996 948
948 949 995
995 953 997
995 949 953
998 1000 999
999 1001 998
1000 958 959
915 916 998
916 958 1000
1000 998 916
962 1003 1002
1003 962 960
964 920 919
919 965 964
968 1005 1004
1005 968 966
923 52 970

