[FBX_META_DATA]
MeshCount: 1

[MESH_DATA]
VertexCount: 68
IndexCount: 126
BoneCount: 0
AnimationClips: 1

[VERTEX_DATA]
Position: 0.276717 1.52652 0.261975
Normal: -0 0 1
UV: 0.43539 0.69333

Position: 0.276717 0.258832 0.261975
Normal: -0 0 1
UV: 0.43539 0.667189

Position: -0.276717 1.52652 0.261975
Normal: -0 0 1
UV: 0.425434 0.69333

Position: -0.276717 0.258832 0.261975
Normal: -0 0 1
UV: 0.425434 0.667189

Position: 0.276717 0.258832 -0.261975
Normal: -0 0 -1
UV: 0.404943 0.69333

Position: 0.276717 1.52652 -0.261975
Normal: -0 0 -1
UV: 0.404943 0.667189

Position: -0.276717 0.258832 -0.261975
Normal: -0 0 -1
UV: 0.394987 0.69333

Position: -0.276717 1.52652 -0.261975
Normal: -0 0 -1
UV: 0.394987 0.667189

Position: -0.276717 0.258832 -0.261975
Normal: -1 0 0
UV: 0.2913 0.667189

Position: -0.276717 1.52652 -0.261975
Normal: -1 0 0
UV: 0.2913 0.69333

Position: -0.276717 0.258832 0.261975
Normal: -1 0 0
UV: 0.300726 0.667189

Position: -0.276717 1.52652 0.261975
Normal: -1 0 0
UV: 0.300726 0.69333

Position: 0.276717 1.52652 0.261975
Normal: 1 0 0
UV: 0.281355 0.69333

Position: 0.276717 0.258832 -0.261975
Normal: 1 0 0
UV: 0.290781 0.667189

Position: 0.276717 0.258832 0.261975
Normal: 1 0 0
UV: 0.281355 0.667189

Position: 0.276717 1.52652 -0.261975
Normal: 1 0 0
UV: 0.290781 0.69333

Position: -0.276717 1.52652 0.261975
Normal: -0 1 2.14344e-007
UV: 0.543945 0.711324

Position: -0.0754898 1.52652 0.0714681
Normal: -0 1 2.2466e-007
UV: 0.547599 0.707464

Position: 0.276717 1.52652 0.261975
Normal: -0 1 2.14344e-007
UV: 0.543945 0.699128

Position: 0.0754898 1.52652 0.0714681
Normal: -0 1 2.2466e-007
UV: 0.547599 0.702989

Position: -0.0754898 1.52652 -0.0714679
Normal: -0 1 -2.2466e-007
UV: 0.551836 0.707464

Position: -0.276717 1.52652 -0.261975
Normal: -0 1 -2.14344e-007
UV: 0.555491 0.711324

Position: 0.276717 1.52652 -0.261975
Normal: -0 1 -2.14344e-007
UV: 0.555491 0.699128

Position: 0.0754898 1.52652 -0.0714679
Normal: -0 1 -2.2466e-007
UV: 0.551836 0.702989

Position: 0.0754898 6.73591 0.0714681
Normal: -0 0 1
UV: 0.46752 0.733032

Position: 0.0754898 1.52652 0.0714681
Normal: -0 0 1
UV: 0.46752 0.667189

Position: -0.0754898 6.73591 0.0714681
Normal: -0 0 1
UV: 0.463866 0.733032

Position: -0.0754898 1.52652 0.0714681
Normal: -0 0 1
UV: 0.463866 0.667189

Position: -0.0754898 1.52652 -0.0714679
Normal: -1 0 0
UV: 0.335669 0.667189

Position: -0.0754898 6.73591 -0.0714679
Normal: -1 0 0
UV: 0.335669 0.733032

Position: -0.0754898 1.52652 0.0714681
Normal: -1 0 0
UV: 0.339129 0.667189

Position: -0.0754898 6.73591 0.0714681
Normal: -1 0 0
UV: 0.339129 0.733032

Position: 0.0754898 1.52652 -0.0714679
Normal: -0 0 -1
UV: 0.471666 0.743802

Position: 0.0754898 6.73591 -0.0714679
Normal: -0 0 -1
UV: 0.471666 0.67796

Position: -0.0754898 1.52652 -0.0714679
Normal: -0 0 -1
UV: 0.468012 0.743802

Position: -0.0754898 6.73591 -0.0714679
Normal: -0 0 -1
UV: 0.468012 0.67796

Position: 0.0754898 6.73591 0.0714681
Normal: 1 0 0
UV: 0.331692 0.733032

Position: 0.0754898 1.52652 -0.0714679
Normal: 1 0 0
UV: 0.335151 0.667189

Position: 0.0754898 1.52652 0.0714681
Normal: 1 0 0
UV: 0.331692 0.667189

Position: 0.0754898 6.73591 -0.0714679
Normal: 1 0 0
UV: 0.335151 0.733032

Position: -0.38983 0 -0.369061
Normal: -0 0 -1
UV: 0.47513 0.712963

Position: 0.38983 0 -0.369061
Normal: -0 0 -1
UV: 0.47513 0.681364

Position: 0.38983 0.258832 -0.369061
Normal: -0 0 -1
UV: 0.468434 0.681364

Position: -0.38983 0.258832 -0.369061
Normal: -0 0 -1
UV: 0.468434 0.712963

Position: -0.38983 0 0.369061
Normal: -1 0 0
UV: 0.272634 0.683048

Position: -0.38983 0.258832 -0.369061
Normal: -1 0 0
UV: 0.279329 0.712963

Position: -0.38983 0.258832 0.369061
Normal: -1 0 0
UV: 0.279329 0.683048

Position: -0.38983 0 -0.369061
Normal: -1 0 0
UV: 0.272634 0.712963

Position: 0.38983 0 0.369061
Normal: -0 0 1
UV: 0.404422 0.681364

Position: -0.38983 0.258832 0.369061
Normal: -0 0 1
UV: 0.411118 0.712963

Position: 0.38983 0.258832 0.369061
Normal: -0 0 1
UV: 0.411118 0.681364

Position: -0.38983 0 0.369061
Normal: -0 0 1
UV: 0.404422 0.712963

Position: 0.38983 0 -0.369061
Normal: 1 0 0
UV: 0.264952 0.683048

Position: 0.38983 0 0.369061
Normal: 1 0 0
UV: 0.264952 0.712963

Position: 0.38983 0.258832 0.369061
Normal: 1 0 0
UV: 0.271648 0.712963

Position: 0.38983 0.258832 -0.369061
Normal: 1 0 0
UV: 0.271648 0.683048

Position: 0.276717 0.258832 -0.261975
Normal: -0 1 9.2395e-008
UV: 0.60671 0.713451

Position: -0.276717 0.258832 -0.261975
Normal: -0 1 9.2395e-008
UV: 0.60671 0.725647

Position: -0.38983 0.258832 -0.369061
Normal: -0 1 8.81524e-008
UV: 0.60907 0.72814

Position: 0.38983 0.258832 -0.369061
Normal: -0 1 8.81524e-008
UV: 0.60907 0.710958

Position: -0.38983 0.258832 0.369061
Normal: -0 1 -8.81524e-008
UV: 0.592804 0.72814

Position: -0.276717 0.258832 0.261975
Normal: -0 1 -9.23951e-008
UV: 0.595164 0.725647

Position: 0.38983 0.258832 0.369061
Normal: -0 1 -8.81524e-008
UV: 0.592804 0.710958

Position: 0.276717 0.258832 0.261975
Normal: -0 1 -9.23951e-008
UV: 0.595164 0.713451

Position: -0.0754898 6.73591 0.0714681
Normal: -0 1 0
UV: 0.465418 0.853239

Position: -0.0754898 6.73591 -0.0714679
Normal: -0 1 0
UV: 0.465418 0.786519

Position: 0.0754898 6.73591 0.0714681
Normal: -0 1 0
UV: 0.394943 0.853239

Position: 0.0754898 6.73591 -0.0714679
Normal: -0 1 0
UV: 0.394943 0.786519


[INDEX_DATA]
0 2 1
2 3 1
4 6 5
6 7 5
8 10 9
11 9 10
12 14 13
13 15 12
16 18 17
18 19 17
17 20 16
16 20 21
21 23 22
21 20 23
22 19 18
22 23 19
24 26 25
26 27 25
28 30 29
31 29 30
32 34 33
34 35 33
36 38 37
37 39 36
40 42 41
40 43 42
44 46 45
45 47 44
48 50 49
49 51 48
52 54 53
54 52 55
56 58 57
56 59 58
60 61 57
60 57 58
62 61 60
62 63 61
62 59 56
56 63 62
64 66 65
66 67 65

