[FBX_META_DATA]
MeshCount: 1

[MESH_DATA]
VertexCount: 84
IndexCount: 150
BoneCount: 0
AnimationClips: 1

[VERTEX_DATA]
Position: -0.473888 1.40103 0.44864
Normal: -0 -0.075164 0.997171
UV: 0.313241 0.730348

Position: 0.473888 1.40103 0.44864
Normal: -0 -0.075164 0.997171
UV: 0.294247 0.730348

Position: 0.463445 1.26987 0.438754
Normal: -0 -0.0751642 0.997171
UV: 0.294457 0.732976

Position: -0.463445 1.26987 0.438754
Normal: -0 -0.0751642 0.997171
UV: 0.313032 0.732976

Position: -0.463445 1.26987 -0.438753
Normal: -0 -0.0751642 -0.997171
UV: 0.332432 0.749747

Position: 0.463445 1.26987 -0.438753
Normal: -0 -0.0751642 -0.997171
UV: 0.313857 0.749747

Position: 0.473888 1.40103 -0.44864
Normal: -0 -0.0751645 -0.997171
UV: 0.313647 0.752375

Position: -0.473888 1.40103 -0.44864
Normal: -0 -0.0751645 -0.997171
UV: 0.332641 0.752375

Position: -0.473888 1.40103 0.44864
Normal: -0.996845 -0.0793686 -3.1906e-008
UV: 0.192485 0.838212

Position: -0.463445 1.26987 -0.438753
Normal: -0.996845 -0.0793684 -3.31704e-008
UV: 0.210269 0.84084

Position: -0.473888 1.40103 -0.44864
Normal: -0.996845 -0.0793686 -3.1906e-008
UV: 0.210467 0.838212

Position: -0.463445 1.26987 0.438754
Normal: -0.996845 -0.0793684 -3.31704e-008
UV: 0.192684 0.84084

Position: 0.473888 1.40103 0.44864
Normal: 0.996845 -0.0793684 -3.1906e-008
UV: 0.213748 0.815943

Position: 0.463445 1.26987 -0.438753
Normal: 0.996845 -0.0793684 -3.31704e-008
UV: 0.195964 0.818572

Position: 0.463445 1.26987 0.438754
Normal: 0.996845 -0.0793684 -3.31704e-008
UV: 0.21355 0.818572

Position: 0.473888 1.40103 -0.44864
Normal: 0.996845 -0.0793684 -3.1906e-008
UV: 0.195766 0.815943

Position: 0.473888 1.40103 0.44864
Normal: -0 1 4.9786e-007
UV: 0.520618 0.652574

Position: -0.473888 1.40103 0.44864
Normal: -0 1 4.9786e-007
UV: 0.520618 0.750008

Position: -0.360174 1.40103 0.340985
Normal: -0 1 4.9786e-007
UV: 0.543263 0.72609

Position: 0.360174 1.40103 0.340985
Normal: -0 1 4.9786e-007
UV: 0.543263 0.676493

Position: -0.473888 1.40103 -0.44864
Normal: -0 1 -4.9786e-007
UV: 0.612862 0.750008

Position: 0.473888 1.40103 -0.44864
Normal: -0 1 -4.9786e-007
UV: 0.612862 0.652574

Position: 0.360174 1.40103 -0.340985
Normal: -0 1 -4.9786e-007
UV: 0.590217 0.676493

Position: -0.360174 1.40103 -0.340985
Normal: -0 1 -4.9786e-007
UV: 0.590217 0.72609

Position: 0.10155 0.645678 0.0961402
Normal: -0 0.308352 -0.951272
UV: 0.266106 0.698449

Position: 0.360174 1.40103 0.340985
Normal: -0 0.308352 -0.951272
UV: 0.262354 0.718741

Position: -0.10155 0.645678 0.0961402
Normal: -0 0.308352 -0.951272
UV: 0.271562 0.698449

Position: -0.360174 1.40103 0.340985
Normal: -0 0.308352 -0.951272
UV: 0.275314 0.718741

Position: 0.360174 1.40103 -0.340985
Normal: -0 0.308352 0.951272
UV: 0.275916 0.698449

Position: 0.10155 0.645678 -0.0961402
Normal: -0 0.308352 0.951272
UV: 0.279668 0.718741

Position: -0.360174 1.40103 -0.340985
Normal: -0 0.308352 0.951272
UV: 0.288876 0.698449

Position: -0.10155 0.645678 -0.0961402
Normal: -0 0.308352 0.951272
UV: 0.285124 0.718741

Position: 0.10155 0.645678 0.0961402
Normal: -0.946082 0.323928 0
UV: 0.293014 0.714039

Position: 0.360174 1.40103 -0.340985
Normal: -0.946082 0.323928 0
UV: 0.301732 0.693748

Position: 0.360174 1.40103 0.340985
Normal: -0.946082 0.323928 0
UV: 0.289462 0.693748

Position: 0.10155 0.645678 -0.0961402
Normal: -0.946082 0.323928 0
UV: 0.29818 0.714039

Position: -0.360174 1.40103 -0.340985
Normal: 0.946082 0.323928 0
UV: 0.302378 0.693748

Position: -0.10155 0.645678 -0.0961402
Normal: 0.946082 0.323928 0
UV: 0.30593 0.714039

Position: -0.360174 1.40103 0.340985
Normal: 0.946082 0.323928 0
UV: 0.314648 0.693748

Position: -0.10155 0.645678 0.0961402
Normal: 0.946082 0.323928 0
UV: 0.311095 0.714039

Position: -0.10155 0.645678 -0.0961402
Normal: -0 1 0
UV: 0.342851 0.701622

Position: 0.10155 0.645678 0.0961402
Normal: -0 1 0
UV: 0.337685 0.696165

Position: -0.10155 0.645678 0.0961402
Normal: -0 1 0
UV: 0.337685 0.701622

Position: 0.10155 0.645678 -0.0961402
Normal: -0 1 0
UV: 0.342851 0.696165

Position: -0.386374 0.301873 0.365789
Normal: -0 -1 1.15876e-007
UV: 0.156595 0.849225

Position: 0.386374 0.301873 0.365789
Normal: -0 -1 1.15876e-007
UV: 0.156595 0.829466

Position: 0.115984 0.301873 0.109805
Normal: -0 -1 1.15876e-007
UV: 0.15005 0.83638

Position: -0.115984 0.301873 0.109805
Normal: -0 -1 1.15876e-007
UV: 0.15005 0.842311

Position: 0.386374 0.301873 -0.365789
Normal: -0 -1 -1.15876e-007
UV: 0.137889 0.829466

Position: -0.386374 0.301873 -0.365789
Normal: -0 -1 -1.15876e-007
UV: 0.137889 0.849225

Position: -0.115984 0.301873 -0.109805
Normal: -0 -1 -1.15876e-007
UV: 0.144435 0.842311

Position: 0.115984 0.301873 -0.109805
Normal: -0 -1 -1.15876e-007
UV: 0.144435 0.83638

Position: 0.115984 0.301873 0.109805
Normal: -0 0 1
UV: 0.177195 0.813172

Position: 0.115984 0.00301782 0.109805
Normal: -0 0 1
UV: 0.177195 0.820813

Position: -0.115984 0.301873 0.109805
Normal: -0 0 1
UV: 0.183127 0.813172

Position: -0.115984 0.00301782 0.109805
Normal: -0 0 1
UV: 0.183127 0.820813

Position: -0.115984 0.00301782 -0.109805
Normal: -0 0 -1
UV: 0.201867 0.813172

Position: 0.115984 0.00301782 -0.109805
Normal: -0 0 -1
UV: 0.195935 0.813172

Position: 0.115984 0.301873 -0.109805
Normal: -0 0 -1
UV: 0.195935 0.820813

Position: -0.115984 0.301873 -0.109805
Normal: -0 0 -1
UV: 0.201867 0.820813

Position: 0.115984 0.00301782 0.109805
Normal: 1 0 0
UV: 0.189257 0.820813

Position: 0.115984 0.301873 0.109805
Normal: 1 0 0
UV: 0.189257 0.813172

Position: 0.115984 0.00301782 -0.109805
Normal: 1 0 0
UV: 0.183642 0.820813

Position: 0.115984 0.301873 -0.109805
Normal: 1 0 0
UV: 0.183642 0.813172

Position: -0.115984 0.00301782 0.109805
Normal: -1 0 0
UV: 0.189789 0.820813

Position: -0.115984 0.301873 -0.109805
Normal: -1 0 0
UV: 0.195404 0.813172

Position: -0.115984 0.301873 0.109805
Normal: -1 0 0
UV: 0.189789 0.813172

Position: -0.115984 0.00301782 -0.109805
Normal: -1 0 0
UV: 0.195404 0.820813

Position: -0.386374 0.301873 -0.365789
Normal: -0 -0.0751641 -0.997171
UV: 0.436573 0.719452

Position: 0.386374 0.301873 -0.365789
Normal: -0 -0.0751641 -0.997171
UV: 0.421086 0.719452

Position: 0.463445 1.26987 -0.438753
Normal: -0 -0.0751642 -0.997171
UV: 0.419542 0.738851

Position: -0.463445 1.26987 -0.438753
Normal: -0 -0.0751642 -0.997171
UV: 0.438117 0.738851

Position: 0.386374 0.301873 0.365789
Normal: 0.996845 -0.0793684 -3.33783e-008
UV: 0.364623 0.729017

Position: 0.463445 1.26987 -0.438753
Normal: 0.996845 -0.0793684 -3.31704e-008
UV: 0.348499 0.709618

Position: 0.386374 0.301873 -0.365789
Normal: 0.996845 -0.0793684 -3.33783e-008
UV: 0.349961 0.729017

Position: 0.463445 1.26987 0.438754
Normal: 0.996845 -0.0793684 -3.31704e-008
UV: 0.366085 0.709618

Position: -0.463445 1.26987 0.438754
Normal: -0 -0.0751642 0.997171
UV: 0.418717 0.722081

Position: 0.463445 1.26987 0.438754
Normal: -0 -0.0751642 0.997171
UV: 0.400142 0.722081

Position: 0.386374 0.301873 0.365789
Normal: -0 -0.0751642 0.997171
UV: 0.401686 0.74148

Position: -0.386374 0.301873 0.365789
Normal: -0 -0.0751642 0.997171
UV: 0.417173 0.74148

Position: -0.463445 1.26987 0.438754
Normal: -0.996845 -0.0793684 -3.31704e-008
UV: 0.345219 0.731887

Position: -0.386374 0.301873 0.365789
Normal: -0.996845 -0.0793684 -3.33783e-008
UV: 0.346681 0.751286

Position: -0.463445 1.26987 -0.438753
Normal: -0.996845 -0.0793684 -3.31704e-008
UV: 0.362804 0.731887

Position: -0.386374 0.301873 -0.365789
Normal: -0.996845 -0.0793684 -3.33783e-008
UV: 0.361342 0.751286


[INDEX_DATA]
0 2 1
0 3 2
4 6 5
4 7 6
8 10 9
9 11 8
12 14 13
13 15 12
16 18 17
16 19 18
20 22 21
20 23 22
21 19 16
21 22 19
17 23 20
17 18 23
24 26 25
25 26 27
28 30 29
30 31 29
32 34 33
33 35 32
36 38 37
39 37 38
40 42 41
41 43 40
44 46 45
44 47 46
48 50 49
48 51 50
46 51 45
45 51 48
49 47 44
49 50 47
52 54 53
54 55 53
56 58 57
56 59 58
60 62 61
61 62 63
64 66 65
65 67 64
68 70 69
68 71 70
72 74 73
73 75 72
76 78 77
76 79 78
80 82 81
81 82 83

