[FBX_META_DATA]
MeshCount: 1

[MESH_DATA]
VertexCount: 718
IndexCount: 1392
BoneCount: 0
AnimationClips: 1

[VERTEX_DATA]
Position: 6.14779 2.16298 5.29178
Normal: 1 0 0
UV: 0.135999 0.523976

Position: 6.14779 3.63385 5.29178
Normal: 1 -5.18529e-008 0
UV: 0.135999 0.523976

Position: 6.14779 2.16298 3.11963
Normal: 1 0 0
UV: 0.135999 0.523976

Position: 6.14779 3.63385 3.11963
Normal: 1 3.00991e-008 0
UV: 0.135999 0.523976

Position: 6.14779 3.72321 5.40037
Normal: 1 -3.39841e-007 0
UV: 0.358708 0.933889

Position: 6.14779 3.63385 3.11963
Normal: 1 3.00991e-008 0
UV: 0.358708 0.933889

Position: 6.14779 3.63385 5.29178
Normal: 1 -5.18529e-008 0
UV: 0.358708 0.933889

Position: 6.14779 3.63385 0.818451
Normal: 1 0 0
UV: 0.358708 0.933889

Position: 6.14779 2.07361 0.709869
Normal: 1 8.76109e-007 0
UV: 0.358708 0.933889

Position: 6.14779 2.16298 0.818451
Normal: 1 1.29631e-007 0
UV: 0.358708 0.933889

Position: 6.14779 3.72321 0.709869
Normal: 1 1.05658e-008 0
UV: 0.358708 0.933889

Position: 6.14779 2.07361 5.40037
Normal: 1 0 0
UV: 0.358708 0.933889

Position: 6.14779 2.16298 5.29178
Normal: 1 0 0
UV: 0.358708 0.933889

Position: 6.14779 2.16298 3.11963
Normal: 1 0 0
UV: 0.358708 0.933889

Position: 6.14779 3.72321 0.709869
Normal: -0 0 -1
UV: 0.328857 0.936778

Position: 5.95503 2.07361 0.709869
Normal: -0 0 -1
UV: 0.328857 0.936778

Position: 6.14779 2.07361 0.709869
Normal: -0 0 -1
UV: 0.328857 0.936778

Position: 5.95503 3.72321 0.709869
Normal: -0 0 -1
UV: 0.328857 0.936778

Position: 6.14779 3.72321 5.40037
Normal: -0 0 1
UV: 0.328857 0.936778

Position: 6.14779 2.07361 5.40037
Normal: -0 0 1
UV: 0.328857 0.936778

Position: 5.95503 3.72321 5.40037
Normal: -0 0 1
UV: 0.328857 0.936778

Position: 5.95503 2.07361 5.40037
Normal: -0 0 1
UV: 0.328857 0.936778

Position: 6.14779 3.63385 2.99061
Normal: 1 3.08785e-008 0
UV: 0.358708 0.933889

Position: 6.14779 2.16298 2.99061
Normal: 1 1.94885e-009 0
UV: 0.135999 0.523976

Position: 6.14779 3.63385 2.99061
Normal: 1 3.08785e-008 0
UV: 0.135999 0.523976

Position: 6.14779 2.16298 0.818451
Normal: 1 1.29631e-007 0
UV: 0.135999 0.523976

Position: 6.14779 3.63385 0.818451
Normal: 1 0 0
UV: 0.135999 0.523976

Position: 6.14779 2.16298 2.99061
Normal: 1 1.94885e-009 0
UV: 0.358708 0.933889

Position: 6.14779 3.72321 0.709869
Normal: -0 1 0
UV: 0.418949 0.935775

Position: 6.14779 3.72321 5.40037
Normal: -0 1 0
UV: 0.418949 0.935775

Position: 5.95503 3.72321 5.40037
Normal: -0 1 0
UV: 0.418949 0.935775

Position: 5.95503 3.72321 0.709869
Normal: -0 1 0
UV: 0.418949 0.935775

Position: 6.14779 3.63385 2.99061
Normal: 1 3.08785e-008 0
UV: 0.335238 0.93946

Position: 6.14779 2.16298 2.99061
Normal: 1 1.94885e-009 0
UV: 0.335238 0.93946

Position: 6.14779 3.63385 3.11963
Normal: 1 3.00991e-008 0
UV: 0.335238 0.93946

Position: 6.14779 2.16298 3.11963
Normal: 1 0 0
UV: 0.335238 0.93946

Position: 6.14779 2.07361 5.40037
Normal: -0 -1 0
UV: 0.298044 0.936778

Position: 6.14779 2.07361 0.709869
Normal: -0 -1 0
UV: 0.298044 0.936778

Position: 5.95503 2.07361 5.40037
Normal: -0 -1 0
UV: 0.298044 0.936778

Position: 5.95503 2.07361 0.709869
Normal: -0 -1 0
UV: 0.298044 0.936778

Position: -6.14259 2.16298 3.11963
Normal: -1 -1.55908e-009 0
UV: 0.135999 0.523976

Position: -6.14259 3.63385 5.29178
Normal: -1 0 0
UV: 0.135999 0.523976

Position: -6.14259 2.16298 5.29178
Normal: -1 -1.03706e-007 0
UV: 0.135999 0.523976

Position: -6.14259 3.63385 3.11963
Normal: -1 -4.94058e-007 0
UV: 0.135999 0.523976

Position: -6.14259 3.72321 5.40037
Normal: -1 -1.69044e-007 0
UV: 0.358708 0.933889

Position: -6.14259 3.63385 5.29178
Normal: -1 0 0
UV: 0.358708 0.933889

Position: -6.14259 3.63385 3.11963
Normal: -1 -4.94058e-007 0
UV: 0.358708 0.933889

Position: -6.14259 2.07361 0.709869
Normal: -1 0 0
UV: 0.358708 0.933889

Position: -6.14259 3.63385 0.818451
Normal: -1 0 0
UV: 0.358708 0.933889

Position: -6.14259 2.16298 0.818451
Normal: -1 0 0
UV: 0.358708 0.933889

Position: -6.14259 3.72321 0.709869
Normal: -1 -1.69053e-007 0
UV: 0.358708 0.933889

Position: -6.14259 2.07361 5.40037
Normal: -1 -7.00812e-007 0
UV: 0.358708 0.933889

Position: -6.14259 2.16298 3.11963
Normal: -1 -1.55908e-009 0
UV: 0.358708 0.933889

Position: -6.14259 2.16298 5.29178
Normal: -1 -1.03706e-007 0
UV: 0.358708 0.933889

Position: -6.14259 3.72321 0.709869
Normal: -0 0 -1
UV: 0.328857 0.936778

Position: -6.14259 2.07361 0.709869
Normal: -0 0 -1
UV: 0.328857 0.936778

Position: -5.93646 2.07361 0.709869
Normal: -0 0 -1
UV: 0.328857 0.936778

Position: -5.93646 3.72321 0.709869
Normal: -0 0 -1
UV: 0.328857 0.936778

Position: -5.93646 3.72321 5.40037
Normal: -0 0 1
UV: 0.328857 0.936778

Position: -6.14259 2.07361 5.40037
Normal: -0 0 1
UV: 0.328857 0.936778

Position: -6.14259 3.72321 5.40037
Normal: -0 0 1
UV: 0.328857 0.936778

Position: -5.93646 2.07361 5.40037
Normal: -0 0 1
UV: 0.328857 0.936778

Position: -6.14259 3.63385 2.99061
Normal: -1 -4.94056e-007 0
UV: 0.358708 0.933889

Position: -6.14259 2.16298 2.99061
Normal: -1 0 0
UV: 0.135999 0.523976

Position: -6.14259 2.16298 0.818451
Normal: -1 0 0
UV: 0.135999 0.523976

Position: -6.14259 3.63385 2.99061
Normal: -1 -4.94056e-007 0
UV: 0.135999 0.523976

Position: -6.14259 3.63385 0.818451
Normal: -1 0 0
UV: 0.135999 0.523976

Position: -6.14259 2.16298 2.99061
Normal: -1 0 0
UV: 0.358708 0.933889

Position: -6.14259 3.72321 5.40037
Normal: -0 1 0
UV: 0.418949 0.935775

Position: -6.14259 3.72321 0.709869
Normal: -0 1 0
UV: 0.418949 0.935775

Position: -5.93646 3.72321 5.40037
Normal: -0 1 0
UV: 0.418949 0.935775

Position: -5.93646 3.72321 0.709869
Normal: -0 1 0
UV: 0.418949 0.935775

Position: -6.14259 2.16298 2.99061
Normal: -1 0 0
UV: 0.335238 0.93946

Position: -6.14259 3.63385 3.11963
Normal: -1 -4.94058e-007 0
UV: 0.335238 0.93946

Position: -6.14259 2.16298 3.11963
Normal: -1 -1.55908e-009 0
UV: 0.335238 0.93946

Position: -6.14259 3.63385 2.99061
Normal: -1 -4.94056e-007 0
UV: 0.335238 0.93946

Position: -6.14259 2.07361 0.709869
Normal: -0 -1 0
UV: 0.298044 0.936778

Position: -6.14259 2.07361 5.40037
Normal: -0 -1 0
UV: 0.298044 0.936778

Position: -5.93646 2.07361 5.40037
Normal: -0 -1 0
UV: 0.298044 0.936778

Position: -5.93646 2.07361 0.709869
Normal: -0 -1 0
UV: 0.298044 0.936778

Position: 6.18694 5.42749 7.37044
Normal: 1 0 0
UV: 0.263851 0.521083

Position: 6.18694 5.00285 -7.35352
Normal: 1 0 0
UV: 0.263851 0.521083

Position: 6.18694 5.00285 7.37044
Normal: 1 0 0
UV: 0.263851 0.521083

Position: 6.18694 5.42749 -7.35352
Normal: 1 0 0
UV: 0.263851 0.521083

Position: 5.95503 5.42749 7.15115
Normal: 1.74525e-008 1 1.90117e-007
UV: 0.335502 0.522203

Position: -5.93646 5.42749 7.15115
Normal: -1.52279e-007 1 1.93707e-007
UV: 0.335502 0.522203

Position: 5.95503 5.42749 -7.13423
Normal: 1.83392e-008 1 -2.83428e-008
UV: 0.335502 0.522203

Position: -5.93646 5.42749 -7.13423
Normal: -1.51378e-007 1 -2.78009e-008
UV: 0.335502 0.522203

Position: -6.18694 5.42749 7.37044
Normal: -0 0 1
UV: 0.300796 0.521083

Position: 6.18694 5.42749 7.37044
Normal: -0 0 1
UV: 0.300796 0.521083

Position: 6.18694 5.00285 7.37044
Normal: -0 0 1
UV: 0.300796 0.521083

Position: -6.18694 5.00285 7.37044
Normal: -0 0 1
UV: 0.300796 0.521083

Position: 6.18694 5.00285 -7.35352
Normal: -0 0 -1
UV: 0.300796 0.521083

Position: -6.18694 5.42749 -7.35352
Normal: -0 0 -1
UV: 0.300796 0.521083

Position: -6.18694 5.00285 -7.35352
Normal: -0 0 -1
UV: 0.300796 0.521083

Position: 6.18694 5.42749 -7.35352
Normal: -0 0 -1
UV: 0.300796 0.521083

Position: 5.95503 5.00285 7.15115
Normal: 1 0 0
UV: 0.240594 0.5569

Position: 5.95503 0 -7.13423
Normal: 1 0 0
UV: 0.240594 0.5569

Position: 5.95503 0 7.15115
Normal: 1 0 0
UV: 0.240594 0.5569

Position: 5.95503 5.00285 -7.13423
Normal: 1 0 0
UV: 0.240594 0.5569

Position: -0.299767 0.319817 -7.13423
Normal: 1.53559e-007 0 -1
UV: 0.205054 0.522943

Position: 0.318336 0.319817 -7.13423
Normal: -7.67796e-008 0 -1
UV: 0.205054 0.522943

Position: 0.318336 0.492597 -7.13423
Normal: -3.37184e-008 0 -1
UV: 0.205054 0.522943

Position: -0.299767 0.492597 -7.13423
Normal: 6.74368e-008 0 -1
UV: 0.205054 0.522943

Position: 5.95503 5.00285 7.15115
Normal: -1.10084e-006 -1 -2.06472e-006
UV: 0.232504 0.521083

Position: 6.18694 5.00285 -7.35352
Normal: -1.16738e-006 -1 -1.40397e-009
UV: 0.232504 0.521083

Position: 5.95503 5.00285 -7.13423
Normal: -1.11843e-006 -1 4.70568e-010
UV: 0.232504 0.521083

Position: 6.18694 5.00285 7.37044
Normal: -1.15067e-006 -1 -1.95885e-006
UV: 0.232504 0.521083

Position: 6.18694 5.42749 -7.35352
Normal: 1.16738e-006 1 -5.30712e-007
UV: 0.335502 0.522203

Position: 6.18694 5.42749 7.37044
Normal: 1.15067e-006 1 3.57422e-006
UV: 0.335502 0.522203

Position: -6.18694 5.42749 7.37044
Normal: -2.38272e-006 1 3.24178e-006
UV: 0.335502 0.522203

Position: -5.93646 5.00285 7.15115
Normal: 2.17965e-006 -1 -2.03199e-006
UV: 0.232504 0.521083

Position: -6.18694 5.00285 7.37044
Normal: 2.38272e-006 -1 -1.78668e-006
UV: 0.232504 0.521083

Position: -6.18694 5.42749 -7.35352
Normal: -2.36777e-006 1 -4.55889e-007
UV: 0.335502 0.522203

Position: -5.93646 5.00285 -7.13423
Normal: 2.16252e-006 -1 -1.74177e-008
UV: 0.232504 0.521083

Position: -6.18694 5.00285 -7.35352
Normal: 2.36777e-006 -1 -2.34331e-008
UV: 0.232504 0.521083

Position: -5.93646 5.00285 -7.13423
Normal: -4.94153e-007 0 -1
UV: 0.29881 0.5569

Position: 4.70717 4.66757 -7.13423
Normal: 2.96279e-007 0 -1
UV: 0.29881 0.5569

Position: 5.95503 5.00285 -7.13423
Normal: 5.10696e-007 0 -1
UV: 0.29881 0.5569

Position: -4.68861 4.66757 -7.13423
Normal: -2.86681e-007 0 -1
UV: 0.29881 0.5569

Position: -5.93646 0 -7.13423
Normal: -5.52742e-007 0 -1
UV: 0.29881 0.5569

Position: -4.68861 -0.00815535 -7.13423
Normal: -5.52742e-007 0 -1
UV: 0.29881 0.5569

Position: 4.70717 -0.00815535 -7.13423
Normal: 5.71245e-007 0 -1
UV: 0.29881 0.5569

Position: 5.95503 0 -7.13423
Normal: 5.71245e-007 0 -1
UV: 0.29881 0.5569

Position: 4.70717 4.66757 -7.37045
Normal: 7.88441e-008 0 -1
UV: 0.359326 0.523795

Position: -4.68861 4.66757 -7.37045
Normal: -5.43649e-007 0 -1
UV: 0.359326 0.523795

Position: -4.39124 4.41326 -7.37045
Normal: -4.69566e-007 0 -1
UV: 0.359326 0.523795

Position: 4.4098 4.41326 -7.37045
Normal: 5.92196e-008 0 -1
UV: 0.359326 0.523795

Position: -4.68861 -0.00815535 -7.37045
Normal: -1.2331e-006 0 -1
UV: 0.359326 0.523795

Position: -4.39124 -0.0137093 -7.37045
Normal: -1.2331e-006 0 -1
UV: 0.359326 0.523795

Position: 4.4098 -0.0137093 -7.37045
Normal: 2.61484e-007 0 -1
UV: 0.359326 0.523795

Position: 4.70717 -0.00815535 -7.37045
Normal: 2.61484e-007 0 -1
UV: 0.359326 0.523795

Position: 4.70717 4.66757 -7.13423
Normal: -5.07502e-008 1 0
UV: 0.389157 0.523795

Position: -4.68861 4.66757 -7.13423
Normal: -5.07502e-008 1 0
UV: 0.389157 0.523795

Position: -4.68861 4.66757 -7.37045
Normal: -5.07502e-008 1 0
UV: 0.389157 0.523795

Position: 4.70717 4.66757 -7.37045
Normal: -5.07502e-008 1 0
UV: 0.389157 0.523795

Position: -4.39124 4.41326 -7.13423
Normal: -0 -1 0
UV: 0.264717 0.521238

Position: 4.4098 4.41326 -7.13423
Normal: -0 -1 0
UV: 0.264717 0.521238

Position: 4.4098 4.41326 -7.37045
Normal: -0 -1 0
UV: 0.264717 0.521238

Position: -4.39124 4.41326 -7.37045
Normal: -0 -1 0
UV: 0.264717 0.521238

Position: -4.68861 -0.00815535 -7.37045
Normal: -1 0 0
UV: 0.32438 0.522091

Position: -4.68861 4.66757 -7.13423
Normal: -1 0 0
UV: 0.32438 0.522091

Position: -4.68861 -0.00815535 -7.13423
Normal: -1 0 0
UV: 0.32438 0.522091

Position: -4.68861 4.66757 -7.37045
Normal: -1 0 0
UV: 0.32438 0.522091

Position: -4.39124 -0.0137093 -7.13423
Normal: 1 0 0
UV: 0.229772 0.519534

Position: -4.39124 4.41326 -7.13423
Normal: 1 0 0
UV: 0.229772 0.519534

Position: -4.39124 4.41326 -7.37045
Normal: 1 0 0
UV: 0.229772 0.519534

Position: -4.39124 -0.0137093 -7.37045
Normal: 1 0 0
UV: 0.229772 0.519534

Position: 4.70717 -0.00815535 -7.13423
Normal: 1 0 0
UV: 0.32438 0.522091

Position: 4.70717 4.66757 -7.13423
Normal: 1 0 0
UV: 0.32438 0.522091

Position: 4.70717 4.66757 -7.37045
Normal: 1 0 0
UV: 0.32438 0.522091

Position: 4.70717 -0.00815535 -7.37045
Normal: 1 0 0
UV: 0.32438 0.522091

Position: 4.4098 4.41326 -7.13423
Normal: -1 0 0
UV: 0.229772 0.519534

Position: 4.4098 -0.0137093 -7.13423
Normal: -1 0 0
UV: 0.229772 0.519534

Position: 4.4098 -0.0137093 -7.37045
Normal: -1 0 0
UV: 0.229772 0.519534

Position: 4.4098 4.41326 -7.37045
Normal: -1 0 0
UV: 0.229772 0.519534

Position: 4.4098 4.41326 -7.13423
Normal: -3.54541e-008 0 -1
UV: 0.259247 0.91586

Position: -4.39124 4.41326 -7.13423
Normal: 7.09083e-008 0 -1
UV: 0.259247 0.91586

Position: -0.299767 0.492597 -7.13423
Normal: 6.74368e-008 0 -1
UV: 0.259247 0.91586

Position: 0.318336 0.492597 -7.13423
Normal: -3.37184e-008 0 -1
UV: 0.259247 0.91586

Position: -4.39124 -0.0137093 -7.13423
Normal: 2.00865e-007 0 -1
UV: 0.259247 0.91586

Position: -0.299767 0.319817 -7.13423
Normal: 1.53559e-007 0 -1
UV: 0.259247 0.91586

Position: 4.4098 -0.0137093 -7.13423
Normal: -1.00433e-007 0 -1
UV: 0.259247 0.91586

Position: 0.318336 0.319817 -7.13423
Normal: -7.67796e-008 0 -1
UV: 0.259247 0.91586

Position: 5.95503 5.00285 7.15115
Normal: -5.68388e-007 -1.42303e-007 1
UV: 0.29881 0.5569

Position: 3.13382 3.52363 7.15115
Normal: 2.38204e-007 -6.2287e-007 1
UV: 0.29881 0.5569

Position: -5.93646 5.00285 7.15115
Normal: 3.38233e-007 -8.8443e-007 1
UV: 0.29881 0.5569

Position: 5.07877 3.52363 7.15115
Normal: -1.11895e-006 -2.80144e-007 1
UV: 0.29881 0.5569

Position: 5.95503 0 7.15115
Normal: -3.71299e-006 -1.2084e-006 1
UV: 0.29881 0.5569

Position: 5.07877 0.159017 7.15114
Normal: -3.97862e-006 -2.31658e-006 1
UV: 0.29881 0.5569

Position: -5.93646 0 7.15115
Normal: 3.49322e-007 -9.37775e-007 1
UV: 0.29881 0.5569

Position: 3.13383 0.159017 7.15114
Normal: 3.90119e-007 -2.63262e-006 1
UV: 0.29881 0.5569

Position: 3.13383 -0.0442681 7.15112
Normal: 2.13352e-006 -7.50609e-005 1
UV: 0.29881 0.5569

Position: 3.13383 0.159017 7.35429
Normal: -0 0 1
UV: 0.17267 0.514494

Position: 5.07877 0.159017 7.35429
Normal: -0 0 1
UV: 0.17267 0.514494

Position: 5.07877 -0.0442681 7.35429
Normal: -0 0 1
UV: 0.17267 0.514494

Position: 3.13383 -0.0442681 7.35429
Normal: -0 0 1
UV: 0.17267 0.514494

Position: 3.13383 0.159017 7.15114
Normal: -0 1 1.2068e-006
UV: 0.234853 0.511602

Position: 5.07877 0.159017 7.15114
Normal: -0 1 1.2068e-006
UV: 0.234853 0.511602

Position: 3.13383 0.159017 7.35429
Normal: -0 1 1.2068e-006
UV: 0.234853 0.511602

Position: 5.07877 0.159017 7.35429
Normal: -0 1 1.2068e-006
UV: 0.234853 0.511602

Position: 4.88992 3.25268 7.15112
Normal: -5.95696e-006 6.20675e-007 1
UV: 0.134227 0.522845

Position: 3.32269 1.75765 7.15112
Normal: 6.80394e-006 2.54012e-006 1
UV: 0.134227 0.522845

Position: 3.32269 3.25268 7.15112
Normal: 5.7513e-006 6.20723e-007 1
UV: 0.134227 0.522845

Position: 4.88992 1.75765 7.15112
Normal: -7.98742e-006 8.42545e-007 1
UV: 0.134227 0.522845

Position: 4.82885 1.53773 7.15112
Normal: -1.20163e-005 1.80624e-006 1
UV: 0.327506 0.519147

Position: 4.40646 1.4029 7.15112
Normal: 1.14548e-006 1.06122e-005 1
UV: 0.327506 0.519147

Position: 4.40646 1.53773 7.15112
Normal: 2.06318e-006 5.96271e-006 1
UV: 0.327506 0.519147

Position: 4.82885 1.4029 7.15112
Normal: -3.09399e-006 1.13017e-005 1
UV: 0.327506 0.519147

Position: 3.13383 0.159017 7.15114
Normal: 1.89474e-006 1.06588e-005 1
UV: 0.173884 0.643168

Position: 3.13382 3.52363 7.15112
Normal: 1.10262e-005 1.19003e-006 1
UV: 0.173884 0.643168

Position: 3.32269 1.75765 7.15112
Normal: 6.80394e-006 2.54012e-006 1
UV: 0.173884 0.643168

Position: 3.32269 3.25268 7.15112
Normal: 5.7513e-006 6.20723e-007 1
UV: 0.173884 0.643168

Position: 5.07877 3.52363 7.15112
Normal: -1.14194e-005 1.18983e-006 1
UV: 0.173884 0.643168

Position: 4.88992 3.25268 7.15112
Normal: -5.95696e-006 6.20675e-007 1
UV: 0.173884 0.643168

Position: 5.07877 0.159017 7.15114
Normal: -9.01225e-007 1.20074e-005 1
UV: 0.173884 0.643168

Position: 4.88992 1.75765 7.15112
Normal: -7.98742e-006 8.42545e-007 1
UV: 0.173884 0.643168

Position: 4.40646 1.4029 7.15112
Normal: 1.14548e-006 1.06122e-005 1
UV: 0.173884 0.643168

Position: 4.82885 1.4029 7.15112
Normal: -3.09399e-006 1.13017e-005 1
UV: 0.173884 0.643168

Position: 4.40646 1.53773 7.15112
Normal: 2.06318e-006 5.96271e-006 1
UV: 0.173884 0.643168

Position: 4.82885 1.53773 7.15112
Normal: -1.20163e-005 1.80624e-006 1
UV: 0.173884 0.643168

Position: 5.07877 -0.0442681 7.35429
Normal: 1 0 0
UV: 0.143339 0.52399

Position: 5.07877 0.159017 7.15114
Normal: 1 0 0
UV: 0.14334 0.52399

Position: 5.07877 -0.0442681 7.15112
Normal: 1 0 0
UV: 0.14334 0.52399

Position: 5.07877 0.159017 7.35429
Normal: 1 0 0
UV: 0.143339 0.52399

Position: 3.13383 -0.0442681 7.35429
Normal: -1 -1.83854e-005 1.87765e-005
UV: 0.14334 0.52399

Position: 3.13383 0.159017 7.15114
Normal: -1 -1.83854e-005 1.87765e-005
UV: 0.143339 0.52399

Position: 3.13383 0.159017 7.35429
Normal: -1 -1.83854e-005 1.87765e-005
UV: 0.14334 0.52399

Position: 3.13383 -0.0442681 7.15112
Normal: -1 -1.83854e-005 1.87765e-005
UV: 0.143339 0.52399

Position: 5.07877 -0.0442681 7.15112
Normal: -2.1415e-005 -7.5061e-005 1
UV: 0.29881 0.5569

Position: -6.18694 5.42749 7.37044
Normal: -2.38272e-006 1 3.24178e-006
UV: 0.326084 0.520987

Position: -6.18694 5.42749 -7.35352
Normal: -2.36777e-006 1 -4.55889e-007
UV: 0.326084 0.520987

Position: -5.93646 5.42749 7.15115
Normal: -1.52279e-007 1 1.93707e-007
UV: 0.326084 0.520987

Position: -5.93646 5.42749 -7.13423
Normal: -1.51378e-007 1 -2.78009e-008
UV: 0.326084 0.520987

Position: -6.18694 5.00285 7.37044
Normal: -1 0 0
UV: 0.266532 0.514826

Position: -6.18694 5.00285 -7.35352
Normal: -1 0 0
UV: 0.266532 0.514826

Position: -6.18694 5.42749 7.37044
Normal: -1 0 0
UV: 0.266532 0.514826

Position: -6.18694 5.42749 -7.35352
Normal: -1 0 0
UV: 0.266532 0.514826

Position: -5.93646 5.00285 7.15115
Normal: 2.17965e-006 -1 -2.03199e-006
UV: 0.233676 0.518933

Position: -6.18694 5.00285 -7.35352
Normal: 2.36777e-006 -1 -2.34331e-008
UV: 0.233676 0.518933

Position: -6.18694 5.00285 7.37044
Normal: 2.38272e-006 -1 -1.78668e-006
UV: 0.233676 0.518933

Position: -5.93646 5.00285 -7.13423
Normal: 2.16252e-006 -1 -1.74177e-008
UV: 0.233676 0.518933

Position: -5.93646 0 7.15115
Normal: -1 0 0
UV: 0.267559 0.5569

Position: -5.93646 0 -7.13423
Normal: -1 0 0
UV: 0.267559 0.5569

Position: -5.93646 5.00285 7.15115
Normal: -1 0 0
UV: 0.267559 0.5569

Position: -5.93646 5.00285 -7.13423
Normal: -1 0 0
UV: 0.267559 0.5569

Position: -6.14259 2.16298 -0.570007
Normal: -1 -1.03706e-007 0
UV: 0.135999 0.523976

Position: -6.14259 2.16298 -2.74216
Normal: -1 -1.55909e-009 0
UV: 0.135999 0.523976

Position: -6.14259 3.63385 -0.570007
Normal: -1 0 0
UV: 0.135999 0.523976

Position: -6.14259 3.63385 -2.74216
Normal: -1 -4.94059e-007 0
UV: 0.135999 0.523976

Position: -6.14259 3.72321 -0.461418
Normal: -1 -1.69043e-007 0
UV: 0.358708 0.933889

Position: -6.14259 3.63385 -0.570007
Normal: -1 0 0
UV: 0.358708 0.933889

Position: -6.14259 3.63385 -2.74216
Normal: -1 -4.94059e-007 0
UV: 0.358708 0.933889

Position: -6.14259 2.07361 -5.15192
Normal: -1 0 0
UV: 0.358708 0.933889

Position: -6.14259 3.63385 -5.04333
Normal: -1 0 0
UV: 0.358708 0.933889

Position: -6.14259 2.16298 -5.04333
Normal: -1 0 0
UV: 0.358708 0.933889

Position: -6.14259 3.72321 -5.15192
Normal: -1 -1.69053e-007 0
UV: 0.358708 0.933889

Position: -6.14259 2.07361 -0.461418
Normal: -1 -7.00809e-007 0
UV: 0.358708 0.933889

Position: -6.14259 2.16298 -2.74216
Normal: -1 -1.55909e-009 0
UV: 0.358708 0.933889

Position: -6.14259 2.16298 -0.570007
Normal: -1 -1.03706e-007 0
UV: 0.358708 0.933889

Position: -6.14259 3.72321 -5.15192
Normal: -0 0 -1
UV: 0.328857 0.936778

Position: -6.14259 2.07361 -5.15192
Normal: -0 0 -1
UV: 0.328857 0.936778

Position: -5.93646 2.07361 -5.15192
Normal: -0 0 -1
UV: 0.328857 0.936778

Position: -5.93646 3.72321 -5.15192
Normal: -0 0 -1
UV: 0.328857 0.936778

Position: -5.93646 3.72321 -0.461418
Normal: -0 0 1
UV: 0.328857 0.936778

Position: -6.14259 2.07361 -0.461418
Normal: -0 0 1
UV: 0.328857 0.936778

Position: -6.14259 3.72321 -0.461418
Normal: -0 0 1
UV: 0.328857 0.936778

Position: -5.93646 2.07361 -0.461418
Normal: -0 0 1
UV: 0.328857 0.936778

Position: -6.14259 3.63385 -2.87117
Normal: -1 -4.94056e-007 0
UV: 0.358708 0.933889

Position: -6.14259 2.16298 -5.04333
Normal: -1 0 0
UV: 0.135999 0.523976

Position: -6.14259 3.63385 -2.87117
Normal: -1 -4.94056e-007 0
UV: 0.135999 0.523976

Position: -6.14259 2.16298 -2.87117
Normal: -1 0 0
UV: 0.135999 0.523976

Position: -6.14259 3.63385 -5.04333
Normal: -1 0 0
UV: 0.135999 0.523976

Position: -6.14259 2.16298 -2.87117
Normal: -1 0 0
UV: 0.358708 0.933889

Position: -6.14259 3.72321 -0.461418
Normal: -0 1 0
UV: 0.418949 0.935775

Position: -6.14259 3.72321 -5.15192
Normal: -0 1 0
UV: 0.418949 0.935775

Position: -5.93646 3.72321 -0.461418
Normal: -0 1 0
UV: 0.418949 0.935775

Position: -5.93646 3.72321 -5.15192
Normal: -0 1 0
UV: 0.418949 0.935775

Position: -6.14259 3.63385 -2.74216
Normal: -1 -4.94059e-007 0
UV: 0.335238 0.93946

Position: -6.14259 2.16298 -2.74216
Normal: -1 -1.55909e-009 0
UV: 0.335238 0.93946

Position: -6.14259 2.16298 -2.87117
Normal: -1 0 0
UV: 0.335238 0.93946

Position: -6.14259 3.63385 -2.87117
Normal: -1 -4.94056e-007 0
UV: 0.335238 0.93946

Position: -6.14259 2.07361 -5.15192
Normal: -0 -1 0
UV: 0.298044 0.936778

Position: -6.14259 2.07361 -0.461418
Normal: -0 -1 0
UV: 0.298044 0.936778

Position: -5.93646 2.07361 -0.461418
Normal: -0 -1 0
UV: 0.298044 0.936778

Position: -5.93646 2.07361 -5.15192
Normal: -0 -1 0
UV: 0.298044 0.936778

Position: 6.14779 2.16298 -0.570007
Normal: 1 0 0
UV: 0.135999 0.523976

Position: 6.14779 3.63385 -0.570007
Normal: 1 -5.18529e-008 0
UV: 0.135999 0.523976

Position: 6.14779 2.16298 -2.74216
Normal: 1 0 0
UV: 0.135999 0.523976

Position: 6.14779 3.63385 -2.74216
Normal: 1 -6.25369e-008 0
UV: 0.135999 0.523976

Position: 6.14779 3.72321 -0.461418
Normal: 1 -3.71536e-007 0
UV: 0.358708 0.933889

Position: 6.14779 3.63385 -2.74216
Normal: 1 -6.25369e-008 0
UV: 0.358708 0.933889

Position: 6.14779 3.63385 -0.570007
Normal: 1 -5.18529e-008 0
UV: 0.358708 0.933889

Position: 6.14779 3.63385 -5.04333
Normal: 1 0 0
UV: 0.358708 0.933889

Position: 6.14779 2.07361 -5.15192
Normal: 1 8.76108e-007 0
UV: 0.358708 0.933889

Position: 6.14779 2.16298 -5.04333
Normal: 1 1.2963e-007 0
UV: 0.358708 0.933889

Position: 6.14779 3.72321 -5.15192
Normal: 1 -2.11316e-008 0
UV: 0.358708 0.933889

Position: 6.14779 2.07361 -0.461418
Normal: 1 0 0
UV: 0.358708 0.933889

Position: 6.14779 2.16298 -0.570007
Normal: 1 0 0
UV: 0.358708 0.933889

Position: 6.14779 2.16298 -2.74216
Normal: 1 0 0
UV: 0.358708 0.933889

Position: 6.14779 3.72321 -5.15192
Normal: -0 0 -1
UV: 0.328857 0.936778

Position: 5.95503 2.07361 -5.15192
Normal: -0 0 -1
UV: 0.328857 0.936778

Position: 6.14779 2.07361 -5.15192
Normal: -0 0 -1
UV: 0.328857 0.936778

Position: 5.95503 3.72321 -5.15192
Normal: -0 0 -1
UV: 0.328857 0.936778

Position: 6.14779 3.72321 -0.461418
Normal: -0 0 1
UV: 0.328857 0.936778

Position: 6.14779 2.07361 -0.461418
Normal: -0 0 1
UV: 0.328857 0.936778

Position: 5.95503 3.72321 -0.461418
Normal: -0 0 1
UV: 0.328857 0.936778

Position: 5.95503 2.07361 -0.461418
Normal: -0 0 1
UV: 0.328857 0.936778

Position: 6.14779 3.63385 -2.87117
Normal: 1 -6.1757e-008 0
UV: 0.358708 0.933889

Position: 6.14779 2.16298 -2.87117
Normal: 1 1.94885e-009 0
UV: 0.135999 0.523976

Position: 6.14779 3.63385 -2.87117
Normal: 1 -6.1757e-008 0
UV: 0.135999 0.523976

Position: 6.14779 2.16298 -5.04333
Normal: 1 1.2963e-007 0
UV: 0.135999 0.523976

Position: 6.14779 3.63385 -5.04333
Normal: 1 0 0
UV: 0.135999 0.523976

Position: 6.14779 2.16298 -2.87117
Normal: 1 1.94885e-009 0
UV: 0.358708 0.933889

Position: 6.14779 3.72321 -5.15192
Normal: -0 1 0
UV: 0.418949 0.935775

Position: 6.14779 3.72321 -0.461418
Normal: -0 1 0
UV: 0.418949 0.935775

Position: 5.95503 3.72321 -0.461418
Normal: -0 1 0
UV: 0.418949 0.935775

Position: 5.95503 3.72321 -5.15192
Normal: -0 1 0
UV: 0.418949 0.935775

Position: 6.14779 3.63385 -2.87117
Normal: 1 -6.1757e-008 0
UV: 0.335238 0.93946

Position: 6.14779 2.16298 -2.87117
Normal: 1 1.94885e-009 0
UV: 0.335238 0.93946

Position: 6.14779 3.63385 -2.74216
Normal: 1 -6.25369e-008 0
UV: 0.335238 0.93946

Position: 6.14779 2.16298 -2.74216
Normal: 1 0 0
UV: 0.335238 0.93946

Position: 6.14779 2.07361 -0.461418
Normal: -0 -1 0
UV: 0.298044 0.936778

Position: 6.14779 2.07361 -5.15192
Normal: -0 -1 0
UV: 0.298044 0.936778

Position: 5.95503 2.07361 -0.461418
Normal: -0 -1 0
UV: 0.298044 0.936778

Position: 5.95503 2.07361 -5.15192
Normal: -0 -1 0
UV: 0.298044 0.936778

Position: -0.880394 3.63385 7.36443
Normal: -0 0 1
UV: 0.135999 0.523976

Position: -0.880394 2.16298 7.36443
Normal: -0 0 1
UV: 0.135999 0.523976

Position: -3.05254 3.63385 7.36443
Normal: -4.77583e-008 0 1
UV: 0.135999 0.523976

Position: -3.05254 2.16298 7.36443
Normal: -4.77582e-008 0 1
UV: 0.135999 0.523976

Position: -3.16114 3.72321 7.36443
Normal: -4.76022e-007 0 1
UV: 0.358708 0.933889

Position: -0.880394 3.63385 7.36443
Normal: -0 0 1
UV: 0.358708 0.933889

Position: -3.05254 3.63385 7.36443
Normal: -4.77583e-008 0 1
UV: 0.358708 0.933889

Position: 1.42078 3.63385 7.36443
Normal: 4.77591e-008 0 1
UV: 0.358708 0.933889

Position: 1.52937 2.07361 7.36443
Normal: 4.76031e-007 0 1
UV: 0.358708 0.933889

Position: 1.42078 2.16298 7.36443
Normal: 4.7759e-008 0 1
UV: 0.358708 0.933889

Position: 1.52937 3.72321 7.36443
Normal: 4.76031e-007 0 1
UV: 0.358708 0.933889

Position: -3.16114 2.07361 7.36443
Normal: -4.76022e-007 0 1
UV: 0.358708 0.933889

Position: -3.05254 2.16298 7.36443
Normal: -4.77582e-008 0 1
UV: 0.358708 0.933889

Position: -0.880394 2.16298 7.36443
Normal: -0 0 1
UV: 0.358708 0.933889

Position: 1.52937 3.72321 7.36443
Normal: 1 0 0
UV: 0.328857 0.936778

Position: 1.52937 2.07361 7.15114
Normal: 1 0 0
UV: 0.328857 0.936778

Position: 1.52937 2.07361 7.36443
Normal: 1 0 0
UV: 0.328857 0.936778

Position: 1.52937 3.72321 7.15114
Normal: 1 0 0
UV: 0.328857 0.936778

Position: -3.16114 2.07361 7.15114
Normal: -1 0 0
UV: 0.328857 0.936778

Position: -3.16114 3.72321 7.15114
Normal: -1 0 0
UV: 0.328857 0.936778

Position: -3.16114 2.07361 7.36443
Normal: -1 0 0
UV: 0.328857 0.936778

Position: -3.16114 3.72321 7.36443
Normal: -1 0 0
UV: 0.328857 0.936778

Position: -0.751381 3.63385 7.36443
Normal: -0 0 1
UV: 0.358708 0.933889

Position: 1.42078 3.63385 7.36443
Normal: 4.77591e-008 0 1
UV: 0.135999 0.523976

Position: 1.42078 2.16298 7.36443
Normal: 4.7759e-008 0 1
UV: 0.135999 0.523976

Position: -0.751381 3.63385 7.36443
Normal: -0 0 1
UV: 0.135999 0.523976

Position: -0.751381 2.16298 7.36443
Normal: -0 0 1
UV: 0.135999 0.523976

Position: -0.751381 2.16298 7.36443
Normal: -0 0 1
UV: 0.358708 0.933889

Position: 1.52937 3.72321 7.36443
Normal: -0 1 0
UV: 0.418949 0.935775

Position: -3.16114 3.72321 7.36443
Normal: -0 1 0
UV: 0.418949 0.935775

Position: -3.16114 3.72321 7.15114
Normal: -0 1 0
UV: 0.418949 0.935775

Position: 1.52937 3.72321 7.15114
Normal: -0 1 0
UV: 0.418949 0.935775

Position: -0.751381 3.63385 7.36443
Normal: -0 0 1
UV: 0.335238 0.93946

Position: -0.751381 2.16298 7.36443
Normal: -0 0 1
UV: 0.335238 0.93946

Position: -0.880394 3.63385 7.36443
Normal: -0 0 1
UV: 0.335238 0.93946

Position: -0.880394 2.16298 7.36443
Normal: -0 0 1
UV: 0.335238 0.93946

Position: 1.52937 2.07361 7.36443
Normal: -0 -1 0
UV: 0.298044 0.936778

Position: -3.16114 2.07361 7.15114
Normal: -0 -1 0
UV: 0.298044 0.936778

Position: -3.16114 2.07361 7.36443
Normal: -0 -1 0
UV: 0.298044 0.936778

Position: 1.52937 2.07361 7.15114
Normal: -0 -1 0
UV: 0.298044 0.936778

Position: -2.71636 8.55634 -5.71789
Normal: -0 0 -1
UV: 0.135999 0.523976

Position: -2.16499 8.55634 -5.71789
Normal: 1.13846e-007 0 -1
UV: 0.135999 0.523976

Position: -2.16499 8.98904 -5.71789
Normal: 1.10485e-006 0 -1
UV: 0.135999 0.523976

Position: -2.71636 8.98904 -5.71789
Normal: -0 0 -1
UV: 0.135999 0.523976

Position: -2.04842 9.11064 -5.71789
Normal: 1.92979e-006 0 -1
UV: 0.358708 0.933889

Position: -2.71636 8.98904 -5.71789
Normal: -0 0 -1
UV: 0.358708 0.933889

Position: -2.16499 8.98904 -5.71789
Normal: 1.10485e-006 0 -1
UV: 0.358708 0.933889

Position: -3.46941 9.11064 -5.71789
Normal: -1.24922e-006 0 -1
UV: 0.358708 0.933889

Position: -3.35284 8.04955 -5.71789
Normal: -5.88698e-007 0 -1
UV: 0.358708 0.933889

Position: -3.35284 8.50418 -5.71789
Normal: -0 0 -1
UV: 0.358708 0.933889

Position: -2.04842 6.86603 -5.71789
Normal: 1.44715e-006 0 -1
UV: 0.358708 0.933889

Position: -2.16499 6.98763 -5.71789
Normal: 8.30222e-007 0 -1
UV: 0.358708 0.933889

Position: -2.71636 6.98763 -5.71789
Normal: -0 0 -1
UV: 0.358708 0.933889

Position: -2.16499 8.55634 -5.71789
Normal: 1.13846e-007 0 -1
UV: 0.358708 0.933889

Position: -3.35284 7.41936 -5.71789
Normal: 8.74591e-008 0 -1
UV: 0.358708 0.933889

Position: -3.46941 6.86603 -5.71789
Normal: -2.20637e-006 0 -1
UV: 0.358708 0.933889

Position: -3.35284 6.98763 -5.71789
Normal: -1.10698e-006 0 -1
UV: 0.358708 0.933889

Position: -2.71636 7.47201 -5.71789
Normal: -0 0 -1
UV: 0.135999 0.523976

Position: -2.16499 7.47201 -5.71789
Normal: -0 0 -1
UV: 0.135999 0.523976

Position: -2.16499 7.92712 -5.71789
Normal: -0 0 -1
UV: 0.135999 0.523976

Position: -2.71636 7.92712 -5.71789
Normal: -0 0 -1
UV: 0.135999 0.523976

Position: -2.16499 7.92712 -5.71789
Normal: -0 0 -1
UV: 0.358708 0.933889

Position: -2.16499 7.47201 -5.71789
Normal: -0 0 -1
UV: 0.358708 0.933889

Position: -3.46941 6.86603 -5.71789
Normal: -1 0 0
UV: 0.328857 0.936778

Position: -3.46941 9.11064 -5.51258
Normal: -1 0 0
UV: 0.328857 0.936778

Position: -3.46941 6.86603 -5.51258
Normal: -1 0 0
UV: 0.328857 0.936778

Position: -3.46941 9.11064 -5.71789
Normal: -1 0 0
UV: 0.328857 0.936778

Position: -3.35284 7.92712 -5.71789
Normal: -5.88429e-007 0 -1
UV: 0.358708 0.933889

Position: -2.71636 7.92712 -5.71789
Normal: -0 0 -1
UV: 0.4199 0.936903

Position: -2.16499 7.92712 -5.71789
Normal: -0 0 -1
UV: 0.4199 0.936903

Position: -2.16499 8.04955 -5.71789
Normal: -0 0 -1
UV: 0.4199 0.936903

Position: -2.71636 8.04955 -5.71789
Normal: -0 0 -1
UV: 0.4199 0.936903

Position: -2.16499 8.04955 -5.71789
Normal: -0 0 -1
UV: 0.358708 0.933889

Position: -2.04842 9.11064 -5.51258
Normal: 1 0 0
UV: 0.328857 0.936778

Position: -2.04842 6.86603 -5.71789
Normal: 1 0 0
UV: 0.328857 0.936778

Position: -2.04842 6.86603 -5.51258
Normal: 1 0 0
UV: 0.328857 0.936778

Position: -2.04842 9.11064 -5.71789
Normal: 1 0 0
UV: 0.328857 0.936778

Position: -2.71636 8.04955 -5.71789
Normal: -0 0 -1
UV: 0.135999 0.523976

Position: -2.16499 8.04955 -5.71789
Normal: -0 0 -1
UV: 0.135999 0.523976

Position: -2.16499 8.50418 -5.71789
Normal: -0 0 -1
UV: 0.135999 0.523976

Position: -2.71636 8.50418 -5.71789
Normal: -0 0 -1
UV: 0.135999 0.523976

Position: -2.71636 8.50418 -5.71789
Normal: -0 0 -1
UV: 0.416635 0.937114

Position: -2.16499 8.50418 -5.71789
Normal: -0 0 -1
UV: 0.416635 0.937114

Position: -2.16499 8.55634 -5.71789
Normal: 1.13846e-007 0 -1
UV: 0.416635 0.937114

Position: -2.71636 8.55634 -5.71789
Normal: -0 0 -1
UV: 0.416635 0.937114

Position: -3.35284 8.55634 -5.71789
Normal: -5.69237e-008 0 -1
UV: 0.358708 0.933889

Position: -3.35284 8.98904 -5.71789
Normal: -5.52435e-007 0 -1
UV: 0.358708 0.933889

Position: -2.16499 8.50418 -5.71789
Normal: -0 0 -1
UV: 0.358708 0.933889

Position: -3.35284 7.47201 -5.71789
Normal: 1.09205e-008 0 -1
UV: 0.358708 0.933889

Position: -2.71636 6.98763 -5.71789
Normal: -0 0 -1
UV: 0.135999 0.523976

Position: -2.16499 6.98763 -5.71789
Normal: 8.30222e-007 0 -1
UV: 0.135999 0.523976

Position: -2.16499 7.41936 -5.71789
Normal: 8.55972e-008 0 -1
UV: 0.135999 0.523976

Position: -2.71636 7.41936 -5.71789
Normal: -0 0 -1
UV: 0.135999 0.523976

Position: -2.16499 7.41936 -5.71789
Normal: 8.55972e-008 0 -1
UV: 0.358708 0.933889

Position: -2.71636 7.41936 -5.71789
Normal: -0 0 -1
UV: 0.416635 0.937114

Position: -2.16499 7.41936 -5.71789
Normal: 8.55972e-008 0 -1
UV: 0.416635 0.937114

Position: -2.16499 7.47201 -5.71789
Normal: -0 0 -1
UV: 0.416635 0.937114

Position: -2.71636 7.47201 -5.71789
Normal: -0 0 -1
UV: 0.416635 0.937114

Position: -2.80148 8.98904 -5.71789
Normal: -0 0 -1
UV: 0.358708 0.933889

Position: -3.35284 8.55634 -5.71789
Normal: -5.69237e-008 0 -1
UV: 0.135999 0.523976

Position: -2.80148 8.55634 -5.71789
Normal: -0 0 -1
UV: 0.135999 0.523976

Position: -3.35284 8.98904 -5.71789
Normal: -5.52435e-007 0 -1
UV: 0.135999 0.523976

Position: -2.80148 8.98904 -5.71789
Normal: -0 0 -1
UV: 0.135999 0.523976

Position: -2.80148 8.55634 -5.71789
Normal: -0 0 -1
UV: 0.416635 0.937114

Position: -3.35284 8.55634 -5.71789
Normal: -5.69237e-008 0 -1
UV: 0.416635 0.937114

Position: -2.80148 8.50418 -5.71789
Normal: -0 0 -1
UV: 0.416635 0.937114

Position: -3.35284 8.50418 -5.71789
Normal: -0 0 -1
UV: 0.416635 0.937114

Position: -3.35284 8.04955 -5.71789
Normal: -5.88698e-007 0 -1
UV: 0.135999 0.523976

Position: -2.80148 8.04955 -5.71789
Normal: -0 0 -1
UV: 0.135999 0.523976

Position: -3.35284 8.50418 -5.71789
Normal: -0 0 -1
UV: 0.135999 0.523976

Position: -2.80148 8.50418 -5.71789
Normal: -0 0 -1
UV: 0.135999 0.523976

Position: -2.80148 8.04955 -5.71789
Normal: -0 0 -1
UV: 0.4199 0.936903

Position: -3.35284 8.04955 -5.71789
Normal: -5.88698e-007 0 -1
UV: 0.4199 0.936903

Position: -2.80148 7.92712 -5.71789
Normal: -0 0 -1
UV: 0.4199 0.936903

Position: -3.35284 7.92712 -5.71789
Normal: -5.88429e-007 0 -1
UV: 0.4199 0.936903

Position: -3.35284 7.47201 -5.71789
Normal: 1.09205e-008 0 -1
UV: 0.135999 0.523976

Position: -2.80148 7.47201 -5.71789
Normal: -0 0 -1
UV: 0.135999 0.523976

Position: -3.35284 7.92712 -5.71789
Normal: -5.88429e-007 0 -1
UV: 0.135999 0.523976

Position: -2.80148 7.92712 -5.71789
Normal: -0 0 -1
UV: 0.135999 0.523976

Position: -2.80148 7.47201 -5.71789
Normal: -0 0 -1
UV: 0.416635 0.937114

Position: -3.35284 7.47201 -5.71789
Normal: 1.09205e-008 0 -1
UV: 0.416635 0.937114

Position: -2.80148 7.41936 -5.71789
Normal: -0 0 -1
UV: 0.416635 0.937114

Position: -3.35284 7.41936 -5.71789
Normal: 8.74591e-008 0 -1
UV: 0.416635 0.937114

Position: -3.35284 6.98763 -5.71789
Normal: -1.10698e-006 0 -1
UV: 0.135999 0.523976

Position: -2.80148 6.98763 -5.71789
Normal: -0 0 -1
UV: 0.135999 0.523976

Position: -3.35284 7.41936 -5.71789
Normal: 8.74591e-008 0 -1
UV: 0.135999 0.523976

Position: -2.80148 7.41936 -5.71789
Normal: -0 0 -1
UV: 0.135999 0.523976

Position: -2.80148 6.98763 -5.71789
Normal: -0 0 -1
UV: 0.358708 0.933889

Position: -2.04842 9.11064 -5.51258
Normal: -3.35565e-007 1 0
UV: 0.418949 0.935775

Position: -3.46941 9.11064 -5.51258
Normal: -3.35565e-007 1 0
UV: 0.418949 0.935775

Position: -3.46941 9.11064 -5.71789
Normal: -3.35565e-007 1 0
UV: 0.418949 0.935775

Position: -2.04842 9.11064 -5.71789
Normal: -3.35565e-007 1 0
UV: 0.418949 0.935775

Position: -2.80148 8.98904 -5.71789
Normal: -0 0 -1
UV: 0.416635 0.937114

Position: -2.71636 8.98904 -5.71789
Normal: -0 0 -1
UV: 0.416635 0.937114

Position: -2.80148 8.04955 -5.71789
Normal: -0 0 -1
UV: 0.416635 0.937114

Position: -2.71636 8.04955 -5.71789
Normal: -0 0 -1
UV: 0.416635 0.937114

Position: -2.80148 7.92712 -5.71789
Normal: -0 0 -1
UV: 0.416635 0.937114

Position: -2.71636 7.92712 -5.71789
Normal: -0 0 -1
UV: 0.416635 0.937114

Position: -2.80148 6.98763 -5.71789
Normal: -0 0 -1
UV: 0.416635 0.937114

Position: -2.71636 6.98763 -5.71789
Normal: -0 0 -1
UV: 0.416635 0.937114

Position: -2.04842 6.86603 -5.71789
Normal: -0 -1 0
UV: 0.298044 0.936778

Position: -3.46941 6.86603 -5.71789
Normal: -0 -1 0
UV: 0.298044 0.936778

Position: -2.04842 6.86603 -5.51258
Normal: -0 -1 0
UV: 0.298044 0.936778

Position: -3.46941 6.86603 -5.51258
Normal: -0 -1 0
UV: 0.298044 0.936778

Position: 3.00407 8.55634 -5.71789
Normal: -0 0 -1
UV: 0.135999 0.523976

Position: 3.55546 8.55634 -5.71789
Normal: 1.13844e-007 0 -1
UV: 0.135999 0.523976

Position: 3.55546 8.98904 -5.71789
Normal: 1.10484e-006 0 -1
UV: 0.135999 0.523976

Position: 3.00407 8.98904 -5.71789
Normal: -0 0 -1
UV: 0.135999 0.523976

Position: 3.67203 9.11064 -5.71789
Normal: 1.92979e-006 0 -1
UV: 0.358708 0.933889

Position: 3.00407 8.98904 -5.71789
Normal: -0 0 -1
UV: 0.358708 0.933889

Position: 3.55546 8.98904 -5.71789
Normal: 1.10484e-006 0 -1
UV: 0.358708 0.933889

Position: 2.25102 9.11064 -5.71789
Normal: -1.24922e-006 0 -1
UV: 0.358708 0.933889

Position: 2.36759 8.04955 -5.71789
Normal: -5.88698e-007 0 -1
UV: 0.358708 0.933889

Position: 2.36759 8.50418 -5.71789
Normal: -0 0 -1
UV: 0.358708 0.933889

Position: 3.67203 6.86603 -5.71789
Normal: 1.44714e-006 0 -1
UV: 0.358708 0.933889

Position: 3.55546 6.98763 -5.71789
Normal: 8.30213e-007 0 -1
UV: 0.358708 0.933889

Position: 3.00407 6.98763 -5.71789
Normal: -0 0 -1
UV: 0.358708 0.933889

Position: 3.55546 8.55634 -5.71789
Normal: 1.13844e-007 0 -1
UV: 0.358708 0.933889

Position: 2.36759 7.41936 -5.71789
Normal: 8.74591e-008 0 -1
UV: 0.358708 0.933889

Position: 2.25102 6.86603 -5.71789
Normal: -2.20637e-006 0 -1
UV: 0.358708 0.933889

Position: 2.36759 6.98763 -5.71789
Normal: -1.10698e-006 0 -1
UV: 0.358708 0.933889

Position: 3.00407 7.47201 -5.71789
Normal: -0 0 -1
UV: 0.135999 0.523976

Position: 3.55546 7.47201 -5.71789
Normal: -0 0 -1
UV: 0.135999 0.523976

Position: 3.55546 7.92712 -5.71789
Normal: -0 0 -1
UV: 0.135999 0.523976

Position: 3.00407 7.92712 -5.71789
Normal: -0 0 -1
UV: 0.135999 0.523976

Position: 3.55546 7.92712 -5.71789
Normal: -0 0 -1
UV: 0.358708 0.933889

Position: 3.55546 7.47201 -5.71789
Normal: -0 0 -1
UV: 0.358708 0.933889

Position: 2.25102 6.86603 -5.71789
Normal: -1 0 0
UV: 0.328857 0.936778

Position: 2.25102 9.11064 -5.51258
Normal: -1 0 0
UV: 0.328857 0.936778

Position: 2.25102 6.86603 -5.51258
Normal: -1 0 0
UV: 0.328857 0.936778

Position: 2.25102 9.11064 -5.71789
Normal: -1 0 0
UV: 0.328857 0.936778

Position: 2.36759 7.92712 -5.71789
Normal: -5.88429e-007 0 -1
UV: 0.358708 0.933889

Position: 3.00407 7.92712 -5.71789
Normal: -0 0 -1
UV: 0.4199 0.936903

Position: 3.55546 7.92712 -5.71789
Normal: -0 0 -1
UV: 0.4199 0.936903

Position: 3.55546 8.04955 -5.71789
Normal: -0 0 -1
UV: 0.4199 0.936903

Position: 3.00407 8.04955 -5.71789
Normal: -0 0 -1
UV: 0.4199 0.936903

Position: 3.55546 8.04955 -5.71789
Normal: -0 0 -1
UV: 0.358708 0.933889

Position: 3.67203 9.11064 -5.51258
Normal: 1 0 0
UV: 0.328857 0.936778

Position: 3.67203 6.86603 -5.71789
Normal: 1 0 0
UV: 0.328857 0.936778

Position: 3.67203 6.86603 -5.51258
Normal: 1 0 0
UV: 0.328857 0.936778

Position: 3.67203 9.11064 -5.71789
Normal: 1 0 0
UV: 0.328857 0.936778

Position: 3.00407 8.04955 -5.71789
Normal: -0 0 -1
UV: 0.135999 0.523976

Position: 3.55546 8.04955 -5.71789
Normal: -0 0 -1
UV: 0.135999 0.523976

Position: 3.55546 8.50418 -5.71789
Normal: -0 0 -1
UV: 0.135999 0.523976

Position: 3.00407 8.50418 -5.71789
Normal: -0 0 -1
UV: 0.135999 0.523976

Position: 3.00407 8.50418 -5.71789
Normal: -0 0 -1
UV: 0.416635 0.937114

Position: 3.55546 8.50418 -5.71789
Normal: -0 0 -1
UV: 0.416635 0.937114

Position: 3.55546 8.55634 -5.71789
Normal: 1.13844e-007 0 -1
UV: 0.416635 0.937114

Position: 3.00407 8.55634 -5.71789
Normal: -0 0 -1
UV: 0.416635 0.937114

Position: 2.36759 8.55634 -5.71789
Normal: -5.69237e-008 0 -1
UV: 0.358708 0.933889

Position: 2.36759 8.98904 -5.71789
Normal: -5.52435e-007 0 -1
UV: 0.358708 0.933889

Position: 3.55546 8.50418 -5.71789
Normal: -0 0 -1
UV: 0.358708 0.933889

Position: 2.36759 7.47201 -5.71789
Normal: 1.09205e-008 0 -1
UV: 0.358708 0.933889

Position: 3.00407 6.98763 -5.71789
Normal: -0 0 -1
UV: 0.135999 0.523976

Position: 3.55546 6.98763 -5.71789
Normal: 8.30213e-007 0 -1
UV: 0.135999 0.523976

Position: 3.55546 7.41936 -5.71789
Normal: 8.5596e-008 0 -1
UV: 0.135999 0.523976

Position: 3.00407 7.41936 -5.71789
Normal: -0 0 -1
UV: 0.135999 0.523976

Position: 3.55546 7.41936 -5.71789
Normal: 8.5596e-008 0 -1
UV: 0.358708 0.933889

Position: 3.00407 7.41936 -5.71789
Normal: -0 0 -1
UV: 0.416635 0.937114

Position: 3.55546 7.41936 -5.71789
Normal: 8.5596e-008 0 -1
UV: 0.416635 0.937114

Position: 3.55546 7.47201 -5.71789
Normal: -0 0 -1
UV: 0.416635 0.937114

Position: 3.00407 7.47201 -5.71789
Normal: -0 0 -1
UV: 0.416635 0.937114

Position: 2.91896 8.98904 -5.71789
Normal: -0 0 -1
UV: 0.358708 0.933889

Position: 2.36759 8.55634 -5.71789
Normal: -5.69237e-008 0 -1
UV: 0.135999 0.523976

Position: 2.91896 8.55634 -5.71789
Normal: -0 0 -1
UV: 0.135999 0.523976

Position: 2.36759 8.98904 -5.71789
Normal: -5.52435e-007 0 -1
UV: 0.135999 0.523976

Position: 2.91896 8.98904 -5.71789
Normal: -0 0 -1
UV: 0.135999 0.523976

Position: 2.91896 8.55634 -5.71789
Normal: -0 0 -1
UV: 0.416635 0.937114

Position: 2.36759 8.55634 -5.71789
Normal: -5.69237e-008 0 -1
UV: 0.416635 0.937114

Position: 2.91896 8.50418 -5.71789
Normal: -0 0 -1
UV: 0.416635 0.937114

Position: 2.36759 8.50418 -5.71789
Normal: -0 0 -1
UV: 0.416635 0.937114

Position: 2.36759 8.04955 -5.71789
Normal: -5.88698e-007 0 -1
UV: 0.135999 0.523976

Position: 2.91896 8.04955 -5.71789
Normal: -0 0 -1
UV: 0.135999 0.523976

Position: 2.36759 8.50418 -5.71789
Normal: -0 0 -1
UV: 0.135999 0.523976

Position: 2.91896 8.50418 -5.71789
Normal: -0 0 -1
UV: 0.135999 0.523976

Position: 2.91896 8.04955 -5.71789
Normal: -0 0 -1
UV: 0.4199 0.936903

Position: 2.36759 8.04955 -5.71789
Normal: -5.88698e-007 0 -1
UV: 0.4199 0.936903

Position: 2.91896 7.92712 -5.71789
Normal: -0 0 -1
UV: 0.4199 0.936903

Position: 2.36759 7.92712 -5.71789
Normal: -5.88429e-007 0 -1
UV: 0.4199 0.936903

Position: 2.36759 7.47201 -5.71789
Normal: 1.09205e-008 0 -1
UV: 0.135999 0.523976

Position: 2.91896 7.47201 -5.71789
Normal: -0 0 -1
UV: 0.135999 0.523976

Position: 2.36759 7.92712 -5.71789
Normal: -5.88429e-007 0 -1
UV: 0.135999 0.523976

Position: 2.91896 7.92712 -5.71789
Normal: -0 0 -1
UV: 0.135999 0.523976

Position: 2.91896 7.47201 -5.71789
Normal: -0 0 -1
UV: 0.416635 0.937114

Position: 2.36759 7.47201 -5.71789
Normal: 1.09205e-008 0 -1
UV: 0.416635 0.937114

Position: 2.91896 7.41936 -5.71789
Normal: -0 0 -1
UV: 0.416635 0.937114

Position: 2.36759 7.41936 -5.71789
Normal: 8.74591e-008 0 -1
UV: 0.416635 0.937114

Position: 2.36759 6.98763 -5.71789
Normal: -1.10698e-006 0 -1
UV: 0.135999 0.523976

Position: 2.91896 6.98763 -5.71789
Normal: -0 0 -1
UV: 0.135999 0.523976

Position: 2.36759 7.41936 -5.71789
Normal: 8.74591e-008 0 -1
UV: 0.135999 0.523976

Position: 2.91896 7.41936 -5.71789
Normal: -0 0 -1
UV: 0.135999 0.523976

Position: 2.91896 6.98763 -5.71789
Normal: -0 0 -1
UV: 0.358708 0.933889

Position: 3.67203 9.11064 -5.51258
Normal: -3.35563e-007 1 0
UV: 0.418949 0.935775

Position: 2.25102 9.11064 -5.51258
Normal: -3.35563e-007 1 0
UV: 0.418949 0.935775

Position: 2.25102 9.11064 -5.71789
Normal: -3.35563e-007 1 0
UV: 0.418949 0.935775

Position: 3.67203 9.11064 -5.71789
Normal: -3.35563e-007 1 0
UV: 0.418949 0.935775

Position: 2.91896 8.98904 -5.71789
Normal: -0 0 -1
UV: 0.416635 0.937114

Position: 3.00407 8.98904 -5.71789
Normal: -0 0 -1
UV: 0.416635 0.937114

Position: 2.91896 8.04955 -5.71789
Normal: -0 0 -1
UV: 0.416635 0.937114

Position: 3.00407 8.04955 -5.71789
Normal: -0 0 -1
UV: 0.416635 0.937114

Position: 2.91896 7.92712 -5.71789
Normal: -0 0 -1
UV: 0.416635 0.937114

Position: 3.00407 7.92712 -5.71789
Normal: -0 0 -1
UV: 0.416635 0.937114

Position: 2.91896 6.98763 -5.71789
Normal: -0 0 -1
UV: 0.416635 0.937114

Position: 3.00407 6.98763 -5.71789
Normal: -0 0 -1
UV: 0.416635 0.937114

Position: 3.67203 6.86603 -5.71789
Normal: -0 -1 0
UV: 0.298044 0.936778

Position: 2.25102 6.86603 -5.71789
Normal: -0 -1 0
UV: 0.298044 0.936778

Position: 3.67203 6.86603 -5.51258
Normal: -0 -1 0
UV: 0.298044 0.936778

Position: 2.25102 6.86603 -5.51258
Normal: -0 -1 0
UV: 0.298044 0.936778

Position: -5.13023 5.35079 -6.46302
Normal: -1 0 0
UV: 0.259004 0.5569

Position: -5.13023 11.0441 -0.0195007
Normal: -1 0 0
UV: 0.259004 0.5569

Position: -5.13023 5.35079 6.42401
Normal: -1 0 0
UV: 0.259004 0.5569

Position: 0.436966 5.41274 6.88402
Normal: -0 0.746689 0.665174
UV: 0.26283 0.733227

Position: -5.56845 5.41274 6.88402
Normal: -0 0.746689 0.665174
UV: 0.26283 0.733227

Position: 0.436966 11.5626 -0.0195007
Normal: -0 0.746689 0.665174
UV: 0.26283 0.733227

Position: -5.56845 11.5626 -0.0195007
Normal: -0 0.746689 0.665174
UV: 0.26283 0.733227

Position: -5.56845 11.5626 -0.0195007
Normal: -0 0.746689 -0.665174
UV: 0.29313 0.731909

Position: 0.436966 5.41274 -6.92302
Normal: -0 0.746689 -0.665174
UV: 0.29313 0.731909

Position: 0.436966 11.5626 -0.0195007
Normal: -0 0.746689 -0.665174
UV: 0.29313 0.731909

Position: -5.56845 5.41274 -6.92302
Normal: -0 0.746689 -0.665174
UV: 0.29313 0.731909

Position: -5.56845 11.5626 -0.0195007
Normal: -1 -5.78186e-007 0
UV: 0.2378 0.733227

Position: -5.56845 5.41274 6.88402
Normal: -1 -1.15637e-006 0
UV: 0.2378 0.733227

Position: -5.56845 11.0441 -0.0195007
Normal: -1 -5.78187e-007 0
UV: 0.2378 0.733227

Position: -5.56845 5.35079 6.42401
Normal: -1 -1.15637e-006 0
UV: 0.2378 0.733227

Position: -5.56845 5.41274 -6.92302
Normal: -1 0 0
UV: 0.2378 0.733227

Position: -5.56845 5.35079 -6.46302
Normal: -1 0 0
UV: 0.2378 0.733227

Position: -5.13023 11.0441 -0.0195007
Normal: -0 -0.749384 -0.662135
UV: 0.206184 0.733227

Position: -5.56845 5.35079 6.42401
Normal: -0 -0.749384 -0.662135
UV: 0.206184 0.733227

Position: -5.13023 5.35079 6.42401
Normal: -0 -0.749384 -0.662135
UV: 0.206184 0.733227

Position: -5.56845 11.0441 -0.0195007
Normal: -0 -0.749384 -0.662135
UV: 0.206184 0.733227

Position: -5.13023 5.35079 -6.46302
Normal: -0 -0.749385 0.662134
UV: 0.206184 0.733227

Position: -5.56845 11.0441 -0.0195007
Normal: -0 -0.749385 0.662134
UV: 0.206184 0.733227

Position: -5.13023 11.0441 -0.0195007
Normal: -0 -0.749385 0.662134
UV: 0.206184 0.733227

Position: -5.56845 5.35079 -6.46302
Normal: -0 -0.749385 0.662134
UV: 0.206184 0.733227

Position: 5.38712 5.35079 -6.46302
Normal: 1 0 0
UV: 0.259004 0.5569

Position: 5.38712 5.35079 6.42401
Normal: 1 0 0
UV: 0.259004 0.5569

Position: 5.38712 11.0441 -0.0195007
Normal: 1 0 0
UV: 0.259004 0.5569

Position: 5.82535 5.41274 6.88402
Normal: -0 0.746689 0.665174
UV: 0.26283 0.733227

Position: 5.82535 11.5626 -0.0195007
Normal: -0 0.746689 0.665174
UV: 0.26283 0.733227

Position: 5.82535 11.5626 -0.0195007
Normal: -0 0.746689 -0.665174
UV: 0.29313 0.731909

Position: 5.82535 5.41274 -6.92302
Normal: -0 0.746689 -0.665174
UV: 0.29313 0.731909

Position: 5.82535 5.41274 6.88402
Normal: 1 7.22731e-008 0
UV: 0.2378 0.733227

Position: 5.82535 11.5626 -0.0195007
Normal: 1 3.61367e-008 0
UV: 0.2378 0.733227

Position: 5.82535 11.0441 -0.0195007
Normal: 1 3.61367e-008 0
UV: 0.2378 0.733227

Position: 5.82535 5.35079 6.42401
Normal: 1 7.22731e-008 0
UV: 0.2378 0.733227

Position: 5.82535 5.41274 -6.92302
Normal: 1 0 0
UV: 0.2378 0.733227

Position: 5.82535 5.35079 -6.46302
Normal: 1 0 0
UV: 0.2378 0.733227

Position: 5.38712 11.0441 -0.0195007
Normal: -0 -0.749384 -0.662135
UV: 0.206184 0.733227

Position: 5.38712 5.35079 6.42401
Normal: -0 -0.749384 -0.662135
UV: 0.206184 0.733227

Position: 5.82535 5.35079 6.42401
Normal: -0 -0.749384 -0.662135
UV: 0.206184 0.733227

Position: 5.82535 11.0441 -0.0195007
Normal: -0 -0.749384 -0.662135
UV: 0.206184 0.733227

Position: 5.38712 5.35079 -6.46302
Normal: -0 -0.749385 0.662134
UV: 0.206184 0.733227

Position: 5.38712 11.0441 -0.0195007
Normal: -0 -0.749385 0.662134
UV: 0.206184 0.733227

Position: 5.82535 11.0441 -0.0195007
Normal: -0 -0.749385 0.662134
UV: 0.206184 0.733227

Position: 5.82535 5.35079 -6.46302
Normal: -0 -0.749385 0.662134
UV: 0.206184 0.733227

Position: -2.74705 10.7339 -5.54579
Normal: -0 0 -1
UV: 0.229653 0.5569

Position: -3.87839 9.66489 -5.54579
Normal: -0 0 -1
UV: 0.229653 0.5569

Position: -1.61571 9.66489 -5.54579
Normal: -0 0 -1
UV: 0.229653 0.5569

Position: -2.74705 11.216 -5.84012
Normal: -0.690976 0.722878 0
UV: 0.29862 0.737517

Position: -2.74705 11.216 -0.407906
Normal: -0.690976 0.722878 0
UV: 0.29862 0.737517

Position: -4.38273 9.65251 -2.15161
Normal: -0.690976 0.722878 0
UV: 0.29862 0.737517

Position: -4.38273 9.65251 -5.84012
Normal: -0.690976 0.722878 0
UV: 0.29862 0.737517

Position: -1.11137 9.65251 -2.15161
Normal: 0.690976 0.722878 0
UV: 0.29862 0.737517

Position: -2.74705 11.216 -5.84012
Normal: 0.690976 0.722878 0
UV: 0.29862 0.737517

Position: -1.11137 9.65251 -5.84012
Normal: 0.690976 0.722878 0
UV: 0.29862 0.737517

Position: -2.74705 11.216 -0.407906
Normal: 0.690976 0.722878 0
UV: 0.29862 0.737517

Position: -3.87839 9.66489 -5.84012
Normal: 3.6297e-007 0 -1
UV: 0.259539 0.735218

Position: -2.74705 10.7339 -5.84012
Normal: 4.8207e-007 0 -1
UV: 0.259539 0.735218

Position: -2.74705 11.216 -5.84012
Normal: 4.8207e-007 0 -1
UV: 0.259539 0.735218

Position: -4.38273 9.65251 -5.84012
Normal: 3.6297e-007 0 -1
UV: 0.259539 0.735218

Position: -1.61571 9.66489 -5.84012
Normal: 6.01169e-007 0 -1
UV: 0.259539 0.735218

Position: -1.11137 9.65251 -5.84012
Normal: 6.01169e-007 0 -1
UV: 0.259539 0.735218

Position: -3.87839 9.66489 -5.54579
Normal: 0.686801 -0.726846 0
UV: 0.29862 0.737517

Position: -2.74705 10.7339 -5.54579
Normal: 0.686801 -0.726846 0
UV: 0.29862 0.737517

Position: -2.74705 10.7339 -5.84012
Normal: 0.686801 -0.726846 0
UV: 0.29862 0.737517

Position: -3.87839 9.66489 -5.84012
Normal: 0.686801 -0.726846 0
UV: 0.29862 0.737517

Position: -2.74705 10.7339 -5.54579
Normal: -0.686801 -0.726846 0
UV: 0.29862 0.737517

Position: -1.61571 9.66489 -5.54579
Normal: -0.686801 -0.726846 0
UV: 0.29862 0.737517

Position: -1.61571 9.66489 -5.84012
Normal: -0.686801 -0.726846 0
UV: 0.29862 0.737517

Position: -2.74705 10.7339 -5.84012
Normal: -0.686801 -0.726846 0
UV: 0.29862 0.737517

Position: 2.9509 10.7339 -5.54579
Normal: -0 0 -1
UV: 0.229653 0.5569

Position: 1.81956 9.66489 -5.54579
Normal: -0 0 -1
UV: 0.229653 0.5569

Position: 4.08223 9.66489 -5.54579
Normal: -0 0 -1
UV: 0.229653 0.5569

Position: 2.9509 11.216 -5.84012
Normal: -0.690974 0.722879 0
UV: 0.29862 0.737517

Position: 2.9509 11.216 -0.407906
Normal: -0.690974 0.722879 0
UV: 0.29862 0.737517

Position: 1.31521 9.65251 -2.15161
Normal: -0.690974 0.722879 0
UV: 0.29862 0.737517

Position: 1.31521 9.65251 -5.84012
Normal: -0.690974 0.722879 0
UV: 0.29862 0.737517

Position: 4.58658 9.65251 -2.15161
Normal: 0.690976 0.722878 0
UV: 0.29862 0.737517

Position: 2.9509 11.216 -5.84012
Normal: 0.690976 0.722878 0
UV: 0.29862 0.737517

Position: 4.58658 9.65251 -5.84012
Normal: 0.690976 0.722878 0
UV: 0.29862 0.737517

Position: 2.9509 11.216 -0.407906
Normal: 0.690976 0.722878 0
UV: 0.29862 0.737517

Position: 1.81956 9.66489 -5.84012
Normal: 3.62966e-007 0 -1
UV: 0.259539 0.735218

Position: 2.9509 10.7339 -5.84012
Normal: 4.82065e-007 0 -1
UV: 0.259539 0.735218

Position: 2.9509 11.216 -5.84012
Normal: 4.82065e-007 0 -1
UV: 0.259539 0.735218

Position: 1.31521 9.65251 -5.84012
Normal: 3.62966e-007 0 -1
UV: 0.259539 0.735218

Position: 4.08223 9.66489 -5.84012
Normal: 6.01165e-007 0 -1
UV: 0.259539 0.735218

Position: 4.58658 9.65251 -5.84012
Normal: 6.01165e-007 0 -1
UV: 0.259539 0.735218

Position: 1.81956 9.66489 -5.54579
Normal: 0.686801 -0.726846 0
UV: 0.29862 0.737517

Position: 2.9509 10.7339 -5.54579
Normal: 0.686801 -0.726846 0
UV: 0.29862 0.737517

Position: 2.9509 10.7339 -5.84012
Normal: 0.686801 -0.726846 0
UV: 0.29862 0.737517

Position: 1.81956 9.66489 -5.84012
Normal: 0.686801 -0.726846 0
UV: 0.29862 0.737517

Position: 2.9509 10.7339 -5.54579
Normal: -0.686803 -0.726843 0
UV: 0.29862 0.737517

Position: 4.08223 9.66489 -5.54579
Normal: -0.686803 -0.726843 0
UV: 0.29862 0.737517

Position: 4.08223 9.66489 -5.84012
Normal: -0.686803 -0.726843 0
UV: 0.29862 0.737517

Position: 2.9509 10.7339 -5.84012
Normal: -0.686803 -0.726843 0
UV: 0.29862 0.737517

Position: -4.4705 9.66423 -2.15797
Normal: -0 1 0
UV: 0.331954 0.523719

Position: -4.4705 9.66423 -5.93983
Normal: -0 1 0
UV: 0.331954 0.523719

Position: -0.995071 9.66423 -2.15797
Normal: -0 1 0
UV: 0.331954 0.523719

Position: -0.995071 9.66423 -5.93983
Normal: -0 1 0
UV: 0.331954 0.523719

Position: -4.18296 6.57629 -5.61523
Normal: -0 0 -1
UV: 0.297471 0.5569

Position: -1.28261 6.57629 -5.61523
Normal: -0 0 -1
UV: 0.297471 0.5569

Position: -1.28261 9.31573 -5.61523
Normal: -0 0 -1
UV: 0.297471 0.5569

Position: -4.18296 9.31573 -5.61523
Normal: -0 0 -1
UV: 0.297471 0.5569

Position: -1.28261 6.57629 -5.61523
Normal: 1 0 0
UV: 0.258389 0.5569

Position: -1.28261 9.31573 -2.5414
Normal: 1 0 0
UV: 0.258389 0.5569

Position: -1.28261 9.31573 -5.61523
Normal: 1 0 0
UV: 0.258389 0.5569

Position: -4.4705 9.31573 -2.53831
Normal: -0 -1 0
UV: 0.230803 0.523719

Position: -4.18296 9.31573 -5.61523
Normal: -0 -1 5.91672e-007
UV: 0.230803 0.523719

Position: -4.4705 9.31573 -5.93983
Normal: -0 -1 6.50483e-007
UV: 0.230803 0.523719

Position: -4.18296 9.31573 -2.5414
Normal: -0 -1 0
UV: 0.230803 0.523719

Position: -1.28261 9.31573 -5.61523
Normal: -0 -1 5.91672e-007
UV: 0.230803 0.523719

Position: -0.995071 9.31573 -5.93983
Normal: -0 -1 6.50483e-007
UV: 0.230803 0.523719

Position: -0.995071 9.31573 -2.53831
Normal: -0 -1 0
UV: 0.230803 0.523719

Position: -1.28261 9.31573 -2.5414
Normal: -0 -1 0
UV: 0.230803 0.523719

Position: -4.4705 9.66423 -5.93983
Normal: -1 5.71428e-007 0
UV: 0.261838 0.520271

Position: -4.4705 9.66423 -2.15797
Normal: -1 5.71428e-007 0
UV: 0.261838 0.520271

Position: -4.4705 9.31573 -2.53831
Normal: -1 5.71428e-007 0
UV: 0.261838 0.520271

Position: -4.4705 9.31573 -5.93983
Normal: -1 5.71428e-007 0
UV: 0.261838 0.520271

Position: -4.4705 9.31573 -5.93983
Normal: -0 0 -1
UV: 0.294022 0.528317

Position: -0.995071 9.31573 -5.93983
Normal: -0 0 -1
UV: 0.294022 0.528317

Position: -0.995071 9.66423 -5.93983
Normal: -0 0 -1
UV: 0.294022 0.528317

Position: -4.4705 9.66423 -5.93983
Normal: -0 0 -1
UV: 0.294022 0.528317

Position: -0.995071 9.31573 -2.53831
Normal: 1 -1.90476e-007 0
UV: 0.261838 0.520271

Position: -0.995071 9.66423 -5.93983
Normal: 1 -1.90476e-007 0
UV: 0.261838 0.520271

Position: -0.995071 9.31573 -5.93983
Normal: 1 -1.90476e-007 0
UV: 0.261838 0.520271

Position: -0.995071 9.66423 -2.15797
Normal: 1 -1.90476e-007 0
UV: 0.261838 0.520271

Position: 1.23073 9.66423 -2.15797
Normal: -0 1 0
UV: 0.331954 0.523719

Position: 1.23073 9.66423 -5.93983
Normal: -0 1 0
UV: 0.331954 0.523719

Position: 4.70615 9.66423 -2.15797
Normal: -0 1 0
UV: 0.331954 0.523719

Position: 4.70615 9.66423 -5.93983
Normal: -0 1 0
UV: 0.331954 0.523719

Position: 1.51826 6.57629 -5.61523
Normal: -0 0 -1
UV: 0.297471 0.5569

Position: 4.41862 6.57629 -5.61523
Normal: -0 0 -1
UV: 0.297471 0.5569

Position: 4.41862 9.31573 -5.61523
Normal: -0 0 -1
UV: 0.297471 0.5569

Position: 1.51826 9.31573 -5.61523
Normal: -0 0 -1
UV: 0.297471 0.5569

Position: 4.41862 6.57629 -5.61523
Normal: 1 0 0
UV: 0.258389 0.5569

Position: 4.41862 9.31573 -2.5414
Normal: 1 0 0
UV: 0.258389 0.5569

Position: 4.41862 9.31573 -5.61523
Normal: 1 0 0
UV: 0.258389 0.5569

Position: 1.23073 9.31573 -2.53831
Normal: -0 -1 0
UV: 0.230803 0.523719

Position: 1.51826 9.31573 -5.61523
Normal: -0 -1 5.91672e-007
UV: 0.230803 0.523719

Position: 1.23073 9.31573 -5.93983
Normal: -0 -1 6.50483e-007
UV: 0.230803 0.523719

Position: 1.51826 9.31573 -2.5414
Normal: -0 -1 0
UV: 0.230803 0.523719

Position: 4.70615 9.31573 -5.93983
Normal: -0 -1 6.50483e-007
UV: 0.230803 0.523719

Position: 4.41862 9.31573 -5.61523
Normal: -0 -1 5.91672e-007
UV: 0.230803 0.523719

Position: 4.70615 9.31573 -2.53831
Normal: -0 -1 0
UV: 0.230803 0.523719

Position: 4.41862 9.31573 -2.5414
Normal: -0 -1 0
UV: 0.230803 0.523719

Position: 1.23073 9.66423 -5.93983
Normal: -1 -4.7619e-008 0
UV: 0.261838 0.520271

Position: 1.23073 9.66423 -2.15797
Normal: -1 -4.7619e-008 0
UV: 0.261838 0.520271

Position: 1.23073 9.31573 -2.53831
Normal: -1 -4.7619e-008 0
UV: 0.261838 0.520271

Position: 1.23073 9.31573 -5.93983
Normal: -1 -4.7619e-008 0
UV: 0.261838 0.520271

Position: 4.70615 9.66423 -5.93983
Normal: -0 0 -1
UV: 0.294022 0.528317

Position: 1.23073 9.31573 -5.93983
Normal: -0 0 -1
UV: 0.294022 0.528317

Position: 4.70615 9.31573 -5.93983
Normal: -0 0 -1
UV: 0.294022 0.528317

Position: 1.23073 9.66423 -5.93983
Normal: -0 0 -1
UV: 0.294022 0.528317

Position: 4.70615 9.31573 -2.53831
Normal: 1 0 0
UV: 0.261838 0.520271

Position: 4.70615 9.66423 -5.93983
Normal: 1 0 0
UV: 0.261838 0.520271

Position: 4.70615 9.31573 -5.93983
Normal: 1 0 0
UV: 0.261838 0.520271

Position: 4.70615 9.66423 -2.15797
Normal: 1 0 0
UV: 0.261838 0.520271

Position: -4.18296 9.31573 -2.5414
Normal: -1 0 0
UV: 0.258389 0.5569

Position: -4.18296 6.57629 -5.61523
Normal: -1 0 0
UV: 0.258389 0.5569

Position: -4.18296 9.31573 -5.61523
Normal: -1 0 0
UV: 0.258389 0.5569

Position: 1.51826 9.31573 -2.5414
Normal: -1 0 0
UV: 0.258389 0.5569

Position: 1.51826 6.57629 -5.61523
Normal: -1 0 0
UV: 0.258389 0.5569

Position: 1.51826 9.31573 -5.61523
Normal: -1 0 0
UV: 0.258389 0.5569


[INDEX_DATA]
0 2 1
1 2 3
4 6 5
7 9 8
8 10 7
11 13 12
11 6 4
11 12 6
14 16 15
15 17 14
18 20 19
20 21 19
22 7 10
23 25 24
24 25 26
8 9 27
28 30 29
30 28 31
22 10 4
4 5 22
32 34 33
35 33 34
11 8 27
27 13 11
36 38 37
38 39 37
40 42 41
41 43 40
44 46 45
47 49 48
48 50 47
51 53 52
45 53 51
44 45 51
54 56 55
56 54 57
58 60 59
59 61 58
62 50 48
63 65 64
65 66 64
47 67 49
68 70 69
70 71 69
46 44 50
50 62 46
72 74 73
73 75 72
47 51 52
52 67 47
76 78 77
78 76 79
80 82 81
81 83 80
84 86 85
85 86 87
88 90 89
88 91 90
92 94 93
93 95 92
96 98 97
97 99 96
100 102 101
100 103 102
104 106 105
105 107 104
108 84 109
108 86 84
109 85 110
109 84 85
107 112 111
111 104 107
87 86 108
108 113 87
114 105 106
114 115 105
116 118 117
117 119 116
120 116 119
119 121 120
117 123 122
123 117 118
124 126 125
124 127 126
128 125 126
126 129 128
127 131 130
131 127 124
132 134 133
132 135 134
136 138 137
136 139 138
140 142 141
141 143 140
144 146 145
144 147 146
148 150 149
148 151 150
152 154 153
152 155 154
156 158 157
156 159 158
160 157 158
158 161 160
162 160 161
161 163 162
156 162 159
163 159 162
164 166 165
165 167 164
168 164 167
167 169 168
170 172 171
173 175 174
173 176 175
177 179 178
180 178 179
181 183 182
182 184 181
185 187 186
186 188 185
189 191 190
191 192 190
190 192 193
192 194 193
193 196 195
193 194 196
195 198 197
197 189 195
191 189 197
197 199 191
191 199 196
199 200 196
196 198 195
196 200 198
201 203 202
202 204 201
205 207 206
206 208 205
169 209 168
165 166 170
170 171 165
210 212 211
212 213 211
214 216 215
216 217 215
218 220 219
219 221 218
222 224 223
224 225 223
226 228 227
228 229 227
230 232 231
233 235 234
234 236 233
237 239 238
231 239 237
230 231 237
240 242 241
242 240 243
244 246 245
245 247 244
248 236 234
249 251 250
250 252 249
233 253 235
254 256 255
256 257 255
230 236 248
248 232 230
258 260 259
258 261 260
253 233 237
237 238 253
262 264 263
264 262 265
266 268 267
267 268 269
270 272 271
273 275 274
274 276 273
277 279 278
277 272 270
277 278 272
280 282 281
281 283 280
284 286 285
286 287 285
288 273 276
289 291 290
290 291 292
274 275 293
294 296 295
296 294 297
288 276 270
270 271 288
298 300 299
301 299 300
277 274 293
293 279 277
302 304 303
304 305 303
306 308 307
308 309 307
310 312 311
313 315 314
314 316 313
317 319 318
312 310 317
317 318 312
320 322 321
321 323 320
324 326 325
327 325 326
328 313 316
329 331 330
331 332 330
314 315 333
334 336 335
334 337 336
316 310 311
311 328 316
338 340 339
340 341 339
319 317 314
314 333 319
342 344 343
343 345 342
346 348 347
346 349 348
350 352 351
353 355 354
356 358 357
350 359 352
360 362 361
363 365 364
363 366 365
356 368 367
369 371 370
370 372 369
361 353 354
354 373 361
374 376 375
374 377 376
378 350 356
356 367 378
379 381 380
380 382 379
383 385 384
383 386 385
387 389 388
387 390 389
353 391 355
353 392 391
350 378 393
350 393 359
373 394 361
395 397 396
395 398 397
356 357 399
356 399 368
400 402 401
400 403 402
394 360 361
404 392 353
405 407 406
406 407 408
409 411 410
412 410 411
413 415 414
414 415 416
417 419 418
420 418 419
421 423 422
422 423 424
425 427 426
428 426 427
429 431 430
430 431 432
361 362 433
434 436 435
434 437 436
350 351 353
351 404 353
438 390 409
390 438 439
411 409 387
387 409 390
411 441 440
441 411 387
419 417 374
374 417 377
442 403 425
403 442 443
427 425 400
400 425 403
427 445 444
445 427 400
358 356 361
361 433 358
446 448 447
449 447 448
450 452 451
450 453 452
454 456 455
457 459 458
460 462 461
454 463 456
464 466 465
467 469 468
467 470 469
460 472 471
473 475 474
474 476 473
465 457 458
458 477 465
478 480 479
478 481 480
482 454 460
460 471 482
483 485 484
484 486 483
487 489 488
487 490 489
491 493 492
491 494 493
457 495 459
457 496 495
454 482 497
454 497 463
477 498 465
499 501 500
499 502 501
460 461 503
460 503 472
504 506 505
504 507 506
498 464 465
508 496 457
509 511 510
510 511 512
513 515 514
516 514 515
517 519 518
518 519 520
521 523 522
524 522 523
525 527 526
526 527 528
529 531 530
532 530 531
533 535 534
534 535 536
465 466 537
538 540 539
538 541 540
454 455 457
455 508 457
542 494 513
494 542 543
515 513 491
491 513 494
515 545 544
545 515 491
523 521 478
478 521 481
546 507 529
507 546 547
531 529 504
504 529 507
531 549 548
549 531 504
462 460 465
465 537 462
550 552 551
553 551 552
554 556 555
557 559 558
558 559 560
561 563 562
562 564 561
565 567 566
567 568 566
567 565 569
569 570 567
571 573 572
572 574 571
575 577 576
576 578 575
579 581 580
559 557 582
582 583 559
584 562 563
584 585 562
586 588 587
586 589 588
590 587 588
588 591 590
592 594 593
594 592 595
596 598 597
598 596 599
600 602 601
603 605 604
605 603 606
607 609 608
608 610 607
611 613 612
613 611 614
613 616 615
615 612 613
617 619 618
617 620 619
621 623 622
621 624 623
625 627 626
628 630 629
630 628 631
632 634 633
633 635 632
636 638 637
638 636 639
638 641 640
640 637 638
642 644 643
642 645 644
646 648 647
646 649 648
650 652 651
652 653 651
654 656 655
654 657 656
658 660 659
661 663 662
662 664 661
662 666 665
662 663 666
667 668 665
667 665 666
669 671 670
671 669 672
673 675 674
673 676 675
677 679 678
678 680 677
681 683 682
683 684 682
685 687 686
685 688 687
689 691 690
692 694 693
693 695 692
696 697 693
693 694 696
698 699 697
698 697 696
700 702 701
702 700 703
704 706 705
705 707 704
708 710 709
709 711 708
712 714 713
715 717 716

