[FBX_META_DATA]
MeshCount: 1

[MESH_DATA]
VertexCount: 1004
IndexCount: 1800
BoneCount: 0
AnimationClips: 0

[VERTEX_DATA]
Position: -2.52596 4.0386 6.435
Normal: 1 0 0
UV: 0.694253 0.529166

Position: -2.52596 3.07852 6.06732
Normal: 1 0 0
UV: 0.683593 0.550388

Position: -2.52596 3.07852 6.435
Normal: 1 0 0
UV: 0.694253 0.550388

Position: -2.52596 4.0386 6.06732
Normal: 1 0 0
UV: 0.683593 0.529166

Position: -3.92325 4.0386 6.435
Normal: -0 1 0
UV: 0.717641 0.508937

Position: -2.52596 4.0386 6.06732
Normal: -0 1 0
UV: 0.700988 0.574872

Position: -2.52596 4.0386 6.435
Normal: -0 1 0
UV: 0.717641 0.574872

Position: -3.92325 4.0386 6.06732
Normal: -0 1 0
UV: 0.700988 0.508937

Position: -3.92325 3.07852 6.435
Normal: -1 0 0
UV: 0.683047 0.550503

Position: -3.92325 4.0386 6.06732
Normal: -1 0 0
UV: 0.693706 0.529281

Position: -3.92325 4.0386 6.435
Normal: -1 0 0
UV: 0.683047 0.529281

Position: -3.92325 3.07852 6.06732
Normal: -1 0 0
UV: 0.693706 0.550503

Position: -2.52596 3.07852 6.435
Normal: -0 -1 0
UV: 0.725145 0.507229

Position: -3.92325 3.07852 6.06732
Normal: -0 -1 0
UV: 0.716646 0.54088

Position: -3.92325 3.07852 6.435
Normal: -0 -1 0
UV: 0.725145 0.54088

Position: -2.52596 3.07852 6.06732
Normal: -0 -1 0
UV: 0.716646 0.507229

Position: -3.92325 4.0386 6.435
Normal: -0 0 1
UV: 0.791068 0.577081

Position: -2.52596 4.0386 6.435
Normal: -0 0 1
UV: 0.791068 0.500766

Position: -2.52596 3.07852 6.435
Normal: -0 0 1
UV: 0.734158 0.500766

Position: -3.92325 3.07852 6.435
Normal: -0 0 1
UV: 0.734158 0.577081

Position: 2.16791 1.40295 -2.16592
Normal: -6.1043e-008 0 -1
UV: 0.234068 0.519882

Position: 2.16791 2.6311 -2.16592
Normal: -9.41142e-008 0 -1
UV: 0.234068 0.519882

Position: 2.02097 1.40295 -2.16592
Normal: -4.92164e-008 0 -1
UV: 0.234068 0.519882

Position: 2.02088 2.6311 -2.16592
Normal: -6.26389e-008 0 -1
UV: 0.234068 0.519882

Position: 2.90141 1.40295 -2.16592
Normal: -8.20325e-008 0 -1
UV: 0.234068 0.519882

Position: 2.90141 2.6311 -2.16592
Normal: -8.20325e-008 0 -1
UV: 0.234068 0.519882

Position: 2.75458 1.40295 -2.16592
Normal: 1.22048e-007 0 -1
UV: 0.234068 0.519882

Position: 2.75458 2.6311 -2.16592
Normal: 1.22048e-007 0 -1
UV: 0.234068 0.519882

Position: 2.50047 0.333437 -2.16592
Normal: -2.91531e-008 0 -1
UV: 0.133015 0.526799

Position: 2.50047 3.68589 -2.16592
Normal: -3.14118e-008 0 -1
UV: 0.133015 0.526799

Position: 2.42206 0.333437 -2.16592
Normal: -1.62229e-008 0 -1
UV: 0.133015 0.526799

Position: 2.42206 3.68589 -2.16592
Normal: -1.74793e-008 0 -1
UV: 0.133015 0.526799

Position: 2.16791 2.6311 -2.16592
Normal: -9.41142e-008 0 -1
UV: 0.11179 0.519983

Position: 2.28973 3.43046 -2.16592
Normal: -1.45891e-007 0 -1
UV: 0.11179 0.519983

Position: 2.02088 2.6311 -2.16592
Normal: -6.26389e-008 0 -1
UV: 0.11179 0.519983

Position: 1.14674 3.43046 -2.16592
Normal: 2.59121e-007 0 -1
UV: 0.11179 0.519983

Position: 1.14674 0.603589 -2.16592
Normal: 2.70179e-007 0 -1
UV: 0.11179 0.519983

Position: 2.02097 1.40295 -2.16592
Normal: -4.92164e-008 0 -1
UV: 0.11179 0.519983

Position: 2.28973 0.60359 -2.16592
Normal: -1.20215e-007 0 -1
UV: 0.11179 0.519983

Position: 2.16791 1.40295 -2.16592
Normal: -6.1043e-008 0 -1
UV: 0.11179 0.519983

Position: 2.90141 2.6311 -2.16592
Normal: -8.20325e-008 0 -1
UV: 0.11179 0.519983

Position: 2.63261 3.43046 -2.16592
Normal: -2.13458e-007 0 -1
UV: 0.11179 0.519983

Position: 2.75458 2.6311 -2.16592
Normal: 1.22048e-007 0 -1
UV: 0.11179 0.519983

Position: 3.7756 3.43046 -2.16592
Normal: 3.86612e-008 0 -1
UV: 0.11179 0.519983

Position: 2.63261 0.603591 -2.16592
Normal: -2.11318e-007 0 -1
UV: 0.11179 0.519983

Position: 2.75458 1.40295 -2.16592
Normal: 1.22048e-007 0 -1
UV: 0.11179 0.519983

Position: 3.7756 0.603591 -2.16592
Normal: 3.854e-008 0 -1
UV: 0.11179 0.519983

Position: 2.90141 1.40295 -2.16592
Normal: -8.20325e-008 0 -1
UV: 0.11179 0.519983

Position: 1.04235 3.68589 -2.16592
Normal: 1.35765e-007 0 -1
UV: 0.143061 0.257467

Position: 2.28973 3.43046 -2.16592
Normal: -1.45891e-007 0 -1
UV: 0.143061 0.257467

Position: 2.42206 3.68589 -2.16592
Normal: -1.74793e-008 0 -1
UV: 0.143061 0.257467

Position: 1.14674 3.43046 -2.16592
Normal: 2.59121e-007 0 -1
UV: 0.143061 0.257467

Position: 1.14674 0.603589 -2.16592
Normal: 2.70179e-007 0 -1
UV: 0.143061 0.257467

Position: 1.04236 1.17007 -2.16592
Normal: -0 0 -1
UV: 0.143061 0.257467

Position: 1.04237 0.333437 -2.16592
Normal: 1.22502e-007 0 -1
UV: 0.143061 0.257467

Position: 2.42206 0.333437 -2.16592
Normal: -1.62229e-008 0 -1
UV: 0.143061 0.257467

Position: 2.28973 0.60359 -2.16592
Normal: -1.20215e-007 0 -1
UV: 0.143061 0.257467

Position: 3.88007 3.68589 -2.16592
Normal: 3.39685e-008 0 -1
UV: 0.143061 0.257467

Position: 2.50047 3.68589 -2.16592
Normal: -3.14118e-008 0 -1
UV: 0.143061 0.257467

Position: 2.63261 3.43046 -2.16592
Normal: -2.13458e-007 0 -1
UV: 0.143061 0.257467

Position: 3.7756 3.43046 -2.16592
Normal: 3.86612e-008 0 -1
UV: 0.143061 0.257467

Position: 2.50047 3.68589 -2.16592
Normal: -3.14118e-008 0 -1
UV: 0.143061 0.257965

Position: 2.50047 0.333437 -2.16592
Normal: -2.91531e-008 0 -1
UV: 0.143061 0.257965

Position: 2.63261 0.603591 -2.16592
Normal: -2.11318e-007 0 -1
UV: 0.143061 0.257965

Position: 2.63261 3.43046 -2.16592
Normal: -2.13458e-007 0 -1
UV: 0.143061 0.257965

Position: 3.88007 0.333437 -2.16592
Normal: 3.0654e-008 0 -1
UV: 0.143061 0.257467

Position: 2.63261 0.603591 -2.16592
Normal: -2.11318e-007 0 -1
UV: 0.143061 0.257467

Position: 2.50047 0.333437 -2.16592
Normal: -2.91531e-008 0 -1
UV: 0.143061 0.257467

Position: 3.7756 0.603591 -2.16592
Normal: 3.854e-008 0 -1
UV: 0.143061 0.257467

Position: 3.88007 1.17007 -2.16592
Normal: -7.38639e-007 0 -1
UV: 0.143061 0.257467

Position: 1.87209 1.17007 6.05334
Normal: -1.3673e-006 -1.63011e-006 1
UV: 0.142973 0.55973

Position: 3.6604 0 6.05334
Normal: -1.3673e-006 -1.63011e-006 1
UV: 0.136716 0.560127

Position: 1.87209 0 6.05334
Normal: -1.3673e-006 -1.63011e-006 1
UV: 0.142973 0.560127

Position: 3.6604 1.17007 6.05334
Normal: -1.3673e-006 -1.63011e-006 1
UV: 0.136716 0.55973

Position: 2.06363 2.22501 6.05334
Normal: -8.10734e-006 3.89898e-006 1
UV: 0.234553 0.523558

Position: 2.30409 1.73582 6.05334
Normal: -8.10735e-006 3.89898e-006 1
UV: 0.234702 0.523254

Position: 2.06363 1.73582 6.05334
Normal: -8.10735e-006 3.89898e-006 1
UV: 0.234553 0.523254

Position: 2.30409 2.22501 6.05334
Normal: -8.10734e-006 3.89898e-006 1
UV: 0.234702 0.523558

Position: 1.87209 2.38419e-007 6.18717
Normal: 1 0 0
UV: 0.109494 0.558748

Position: 1.87209 1.17007 6.18717
Normal: 1 0 0
UV: 0.110648 0.558748

Position: 1.87209 1.17007 6.05334
Normal: 1 0 0
UV: 0.110648 0.558748

Position: 1.87209 0 6.05334
Normal: 1 0 0
UV: 0.109494 0.558748

Position: 3.6604 1.17007 6.18717
Normal: -1 0 0
UV: 0.110648 0.557112

Position: 3.6604 2.38419e-007 6.18717
Normal: -1 0 0
UV: 0.109494 0.557112

Position: 3.6604 0 6.05334
Normal: -1 0 0
UV: 0.109494 0.557112

Position: 3.6604 1.17007 6.05334
Normal: -1 0 0
UV: 0.110648 0.557112

Position: 3.6604 3.5099 6.18717
Normal: -1 0 0
UV: 0.174972 0.558375

Position: 3.6604 1.17007 6.18717
Normal: -1 0 0
UV: 0.173045 0.558357

Position: 3.6604 1.17007 6.05334
Normal: -1 0 0
UV: 0.173045 0.558357

Position: 3.6604 3.5099 6.05334
Normal: -1 0 0
UV: 0.174972 0.558375

Position: 1.87209 1.17007 6.18717
Normal: 1 0 0
UV: 0.173045 0.559828

Position: 1.87209 3.5099 6.18717
Normal: 1 0 0
UV: 0.174972 0.559828

Position: 1.87209 3.5099 6.05334
Normal: 1 0 0
UV: 0.174972 0.559828

Position: 1.87209 1.17007 6.05334
Normal: 1 0 0
UV: 0.173045 0.559828

Position: 1.87209 3.5099 6.18717
Normal: 6.66601e-008 -1 0
UV: 0.174972 0.559828

Position: 3.6604 3.5099 6.18717
Normal: 6.66601e-008 -1 0
UV: 0.174972 0.558375

Position: 3.6604 3.5099 6.05334
Normal: 6.66601e-008 -1 0
UV: 0.174972 0.558375

Position: 1.87209 3.5099 6.05334
Normal: 6.66601e-008 -1 0
UV: 0.174972 0.559828

Position: 2.30409 2.22501 6.05334
Normal: -4.97091e-007 2.69684e-006 1
UV: 0.136716 0.558426

Position: 2.30409 1.73582 6.05334
Normal: -4.97091e-007 2.69684e-006 1
UV: 0.136716 0.55973

Position: 3.6604 3.5099 6.05334
Normal: -4.97091e-007 2.69684e-006 1
UV: 0.136716 0.558426

Position: 2.06363 1.73582 6.05334
Normal: -3.739e-006 -3.87118e-006 1
UV: 0.142973 0.55973

Position: 1.87209 3.5099 6.05334
Normal: -8.79967e-007 0 1
UV: 0.142973 0.558426

Position: 2.06363 2.22501 6.05334
Normal: -8.79967e-007 0 1
UV: 0.142973 0.558426

Position: 3.6604 0.137864 6.42633
Normal: -0 1 0
UV: 0.300698 0.517586

Position: 1.87209 0.137864 6.42633
Normal: -0 1 0
UV: 0.300698 0.50565

Position: 1.87209 0.137864 6.05334
Normal: -0 1 0
UV: 0.294004 0.50565

Position: 3.6604 0.137864 6.05334
Normal: -0 1 0
UV: 0.294004 0.517586

Position: 3.6604 0 6.05334
Normal: 1 0 0
UV: 0.244452 0.527322

Position: 3.6604 0 6.42633
Normal: 1 0 0
UV: 0.244452 0.517298

Position: 3.6604 0.137864 6.42633
Normal: 1 0 0
UV: 0.243655 0.517298

Position: 3.6604 0.137864 6.05334
Normal: 1 0 0
UV: 0.243655 0.527322

Position: 1.87209 0 6.42633
Normal: -1 0 0
UV: 0.242819 0.517298

Position: 1.87209 0.137864 6.05334
Normal: -1 0 0
UV: 0.243616 0.527322

Position: 1.87209 0.137864 6.42633
Normal: -1 0 0
UV: 0.243616 0.517298

Position: 1.87209 0 6.05334
Normal: -1 0 0
UV: 0.242819 0.527322

Position: 1.87209 0.137864 6.42633
Normal: -0 0 1
UV: 0.275235 0.536626

Position: 3.6604 0.137864 6.42633
Normal: -0 0 1
UV: 0.275235 0.526034

Position: 3.6604 0 6.42633
Normal: -0 0 1
UV: 0.274356 0.526034

Position: 1.87209 0 6.42633
Normal: -0 0 1
UV: 0.274356 0.536626

Position: 1.04235 3.68589 -2.16592
Normal: -0 -1 0
UV: 0.317407 0.559122

Position: 3.88007 3.68589 -2.6987
Normal: -0 -1 0
UV: 0.317407 0.559122

Position: 1.04235 3.68589 -2.6987
Normal: -0 -1 0
UV: 0.317407 0.559122

Position: 3.88007 3.68589 -2.16592
Normal: -0 -1 0
UV: 0.317407 0.559122

Position: 1.04235 3.68589 -2.16592
Normal: 1 4.83325e-006 0
UV: 0.381076 0.559394

Position: 1.04236 1.17007 -2.6987
Normal: 1 3.06831e-006 -8.94992e-006
UV: 0.381076 0.559394

Position: 1.04236 1.17007 -2.16592
Normal: 1 3.06831e-006 -8.94992e-006
UV: 0.381076 0.559394

Position: 1.04235 3.68589 -2.6987
Normal: 1 4.83325e-006 0
UV: 0.381076 0.559394

Position: 3.88007 3.68589 -2.16592
Normal: -1 0 0
UV: 0.381076 0.559394

Position: 3.88007 1.17007 -2.16592
Normal: -1 0 0
UV: 0.381076 0.559394

Position: 3.88007 1.17007 -2.6987
Normal: -1 0 0
UV: 0.381076 0.559394

Position: 3.88007 3.68589 -2.6987
Normal: -1 0 0
UV: 0.381076 0.559394

Position: 0.333803 3.74817 -2.6987
Normal: -7.0505e-009 0 -1
UV: 0.192016 0.259844

Position: -4.34869 1.17007 -2.6987
Normal: 5.40896e-009 0 -1
UV: 0.0965248 0.117796

Position: 0.333815 1.17007 -2.6987
Normal: -1.28731e-008 0 -1
UV: 0.0965248 0.259844

Position: -4.34874 3.74817 -2.6987
Normal: 7.13679e-009 0 -1
UV: 0.192016 0.117796

Position: 4.9555 5.12133 -2.6987
Normal: 4.02048e-009 0 -1
UV: 0.472172 0.559258

Position: -4.95558 5.12133 -2.6987
Normal: 1.16086e-008 0 -1
UV: 0.472172 0.559258

Position: 1.04235 3.68589 -2.6987
Normal: -2.72256e-008 0 -1
UV: 0.472172 0.559258

Position: 3.88007 3.68589 -2.6987
Normal: -8.89187e-009 0 -1
UV: 0.472172 0.559258

Position: -4.95558 5.12133 -2.6987
Normal: -1 -1.71377e-005 7.09559e-007
UV: 0.367363 0.559529

Position: -4.95558 5.12133 6.18717
Normal: -1 -1.71377e-005 7.09559e-007
UV: 0.367363 0.559529

Position: -4.95554 1.17007 6.18717
Normal: -1 -1.06476e-005 0
UV: 0.367363 0.559529

Position: -4.95554 1.17007 -2.6987
Normal: -1 -1.06476e-005 0
UV: 0.367363 0.559529

Position: -4.66024 10.3106 6.00475
Normal: -0 1 0
UV: 0.230908 0.516695

Position: 4.66024 10.3106 -2.51629
Normal: -0 1 0
UV: 0.230908 0.516695

Position: 4.66024 10.3106 6.00475
Normal: -0 1 0
UV: 0.230908 0.516695

Position: -4.66024 10.3106 -2.51629
Normal: -0 1 0
UV: 0.230908 0.516695

Position: 4.95558 10.82 -3.38083
Normal: -0 0 -1
UV: 0.229939 0.554331

Position: -4.95558 10.82 -3.38083
Normal: -0 0 -1
UV: 0.229939 0.554331

Position: 4.95558 10.4435 -3.38083
Normal: -0 0 -1
UV: 0.229939 0.554331

Position: -4.95558 10.4435 -3.38083
Normal: -0 0 -1
UV: 0.229939 0.554331

Position: 4.95558 10.4435 6.18717
Normal: -0 0 1
UV: 0.26271 0.556077

Position: -4.95558 10.4435 6.18717
Normal: -0 0 1
UV: 0.26271 0.556077

Position: 4.95558 10.82 6.18717
Normal: -0 0 1
UV: 0.26271 0.556077

Position: -4.95558 10.82 6.18717
Normal: -0 0 1
UV: 0.26271 0.556077

Position: -4.95558 10.82 -2.6987
Normal: -1 0 0
UV: 0.203315 0.552203

Position: -4.95558 10.82 6.18717
Normal: -1 0 0
UV: 0.203315 0.561767

Position: -4.95558 10.4435 6.18717
Normal: -1 0 0
UV: 0.203675 0.561767

Position: -4.95558 10.4435 -2.6987
Normal: -1 0 0
UV: 0.203675 0.552203

Position: -4.95558 10.4435 -2.6987
Normal: -0 -1 0
UV: 0.161738 0.557578

Position: 4.95558 10.4435 -2.6987
Normal: -0 -1 0
UV: 0.161738 0.557578

Position: 4.95558 10.4435 -3.38083
Normal: -0 -1 1.848e-007
UV: 0.161738 0.557578

Position: -4.95558 10.4435 -3.38083
Normal: -0 -1 1.848e-007
UV: 0.161738 0.557578

Position: -4.95558 10.82 -2.6987
Normal: -0 1 0
UV: 0.294892 0.560826

Position: 4.95558 10.82 -3.38083
Normal: -0 1 0
UV: 0.294892 0.560826

Position: 4.95558 10.82 -2.6987
Normal: -0 1 0
UV: 0.294892 0.560826

Position: -4.95558 10.82 -3.38083
Normal: -0 1 0
UV: 0.294892 0.560826

Position: -4.95558 10.4435 -2.6987
Normal: -1 0 0
UV: 0.199086 0.555954

Position: -4.95558 10.4435 -3.38083
Normal: -1 0 0
UV: 0.199086 0.555954

Position: -4.95558 10.82 -2.6987
Normal: -1 0 0
UV: 0.199086 0.555954

Position: -4.95558 10.82 -3.38083
Normal: -1 0 0
UV: 0.199086 0.555954

Position: -4.66024 10.82 -2.51629
Normal: -0 1 3.0291e-006
UV: 0.299741 0.557455

Position: 4.95558 10.82 -2.6987
Normal: -0 1 3.0291e-006
UV: 0.299764 0.557427

Position: 4.66024 10.82 -2.51629
Normal: -0 1 3.0291e-006
UV: 0.299741 0.557455

Position: -4.95558 10.82 -2.6987
Normal: -0 1 3.0291e-006
UV: 0.299764 0.557427

Position: 4.95558 10.82 6.18717
Normal: -0 1 -3.029e-006
UV: 0.299764 0.558793

Position: -4.95558 10.82 6.18717
Normal: -0 1 -3.029e-006
UV: 0.299764 0.558793

Position: 4.66024 10.82 6.00475
Normal: -0 1 -3.029e-006
UV: 0.299741 0.558765

Position: -4.66024 10.82 6.00475
Normal: -0 1 -3.029e-006
UV: 0.299741 0.558765

Position: 4.66024 10.3106 -2.51629
Normal: -0 0 1
UV: 0.167579 0.519943

Position: -4.66024 10.3106 -2.51629
Normal: -0 0 1
UV: 0.167579 0.519943

Position: 4.66024 10.82 -2.51629
Normal: -0 0 1
UV: 0.167579 0.519943

Position: -4.66024 10.82 -2.51629
Normal: -0 0 1
UV: 0.167579 0.519943

Position: 4.66024 10.82 6.00475
Normal: -0 0 -1
UV: 0.167579 0.519943

Position: -4.66024 10.82 6.00475
Normal: -0 0 -1
UV: 0.167579 0.519943

Position: 4.66024 10.3106 6.00475
Normal: -0 0 -1
UV: 0.167579 0.519943

Position: -4.66024 10.3106 6.00475
Normal: -0 0 -1
UV: 0.167579 0.519943

Position: -4.66024 10.3106 -2.51629
Normal: 1 0 0
UV: 0.167579 0.519943

Position: -4.66024 10.3106 6.00475
Normal: 1 0 0
UV: 0.167579 0.519943

Position: -4.66024 10.82 6.00475
Normal: 1 0 0
UV: 0.167579 0.519943

Position: -4.66024 10.82 -2.51629
Normal: 1 0 0
UV: 0.167579 0.519943

Position: 4.95554 5.12133 6.18717
Normal: 9.74441e-008 0 1
UV: 0.472172 0.559258

Position: 1.87209 3.5099 6.18717
Normal: -5.19801e-008 0 1
UV: 0.472172 0.559258

Position: -4.95558 5.12133 6.18717
Normal: 9.74441e-008 0 1
UV: 0.472172 0.559258

Position: 3.6604 3.5099 6.18717
Normal: -5.19801e-008 0 1
UV: 0.472172 0.559258

Position: 4.95548 1.17007 6.18717
Normal: -5.19801e-008 0 1
UV: 0.472172 0.559258

Position: 3.6604 1.17007 6.18717
Normal: -5.19801e-008 0 1
UV: 0.472172 0.559258

Position: 1.87209 1.17007 6.18717
Normal: -5.19801e-008 0 1
UV: 0.472172 0.559258

Position: -4.95554 1.17007 6.18717
Normal: -5.19801e-008 0 1
UV: 0.472172 0.559258

Position: -4.9555 0.333437 -2.6987
Normal: -0 1 -9.93916e-007
UV: 0.238676 0.517307

Position: 1.04237 0.333437 -2.97266
Normal: -0 1 -9.93916e-007
UV: 0.238676 0.517307

Position: 1.04237 0.333437 -2.6987
Normal: -0 1 -9.93916e-007
UV: 0.238676 0.517307

Position: -5.19972 0.333437 -2.97266
Normal: -0 1 -9.93916e-007
UV: 0.238676 0.517307

Position: 4.95546 0.333437 -2.6987
Normal: -0 1 3.05826e-007
UV: 0.238676 0.517307

Position: 3.88007 0.333437 -2.6987
Normal: -0 1 3.05826e-007
UV: 0.238676 0.517307

Position: 3.88007 0.333437 -2.97266
Normal: -0 1 3.05826e-007
UV: 0.238676 0.517307

Position: 5.19972 0.333437 -2.97266
Normal: -0 1 3.05826e-007
UV: 0.238676 0.517307

Position: -5.19972 0.333437 6.46112
Normal: -0 1 0
UV: 0.238676 0.517307

Position: -4.9555 0.333437 6.18717
Normal: -0 1 0
UV: 0.238676 0.517307

Position: 1.87209 0.333437 6.46112
Normal: -0 1 0
UV: 0.238676 0.517307

Position: 1.87209 0.333437 6.18717
Normal: -0 1 0
UV: 0.238676 0.517307

Position: -5.19972 0 -2.97266
Normal: -0 0 -1
UV: 0.16177 0.524164

Position: 1.04237 0 -2.97266
Normal: -0 0 -1
UV: 0.16177 0.524164

Position: 1.04237 0.333437 -2.97266
Normal: -0 0 -1
UV: 0.16177 0.524164

Position: -5.19972 0.333437 -2.97266
Normal: -0 0 -1
UV: 0.16177 0.524164

Position: 3.88007 0 -2.97266
Normal: -0 0 -1
UV: 0.16177 0.524164

Position: 5.19972 0 -2.97266
Normal: -0 0 -1
UV: 0.16177 0.524164

Position: 5.19972 0.333437 -2.97266
Normal: -0 0 -1
UV: 0.16177 0.524164

Position: 3.88007 0.333437 -2.97266
Normal: -0 0 -1
UV: 0.16177 0.524164

Position: -5.19972 0 6.46112
Normal: -1 0 0
UV: 0.16177 0.524164

Position: -5.19972 0.333437 -2.97266
Normal: -1 0 0
UV: 0.16177 0.524164

Position: -5.19972 0.333437 6.46112
Normal: -1 0 0
UV: 0.16177 0.524164

Position: -5.19972 0 -2.97266
Normal: -1 0 0
UV: 0.16177 0.524164

Position: -5.19972 0.333437 6.46112
Normal: -0 0 1
UV: 0.16177 0.524164

Position: 1.87209 0.333437 6.46112
Normal: -0 0 1
UV: 0.16177 0.524164

Position: 1.87209 0 6.46112
Normal: -0 0 1
UV: 0.16177 0.524164

Position: -5.19972 0 6.46112
Normal: -0 0 1
UV: 0.16177 0.524164

Position: -4.95558 10.4435 -2.6987
Normal: -1 0 0
UV: 0.367363 0.559529

Position: -4.95558 10.4435 6.18717
Normal: -1 0 0
UV: 0.367363 0.559529

Position: -4.95558 10.4435 6.18717
Normal: -0 0 1
UV: 0.472172 0.559258

Position: 4.95558 10.4435 6.18717
Normal: -0 0 1
UV: 0.472172 0.559258

Position: -3.26002 6.47289 -2.6987
Normal: -0 0 -1
UV: 0.472172 0.559258

Position: -4.39779 6.47289 -2.6987
Normal: 1.66553e-007 0 -1
UV: 0.472172 0.559258

Position: -1.8694 6.47289 -2.6987
Normal: -3.49722e-009 0 -1
UV: 0.472172 0.559258

Position: -3.00718 6.47289 -2.6987
Normal: -0 0 -1
UV: 0.472172 0.559258

Position: 1.04236 1.17007 -2.6987
Normal: -0 0 -1
UV: 0.472172 0.559258

Position: 0.333815 1.17007 -2.6987
Normal: -1.28731e-008 0 -1
UV: 0.472172 0.559258

Position: 0.333803 3.74817 -2.6987
Normal: -7.0505e-009 0 -1
UV: 0.472172 0.559258

Position: -4.34874 3.74817 -2.6987
Normal: 7.13679e-009 0 -1
UV: 0.472172 0.559258

Position: -4.95554 1.17007 -2.6987
Normal: -0 0 -1
UV: 0.472172 0.559258

Position: -4.34869 1.17007 -2.6987
Normal: 5.40896e-009 0 -1
UV: 0.472172 0.559258

Position: -4.9555 0.333437 -2.6987
Normal: 4.01036e-009 0 -1
UV: 0.378283 0.555791

Position: 1.04237 0.333437 -2.6987
Normal: -1.19449e-008 0 -1
UV: 0.378283 0.555791

Position: 0.333815 1.17007 -2.6987
Normal: -1.28731e-008 0 -1
UV: 0.378283 0.555791

Position: -4.34869 1.17007 -2.6987
Normal: 5.40896e-009 0 -1
UV: 0.378283 0.555791

Position: 4.95548 1.17007 -2.6987
Normal: -6.85622e-008 0 -1
UV: 0.472172 0.559258

Position: 3.88007 1.17007 -2.6987
Normal: -6.85622e-008 0 -1
UV: 0.472172 0.559258

Position: -4.9555 0.333437 6.18717
Normal: -1 -1.71377e-005 7.09559e-007
UV: 0.273474 0.55775

Position: -4.9555 0.333437 -2.6987
Normal: -1 -1.71377e-005 7.09559e-007
UV: 0.273474 0.55775

Position: -4.95554 1.17007 6.18717
Normal: -1 -4.56681e-005 0
UV: 0.273474 0.55775

Position: -4.95554 1.17007 -2.6987
Normal: -1 -4.56681e-005 0
UV: 0.273474 0.55775

Position: -4.95554 1.17007 -2.6987
Normal: -0 0 -1
UV: 0.378283 0.555791

Position: 1.04236 1.17007 -2.6987
Normal: -0 0 -1
UV: 0.378283 0.555791

Position: 1.04236 1.17007 -2.16592
Normal: 1 1.36393e-005 -8.94992e-006
UV: 0.287187 0.556771

Position: 1.04236 1.17007 -2.6987
Normal: 1 1.36393e-005 -8.94992e-006
UV: 0.287187 0.556771

Position: 1.04237 0.333437 -2.16592
Normal: 1 4.83325e-006 0
UV: 0.287187 0.556771

Position: 1.04237 0.333437 -2.6987
Normal: 1 4.83325e-006 0
UV: 0.287187 0.556771

Position: 3.88007 0.333437 -2.16592
Normal: -1 0 0
UV: 0.287187 0.556771

Position: 3.88007 1.17007 -2.6987
Normal: -1 0 0
UV: 0.287187 0.556771

Position: 3.88007 1.17007 -2.16592
Normal: -1 0 0
UV: 0.287187 0.556771

Position: 3.88007 0.333437 -2.6987
Normal: -1 0 0
UV: 0.287187 0.556771

Position: 4.95546 0.333437 -2.6987
Normal: -4.01029e-009 0 -1
UV: 0.378283 0.555791

Position: 3.88007 1.17007 -2.6987
Normal: -0 0 -1
UV: 0.378283 0.555791

Position: 3.88007 0.333437 -2.6987
Normal: -3.43417e-009 0 -1
UV: 0.378283 0.555791

Position: 4.95548 1.17007 -2.6987
Normal: -0 0 -1
UV: 0.378283 0.555791

Position: 1.87209 1.17007 6.18717
Normal: 8.34766e-008 0 1
UV: 0.378283 0.555791

Position: -4.9555 0.333437 6.18717
Normal: 9.74441e-008 0 1
UV: 0.378283 0.555791

Position: -4.95554 1.17007 6.18717
Normal: 8.34766e-008 0 1
UV: 0.378283 0.555791

Position: 1.87209 0.333437 6.18717
Normal: 8.34766e-008 0 1
UV: 0.378283 0.555791

Position: 3.6604 1.17007 6.18717
Normal: -4.57442e-007 0 1
UV: 0.378283 0.555791

Position: 4.95546 0.333437 6.18717
Normal: 9.74441e-008 0 1
UV: 0.378283 0.555791

Position: 3.6604 0.333437 6.18717
Normal: -4.57442e-007 0 1
UV: 0.378283 0.555791

Position: 4.95548 1.17007 6.18717
Normal: -4.57442e-007 0 1
UV: 0.378283 0.555791

Position: 3.6604 0.333437 6.18717
Normal: 1.89263e-007 1 1.07465e-006
UV: 0.238676 0.517307

Position: 4.95546 0.333437 6.18717
Normal: -0 1 0
UV: 0.238676 0.517307

Position: 3.6604 0.333437 6.46112
Normal: 1.89263e-007 1 1.07465e-006
UV: 0.238676 0.517307

Position: 5.19972 0.333437 6.46112
Normal: -0 1 0
UV: 0.238676 0.517307

Position: 3.6604 0.333437 6.46112
Normal: -0 0 1
UV: 0.16177 0.524164

Position: 5.19972 0.333437 6.46112
Normal: -0 0 1
UV: 0.16177 0.524164

Position: 5.19972 0 6.46112
Normal: -0 0 1
UV: 0.16177 0.524164

Position: 3.6604 -1.3411e-007 6.46112
Normal: -0 0 1
UV: 0.16177 0.524164

Position: -2.10307 10.2909 5.42942
Normal: 1 0 0
UV: 0.700536 0.516292

Position: -2.10307 11.2909 5.42942
Normal: 1 0 0
UV: 0.700536 0.57687

Position: -2.10307 11.2909 4.93436
Normal: 1 0 0
UV: 0.731534 0.57687

Position: -2.10307 10.2909 4.93436
Normal: 1 0 0
UV: 0.731534 0.516292

Position: -3.52598 10.2909 4.93436
Normal: -0 0 -1
UV: 0.734723 0.500553

Position: -2.10307 10.2909 4.93436
Normal: -0 0 -1
UV: 0.734723 0.577746

Position: -3.52598 11.2909 4.93436
Normal: -0 0 -1
UV: 0.790797 0.500553

Position: -2.10307 11.2909 4.93436
Normal: -0 0 -1
UV: 0.790797 0.577746

Position: -3.52598 11.2909 5.42942
Normal: -1 0 0
UV: 0.731534 0.57687

Position: -3.52598 10.2909 5.42942
Normal: -1 0 0
UV: 0.731534 0.516292

Position: -3.52598 10.2909 4.93436
Normal: -1 0 0
UV: 0.700536 0.516292

Position: -3.52598 11.2909 4.93436
Normal: -1 0 0
UV: 0.700536 0.57687

Position: -2.10307 11.2909 5.42942
Normal: -0 1 0
UV: 0.680157 0.503945

Position: -3.52598 11.2909 5.42942
Normal: -0 1 0
UV: 0.680157 0.574735

Position: -3.52598 11.2909 4.93436
Normal: -0 1 0
UV: 0.696554 0.574735

Position: -2.10307 11.2909 4.93436
Normal: -0 1 0
UV: 0.696554 0.503945

Position: -2.10307 11.2909 5.42942
Normal: -0 0 1
UV: 0.731133 0.576457

Position: -2.10307 10.2909 5.42942
Normal: -0 0 1
UV: 0.731133 0.54589

Position: -3.52598 11.2909 5.42942
Normal: -0 0 1
UV: 0.700254 0.576457

Position: -3.52598 10.2909 5.42942
Normal: -0 0 1
UV: 0.700254 0.54589

Position: 4.95554 5.12133 6.18717
Normal: 1 -1.71377e-005 7.09559e-007
UV: 0.367363 0.559529

Position: 4.95548 1.17007 -2.6987
Normal: 1 -1.03216e-005 -2.17333e-006
UV: 0.367363 0.559529

Position: 4.95548 1.17007 6.18717
Normal: 1 -1.03216e-005 -2.17333e-006
UV: 0.367363 0.559529

Position: 4.9555 5.12133 -2.6987
Normal: 1 -1.71377e-005 7.09559e-007
UV: 0.367363 0.559529

Position: 4.95558 10.82 6.18717
Normal: 1 0 0
UV: 0.203315 0.561767

Position: 4.95558 10.82 -2.6987
Normal: 1 0 0
UV: 0.203315 0.552203

Position: 4.95558 10.4435 6.18717
Normal: 1 0 0
UV: 0.203675 0.561767

Position: 4.95558 10.4435 -2.6987
Normal: 1 0 0
UV: 0.203675 0.552203

Position: 4.95558 10.4435 -3.38083
Normal: 1 0 0
UV: 0.199086 0.555954

Position: 4.95558 10.4435 -2.6987
Normal: 1 0 0
UV: 0.199086 0.555954

Position: 4.95558 10.82 -2.6987
Normal: 1 0 0
UV: 0.199086 0.555954

Position: 4.95558 10.82 -3.38083
Normal: 1 0 0
UV: 0.199086 0.555954

Position: 4.66024 10.3106 6.00475
Normal: -1 0 0
UV: 0.167579 0.519943

Position: 4.66024 10.3106 -2.51629
Normal: -1 0 0
UV: 0.167579 0.519943

Position: 4.66024 10.82 6.00475
Normal: -1 0 0
UV: 0.167579 0.519943

Position: 4.66024 10.82 -2.51629
Normal: -1 0 0
UV: 0.167579 0.519943

Position: 5.19972 0.333437 6.46112
Normal: 1 0 0
UV: 0.16177 0.524164

Position: 5.19972 0.333437 -2.97266
Normal: 1 0 0
UV: 0.16177 0.524164

Position: 5.19972 0 6.46112
Normal: 1 0 0
UV: 0.16177 0.524164

Position: 5.19972 0 -2.97266
Normal: 1 0 0
UV: 0.16177 0.524164

Position: 4.95558 10.4435 6.18717
Normal: 1 0 0
UV: 0.367363 0.559529

Position: 4.95558 10.4435 -2.6987
Normal: 1 0 0
UV: 0.367363 0.559529

Position: -4.39779 7.85175 -2.6987
Normal: 1.08044e-007 0 -1
UV: 0.472172 0.559258

Position: -4.95558 10.4435 -2.6987
Normal: -2.92179e-008 0 -1
UV: 0.472172 0.559258

Position: -4.39779 9.06293 -2.6987
Normal: -0 0 -1
UV: 0.472172 0.559258

Position: -4.39779 7.68407 -2.6987
Normal: 1.08044e-007 0 -1
UV: 0.472172 0.559258

Position: 1.38733 6.47289 -2.6987
Normal: 4.82484e-009 0 -1
UV: 0.472172 0.559258

Position: 2.11568 6.47289 -2.6987
Normal: 9.94905e-009 0 -1
UV: 0.472172 0.559258

Position: 2.11568 7.68407 -2.6987
Normal: 2.70267e-007 0 -1
UV: 0.472172 0.559258

Position: 1.38733 7.68407 -2.6987
Normal: 2.70267e-007 0 -1
UV: 0.472172 0.559258

Position: 3.25346 6.47289 -2.6987
Normal: -0 0 -1
UV: 0.472172 0.559258

Position: 3.5063 6.47289 -2.6987
Normal: -0 0 -1
UV: 0.472172 0.559258

Position: 4.64407 6.47289 -2.6987
Normal: -0 0 -1
UV: 0.472172 0.559258

Position: 4.95548 1.17007 6.18717
Normal: 1 -2.25775e-005 0
UV: 0.273474 0.55775

Position: 4.95546 0.333437 -2.6987
Normal: 1 -1.71377e-005 7.09559e-007
UV: 0.273474 0.55775

Position: 4.95546 0.333437 6.18717
Normal: 1 -1.71377e-005 7.09559e-007
UV: 0.273474 0.55775

Position: 4.95548 1.17007 -2.6987
Normal: 1 -2.25775e-005 0
UV: 0.273474 0.55775

Position: 4.64407 7.68407 -2.6987
Normal: -3.86973e-007 0 -1
UV: 0.472172 0.559258

Position: 4.64407 7.85175 -2.6987
Normal: -3.86973e-007 0 -1
UV: 0.472172 0.559258

Position: 4.95558 10.4435 -2.6987
Normal: -0 0 -1
UV: 0.472172 0.559258

Position: 4.64407 9.06293 -2.6987
Normal: 2.16028e-008 0 -1
UV: 0.472172 0.559258

Position: -1.14105 7.68407 -2.6987
Normal: 2.70267e-007 0 -1
UV: 0.472172 0.559258

Position: -1.14105 6.47289 -2.6987
Normal: -0 0 -1
UV: 0.472172 0.559258

Position: -1.8694 7.68407 -2.6987
Normal: 2.70267e-007 0 -1
UV: 0.472172 0.559258

Position: 1.04237 0.333437 -2.97266
Normal: -1 0 0
UV: 0.167814 0.519914

Position: 1.04237 0 -2.97266
Normal: -1 0 0
UV: 0.167814 0.525631

Position: 1.04237 0 -3.12838
Normal: -1 0 0
UV: 0.170484 0.525631

Position: 1.04237 0.333437 -3.12838
Normal: -1 0 0
UV: 0.170484 0.519914

Position: 3.88007 0.333437 -3.12838
Normal: -0 0 -1
UV: 0.198326 0.523148

Position: 1.04237 0 -3.12838
Normal: -0 0 -1
UV: 0.21014 0.52176

Position: 3.88007 0 -3.12838
Normal: -0 0 -1
UV: 0.198326 0.52176

Position: 1.04237 0.333437 -3.12838
Normal: -0 0 -1
UV: 0.21014 0.523148

Position: 3.88007 0 -2.97266
Normal: 1 0 0
UV: 0.171289 0.525527

Position: 3.88007 0.333437 -2.97266
Normal: 1 0 0
UV: 0.171289 0.51981

Position: 3.88007 0.333437 -3.12838
Normal: 1 0 0
UV: 0.168619 0.51981

Position: 3.88007 0 -3.12838
Normal: 1 0 0
UV: 0.168619 0.525527

Position: 1.04237 0.333437 -2.16592
Normal: -0 1 1.2816e-008
UV: 0.242751 0.523897

Position: 3.88007 0.333437 -2.6987
Normal: -0 1 1.2816e-008
UV: 0.230937 0.521679

Position: 3.88007 0.333437 -2.16592
Normal: -0 1 1.2816e-008
UV: 0.230937 0.523897

Position: 1.04237 0.333437 -2.6987
Normal: -0 1 1.2816e-008
UV: 0.242751 0.521679

Position: -0.00327934 9.06293 -2.6987
Normal: -0 0 -1
UV: 0.472172 0.559258

Position: 1.38733 9.06293 -2.6987
Normal: 4.39941e-009 0 -1
UV: 0.472172 0.559258

Position: 2.11568 9.06293 -2.6987
Normal: 9.07175e-009 0 -1
UV: 0.472172 0.559258

Position: -1.14105 9.06293 -2.6987
Normal: -0 0 -1
UV: 0.472172 0.559258

Position: 0.24956 9.06293 -2.6987
Normal: -0 0 -1
UV: 0.472172 0.559258

Position: 3.5063 9.06293 -2.6987
Normal: -0 0 -1
UV: 0.472172 0.559258

Position: 3.25346 9.06293 -2.6987
Normal: -0 0 -1
UV: 0.472172 0.559258

Position: -1.8694 9.06293 -2.6987
Normal: -0 0 -1
UV: 0.472172 0.559258

Position: -3.26002 9.06293 -2.6987
Normal: -0 0 -1
UV: 0.472172 0.559258

Position: -3.00718 9.06293 -2.6987
Normal: -0 0 -1
UV: 0.472172 0.559258

Position: 0.347922 3.64656 -2.82569
Normal: -0 -1 0
UV: 0.0472882 0.829054

Position: -4.31721 3.64656 -4.3179
Normal: -0 -1 0
UV: 0.0442762 0.831121

Position: -4.31721 3.64656 -2.82569
Normal: -0 -1 0
UV: 0.0472882 0.831121

Position: 0.347922 3.64656 -4.3179
Normal: -0 -1 0
UV: 0.0442762 0.829054

Position: -0.762968 3.64656 -4.44488
Normal: -0 0 -1
UV: 0.297323 0.830494

Position: -1.66306 4.03226 -4.44488
Normal: -0 0 -1
UV: 0.299395 0.829578

Position: -1.66306 3.64656 -4.44488
Normal: -0 0 -1
UV: 0.297323 0.829578

Position: -0.762968 4.03226 -4.44488
Normal: -0 0 -1
UV: 0.299395 0.830494

Position: -3.20632 3.64656 -4.44488
Normal: -0 0 -1
UV: 0.42794 0.527161

Position: -3.81716 4.03226 -4.44488
Normal: -0 0 -1
UV: 0.425292 0.527542

Position: -3.81716 3.64656 -4.44488
Normal: -0 0 -1
UV: 0.42794 0.527542

Position: -3.20632 4.03226 -4.44488
Normal: -0 0 -1
UV: 0.425292 0.527161

Position: -0.762968 4.03226 -4.44488
Normal: -0 0.912291 -0.409542
UV: 0.361028 0.830759

Position: -0.762968 4.81614 -2.6987
Normal: -0 0.912291 -0.409542
UV: 0.361028 0.830122

Position: -1.66306 4.81614 -2.6987
Normal: -0 0.912291 -0.409542
UV: 0.359297 0.830122

Position: -1.66306 4.03226 -4.44488
Normal: -0 0.912291 -0.409542
UV: 0.359297 0.830759

Position: -3.20632 4.03226 -4.44488
Normal: -0 0.912291 -0.409542
UV: 0.413354 0.526796

Position: -3.20632 4.81614 -2.6987
Normal: -0 0.912291 -0.409542
UV: 0.413354 0.527475

Position: -3.81716 4.81614 -2.6987
Normal: -0 0.912291 -0.409542
UV: 0.415963 0.527475

Position: -3.81716 4.03226 -4.44488
Normal: -0 0.912291 -0.409542
UV: 0.415963 0.526796

Position: -4.428 3.64656 -2.6987
Normal: -1 0 0
UV: 0.224637 0.829456

Position: -4.428 4.03226 -4.44488
Normal: -1 0 0
UV: 0.227059 0.831534

Position: -4.428 4.81614 -2.6987
Normal: -1 0 0
UV: 0.231982 0.829456

Position: -4.428 3.64656 -4.44488
Normal: -1 0 0
UV: 0.224637 0.831534

Position: 0.45871 3.64656 -2.6987
Normal: 1 0 0
UV: 0.237926 0.828829

Position: 0.45871 4.03226 -4.44488
Normal: 1 0 0
UV: 0.235504 0.830907

Position: 0.45871 3.64656 -4.44488
Normal: 1 0 0
UV: 0.237926 0.830907

Position: 0.45871 4.81614 -2.6987
Normal: 1 0 0
UV: 0.230581 0.828829

Position: -2.30623 3.64656 -4.44488
Normal: -0 0 -1
UV: 0.295211 0.830494

Position: -3.20632 4.03226 -4.44488
Normal: -0 0 -1
UV: 0.297282 0.829578

Position: -3.20632 3.64656 -4.44488
Normal: -0 0 -1
UV: 0.295211 0.829578

Position: -2.30623 4.03226 -4.44488
Normal: -0 0 -1
UV: 0.297282 0.830494

Position: -2.30623 4.03226 -4.44488
Normal: -0 0.912291 -0.409542
UV: 0.359256 0.830759

Position: -2.30623 4.81614 -2.6987
Normal: -0 0.912291 -0.409542
UV: 0.359256 0.830122

Position: -3.20632 4.81614 -2.6987
Normal: -0 0.912291 -0.409542
UV: 0.357526 0.830122

Position: -3.20632 4.03226 -4.44488
Normal: -0 0.912291 -0.409542
UV: 0.357526 0.830759

Position: -4.428 4.81614 -2.6987
Normal: -0 0.912291 -0.409542
UV: 0.356321 0.830122

Position: -4.428 4.03226 -4.44488
Normal: -0 0.912291 -0.409542
UV: 0.356321 0.830759

Position: -3.81716 4.81614 -2.6987
Normal: -0 0.912291 -0.409542
UV: 0.357496 0.830122

Position: -3.81716 4.03226 -4.44488
Normal: -0 0.912291 -0.409542
UV: 0.357496 0.830759

Position: -3.81716 3.64656 -4.44488
Normal: -0 0 -1
UV: 0.293098 0.830196

Position: -3.81716 4.03226 -4.44488
Normal: -0 0 -1
UV: 0.295169 0.830196

Position: -4.428 3.64656 -4.44488
Normal: -0 0 -1
UV: 0.293098 0.829575

Position: -4.428 4.03226 -4.44488
Normal: -0 0 -1
UV: 0.295169 0.829575

Position: -1.66306 3.64656 -4.44488
Normal: -0 0 -1
UV: 0.425259 0.527489

Position: -2.30623 4.03226 -4.44488
Normal: -0 0 -1
UV: 0.422611 0.528458

Position: -2.30623 3.64656 -4.44488
Normal: -0 0 -1
UV: 0.425259 0.528458

Position: -1.66306 4.03226 -4.44488
Normal: -0 0 -1
UV: 0.422611 0.527489

Position: -1.66306 4.03226 -4.44488
Normal: 3.10375e-007 0.912291 -0.409542
UV: 0.416021 0.526796

Position: -1.66306 4.81614 -2.6987
Normal: 3.10375e-007 0.912291 -0.409542
UV: 0.416021 0.527475

Position: -2.30623 4.81614 -2.6987
Normal: 3.10375e-007 0.912291 -0.409542
UV: 0.418768 0.527475

Position: -2.30623 4.03226 -4.44488
Normal: 3.10375e-007 0.912291 -0.409542
UV: 0.418768 0.526796

Position: -0.152129 3.64656 -4.44488
Normal: -0 0 -1
UV: 0.42794 0.527539

Position: -0.762968 4.03226 -4.44488
Normal: -0 0 -1
UV: 0.425292 0.52846

Position: -0.762968 3.64656 -4.44488
Normal: -0 0 -1
UV: 0.42794 0.52846

Position: -0.152129 4.03226 -4.44488
Normal: -0 0 -1
UV: 0.425292 0.527539

Position: -0.152129 4.03226 -4.44488
Normal: -0 0.912291 -0.409542
UV: 0.418817 0.526796

Position: -0.152129 4.81614 -2.6987
Normal: -0 0.912291 -0.409542
UV: 0.418817 0.527475

Position: -0.762968 4.81614 -2.6987
Normal: -0 0.912291 -0.409542
UV: 0.421426 0.527475

Position: -0.762968 4.03226 -4.44488
Normal: -0 0.912291 -0.409542
UV: 0.421426 0.526796

Position: 0.45871 3.64656 -4.44488
Normal: -0 0 -1
UV: 0.293098 0.830826

Position: -0.152129 4.03226 -4.44488
Normal: -0 0 -1
UV: 0.295169 0.830204

Position: -0.152129 3.64656 -4.44488
Normal: -0 0 -1
UV: 0.293098 0.830204

Position: 0.45871 4.03226 -4.44488
Normal: -0 0 -1
UV: 0.295169 0.830826

Position: 0.45871 4.03226 -4.44488
Normal: -0 0.912291 -0.409542
UV: 0.361028 0.831401

Position: 0.45871 4.81614 -2.6987
Normal: -0 0.912291 -0.409542
UV: 0.361028 0.830765

Position: -0.152129 4.81614 -2.6987
Normal: -0 0.912291 -0.409542
UV: 0.359853 0.830765

Position: -0.152129 4.03226 -4.44488
Normal: -0 0.912291 -0.409542
UV: 0.359853 0.831401

Position: -4.428 3.64656 -2.6987
Normal: -0 -1 0
UV: 0.23166 0.83049

Position: -4.31721 3.64656 -4.3179
Normal: -0 -1 0
UV: 0.22843 0.83049

Position: -4.428 3.64656 -4.44488
Normal: -0 -1 0
UV: 0.22843 0.83049

Position: -4.31721 3.64656 -2.82569
Normal: -0 -1 0
UV: 0.23166 0.83049

Position: 0.45871 3.64656 -2.6987
Normal: -0 -1 0
UV: 0.23166 0.829668

Position: 0.45871 3.64656 -4.44488
Normal: -0 -1 0
UV: 0.22843 0.829668

Position: 0.347922 3.64656 -4.3179
Normal: -0 -1 0
UV: 0.22843 0.829668

Position: 0.347922 3.64656 -2.82569
Normal: -0 -1 0
UV: 0.23166 0.829668

Position: -0.152129 3.64656 -4.44488
Normal: -0 -1 0
UV: 0.22843 0.829771

Position: -0.762968 3.64656 -4.44488
Normal: -0 -1 0
UV: 0.22843 0.829873

Position: -1.66306 3.64656 -4.44488
Normal: -0 -1 0
UV: 0.22843 0.829976

Position: -3.20632 3.64656 -4.44488
Normal: -0 -1 0
UV: 0.22843 0.830285

Position: -3.81716 3.64656 -4.44488
Normal: -0 -1 0
UV: 0.22843 0.830387

Position: -2.30623 3.64656 -4.44488
Normal: -0 -1 0
UV: 0.22843 0.830182

Position: 3.5063 6.47289 -2.6987
Normal: -0 0 -1
UV: 0.120398 0.256115

Position: 3.5063 7.68407 -2.6987
Normal: -0 0 -1
UV: 0.120398 0.256261

Position: 3.25346 6.47289 -2.6987
Normal: -0 0 -1
UV: 0.168143 0.256115

Position: 3.25346 7.68407 -2.6987
Normal: -0 0 -1
UV: 0.168143 0.256261

Position: 0.24956 6.47289 -2.6987
Normal: -0 0 -1
UV: 0.120398 0.256115

Position: -0.00327934 7.68407 -2.6987
Normal: -0 0 -1
UV: 0.168143 0.256261

Position: -0.00327934 6.47289 -2.6987
Normal: -0 0 -1
UV: 0.168143 0.256115

Position: 0.24956 7.68407 -2.6987
Normal: -0 0 -1
UV: 0.120398 0.256261

Position: -3.00718 6.47289 -2.6987
Normal: -0 0 -1
UV: 0.120398 0.259844

Position: -1.8694 6.47289 -2.6987
Normal: -0 0 -1
UV: 0.0965248 0.259844

Position: -3.00718 7.68407 -2.6987
Normal: -0 0 -1
UV: 0.120398 0.224332

Position: -1.8694 7.68407 -2.6987
Normal: -0 0 -1
UV: 0.0965248 0.224332

Position: -1.14105 6.47289 -2.6987
Normal: 9.94905e-009 0 -1
UV: 0.192016 0.259844

Position: -0.00327934 6.47289 -2.6987
Normal: -1.73011e-007 0 -1
UV: 0.168143 0.259844

Position: -1.14105 7.68407 -2.6987
Normal: -1.73011e-007 0 -1
UV: 0.192016 0.224332

Position: -0.00327934 7.68407 -2.6987
Normal: -1.73011e-007 0 -1
UV: 0.168143 0.224332

Position: -0.00327934 6.47289 -2.6987
Normal: -0 0 -1
UV: 0.472172 0.559258

Position: 0.24956 6.47289 -2.6987
Normal: -0 0 -1
UV: 0.472172 0.559258

Position: 2.11568 6.47289 -2.6987
Normal: 9.94905e-009 0 -1
UV: 0.192016 0.259844

Position: 3.25346 6.47289 -2.6987
Normal: -1.73011e-007 0 -1
UV: 0.168143 0.259844

Position: 2.11568 7.68407 -2.6987
Normal: -1.73011e-007 0 -1
UV: 0.192016 0.224332

Position: 3.25346 7.68407 -2.6987
Normal: -1.73011e-007 0 -1
UV: 0.168143 0.224332

Position: -3.26002 7.68407 -2.6987
Normal: -0 0 -1
UV: 0.168143 0.256261

Position: -3.26002 6.47289 -2.6987
Normal: -0 0 -1
UV: 0.168143 0.256115

Position: -3.00718 6.47289 -2.6987
Normal: -0 0 -1
UV: 0.120398 0.256115

Position: -3.00718 7.68407 -2.6987
Normal: -0 0 -1
UV: 0.120398 0.256261

Position: 0.24956 6.47289 -2.6987
Normal: -0 0 -1
UV: 0.120398 0.259844

Position: 1.38733 6.47289 -2.6987
Normal: -0 0 -1
UV: 0.0965248 0.259844

Position: 0.24956 7.68407 -2.6987
Normal: -0 0 -1
UV: 0.120398 0.224332

Position: 1.38733 7.68407 -2.6987
Normal: -0 0 -1
UV: 0.0965248 0.224332

Position: 3.5063 6.47289 -2.6987
Normal: -0 0 -1
UV: 0.120398 0.259844

Position: 4.64407 6.47289 -2.6987
Normal: -0 0 -1
UV: 0.0965248 0.259844

Position: 3.5063 7.68407 -2.6987
Normal: -0 0 -1
UV: 0.120398 0.224332

Position: 4.64407 7.68407 -2.6987
Normal: -0 0 -1
UV: 0.0965248 0.224332

Position: -4.39779 6.47289 -2.6987
Normal: 9.94905e-009 0 -1
UV: 0.192016 0.259844

Position: -3.26002 6.47289 -2.6987
Normal: -1.73011e-007 0 -1
UV: 0.168143 0.259844

Position: -4.39779 7.68407 -2.6987
Normal: -1.73011e-007 0 -1
UV: 0.192016 0.224332

Position: -3.26002 7.68407 -2.6987
Normal: -1.73011e-007 0 -1
UV: 0.168143 0.224332

Position: 4.64407 7.68407 -2.6987
Normal: -0 0 -1
UV: 0.152818 0.258255

Position: 3.5063 7.85175 -2.6987
Normal: -0 0 -1
UV: 0.150229 0.257874

Position: 3.5063 7.68407 -2.6987
Normal: -0 0 -1
UV: 0.150229 0.258255

Position: 4.64407 7.85175 -2.6987
Normal: -0 0 -1
UV: 0.152818 0.257874

Position: 3.25346 7.85175 -2.6987
Normal: 1.26017e-007 0 -1
UV: 0.149653 0.257874

Position: 3.25346 7.68407 -2.6987
Normal: 1.26017e-007 0 -1
UV: 0.149653 0.258255

Position: 2.11568 7.85175 -2.6987
Normal: -0 0 -1
UV: 0.147064 0.257874

Position: 2.11568 7.68407 -2.6987
Normal: -0 0 -1
UV: 0.147064 0.258255

Position: 2.11568 7.85175 -2.6987
Normal: -0 0 -1
UV: 0.472172 0.559258

Position: 1.38733 7.85175 -2.6987
Normal: -0 0 -1
UV: 0.472172 0.559258

Position: 1.38733 7.68407 -2.6987
Normal: -0 0 -1
UV: 0.145407 0.258255

Position: 0.24956 7.85175 -2.6987
Normal: -0 0 -1
UV: 0.142818 0.257874

Position: 0.24956 7.68407 -2.6987
Normal: -0 0 -1
UV: 0.142818 0.258255

Position: 1.38733 7.85175 -2.6987
Normal: -0 0 -1
UV: 0.145407 0.257874

Position: -0.00327934 7.85175 -2.6987
Normal: 1.26017e-007 0 -1
UV: 0.142242 0.257874

Position: -0.00327934 7.68407 -2.6987
Normal: 1.26017e-007 0 -1
UV: 0.142242 0.258255

Position: -1.14105 7.85175 -2.6987
Normal: -0 0 -1
UV: 0.139653 0.257874

Position: -1.14105 7.68407 -2.6987
Normal: -0 0 -1
UV: 0.139653 0.258255

Position: -1.14105 7.85175 -2.6987
Normal: -0 0 -1
UV: 0.472172 0.559258

Position: -1.8694 7.85175 -2.6987
Normal: -0 0 -1
UV: 0.472172 0.559258

Position: -1.8694 7.85175 -2.6987
Normal: -0 0 -1
UV: 0.137995 0.257874

Position: -3.00718 7.68407 -2.6987
Normal: -0 0 -1
UV: 0.135406 0.258255

Position: -1.8694 7.68407 -2.6987
Normal: -0 0 -1
UV: 0.137995 0.258255

Position: -3.00718 7.85175 -2.6987
Normal: -0 0 -1
UV: 0.135406 0.257874

Position: -3.26002 7.85175 -2.6987
Normal: -0 0 -1
UV: 0.134831 0.257874

Position: -3.26002 7.68407 -2.6987
Normal: -0 0 -1
UV: 0.134831 0.258255

Position: -4.39779 7.85175 -2.6987
Normal: -0 0 -1
UV: 0.132242 0.257874

Position: -4.39779 7.68407 -2.6987
Normal: -0 0 -1
UV: 0.132242 0.258255

Position: 4.64407 7.85175 -2.6987
Normal: -0 0 -1
UV: 0.0965248 0.153308

Position: 3.5063 9.06293 -2.6987
Normal: -0 0 -1
UV: 0.120398 0.117796

Position: 3.5063 7.85175 -2.6987
Normal: -0 0 -1
UV: 0.120398 0.153308

Position: 4.64407 9.06293 -2.6987
Normal: -0 0 -1
UV: 0.0965248 0.117796

Position: 3.5063 7.85175 -2.6987
Normal: -0 0 -1
UV: 0.120398 0.256554

Position: 3.25346 9.06293 -2.6987
Normal: -0 0 -1
UV: 0.168143 0.2567

Position: 3.25346 7.85175 -2.6987
Normal: -0 0 -1
UV: 0.168143 0.256554

Position: 3.5063 9.06293 -2.6987
Normal: -0 0 -1
UV: 0.120398 0.2567

Position: 3.25346 7.85175 -2.6987
Normal: 1.73011e-007 0 -1
UV: 0.168143 0.153308

Position: 2.11568 9.06293 -2.6987
Normal: 9.07175e-009 0 -1
UV: 0.192016 0.117796

Position: 2.11568 7.85175 -2.6987
Normal: 1.73011e-007 0 -1
UV: 0.192016 0.153308

Position: 3.25346 9.06293 -2.6987
Normal: 1.73011e-007 0 -1
UV: 0.168143 0.117796

Position: 1.38733 7.85175 -2.6987
Normal: -0 0 -1
UV: 0.0965248 0.153308

Position: 0.24956 9.06293 -2.6987
Normal: -0 0 -1
UV: 0.120398 0.117796

Position: 0.24956 7.85175 -2.6987
Normal: -0 0 -1
UV: 0.120398 0.153308

Position: 1.38733 9.06293 -2.6987
Normal: -0 0 -1
UV: 0.0965248 0.117796

Position: 0.24956 7.85175 -2.6987
Normal: -0 0 -1
UV: 0.120398 0.256554

Position: -0.00327934 9.06293 -2.6987
Normal: -0 0 -1
UV: 0.168143 0.2567

Position: -0.00327934 7.85175 -2.6987
Normal: -0 0 -1
UV: 0.168143 0.256554

Position: 0.24956 9.06293 -2.6987
Normal: -0 0 -1
UV: 0.120398 0.2567

Position: -0.00327934 7.85175 -2.6987
Normal: 1.73011e-007 0 -1
UV: 0.168143 0.153308

Position: -1.14105 9.06293 -2.6987
Normal: 9.07175e-009 0 -1
UV: 0.192016 0.117796

Position: -1.14105 7.85175 -2.6987
Normal: 1.73011e-007 0 -1
UV: 0.192016 0.153308

Position: -0.00327934 9.06293 -2.6987
Normal: 1.73011e-007 0 -1
UV: 0.168143 0.117796

Position: -1.8694 7.85175 -2.6987
Normal: -0 0 -1
UV: 0.0965248 0.153308

Position: -3.00718 9.06293 -2.6987
Normal: -0 0 -1
UV: 0.120398 0.117796

Position: -3.00718 7.85175 -2.6987
Normal: -0 0 -1
UV: 0.120398 0.153308

Position: -1.8694 9.06293 -2.6987
Normal: -0 0 -1
UV: 0.0965248 0.117796

Position: -3.00718 7.85175 -2.6987
Normal: -0 0 -1
UV: 0.120398 0.256554

Position: -3.26002 9.06293 -2.6987
Normal: -0 0 -1
UV: 0.168143 0.2567

Position: -3.26002 7.85175 -2.6987
Normal: -0 0 -1
UV: 0.168143 0.256554

Position: -3.00718 9.06293 -2.6987
Normal: -0 0 -1
UV: 0.120398 0.2567

Position: -3.26002 7.85175 -2.6987
Normal: 1.73011e-007 0 -1
UV: 0.168143 0.153308

Position: -4.39779 9.06293 -2.6987
Normal: 9.07175e-009 0 -1
UV: 0.192016 0.117796

Position: -4.39779 7.85175 -2.6987
Normal: 1.73011e-007 0 -1
UV: 0.192016 0.153308

Position: -3.26002 9.06293 -2.6987
Normal: 1.73011e-007 0 -1
UV: 0.168143 0.117796

Position: -1.77794 9.10631 -2.82569
Normal: -0 -1 0
UV: 0.0472882 0.829054

Position: -4.49173 9.10631 -3.52884
Normal: -0 -1 0
UV: 0.0442762 0.831121

Position: -4.49173 9.10631 -2.82569
Normal: -0 -1 0
UV: 0.0472882 0.831121

Position: -1.77794 9.10631 -3.52884
Normal: -0 -1 0
UV: 0.0442762 0.829054

Position: -1.68783 9.10631 -3.65582
Normal: -0 0 -1
UV: 0.297323 0.830494

Position: -2.39234 9.49201 -3.65582
Normal: -0 0 -1
UV: 0.299395 0.829578

Position: -2.39234 9.10631 -3.65582
Normal: -0 0 -1
UV: 0.297323 0.829578

Position: -1.68783 9.49201 -3.65582
Normal: -0 0 -1
UV: 0.299395 0.830494

Position: -3.61304 9.10631 -3.65582
Normal: -0 0 -1
UV: 0.42794 0.527161

Position: -4.0962 9.49201 -3.65582
Normal: -0 0 -1
UV: 0.425292 0.527542

Position: -4.0962 9.10631 -3.65582
Normal: -0 0 -1
UV: 0.42794 0.527542

Position: -3.61304 9.49201 -3.65582
Normal: -0 0 -1
UV: 0.425292 0.527161

Position: -1.68783 10.0515 -2.6987
Normal: -0 0.863299 -0.504693
UV: 0.361028 0.830122

Position: -2.39234 10.0515 -2.6987
Normal: -0 0.863299 -0.504693
UV: 0.359297 0.830122

Position: -1.68783 9.49201 -3.65582
Normal: -0 0.863299 -0.504693
UV: 0.361028 0.830759

Position: -2.39234 9.49201 -3.65582
Normal: -0 0.863299 -0.504693
UV: 0.359297 0.830759

Position: -3.61304 9.49201 -3.65582
Normal: -0 0.863298 -0.504694
UV: 0.413354 0.526796

Position: -3.61304 10.0515 -2.6987
Normal: -0 0.863298 -0.504694
UV: 0.413354 0.527475

Position: -4.0962 10.0515 -2.6987
Normal: -0 0.863298 -0.504694
UV: 0.415963 0.527475

Position: -4.0962 9.49201 -3.65582
Normal: -0 0.863298 -0.504694
UV: 0.415963 0.526796

Position: -4.57937 9.10631 -2.6987
Normal: -1 0 0
UV: 0.224637 0.829456

Position: -4.57937 9.49201 -3.65582
Normal: -1 0 0
UV: 0.227059 0.831534

Position: -4.57937 10.0515 -2.6987
Normal: -1 0 0
UV: 0.231982 0.829456

Position: -4.57937 9.10631 -3.65582
Normal: -1 0 0
UV: 0.224637 0.831534

Position: -1.68783 9.10631 -2.6987
Normal: 1 0 0
UV: 0.237926 0.828829

Position: -1.68783 9.49201 -3.65582
Normal: 1 0 0
UV: 0.235504 0.830907

Position: -1.68783 9.10631 -3.65582
Normal: 1 0 0
UV: 0.237926 0.830907

Position: -1.68783 10.0515 -2.6987
Normal: 1 0 0
UV: 0.230581 0.828829

Position: -2.90107 9.10631 -3.65582
Normal: -0 0 -1
UV: 0.295211 0.830494

Position: -3.61304 9.49201 -3.65582
Normal: -0 0 -1
UV: 0.297282 0.829578

Position: -3.61304 9.10631 -3.65582
Normal: -0 0 -1
UV: 0.295211 0.829578

Position: -2.90107 9.49201 -3.65582
Normal: -0 0 -1
UV: 0.297282 0.830494

Position: -2.90107 10.0515 -2.6987
Normal: -0 0.863298 -0.504694
UV: 0.359256 0.830122

Position: -3.61304 10.0515 -2.6987
Normal: -0 0.863298 -0.504694
UV: 0.357526 0.830122

Position: -2.90107 9.49201 -3.65582
Normal: -0 0.863298 -0.504694
UV: 0.359256 0.830759

Position: -3.61304 9.49201 -3.65582
Normal: -0 0.863298 -0.504694
UV: 0.357526 0.830759

Position: -4.57937 10.0515 -2.6987
Normal: -0 0.863298 -0.504694
UV: 0.356321 0.830122

Position: -4.57937 9.49201 -3.65582
Normal: -0 0.863298 -0.504694
UV: 0.356321 0.830759

Position: -4.0962 10.0515 -2.6987
Normal: -0 0.863298 -0.504694
UV: 0.357496 0.830122

Position: -4.0962 9.49201 -3.65582
Normal: -0 0.863298 -0.504694
UV: 0.357496 0.830759

Position: -4.0962 9.49201 -3.65582
Normal: -0 0 -1
UV: 0.295169 0.830196

Position: -4.57937 9.10631 -3.65582
Normal: -0 0 -1
UV: 0.293098 0.829575

Position: -4.0962 9.10631 -3.65582
Normal: -0 0 -1
UV: 0.293098 0.830196

Position: -4.57937 9.49201 -3.65582
Normal: -0 0 -1
UV: 0.295169 0.829575

Position: -2.39234 9.10631 -3.65582
Normal: -0 0 -1
UV: 0.425259 0.527489

Position: -2.90107 9.49201 -3.65582
Normal: -0 0 -1
UV: 0.422611 0.528458

Position: -2.90107 9.10631 -3.65582
Normal: -0 0 -1
UV: 0.425259 0.528458

Position: -2.39234 9.49201 -3.65582
Normal: -0 0 -1
UV: 0.422611 0.527489

Position: -2.39234 9.49201 -3.65582
Normal: 1.65297e-006 0.863299 -0.504694
UV: 0.416021 0.526796

Position: -2.39234 10.0515 -2.6987
Normal: 1.65297e-006 0.863299 -0.504694
UV: 0.416021 0.527475

Position: -2.90107 10.0515 -2.6987
Normal: 1.65297e-006 0.863298 -0.504694
UV: 0.418768 0.527475

Position: -2.90107 9.49201 -3.65582
Normal: 1.65297e-006 0.863299 -0.504694
UV: 0.418768 0.526796

Position: -4.57937 9.10631 -2.6987
Normal: -0 -1 0
UV: 0.23166 0.83049

Position: -4.49173 9.10631 -3.52884
Normal: -0 -1 0
UV: 0.22843 0.83049

Position: -4.57937 9.10631 -3.65582
Normal: -0 -1 0
UV: 0.22843 0.83049

Position: -4.49173 9.10631 -2.82569
Normal: -0 -1 0
UV: 0.23166 0.83049

Position: -1.68783 9.10631 -2.6987
Normal: -0 -1 0
UV: 0.23166 0.829668

Position: -1.68783 9.10631 -3.65582
Normal: -0 -1 0
UV: 0.22843 0.829771

Position: -1.77794 9.10631 -3.52884
Normal: -0 -1 0
UV: 0.22843 0.829668

Position: -1.77794 9.10631 -2.82569
Normal: -0 -1 0
UV: 0.23166 0.829668

Position: -2.90107 9.10631 -3.65582
Normal: -0 -1 0
UV: 0.22843 0.830182

Position: -2.39234 9.10631 -3.65582
Normal: -0 -1 0
UV: 0.22843 0.829976

Position: -3.61304 9.10631 -3.65582
Normal: -0 -1 0
UV: 0.22843 0.830285

Position: -4.0962 9.10631 -3.65582
Normal: -0 -1 0
UV: 0.22843 0.830387

Position: 1.4788 9.10631 -2.82569
Normal: -0 -1 0
UV: 0.0472882 0.829054

Position: -1.235 9.10631 -3.52884
Normal: -0 -1 0
UV: 0.0442762 0.831121

Position: -1.235 9.10631 -2.82569
Normal: -0 -1 0
UV: 0.0472882 0.831121

Position: 1.4788 9.10631 -3.52884
Normal: -0 -1 0
UV: 0.0442762 0.829054

Position: 1.56891 9.10631 -3.65582
Normal: -0 0 -1
UV: 0.297323 0.830494

Position: 0.864393 9.49201 -3.65582
Normal: -0 0 -1
UV: 0.299395 0.829578

Position: 0.864393 9.10631 -3.65582
Normal: -0 0 -1
UV: 0.297323 0.829578

Position: 1.56891 9.49201 -3.65582
Normal: -0 0 -1
UV: 0.299395 0.830494

Position: -0.356302 9.10631 -3.65582
Normal: -0 0 -1
UV: 0.42794 0.527161

Position: -0.839466 9.49201 -3.65582
Normal: -0 0 -1
UV: 0.425292 0.527542

Position: -0.839466 9.10631 -3.65582
Normal: -0 0 -1
UV: 0.42794 0.527542

Position: -0.356302 9.49201 -3.65582
Normal: -0 0 -1
UV: 0.425292 0.527161

Position: 1.56891 10.0515 -2.6987
Normal: -0 0.863299 -0.504693
UV: 0.361028 0.830122

Position: 0.864393 10.0515 -2.6987
Normal: -0 0.863299 -0.504693
UV: 0.359297 0.830122

Position: 1.56891 9.49201 -3.65582
Normal: -0 0.863299 -0.504693
UV: 0.361028 0.830759

Position: 0.864393 9.49201 -3.65582
Normal: -0 0.863299 -0.504693
UV: 0.359297 0.830759

Position: -0.356302 9.49201 -3.65582
Normal: -0 0.863298 -0.504694
UV: 0.413354 0.526796

Position: -0.356302 10.0515 -2.6987
Normal: -0 0.863298 -0.504694
UV: 0.413354 0.527475

Position: -0.839466 10.0515 -2.6987
Normal: -0 0.863298 -0.504694
UV: 0.415963 0.527475

Position: -0.839466 9.49201 -3.65582
Normal: -0 0.863298 -0.504694
UV: 0.415963 0.526796

Position: -1.32263 9.10631 -2.6987
Normal: -1 0 0
UV: 0.224637 0.829456

Position: -1.32263 9.49201 -3.65582
Normal: -1 0 0
UV: 0.227059 0.831534

Position: -1.32263 10.0515 -2.6987
Normal: -1 0 0
UV: 0.231982 0.829456

Position: -1.32263 9.10631 -3.65582
Normal: -1 0 0
UV: 0.224637 0.831534

Position: 1.56891 9.10631 -2.6987
Normal: 1 0 0
UV: 0.237926 0.828829

Position: 1.56891 9.49201 -3.65582
Normal: 1 0 0
UV: 0.235504 0.830907

Position: 1.56891 9.10631 -3.65582
Normal: 1 0 0
UV: 0.237926 0.830907

Position: 1.56891 10.0515 -2.6987
Normal: 1 0 0
UV: 0.230581 0.828829

Position: 0.355661 9.10631 -3.65582
Normal: -0 0 -1
UV: 0.295211 0.830494

Position: -0.356302 9.49201 -3.65582
Normal: -0 0 -1
UV: 0.297282 0.829578

Position: -0.356302 9.10631 -3.65582
Normal: -0 0 -1
UV: 0.295211 0.829578

Position: 0.355661 9.49201 -3.65582
Normal: -0 0 -1
UV: 0.297282 0.830494

Position: 0.355661 10.0515 -2.6987
Normal: -0 0.863298 -0.504694
UV: 0.359256 0.830122

Position: -0.356302 10.0515 -2.6987
Normal: -0 0.863298 -0.504694
UV: 0.357526 0.830122

Position: 0.355661 9.49201 -3.65582
Normal: -0 0.863298 -0.504694
UV: 0.359256 0.830759

Position: -0.356302 9.49201 -3.65582
Normal: -0 0.863298 -0.504694
UV: 0.357526 0.830759

Position: -1.32263 10.0515 -2.6987
Normal: -0 0.863298 -0.504694
UV: 0.356321 0.830122

Position: -1.32263 9.49201 -3.65582
Normal: -0 0.863298 -0.504694
UV: 0.356321 0.830759

Position: -0.839466 10.0515 -2.6987
Normal: -0 0.863298 -0.504694
UV: 0.357496 0.830122

Position: -0.839466 9.49201 -3.65582
Normal: -0 0.863298 -0.504694
UV: 0.357496 0.830759

Position: -0.839466 9.49201 -3.65582
Normal: -0 0 -1
UV: 0.295169 0.830196

Position: -1.32263 9.10631 -3.65582
Normal: -0 0 -1
UV: 0.293098 0.829575

Position: -0.839466 9.10631 -3.65582
Normal: -0 0 -1
UV: 0.293098 0.830196

Position: -1.32263 9.49201 -3.65582
Normal: -0 0 -1
UV: 0.295169 0.829575

Position: 0.864393 9.10631 -3.65582
Normal: -0 0 -1
UV: 0.425259 0.527489

Position: 0.355661 9.49201 -3.65582
Normal: -0 0 -1
UV: 0.422611 0.528458

Position: 0.355661 9.10631 -3.65582
Normal: -0 0 -1
UV: 0.425259 0.528458

Position: 0.864393 9.49201 -3.65582
Normal: -0 0 -1
UV: 0.422611 0.527489

Position: 0.864393 9.49201 -3.65582
Normal: 1.65297e-006 0.863299 -0.504693
UV: 0.416021 0.526796

Position: 0.864393 10.0515 -2.6987
Normal: 1.65297e-006 0.863299 -0.504693
UV: 0.416021 0.527475

Position: 0.355661 10.0515 -2.6987
Normal: 1.65297e-006 0.863299 -0.504693
UV: 0.418768 0.527475

Position: 0.355661 9.49201 -3.65582
Normal: 1.65297e-006 0.863299 -0.504693
UV: 0.418768 0.526796

Position: -1.32263 9.10631 -2.6987
Normal: -0 -1 0
UV: 0.23166 0.83049

Position: -1.235 9.10631 -3.52884
Normal: -0 -1 0
UV: 0.22843 0.83049

Position: -1.32263 9.10631 -3.65582
Normal: -0 -1 0
UV: 0.22843 0.83049

Position: -1.235 9.10631 -2.82569
Normal: -0 -1 0
UV: 0.23166 0.83049

Position: 1.56891 9.10631 -2.6987
Normal: -0 -1 0
UV: 0.23166 0.829668

Position: 1.56891 9.10631 -3.65582
Normal: -0 -1 0
UV: 0.22843 0.829771

Position: 1.4788 9.10631 -3.52884
Normal: -0 -1 0
UV: 0.22843 0.829668

Position: 1.4788 9.10631 -2.82569
Normal: -0 -1 0
UV: 0.23166 0.829668

Position: 0.355661 9.10631 -3.65582
Normal: -0 -1 5.35925e-006
UV: 0.22843 0.830182

Position: 0.864393 9.10631 -3.65582
Normal: -0 -1 5.35925e-006
UV: 0.22843 0.829976

Position: -0.356302 9.10631 -3.65582
Normal: -0 -1 5.35925e-006
UV: 0.22843 0.830285

Position: -0.839466 9.10631 -3.65582
Normal: -0 -1 5.35925e-006
UV: 0.22843 0.830387

Position: 4.73553 9.10631 -2.82569
Normal: -0 -1 0
UV: 0.0472882 0.829054

Position: 2.02174 9.10631 -3.52884
Normal: -0 -1 0
UV: 0.0442762 0.831121

Position: 2.02174 9.10631 -2.82569
Normal: -0 -1 0
UV: 0.0472882 0.831121

Position: 4.73553 9.10631 -3.52884
Normal: -0 -1 0
UV: 0.0442762 0.829054

Position: 4.82565 9.10631 -3.65582
Normal: -0 0 -1
UV: 0.297323 0.830494

Position: 4.12113 9.49201 -3.65582
Normal: -0 0 -1
UV: 0.299395 0.829578

Position: 4.12113 9.10631 -3.65582
Normal: -0 0 -1
UV: 0.297323 0.829578

Position: 4.82565 9.49201 -3.65582
Normal: -0 0 -1
UV: 0.299395 0.830494

Position: 2.90043 9.10631 -3.65582
Normal: -0 0 -1
UV: 0.42794 0.527161

Position: 2.41727 9.49201 -3.65582
Normal: -0 0 -1
UV: 0.425292 0.527542

Position: 2.41727 9.10631 -3.65582
Normal: -0 0 -1
UV: 0.42794 0.527542

Position: 2.90043 9.49201 -3.65582
Normal: -0 0 -1
UV: 0.425292 0.527161

Position: 4.82565 10.0515 -2.6987
Normal: -0 0.863299 -0.504693
UV: 0.361028 0.830122

Position: 4.12113 10.0515 -2.6987
Normal: -0 0.863299 -0.504693
UV: 0.359297 0.830122

Position: 4.82565 9.49201 -3.65582
Normal: -0 0.863299 -0.504693
UV: 0.361028 0.830759

Position: 4.12113 9.49201 -3.65582
Normal: -0 0.863299 -0.504693
UV: 0.359297 0.830759

Position: 2.90043 9.49201 -3.65582
Normal: -0 0.863298 -0.504694
UV: 0.413354 0.526796

Position: 2.90043 10.0515 -2.6987
Normal: -0 0.863298 -0.504694
UV: 0.413354 0.527475

Position: 2.41727 10.0515 -2.6987
Normal: -0 0.863298 -0.504694
UV: 0.415963 0.527475

Position: 2.41727 9.49201 -3.65582
Normal: -0 0.863298 -0.504694
UV: 0.415963 0.526796

Position: 1.93411 9.10631 -2.6987
Normal: -1 0 0
UV: 0.224637 0.829456

Position: 1.93411 9.49201 -3.65582
Normal: -1 0 0
UV: 0.227059 0.831534

Position: 1.93411 10.0515 -2.6987
Normal: -1 0 0
UV: 0.231982 0.829456

Position: 1.93411 9.10631 -3.65582
Normal: -1 0 0
UV: 0.224637 0.831534

Position: 4.82565 9.10631 -2.6987
Normal: 1 0 0
UV: 0.237926 0.828829

Position: 4.82565 9.49201 -3.65582
Normal: 1 0 0
UV: 0.235504 0.830907

Position: 4.82565 9.10631 -3.65582
Normal: 1 0 0
UV: 0.237926 0.830907

Position: 4.82565 10.0515 -2.6987
Normal: 1 0 0
UV: 0.230581 0.828829

Position: 3.6124 9.10631 -3.65582
Normal: -0 0 -1
UV: 0.295211 0.830494

Position: 2.90043 9.49201 -3.65582
Normal: -0 0 -1
UV: 0.297282 0.829578

Position: 2.90043 9.10631 -3.65582
Normal: -0 0 -1
UV: 0.295211 0.829578

Position: 3.6124 9.49201 -3.65582
Normal: -0 0 -1
UV: 0.297282 0.830494

Position: 3.6124 10.0515 -2.6987
Normal: -0 0.863298 -0.504694
UV: 0.359256 0.830122

Position: 2.90043 10.0515 -2.6987
Normal: -0 0.863298 -0.504694
UV: 0.357526 0.830122

Position: 3.6124 9.49201 -3.65582
Normal: -0 0.863298 -0.504694
UV: 0.359256 0.830759

Position: 2.90043 9.49201 -3.65582
Normal: -0 0.863298 -0.504694
UV: 0.357526 0.830759

Position: 1.93411 10.0515 -2.6987
Normal: -0 0.863299 -0.504693
UV: 0.356321 0.830122

Position: 1.93411 9.49201 -3.65582
Normal: -0 0.863299 -0.504693
UV: 0.356321 0.830759

Position: 2.41727 10.0515 -2.6987
Normal: -0 0.863299 -0.504693
UV: 0.357496 0.830122

Position: 2.41727 9.49201 -3.65582
Normal: -0 0.863299 -0.504693
UV: 0.357496 0.830759

Position: 2.41727 9.10631 -3.65582
Normal: -0 0 -1
UV: 0.293098 0.830196

Position: 2.41727 9.49201 -3.65582
Normal: -0 0 -1
UV: 0.295169 0.830196

Position: 1.93411 9.10631 -3.65582
Normal: -0 0 -1
UV: 0.293098 0.829575

Position: 1.93411 9.49201 -3.65582
Normal: -0 0 -1
UV: 0.295169 0.829575

Position: 4.12113 9.10631 -3.65582
Normal: -0 0 -1
UV: 0.425259 0.527489

Position: 3.6124 9.49201 -3.65582
Normal: -0 0 -1
UV: 0.422611 0.528458

Position: 3.6124 9.10631 -3.65582
Normal: -0 0 -1
UV: 0.425259 0.528458

Position: 4.12113 9.49201 -3.65582
Normal: -0 0 -1
UV: 0.422611 0.527489

Position: 4.12113 9.49201 -3.65582
Normal: 1.65297e-006 0.863299 -0.504693
UV: 0.416021 0.526796

Position: 4.12113 10.0515 -2.6987
Normal: 1.65297e-006 0.863299 -0.504693
UV: 0.416021 0.527475

Position: 3.6124 10.0515 -2.6987
Normal: 1.65297e-006 0.863299 -0.504693
UV: 0.418768 0.527475

Position: 3.6124 9.49201 -3.65582
Normal: 1.65297e-006 0.863299 -0.504693
UV: 0.418768 0.526796

Position: 1.93411 9.10631 -2.6987
Normal: -0 -1 0
UV: 0.23166 0.83049

Position: 2.02174 9.10631 -3.52884
Normal: -0 -1 0
UV: 0.22843 0.83049

Position: 1.93411 9.10631 -3.65582
Normal: -0 -1 0
UV: 0.22843 0.83049

Position: 2.02174 9.10631 -2.82569
Normal: -0 -1 0
UV: 0.23166 0.83049

Position: 4.82565 9.10631 -2.6987
Normal: -0 -1 0
UV: 0.23166 0.829668

Position: 4.82565 9.10631 -3.65582
Normal: -0 -1 0
UV: 0.22843 0.829771

Position: 4.73553 9.10631 -3.52884
Normal: -0 -1 0
UV: 0.22843 0.829668

Position: 4.73553 9.10631 -2.82569
Normal: -0 -1 0
UV: 0.23166 0.829668

Position: 3.6124 9.10631 -3.65582
Normal: -0 -1 1.07185e-005
UV: 0.22843 0.830182

Position: 4.12113 9.10631 -3.65582
Normal: -0 -1 1.07185e-005
UV: 0.22843 0.829976

Position: 2.90043 9.10631 -3.65582
Normal: -0 -1 1.07185e-005
UV: 0.22843 0.830285

Position: 2.41727 9.10631 -3.65582
Normal: -0 -1 1.07185e-005
UV: 0.22843 0.830387

Position: 1.49741 6.47289 -2.6987
Normal: -0 1 0
UV: 0.352929 0.562963

Position: -1.25113 6.47289 -2.6987
Normal: -0 1 0
UV: 0.36332 0.562963

Position: -1.25113 6.47289 -3.00323
Normal: -0 1 0
UV: 0.36332 0.552573

Position: 1.49741 6.47289 -3.00323
Normal: -0 1 0
UV: 0.352929 0.552573

Position: -1.25113 6.14511 -3.00323
Normal: -0 0 -1
UV: 0.239312 0.552199

Position: 1.49741 6.14511 -3.00323
Normal: -0 0 -1
UV: 0.228921 0.552199

Position: 1.49741 6.47289 -3.00323
Normal: -0 0 -1
UV: 0.228921 0.56259

Position: -1.25113 6.47289 -3.00323
Normal: -0 0 -1
UV: 0.239312 0.56259

Position: -1.25113 6.14511 -2.6987
Normal: -0 -1 0
UV: 0.0225353 0.551426

Position: 1.49741 6.14511 -2.6987
Normal: -0 -1 0
UV: 0.0121444 0.551426

Position: 1.49741 6.14511 -3.00323
Normal: -0 -1 0
UV: 0.0121444 0.561817

Position: -1.25113 6.14511 -3.00323
Normal: -0 -1 0
UV: 0.0225353 0.561817

Position: -1.25113 6.47289 -2.6987
Normal: -1 0 0
UV: 0.103394 0.552946

Position: -1.25113 6.14511 -2.6987
Normal: -1 0 0
UV: 0.103394 0.563337

Position: -1.25113 6.47289 -3.00323
Normal: -1 0 0
UV: 0.113785 0.552946

Position: -1.25113 6.14511 -3.00323
Normal: -1 0 0
UV: 0.113785 0.563337

Position: 1.49741 6.47289 -2.6987
Normal: 1 0 0
UV: 0.115878 0.551999

Position: 1.49741 6.14511 -3.00323
Normal: 1 0 0
UV: 0.105487 0.56239

Position: 1.49741 6.14511 -2.6987
Normal: 1 0 0
UV: 0.115878 0.56239

Position: 1.49741 6.47289 -3.00323
Normal: 1 0 0
UV: 0.105487 0.551999

Position: -1.75933 6.47289 -2.6987
Normal: -0 1 0
UV: 0.352929 0.562963

Position: -4.50786 6.47289 -2.6987
Normal: -0 1 0
UV: 0.36332 0.562963

Position: -4.50786 6.47289 -3.00323
Normal: -0 1 0
UV: 0.36332 0.552573

Position: -1.75933 6.47289 -3.00323
Normal: -0 1 0
UV: 0.352929 0.552573

Position: -4.50786 6.14511 -3.00323
Normal: -0 0 -1
UV: 0.239312 0.552199

Position: -1.75933 6.14511 -3.00323
Normal: -0 0 -1
UV: 0.228921 0.552199

Position: -1.75933 6.47289 -3.00323
Normal: -0 0 -1
UV: 0.228921 0.56259

Position: -4.50786 6.47289 -3.00323
Normal: -0 0 -1
UV: 0.239312 0.56259

Position: -4.50786 6.14511 -2.6987
Normal: -0 -1 0
UV: 0.0225353 0.551426

Position: -1.75933 6.14511 -2.6987
Normal: -0 -1 0
UV: 0.0121444 0.551426

Position: -1.75933 6.14511 -3.00323
Normal: -0 -1 0
UV: 0.0121444 0.561817

Position: -4.50786 6.14511 -3.00323
Normal: -0 -1 0
UV: 0.0225353 0.561817

Position: -4.50786 6.47289 -2.6987
Normal: -1 0 0
UV: 0.103394 0.552946

Position: -4.50786 6.14511 -2.6987
Normal: -1 0 0
UV: 0.103394 0.563337

Position: -4.50786 6.47289 -3.00323
Normal: -1 0 0
UV: 0.113785 0.552946

Position: -4.50786 6.14511 -3.00323
Normal: -1 0 0
UV: 0.113785 0.563337

Position: -1.75933 6.47289 -2.6987
Normal: 1 0 0
UV: 0.115878 0.551999

Position: -1.75933 6.14511 -3.00323
Normal: 1 0 0
UV: 0.105487 0.56239

Position: -1.75933 6.14511 -2.6987
Normal: 1 0 0
UV: 0.115878 0.56239

Position: -1.75933 6.47289 -3.00323
Normal: 1 0 0
UV: 0.105487 0.551999

Position: 2.00561 6.47289 -3.00323
Normal: -0 1 0
UV: 0.36332 0.552573

Position: 4.75414 6.47289 -2.6987
Normal: -0 1 0
UV: 0.352929 0.562963

Position: 2.00561 6.47289 -2.6987
Normal: -0 1 0
UV: 0.36332 0.562963

Position: 4.75414 6.47289 -3.00323
Normal: -0 1 0
UV: 0.352929 0.552573

Position: 2.00561 6.14511 -3.00323
Normal: -0 0 -1
UV: 0.239312 0.552199

Position: 4.75414 6.14511 -3.00323
Normal: -0 0 -1
UV: 0.228921 0.552199

Position: 4.75414 6.47289 -3.00323
Normal: -0 0 -1
UV: 0.228921 0.56259

Position: 2.00561 6.47289 -3.00323
Normal: -0 0 -1
UV: 0.239312 0.56259

Position: 2.00561 6.14511 -2.6987
Normal: -0 -1 0
UV: 0.0225353 0.551426

Position: 4.75414 6.14511 -2.6987
Normal: -0 -1 0
UV: 0.0121444 0.551426

Position: 4.75414 6.14511 -3.00323
Normal: -0 -1 0
UV: 0.0121444 0.561817

Position: 2.00561 6.14511 -3.00323
Normal: -0 -1 0
UV: 0.0225353 0.561817

Position: 2.00561 6.47289 -2.6987
Normal: -1 0 0
UV: 0.103394 0.552946

Position: 2.00561 6.14511 -2.6987
Normal: -1 0 0
UV: 0.103394 0.563337

Position: 2.00561 6.47289 -3.00323
Normal: -1 0 0
UV: 0.113785 0.552946

Position: 2.00561 6.14511 -3.00323
Normal: -1 0 0
UV: 0.113785 0.563337

Position: 4.75414 6.47289 -2.6987
Normal: 1 0 0
UV: 0.115878 0.551999

Position: 4.75414 6.14511 -3.00323
Normal: 1 0 0
UV: 0.105487 0.56239

Position: 4.75414 6.14511 -2.6987
Normal: 1 0 0
UV: 0.115878 0.56239

Position: 4.75414 6.47289 -3.00323
Normal: 1 0 0
UV: 0.105487 0.551999

Position: -3.23482 4.87592 -2.80493
Normal: -0 0 -1
UV: 0.690325 0.370764

Position: 3.23482 4.87592 -2.80493
Normal: -0 0 -1
UV: 0.917997 0.370764

Position: 3.23482 6.08856 -2.80493
Normal: -0 0 -1
UV: 0.917997 0.319964

Position: -3.23482 6.08856 -2.80493
Normal: -0 0 -1
UV: 0.690325 0.319964

Position: -3.23482 6.08856 -2.67089
Normal: -1 0 0
UV: 0.0853622 0.830291

Position: -3.23482 4.87592 -2.67089
Normal: -1 0 0
UV: 0.0853622 0.830591

Position: -3.23482 4.87592 -2.80493
Normal: -1 0 0
UV: 0.0855135 0.830591

Position: -3.23482 6.08856 -2.80493
Normal: -1 0 0
UV: 0.0855135 0.830291

Position: -3.23482 4.87592 -2.67089
Normal: -0 -1 0
UV: 0.0850855 0.830589

Position: 3.23482 4.87592 -2.67089
Normal: -0 -1 0
UV: 0.0850855 0.828867

Position: 3.23482 4.87592 -2.80493
Normal: -0 -1 0
UV: 0.0849342 0.828867

Position: -3.23482 4.87592 -2.80493
Normal: -0 -1 0
UV: 0.0849342 0.830589

Position: 3.23482 4.87592 -2.67089
Normal: 1 0 0
UV: 0.0857388 0.830591

Position: 3.23482 6.08856 -2.67089
Normal: 1 0 0
UV: 0.0857388 0.830291

Position: 3.23482 6.08856 -2.80493
Normal: 1 0 0
UV: 0.0855874 0.830291

Position: 3.23482 4.87592 -2.80493
Normal: 1 0 0
UV: 0.0855874 0.830591

Position: 3.23482 6.08856 -2.67089
Normal: -0 1 0
UV: 0.111301 0.831725

Position: -3.23482 6.08856 -2.67089
Normal: -0 1 0
UV: 0.113854 0.831725

Position: -3.23482 6.08856 -2.80493
Normal: -0 1 0
UV: 0.113854 0.829172

Position: 3.23482 6.08856 -2.80493
Normal: -0 1 0
UV: 0.111301 0.829172

Position: 3.23482 4.87592 -2.67089
Normal: -0 0 1
UV: 0.107304 0.894707

Position: -3.23482 6.08856 -2.67089
Normal: -0 0 1
UV: 0.112489 0.889522

Position: 3.23482 6.08856 -2.67089
Normal: -0 0 1
UV: 0.107304 0.889522

Position: -3.23482 4.87592 -2.67089
Normal: -0 0 1
UV: 0.112489 0.894707

Position: -2.65157 10.8644 -1.11891
Normal: -1 0 2.22045e-016
UV: 0.111088 0.735766

Position: -2.65157 10.8644 2.18975
Normal: -1 0 2.22045e-016
UV: 0.11897 0.735766

Position: -2.65157 10.6716 2.18975
Normal: -1 0 2.22045e-016
UV: 0.11897 0.73546

Position: -2.65157 10.6716 -1.11891
Normal: -1 0 2.22045e-016
UV: 0.111088 0.73546

Position: 3.20447 10.8644 2.18975
Normal: -0 1 0
UV: 0.211788 0.72718

Position: -2.65157 10.8644 -1.11891
Normal: -0 1 0
UV: 0.196493 0.740724

Position: 3.20447 10.8644 -1.11891
Normal: -0 1 0
UV: 0.211788 0.740724

Position: 3.20447 10.6716 -1.11891
Normal: 1 0 -2.22045e-016
UV: 0.118379 0.734502

Position: 3.20447 10.6716 2.18975
Normal: 1 0 -2.22045e-016
UV: 0.110497 0.734502

Position: 3.20447 10.8644 2.18975
Normal: 1 0 -2.22045e-016
UV: 0.110497 0.734809

Position: 3.20447 10.8644 -1.11891
Normal: 1 0 -2.22045e-016
UV: 0.118379 0.734809

Position: 3.20447 10.8644 -1.11891
Normal: -2.22045e-016 0 -1
UV: 0.0790236 0.732544

Position: -2.65157 10.6716 -1.11891
Normal: -2.22045e-016 0 -1
UV: 0.0776727 0.736941

Position: 3.20447 10.6716 -1.11891
Normal: -2.22045e-016 0 -1
UV: 0.0790236 0.736941

Position: -2.65157 10.8644 -1.11891
Normal: -2.22045e-016 0 -1
UV: 0.0776727 0.732544

Position: -2.65157 10.8644 2.18975
Normal: 2.22045e-016 0 1
UV: 0.0776768 0.736786

Position: 3.20447 10.8644 2.18975
Normal: 2.22045e-016 0 1
UV: 0.0790276 0.736786

Position: 3.20447 10.6716 2.18975
Normal: 2.22045e-016 0 1
UV: 0.0790276 0.732389

Position: -2.65157 10.6716 2.18975
Normal: 2.22045e-016 0 1
UV: 0.0776768 0.732389

Position: 3.20447 10.6716 2.18975
Normal: -5.04303e-005 -1 -5.55596e-005
UV: 0.134191 0.520729

Position: 3.20447 10.6716 -1.11891
Normal: -5.04303e-005 -1 5.55596e-005
UV: 0.134191 0.521356

Position: 3.08685 10.6717 -1.01592
Normal: -5.04303e-005 -1 5.55596e-005
UV: 0.134671 0.521356

Position: 3.08685 10.6717 2.08676
Normal: -5.04303e-005 -1 -5.55596e-005
UV: 0.134671 0.520729

Position: 3.20447 10.6716 2.18975
Normal: -5.04303e-005 -1 -5.55596e-005
UV: 0.108788 0.520878

Position: -2.53393 10.6717 2.08676
Normal: 5.04211e-005 -1 -5.55596e-005
UV: 0.112191 0.519729

Position: -2.65157 10.6716 2.18975
Normal: 5.04211e-005 -1 -5.55596e-005
UV: 0.109566 0.520878

Position: 3.08685 10.6717 2.08676
Normal: -5.04303e-005 -1 -5.55596e-005
UV: 0.108788 0.521581

Position: -2.65157 10.6716 -1.11891
Normal: 5.04211e-005 -1 5.55596e-005
UV: 0.108788 0.520878

Position: -2.53393 10.6717 -1.01592
Normal: 5.04211e-005 -1 5.55596e-005
UV: 0.112203 0.519729

Position: 3.08685 10.6717 -1.01592
Normal: -5.04303e-005 -1 5.55596e-005
UV: 0.109566 0.521581

Position: 3.20447 10.6716 -1.11891
Normal: -5.04303e-005 -1 5.55596e-005
UV: 0.109566 0.520878

Position: -2.65157 10.8644 2.18975
Normal: -0 1 0
UV: 0.196493 0.72718

Position: -2.53393 10.6717 2.08676
Normal: 2.22045e-016 0 1
UV: 0.140428 0.521568

Position: 3.08685 10.6717 2.08676
Normal: 2.22045e-016 0 1
UV: 0.140428 0.522667

Position: 3.08685 10.3106 2.08676
Normal: 2.22045e-016 0 1
UV: 0.140707 0.522667

Position: -2.53393 10.3106 2.08676
Normal: 2.22045e-016 0 1
UV: 0.140707 0.521568

Position: -2.53393 10.6717 -1.01592
Normal: -1 0 2.22045e-016
UV: 0.112203 0.519729

Position: -2.53393 10.6717 2.08676
Normal: -1 0 2.22045e-016
UV: 0.112191 0.519729

Position: -2.53393 10.3106 2.08676
Normal: -1 0 2.22045e-016
UV: 0.112191 0.519027

Position: -2.53393 10.3106 -1.01592
Normal: -1 0 2.22045e-016
UV: 0.112203 0.519027

Position: 3.08685 10.6717 -1.01592
Normal: -2.22045e-016 0 -1
UV: 0.140405 0.522667

Position: -2.53393 10.3106 -1.01592
Normal: -2.22045e-016 0 -1
UV: 0.140127 0.521568

Position: 3.08685 10.3106 -1.01592
Normal: -2.22045e-016 0 -1
UV: 0.140127 0.522667

Position: -2.53393 10.6717 -1.01592
Normal: -2.22045e-016 0 -1
UV: 0.140405 0.521568

Position: 3.08685 10.3106 -1.01592
Normal: 1 0 -2.15474e-008
UV: 0.110922 0.518893

Position: 3.08685 10.3106 2.08676
Normal: 1 0 -2.22045e-016
UV: 0.110934 0.518893

Position: 3.08685 10.6717 2.08676
Normal: 1 0 -2.22045e-016
UV: 0.110934 0.519595

Position: 3.08685 10.6717 -1.01592
Normal: 1 0 -1.07737e-008
UV: 0.110922 0.519595

Position: 3.88007 0.333437 -2.97266
Normal: -0 1 0
UV: 0.230937 0.520538

Position: 1.04237 0.333437 -2.97266
Normal: -0 1 0
UV: 0.242751 0.520538

Position: 1.04237 0.333437 -3.12838
Normal: -0 1 0
UV: 0.242751 0.51989

Position: 3.88007 0.333437 -3.12838
Normal: -0 1 0
UV: 0.230937 0.51989

Position: 4.14859 3.97265 -2.67467
Normal: -1 0 0
UV: 0.324376 0.79553

Position: 4.14859 3.5841 -2.67467
Normal: -1 0 0
UV: 0.324376 0.803629

Position: 4.14859 3.97265 -3.1023
Normal: -1 0 0
UV: 0.32794 0.79553

Position: 4.14859 3.5841 -3.1023
Normal: -1 0 0
UV: 0.32794 0.803629

Position: 4.6384 3.97265 -2.67467
Normal: 1 0 0
UV: 0.320334 0.796045

Position: 4.6384 3.5841 -3.1023
Normal: 1 0 0
UV: 0.31677 0.804143

Position: 4.6384 3.5841 -2.67467
Normal: 1 0 0
UV: 0.320334 0.804143

Position: 4.6384 3.97265 -3.1023
Normal: 1 0 0
UV: 0.31677 0.796045

Position: 4.6384 3.5841 -3.1023
Normal: -0 0 -1
UV: 0.391773 0.79793

Position: 4.14859 3.97265 -3.1023
Normal: -0 0 -1
UV: 0.395855 0.806028

Position: 4.14859 3.5841 -3.1023
Normal: -0 0 -1
UV: 0.395855 0.79793

Position: 4.6384 3.97265 -3.1023
Normal: 5.19209e-009 0 -1
UV: 0.391773 0.806028

Position: 4.14859 1.17828 -2.67467
Normal: -1 0 0
UV: 0.325883 0.798894

Position: 4.14859 0.799836 -2.67467
Normal: -1 0 0
UV: 0.325883 0.806781

Position: 4.14859 0.799836 -3.1023
Normal: -1 0 0
UV: 0.329447 0.806781

Position: 4.14859 1.17828 -3.1023
Normal: -1 0 0
UV: 0.329447 0.798894

Position: 4.14859 0.799836 -3.1023
Normal: -0 0 -1
UV: 0.388222 0.795248

Position: 4.6384 0.799836 -3.1023
Normal: 1.03842e-008 0 -1
UV: 0.384139 0.795248

Position: 4.6384 1.17828 -3.1023
Normal: -0 0 -1
UV: 0.384139 0.803136

Position: 4.14859 1.17828 -3.1023
Normal: -0 0 -1
UV: 0.388222 0.803136

Position: 4.6384 1.17828 -3.1023
Normal: 1 0 0
UV: 0.318277 0.799408

Position: 4.6384 0.799836 -2.67467
Normal: 1 0 0
UV: 0.321841 0.807296

Position: 4.6384 1.17828 -2.67467
Normal: 1 0 0
UV: 0.321841 0.799408

Position: 4.6384 0.799836 -3.1023
Normal: 1 0 0
UV: 0.318277 0.807296

Position: 4.14859 1.17828 -2.67467
Normal: -0.978796 0.204839 0
UV: 0.325883 0.798894

Position: 4.17388 1.29912 -3.08022
Normal: -0.978796 0.204839 0
UV: 0.329263 0.796375

Position: 4.17388 1.29912 -2.67467
Normal: -0.978796 0.204839 0
UV: 0.325883 0.796375

Position: 4.14859 1.17828 -3.1023
Normal: -0.978796 0.204839 0
UV: 0.329447 0.798894

Position: 4.6384 1.17828 -3.1023
Normal: -0 0.179727 -0.983716
UV: 0.384139 0.803136

Position: 4.17388 1.29912 -3.08022
Normal: -0 0.179727 -0.983716
UV: 0.38801 0.805654

Position: 4.14859 1.17828 -3.1023
Normal: -0 0.179727 -0.983716
UV: 0.388222 0.803136

Position: 4.61312 1.29912 -3.08022
Normal: -0 0.179727 -0.983716
UV: 0.38435 0.805654

Position: 4.6384 1.17828 -2.67467
Normal: 0.978814 0.204751 0
UV: 0.321841 0.799408

Position: 4.61312 1.29912 -3.08022
Normal: 0.978814 0.204751 0
UV: 0.318461 0.79689

Position: 4.6384 1.17828 -3.1023
Normal: 0.978814 0.204751 0
UV: 0.318277 0.799408

Position: 4.61312 1.29912 -2.67467
Normal: 0.978814 0.204751 0
UV: 0.321841 0.79689

Position: 4.14859 0.799836 -2.67467
Normal: -0 -1 0
UV: 0.440792 0.518263

Position: 4.6384 0.799836 -2.67467
Normal: -0 -1 0
UV: 0.436709 0.518263

Position: 4.6384 0.799836 -3.1023
Normal: -0 -1 0
UV: 0.436709 0.521827

Position: 4.14859 0.799836 -3.1023
Normal: -0 -1 0
UV: 0.440792 0.521827

Position: 4.73629 4.69373 -2.5892
Normal: -0 1 0
UV: 0.47804 0.52565

Position: 4.05071 4.69373 -2.5892
Normal: -0 1 0
UV: 0.483753 0.52565

Position: 4.05071 4.69373 -3.18777
Normal: -0 1 0
UV: 0.483753 0.520661

Position: 4.73629 4.69373 -3.18777
Normal: -0 1 0
UV: 0.47804 0.520661

Position: 4.61312 1.29912 -2.67467
Normal: 1 0 0
UV: 0.92473 0.664837

Position: 4.61312 3.46326 -2.67467
Normal: 1 0 0
UV: 0.924732 0.520375

Position: 4.61312 3.46326 -3.08022
Normal: 1 0 0
UV: 0.920219 0.520374

Position: 4.61312 1.29912 -3.08022
Normal: 1 0 0
UV: 0.920218 0.664837

Position: 4.61312 3.46326 -3.08022
Normal: -0 0 -1
UV: 0.920219 0.520374

Position: 4.17388 1.29912 -3.08022
Normal: -0 0 -1
UV: 0.915332 0.664837

Position: 4.61312 1.29912 -3.08022
Normal: -0 0 -1
UV: 0.920218 0.664837

Position: 4.17388 3.46326 -3.08022
Normal: -0 0 -1
UV: 0.915332 0.520374

Position: 4.17388 3.46326 -2.67467
Normal: -1 0 0
UV: 0.91082 0.520374

Position: 4.17388 1.29912 -2.67467
Normal: -1 0 0
UV: 0.91082 0.664837

Position: 4.17388 1.29912 -3.08022
Normal: -1 0 0
UV: 0.915332 0.664837

Position: 4.17388 3.46326 -3.08022
Normal: -1 0 0
UV: 0.915332 0.520374

Position: 4.6384 3.5841 -2.67467
Normal: 0.978814 -0.204753 0
UV: 0.320334 0.804143

Position: 4.61312 3.46326 -3.08022
Normal: 0.978814 -0.204753 0
UV: 0.316954 0.806662

Position: 4.61312 3.46326 -2.67467
Normal: 0.978814 -0.204753 0
UV: 0.320334 0.806662

Position: 4.6384 3.5841 -3.1023
Normal: 0.978814 -0.204753 0
UV: 0.31677 0.804143

Position: 4.17388 3.46326 -3.08022
Normal: -0 -0.179728 -0.983716
UV: 0.395644 0.795411

Position: 4.61312 3.46326 -3.08022
Normal: -0 -0.179728 -0.983716
UV: 0.391983 0.795411

Position: 4.6384 3.5841 -3.1023
Normal: -0 -0.179728 -0.983716
UV: 0.391773 0.79793

Position: 4.14859 3.5841 -3.1023
Normal: -0 -0.179728 -0.983716
UV: 0.395855 0.79793

Position: 4.17388 3.46326 -3.08022
Normal: -0.978795 -0.20484 0
UV: 0.327756 0.806147

Position: 4.14859 3.5841 -2.67467
Normal: -0.978795 -0.20484 0
UV: 0.324376 0.803629

Position: 4.17388 3.46326 -2.67467
Normal: -0.978795 -0.20484 0
UV: 0.324376 0.806147

Position: 4.14859 3.5841 -3.1023
Normal: -0.978795 -0.20484 0
UV: 0.32794 0.803629

Position: 4.6384 3.97265 -3.1023
Normal: -0 1 3.76786e-006
UV: 0.436704 0.525847

Position: 4.23943 3.97265 -3.023
Normal: -0 1 3.76785e-006
UV: 0.44003 0.526507

Position: 4.14859 3.97265 -3.1023
Normal: -0 1 3.76785e-006
UV: 0.440787 0.525847

Position: 4.54757 3.97265 -3.023
Normal: -0 1 3.76785e-006
UV: 0.437462 0.526507

Position: 4.6384 3.97265 -2.67467
Normal: -0 1 0
UV: 0.436704 0.529411

Position: 4.54757 3.97265 -2.75396
Normal: -0 1 0
UV: 0.437462 0.52875

Position: 4.23943 3.97265 -2.75396
Normal: -0 1 -1.88393e-006
UV: 0.44003 0.52875

Position: 4.14859 3.97265 -2.67467
Normal: -0 1 -1.88393e-006
UV: 0.440787 0.529411

Position: 4.23943 3.97265 -3.023
Normal: -0 0 -1
UV: 0.235917 0.530773

Position: 4.54757 3.97265 -3.023
Normal: -0 0 -1
UV: 0.233349 0.530773

Position: 4.54757 4.04986 -3.023
Normal: -0 0 -1
UV: 0.233349 0.532383

Position: 4.23943 4.04986 -3.023
Normal: -0 0 -1
UV: 0.235917 0.532383

Position: 4.54757 4.04986 -2.75396
Normal: 1 0 0
UV: 0.235563 0.530562

Position: 4.54757 3.97265 -3.023
Normal: 1 0 0
UV: 0.233321 0.532171

Position: 4.54757 3.97265 -2.75396
Normal: 1 0 0
UV: 0.235563 0.532171

Position: 4.54757 4.04986 -3.023
Normal: 1 0 0
UV: 0.233321 0.530562

Position: 4.23943 4.04986 -2.75396
Normal: -0 0 1
UV: 0.239399 0.515833

Position: 4.54757 4.04986 -2.75396
Normal: -0 0 1
UV: 0.236831 0.515833

Position: 4.54757 3.97265 -2.75396
Normal: -0 0 1
UV: 0.236831 0.517443

Position: 4.23943 3.97265 -2.75396
Normal: -0 0 1
UV: 0.239399 0.517443

Position: 4.23943 4.04986 -3.023
Normal: -1 0 0
UV: 0.233632 0.521607

Position: 4.23943 4.04986 -2.75396
Normal: -1 0 0
UV: 0.23139 0.521607

Position: 4.23943 3.97265 -2.75396
Normal: -1 0 0
UV: 0.23139 0.523216

Position: 4.23943 3.97265 -3.023
Normal: -1 0 0
UV: 0.233632 0.523216

Position: 4.54757 4.04986 -3.023
Normal: -0 -1 2.1842e-006
UV: 0.437466 0.521166

Position: 4.05071 4.04986 -3.18777
Normal: -0 -1 2.1842e-006
UV: 0.441607 0.522539

Position: 4.23943 4.04986 -3.023
Normal: -0 -1 2.1842e-006
UV: 0.440035 0.521166

Position: 4.73629 4.04986 -3.18777
Normal: -0 -1 2.1842e-006
UV: 0.435893 0.522539

Position: 4.73629 4.04986 -2.5892
Normal: -0 -1 0
UV: 0.435893 0.517551

Position: 4.54757 4.04986 -2.75396
Normal: -0 -1 0
UV: 0.437466 0.518924

Position: 4.05071 4.04986 -2.5892
Normal: -0 -1 -1.45613e-006
UV: 0.441607 0.517551

Position: 4.23943 4.04986 -2.75396
Normal: -0 -1 -1.45613e-006
UV: 0.440035 0.518924

Position: 4.73629 4.04986 -3.18777
Normal: -0 0 -1
UV: 0.450144 0.519074

Position: 4.73629 4.69373 -3.18777
Normal: -0 0 -1
UV: 0.450144 0.528665

Position: 4.05071 4.04986 -3.18777
Normal: -0 0 -1
UV: 0.454228 0.519074

Position: 4.05071 4.69373 -3.18777
Normal: -0 0 -1
UV: 0.454228 0.528665

Position: 4.73629 4.69373 -2.5892
Normal: 1 0 0
UV: 0.388826 0.511587

Position: 4.73629 4.04986 -3.18777
Normal: 1 0 0
UV: 0.385261 0.521178

Position: 4.73629 4.04986 -2.5892
Normal: 1 0 0
UV: 0.388826 0.521178

Position: 4.73629 4.69373 -3.18777
Normal: 1 0 0
UV: 0.385261 0.511587

Position: 4.05071 4.69373 -2.5892
Normal: -1 0 0
UV: 0.395256 0.510182

Position: 4.05071 4.04986 -2.5892
Normal: -1 0 0
UV: 0.395256 0.519772

Position: 4.05071 4.69373 -3.18777
Normal: -1 0 0
UV: 0.398822 0.510182

Position: 4.05071 4.04986 -3.18777
Normal: -1 0 0
UV: 0.398822 0.519772

Position: 3.6604 0.333437 6.46112
Normal: -1 0 0
UV: 0.166849 0.518261

Position: 3.6604 2.68221e-007 6.18717
Normal: -1 0 0
UV: 0.175464 0.528747

Position: 3.6604 0.333437 6.18717
Normal: -1 0 0
UV: 0.175464 0.518261

Position: 3.6604 -1.3411e-007 6.46112
Normal: -1 0 0
UV: 0.166849 0.528747

Position: 1.87209 0 6.46112
Normal: 1 0 0
UV: 0.176786 0.528017

Position: 1.87209 0.333437 6.46112
Normal: 1 0 0
UV: 0.176786 0.517531

Position: 1.87209 0 6.18717
Normal: 1 0 0
UV: 0.168171 0.528017

Position: 1.87209 0.333437 6.18717
Normal: 1 0 0
UV: 0.168171 0.517531


[INDEX_DATA]
0 2 1
1 3 0
4 6 5
5 7 4
8 10 9
9 11 8
12 14 13
13 15 12
16 18 17
16 19 18
20 22 21
22 23 21
24 26 25
26 27 25
28 30 29
30 31 29
32 34 33
33 34 35
36 35 34
34 37 36
38 36 37
37 39 38
33 38 39
39 32 33
40 42 41
41 43 40
44 41 42
42 45 44
46 44 47
44 45 47
46 40 43
46 47 40
48 50 49
49 51 48
52 53 51
53 52 54
48 51 53
54 56 55
54 52 56
50 55 56
56 49 50
57 59 58
57 60 59
61 63 62
61 64 63
65 67 66
66 68 65
60 69 68
69 60 57
65 68 69
70 72 71
71 73 70
74 76 75
75 77 74
78 80 79
78 81 80
82 84 83
82 85 84
86 88 87
86 89 88
90 92 91
90 93 92
94 96 95
94 97 96
98 99 73
73 100 98
70 73 99
99 101 70
70 103 102
70 101 103
100 102 98
102 103 98
104 106 105
104 107 106
108 110 109
110 108 111
112 114 113
113 115 112
116 118 117
116 119 118
120 122 121
121 123 120
124 126 125
125 127 124
128 130 129
128 131 130
132 134 133
133 135 132
136 138 137
138 136 139
140 142 141
142 140 143
144 146 145
145 147 144
148 150 149
151 149 150
152 154 153
155 153 154
156 158 157
158 156 159
160 162 161
160 163 162
164 166 165
165 167 164
168 170 169
170 171 169
172 174 173
175 172 173
176 178 177
178 179 177
179 172 175
175 177 179
180 182 181
183 181 182
184 186 185
187 185 186
188 190 189
190 188 191
192 194 193
193 195 192
192 195 196
195 197 196
193 199 198
199 193 194
200 202 201
201 203 200
204 206 205
204 207 206
208 209 200
208 200 203
209 208 210
210 211 209
212 214 213
212 215 214
216 218 217
216 219 218
220 222 221
221 223 220
224 226 225
224 227 226
141 229 228
228 140 141
192 231 230
230 194 192
137 233 232
137 235 234
232 235 137
236 237 138
237 238 138
138 238 137
137 238 239
240 137 239
239 241 240
242 244 243
242 245 244
246 247 139
246 139 136
248 250 249
250 251 249
245 242 252
243 244 253
254 256 255
256 257 255
258 260 259
259 261 258
262 264 263
263 265 262
266 268 267
267 269 266
270 272 271
271 273 270
274 276 275
277 275 276
278 280 279
278 281 280
282 284 283
282 285 284
286 288 287
287 288 289
290 292 291
290 293 292
294 296 295
294 297 296
298 300 299
300 301 299
302 304 303
303 305 302
306 308 307
308 309 307
310 312 311
312 310 313
178 176 173
173 174 178
314 316 315
316 317 315
207 204 277
204 275 277
318 320 319
320 321 319
322 302 305
305 323 322
137 325 324
325 326 324
137 327 233
324 327 137
328 330 329
328 331 330
332 333 136
329 332 136
333 334 136
335 337 336
336 338 335
136 334 339
340 341 136
340 342 341
136 339 340
343 344 234
234 345 343
137 234 344
344 136 137
346 348 347
346 349 348
350 352 351
351 353 350
354 356 355
354 357 356
358 360 359
359 361 358
325 341 362
341 364 363
362 365 325
341 366 362
341 363 366
367 368 341
342 367 341
364 341 368
365 369 325
325 370 326
325 371 370
325 369 371
372 374 373
373 375 372
376 378 377
377 379 376
380 382 381
381 383 380
384 386 385
386 384 387
388 390 389
390 388 391
392 394 393
393 395 392
396 398 397
397 399 396
400 402 401
401 403 400
404 406 405
406 404 407
408 410 409
410 411 409
412 414 413
414 415 413
416 418 417
417 419 416
420 422 421
422 420 423
424 426 425
425 427 424
428 430 429
430 428 431
432 434 433
433 435 432
436 438 437
438 436 439
440 442 441
441 443 440
444 446 445
444 447 446
448 445 446
449 448 446
450 446 441
441 452 451
452 441 442
450 449 446
453 450 441
441 451 453
454 456 455
456 457 455
458 460 459
459 461 458
462 464 463
463 464 465
466 468 467
467 468 469
136 344 470
328 329 136
136 470 471
471 328 136
472 474 473
473 474 475
476 478 477
478 476 479
480 482 481
481 482 483
484 486 485
485 486 487
488 490 489
489 490 491
492 494 493
493 495 492
494 497 496
496 493 494
497 499 498
498 496 497
331 500 330
331 501 500
502 504 503
503 505 502
504 507 506
506 503 504
507 509 508
508 506 507
345 510 343
345 511 510
512 514 513
513 515 512
513 517 516
516 515 513
517 519 518
518 516 517
520 522 521
521 523 520
524 526 525
525 527 524
528 530 529
529 531 528
501 364 500
501 363 364
532 534 533
533 535 532
536 538 537
537 539 536
540 542 541
541 543 540
510 511 365
511 369 365
544 546 545
545 547 544
548 550 549
549 551 548
552 554 553
553 555 552
556 558 557
557 559 556
560 562 561
561 563 560
564 566 565
565 567 564
568 570 569
569 570 571
572 574 573
574 572 575
576 578 577
577 579 576
580 582 581
581 583 580
584 586 585
585 587 584
588 590 589
589 590 591
592 594 593
594 595 593
596 598 597
597 599 596
600 602 601
601 603 600
604 606 605
606 604 607
608 610 609
609 611 608
612 614 613
612 615 614
616 614 609
617 613 614
616 617 614
609 619 618
619 609 610
609 618 616
620 622 621
621 623 620
624 626 625
625 627 624
628 630 629
629 631 628
632 634 633
633 634 635
636 638 637
638 636 639
640 642 641
641 643 640
644 646 645
645 647 644
648 650 649
649 651 648
652 654 653
653 654 655
656 658 657
658 659 657
660 662 661
661 663 660
664 666 665
665 667 664
668 670 669
670 668 671
672 674 673
673 675 672
676 678 677
676 679 678
680 678 673
681 677 678
680 681 678
673 683 682
683 673 674
673 682 680
684 686 685
685 687 684
688 690 689
689 691 688
692 694 693
693 695 692
696 698 697
697 698 699
700 702 701
702 700 703
704 706 705
705 707 704
708 710 709
709 711 708
712 714 713
713 715 712
716 718 717
717 718 719
720 722 721
722 723 721
724 726 725
726 727 725
728 730 729
729 731 728
732 734 733
734 732 735
736 738 737
737 739 736
740 742 741
740 743 742
744 742 737
745 741 742
744 745 742
737 747 746
747 737 738
737 746 744
748 750 749
748 751 750
752 754 753
752 755 754
756 758 757
756 759 758
760 762 761
761 762 763
764 766 765
765 767 764
768 770 769
768 771 770
772 774 773
772 775 774
776 778 777
776 779 778
780 782 781
781 782 783
784 786 785
785 787 784
788 790 789
789 791 788
792 794 793
792 795 794
796 798 797
796 799 798
800 802 801
801 802 803
804 806 805
805 807 804
808 810 809
808 811 810
812 814 813
812 815 814
816 818 817
816 819 818
820 822 821
820 823 822
824 826 825
824 827 826
828 830 829
829 831 828
832 834 833
834 832 835
836 838 837
839 841 840
841 839 842
843 845 844
844 846 843
847 849 848
847 850 849
851 853 852
851 854 853
855 857 856
856 858 855
859 856 857
859 860 856
860 862 861
860 859 862
863 836 837
864 866 865
864 867 866
868 870 869
870 868 871
872 874 873
873 875 872
876 878 877
878 876 879
880 882 881
880 883 882
359 881 361
359 880 881
884 886 885
885 886 887
888 890 889
889 891 888
892 894 893
893 895 892
896 898 897
896 899 898
900 902 901
900 903 902
904 906 905
905 907 904
908 910 909
909 911 908
912 914 913
913 915 912
916 918 917
917 919 916
920 922 921
920 923 922
924 926 925
924 927 926
928 930 929
928 931 930
932 934 933
933 935 932
936 938 937
936 939 938
940 942 941
941 943 940
944 946 945
944 947 946
948 950 949
949 951 948
952 954 953
953 955 952
952 957 956
952 955 957
958 959 956
956 957 958
959 953 954
959 958 953
960 962 961
960 963 962
964 966 965
965 967 964
968 970 969
968 971 970
972 974 973
974 972 975
976 978 977
977 979 976
980 981 976
980 976 979
982 981 980
982 983 981
977 983 982
977 978 983
984 986 985
986 987 985
988 990 989
989 991 988
992 994 993
993 994 995
996 998 997
997 999 996
1000 1002 1001
1001 1002 1003

