[FBX_META_DATA]
MeshCount: 1

[MESH_DATA]
VertexCount: 564
IndexCount: 1158
BoneCount: 0
AnimationClips: 1

[VERTEX_DATA]
Position: 2.42556 7.74174 -4.11639
Normal: -0 0 1
UV: 0.141447 0.522428

Position: 2.42556 6.60537 -4.11639
Normal: -0 0 1
UV: 0.141447 0.522428

Position: 1.97746 7.74174 -4.11639
Normal: -0 0 1
UV: 0.141447 0.522428

Position: 1.97746 6.60537 -4.11639
Normal: -0 0 1
UV: 0.141447 0.522428

Position: 1.97746 7.74174 -5.25276
Normal: -0 1 0
UV: 0.236575 0.522428

Position: 2.42556 7.74174 -4.11639
Normal: -0 1 0
UV: 0.236575 0.522428

Position: 1.97746 7.74174 -4.11639
Normal: -0 1 0
UV: 0.236575 0.522428

Position: 2.42556 7.74174 -5.25276
Normal: -0 1 0
UV: 0.236575 0.522428

Position: 2.42556 6.60537 -5.25276
Normal: -0 0 -1
UV: 0.141447 0.522428

Position: 2.42556 7.74174 -5.25276
Normal: -0 0 -1
UV: 0.141447 0.522428

Position: 1.97746 6.60537 -5.25276
Normal: -0 0 -1
UV: 0.141447 0.522428

Position: 1.97746 7.74174 -5.25276
Normal: -0 0 -1
UV: 0.141447 0.522428

Position: 2.42556 6.60537 -4.11639
Normal: -0 -1 0
UV: 0.141447 0.522428

Position: 2.42556 6.60537 -5.25276
Normal: -0 -1 0
UV: 0.141447 0.522428

Position: 1.97746 6.60537 -4.11639
Normal: -0 -1 0
UV: 0.141447 0.522428

Position: 1.97746 6.60537 -5.25276
Normal: -0 -1 0
UV: 0.141447 0.522428

Position: 1.47117 7.99479 -3.86333
Normal: -1 0 0
UV: 0.171345 0.522428

Position: 1.47117 6.35232 -3.86333
Normal: -1 0 0
UV: 0.171345 0.522428

Position: 1.47117 7.99479 -5.50581
Normal: -1 0 0
UV: 0.171345 0.522428

Position: 1.47117 6.35232 -5.50581
Normal: -1 0 0
UV: 0.171345 0.522428

Position: 2.89284 7.49479 -4.36335
Normal: 1 0 0
UV: 0.171345 0.522428

Position: 2.89284 6.85233 -5.0058
Normal: 1 0 0
UV: 0.171345 0.522428

Position: 2.89284 6.85233 -4.36335
Normal: 1 0 0
UV: 0.171345 0.522428

Position: 2.89284 7.49479 -5.0058
Normal: 1 0 0
UV: 0.171345 0.522428

Position: 2.42556 6.60537 -5.25276
Normal: 1 -7.96969e-007 0
UV: 0.171345 0.522428

Position: 2.42556 6.60537 -4.11639
Normal: 1 -7.96969e-007 0
UV: 0.171345 0.522428

Position: 2.42556 6.85233 -4.36335
Normal: 1 -7.96969e-007 0
UV: 0.171345 0.522428

Position: 2.42556 6.85233 -5.0058
Normal: 1 -7.96969e-007 0
UV: 0.171345 0.522428

Position: 2.42556 7.74174 -4.11639
Normal: 1 0 0
UV: 0.171345 0.522428

Position: 2.42556 7.49479 -4.36335
Normal: 1 0 0
UV: 0.171345 0.522428

Position: 2.42556 7.74174 -5.25276
Normal: 1 1.32828e-006 0
UV: 0.171345 0.522428

Position: 2.42556 7.49479 -5.0058
Normal: 1 1.32828e-006 0
UV: 0.171345 0.522428

Position: 2.89284 6.85233 -4.36335
Normal: -0 -1 0
UV: 0.141447 0.522428

Position: 2.42556 6.85233 -5.0058
Normal: -0 -1 0
UV: 0.141447 0.522428

Position: 2.42556 6.85233 -4.36335
Normal: -0 -1 0
UV: 0.141447 0.522428

Position: 2.89284 6.85233 -5.0058
Normal: -0 -1 0
UV: 0.141447 0.522428

Position: 2.89284 7.49479 -4.36335
Normal: -0 0 1
UV: 0.141447 0.522428

Position: 2.42556 6.85233 -4.36335
Normal: -0 0 1
UV: 0.141447 0.522428

Position: 2.42556 7.49479 -4.36335
Normal: -0 0 1
UV: 0.141447 0.522428

Position: 2.89284 6.85233 -4.36335
Normal: -0 0 1
UV: 0.141447 0.522428

Position: 2.89284 7.49479 -4.36335
Normal: -0 1 0
UV: 0.236575 0.522428

Position: 2.42556 7.49479 -4.36335
Normal: -0 1 0
UV: 0.236575 0.522428

Position: 2.89284 7.49479 -5.0058
Normal: -0 1 0
UV: 0.236575 0.522428

Position: 2.42556 7.49479 -5.0058
Normal: -0 1 0
UV: 0.236575 0.522428

Position: 2.89284 6.85233 -5.0058
Normal: -0 0 -1
UV: 0.141447 0.522428

Position: 2.42556 7.49479 -5.0058
Normal: -0 0 -1
UV: 0.141447 0.522428

Position: 2.42556 6.85233 -5.0058
Normal: -0 0 -1
UV: 0.141447 0.522428

Position: 2.89284 7.49479 -5.0058
Normal: -0 0 -1
UV: 0.141447 0.522428

Position: -3.2056 7.33007 -4.52806
Normal: -0 0 1
UV: 0.264925 0.522428

Position: 3.20962 7.33007 -4.52806
Normal: -0 0 1
UV: 0.264925 0.522428

Position: 3.20962 7.01704 -4.52806
Normal: -0 0 1
UV: 0.264925 0.522428

Position: -3.2056 7.01704 -4.52806
Normal: -0 0 1
UV: 0.264925 0.522428

Position: 3.20962 7.33007 -4.52806
Normal: -0 1 0
UV: 0.297998 0.522428

Position: -3.2056 7.33007 -4.52806
Normal: -0 1 0
UV: 0.297998 0.522428

Position: -3.2056 7.33007 -4.84109
Normal: -0 1 0
UV: 0.297998 0.522428

Position: 3.20962 7.33007 -4.84109
Normal: -0 1 0
UV: 0.297998 0.522428

Position: -3.2056 7.01704 -4.84109
Normal: -0 0 -1
UV: 0.264925 0.522428

Position: 3.20962 7.01704 -4.84109
Normal: -0 0 -1
UV: 0.264925 0.522428

Position: 3.20962 7.33007 -4.84109
Normal: -0 0 -1
UV: 0.264925 0.522428

Position: -3.2056 7.33007 -4.84109
Normal: -0 0 -1
UV: 0.264925 0.522428

Position: -3.2056 7.01704 -4.52806
Normal: -0 -1 0
UV: 0.236575 0.522428

Position: 3.20962 7.01704 -4.52806
Normal: -0 -1 0
UV: 0.236575 0.522428

Position: 3.20962 7.01704 -4.84109
Normal: -0 -1 0
UV: 0.236575 0.522428

Position: -3.2056 7.01704 -4.84109
Normal: -0 -1 0
UV: 0.236575 0.522428

Position: -3.2056 7.33007 -4.52806
Normal: -1 0 0
UV: 0.264925 0.522428

Position: -3.2056 7.01704 -4.52806
Normal: -1 0 0
UV: 0.264925 0.522428

Position: -3.2056 7.33007 -4.84109
Normal: -1 0 0
UV: 0.264925 0.522428

Position: -3.2056 7.01704 -4.84109
Normal: -1 0 0
UV: 0.264925 0.522428

Position: 3.20962 7.33007 -4.52806
Normal: 1 0 0
UV: 0.236575 0.522428

Position: 3.20962 7.01704 -4.84109
Normal: 1 0 0
UV: 0.236575 0.522428

Position: 3.20962 7.01704 -4.52806
Normal: 1 0 0
UV: 0.236575 0.522428

Position: 3.20962 7.33007 -4.84109
Normal: 1 0 0
UV: 0.236575 0.522428

Position: 1.97746 6.35232 -5.50581
Normal: 1 -3.31925e-007 0
UV: 0.171345 0.522428

Position: 1.97746 6.35232 -3.86333
Normal: 1 -3.31925e-007 0
UV: 0.171345 0.522428

Position: 1.97746 6.60537 -4.11639
Normal: 1 -3.31925e-007 0
UV: 0.171345 0.522428

Position: 1.97746 6.60537 -5.25276
Normal: 1 -3.31925e-007 0
UV: 0.171345 0.522428

Position: 1.97746 7.99479 -5.50581
Normal: 1 0 0
UV: 0.171345 0.522428

Position: 1.97746 7.74174 -5.25276
Normal: 1 0 0
UV: 0.171345 0.522428

Position: 1.97746 7.99479 -3.86333
Normal: 1 -1.65962e-007 0
UV: 0.171345 0.522428

Position: 1.97746 7.74174 -4.11639
Normal: 1 -1.65962e-007 0
UV: 0.171345 0.522428

Position: 1.47117 6.35232 -5.50581
Normal: -0 -1 0
UV: 0.171345 0.522428

Position: 1.47117 6.35232 -3.86333
Normal: -0 -1 0
UV: 0.171345 0.522428

Position: 1.97746 6.35232 -3.86333
Normal: -0 -1 0
UV: 0.171345 0.522428

Position: 1.97746 6.35232 -5.50581
Normal: -0 -1 0
UV: 0.171345 0.522428

Position: 1.47117 7.99479 -5.50581
Normal: -0 0 -1
UV: 0.141447 0.522428

Position: 1.47117 6.35232 -5.50581
Normal: -0 0 -1
UV: 0.141447 0.522428

Position: 1.97746 6.35232 -5.50581
Normal: -0 0 -1
UV: 0.141447 0.522428

Position: 1.97746 7.99479 -5.50581
Normal: -0 0 -1
UV: 0.141447 0.522428

Position: 1.47117 7.99479 -3.86333
Normal: -0 1 0
UV: 0.236575 0.522428

Position: 1.97746 7.99479 -5.50581
Normal: -0 1 0
UV: 0.236575 0.522428

Position: 1.97746 7.99479 -3.86333
Normal: -0 1 0
UV: 0.236575 0.522428

Position: 1.47117 7.99479 -5.50581
Normal: -0 1 0
UV: 0.236575 0.522428

Position: 1.47117 6.35232 -3.86333
Normal: -0 0 1
UV: 0.141447 0.522428

Position: 1.47117 7.99479 -3.86333
Normal: -0 0 1
UV: 0.141447 0.522428

Position: 1.97746 7.99479 -3.86333
Normal: -0 0 1
UV: 0.141447 0.522428

Position: 1.97746 6.35232 -3.86333
Normal: -0 0 1
UV: 0.141447 0.522428

Position: -1.96016 6.60537 -5.25276
Normal: -0 0 -1
UV: 0.141447 0.522428

Position: -1.96016 7.74174 -5.25276
Normal: -0 0 -1
UV: 0.141447 0.522428

Position: -2.40828 6.60537 -5.25276
Normal: -0 0 -1
UV: 0.141447 0.522428

Position: -2.40828 7.74174 -5.25276
Normal: -0 0 -1
UV: 0.141447 0.522428

Position: -2.40828 7.74174 -4.11639
Normal: -0 1 0
UV: 0.236575 0.522428

Position: -2.40828 7.74174 -5.25276
Normal: -0 1 0
UV: 0.236575 0.522428

Position: -1.96016 7.74174 -4.11639
Normal: -0 1 0
UV: 0.236575 0.522428

Position: -1.96016 7.74174 -5.25276
Normal: -0 1 0
UV: 0.236575 0.522428

Position: -1.96016 7.74174 -4.11639
Normal: -0 0 1
UV: 0.141447 0.522428

Position: -1.96016 6.60537 -4.11639
Normal: -0 0 1
UV: 0.141447 0.522428

Position: -2.40828 7.74174 -4.11639
Normal: -0 0 1
UV: 0.141447 0.522428

Position: -2.40828 6.60537 -4.11639
Normal: -0 0 1
UV: 0.141447 0.522428

Position: -1.96016 6.60537 -4.11639
Normal: -0 -1 0
UV: 0.141447 0.522428

Position: -1.96016 6.60537 -5.25276
Normal: -0 -1 0
UV: 0.141447 0.522428

Position: -2.40828 6.60537 -4.11639
Normal: -0 -1 0
UV: 0.141447 0.522428

Position: -2.40828 6.60537 -5.25276
Normal: -0 -1 0
UV: 0.141447 0.522428

Position: -1.4539 7.99479 -3.86333
Normal: 1 0 0
UV: 0.171345 0.522428

Position: -1.4539 6.35232 -5.50581
Normal: 1 0 0
UV: 0.171345 0.522428

Position: -1.4539 6.35232 -3.86333
Normal: 1 0 0
UV: 0.171345 0.522428

Position: -1.4539 7.99479 -5.50581
Normal: 1 0 0
UV: 0.171345 0.522428

Position: -2.87557 7.49479 -4.36335
Normal: -1 0 0
UV: 0.171345 0.522428

Position: -2.87557 6.85233 -4.36335
Normal: -1 0 0
UV: 0.171345 0.522428

Position: -2.87557 7.49479 -5.0058
Normal: -1 0 0
UV: 0.171345 0.522428

Position: -2.87557 6.85233 -5.0058
Normal: -1 0 0
UV: 0.171345 0.522428

Position: -2.40828 6.60537 -4.11639
Normal: -1 -7.96969e-007 0
UV: 0.171345 0.522428

Position: -2.40828 6.60537 -5.25276
Normal: -1 -7.96969e-007 0
UV: 0.171345 0.522428

Position: -2.40828 6.85233 -5.0058
Normal: -1 -7.96969e-007 0
UV: 0.171345 0.522428

Position: -2.40828 6.85233 -4.36335
Normal: -1 -7.96969e-007 0
UV: 0.171345 0.522428

Position: -2.40828 7.74174 -5.25276
Normal: -1 0 0
UV: 0.171345 0.522428

Position: -2.40828 7.49479 -5.0058
Normal: -1 0 0
UV: 0.171345 0.522428

Position: -2.40828 7.74174 -4.11639
Normal: -1 1.06263e-006 0
UV: 0.171345 0.522428

Position: -2.40828 7.49479 -4.36335
Normal: -1 1.06263e-006 0
UV: 0.171345 0.522428

Position: -2.87557 6.85233 -4.36335
Normal: -0 -1 0
UV: 0.141447 0.522428

Position: -2.40828 6.85233 -4.36335
Normal: -0 -1 0
UV: 0.141447 0.522428

Position: -2.87557 6.85233 -5.0058
Normal: -0 -1 0
UV: 0.141447 0.522428

Position: -2.40828 6.85233 -5.0058
Normal: -0 -1 0
UV: 0.141447 0.522428

Position: -2.87557 6.85233 -5.0058
Normal: -0 0 -1
UV: 0.141447 0.522428

Position: -2.40828 6.85233 -5.0058
Normal: -0 0 -1
UV: 0.141447 0.522428

Position: -2.87557 7.49479 -5.0058
Normal: -0 0 -1
UV: 0.141447 0.522428

Position: -2.40828 7.49479 -5.0058
Normal: -0 0 -1
UV: 0.141447 0.522428

Position: -2.87557 7.49479 -4.36335
Normal: -0 1 0
UV: 0.236575 0.522428

Position: -2.40828 7.49479 -5.0058
Normal: -0 1 0
UV: 0.236575 0.522428

Position: -2.40828 7.49479 -4.36335
Normal: -0 1 0
UV: 0.236575 0.522428

Position: -2.87557 7.49479 -5.0058
Normal: -0 1 0
UV: 0.236575 0.522428

Position: -2.87557 7.49479 -4.36335
Normal: -0 0 1
UV: 0.141447 0.522428

Position: -2.40828 7.49479 -4.36335
Normal: -0 0 1
UV: 0.141447 0.522428

Position: -2.87557 6.85233 -4.36335
Normal: -0 0 1
UV: 0.141447 0.522428

Position: -2.40828 6.85233 -4.36335
Normal: -0 0 1
UV: 0.141447 0.522428

Position: -1.96016 6.35232 -3.86333
Normal: -1 -1.65962e-007 0
UV: 0.171345 0.522428

Position: -1.96016 6.60537 -5.25276
Normal: -1 -1.65962e-007 0
UV: 0.171345 0.522428

Position: -1.96016 6.60537 -4.11639
Normal: -1 -1.65962e-007 0
UV: 0.171345 0.522428

Position: -1.96016 6.35232 -5.50581
Normal: -1 -1.65962e-007 0
UV: 0.171345 0.522428

Position: -1.96016 7.99479 -3.86333
Normal: -1 0 0
UV: 0.171345 0.522428

Position: -1.96016 7.74174 -4.11639
Normal: -1 0 0
UV: 0.171345 0.522428

Position: -1.96016 7.99479 -5.50581
Normal: -1 -6.6385e-007 0
UV: 0.171345 0.522428

Position: -1.96016 7.74174 -5.25276
Normal: -1 -6.6385e-007 0
UV: 0.171345 0.522428

Position: -1.4539 6.35232 -3.86333
Normal: -0 -1 0
UV: 0.171345 0.522428

Position: -1.96016 6.35232 -5.50581
Normal: -0 -1 0
UV: 0.171345 0.522428

Position: -1.96016 6.35232 -3.86333
Normal: -0 -1 0
UV: 0.171345 0.522428

Position: -1.4539 6.35232 -5.50581
Normal: -0 -1 0
UV: 0.171345 0.522428

Position: -1.4539 7.99479 -3.86333
Normal: -0 0 1
UV: 0.141447 0.522428

Position: -1.96016 6.35232 -3.86333
Normal: -0 0 1
UV: 0.141447 0.522428

Position: -1.96016 7.99479 -3.86333
Normal: -0 0 1
UV: 0.141447 0.522428

Position: -1.4539 6.35232 -3.86333
Normal: -0 0 1
UV: 0.141447 0.522428

Position: -1.4539 7.99479 -5.50581
Normal: -0 1 0
UV: 0.236575 0.522428

Position: -1.4539 7.99479 -3.86333
Normal: -0 1 0
UV: 0.236575 0.522428

Position: -1.96016 7.99479 -3.86333
Normal: -0 1 0
UV: 0.236575 0.522428

Position: -1.96016 7.99479 -5.50581
Normal: -0 1 0
UV: 0.236575 0.522428

Position: -1.4539 6.35232 -5.50581
Normal: -0 0 -1
UV: 0.141447 0.522428

Position: -1.96016 7.99479 -5.50581
Normal: -0 0 -1
UV: 0.141447 0.522428

Position: -1.96016 6.35232 -5.50581
Normal: -0 0 -1
UV: 0.141447 0.522428

Position: -1.4539 7.99479 -5.50581
Normal: -0 0 -1
UV: 0.141447 0.522428

Position: 1.20668 11.4185 -2.19546
Normal: -0 0 -1
UV: 0.731534 0.57687

Position: 1.20668 10.4185 -2.19546
Normal: -0 0 -1
UV: 0.731534 0.516292

Position: 1.70174 10.4185 -2.19546
Normal: -0 0 -1
UV: 0.700536 0.516292

Position: 1.70174 11.4185 -2.19546
Normal: -0 0 -1
UV: 0.700536 0.57687

Position: 1.20668 11.4185 -0.772545
Normal: -1 0 0
UV: 0.790797 0.500553

Position: 1.20668 10.4185 -0.772545
Normal: -1 0 0
UV: 0.734723 0.500553

Position: 1.20668 10.4185 -2.19546
Normal: -1 0 0
UV: 0.734723 0.577746

Position: 1.20668 11.4185 -2.19546
Normal: -1 0 0
UV: 0.790797 0.577746

Position: 1.70174 11.4185 -0.772545
Normal: -0 0 1
UV: 0.731534 0.57687

Position: 1.20668 10.4185 -0.772545
Normal: -0 0 1
UV: 0.700536 0.516292

Position: 1.20668 11.4185 -0.772545
Normal: -0 0 1
UV: 0.700536 0.57687

Position: 1.70174 10.4185 -0.772545
Normal: -0 0 1
UV: 0.731534 0.516292

Position: 1.20668 11.4185 -0.772545
Normal: -0 1 0
UV: 0.696554 0.574735

Position: 1.70174 11.4185 -2.19546
Normal: -0 1 0
UV: 0.680157 0.503945

Position: 1.70174 11.4185 -0.772545
Normal: -0 1 0
UV: 0.680157 0.574735

Position: 1.20668 11.4185 -2.19546
Normal: -0 1 0
UV: 0.696554 0.503945

Position: 1.70174 10.4185 -0.772545
Normal: 1 0 0
UV: 0.700254 0.54589

Position: 1.70174 11.4185 -0.772545
Normal: 1 0 0
UV: 0.700254 0.576457

Position: 1.70174 10.4185 -2.19546
Normal: 1 0 0
UV: 0.731133 0.54589

Position: 1.70174 11.4185 -2.19546
Normal: 1 0 0
UV: 0.731133 0.576457

Position: 3.15085 11.4185 -2.19546
Normal: -0 0 -1
UV: 0.731534 0.57687

Position: 3.15085 10.4185 -2.19546
Normal: -0 0 -1
UV: 0.731534 0.516292

Position: 3.6459 10.4185 -2.19546
Normal: -0 0 -1
UV: 0.700536 0.516292

Position: 3.6459 11.4185 -2.19546
Normal: -0 0 -1
UV: 0.700536 0.57687

Position: 3.15085 11.4185 -0.772545
Normal: -1 0 0
UV: 0.790797 0.500553

Position: 3.15085 10.4185 -0.772545
Normal: -1 0 0
UV: 0.734723 0.500553

Position: 3.15085 10.4185 -2.19546
Normal: -1 0 0
UV: 0.734723 0.577746

Position: 3.15085 11.4185 -2.19546
Normal: -1 0 0
UV: 0.790797 0.577746

Position: 3.6459 11.4185 -0.772545
Normal: -0 0 1
UV: 0.731534 0.57687

Position: 3.15085 10.4185 -0.772545
Normal: -0 0 1
UV: 0.700536 0.516292

Position: 3.15085 11.4185 -0.772545
Normal: -0 0 1
UV: 0.700536 0.57687

Position: 3.6459 10.4185 -0.772545
Normal: -0 0 1
UV: 0.731534 0.516292

Position: 3.15085 11.4185 -0.772545
Normal: -0 1 0
UV: 0.696554 0.574735

Position: 3.6459 11.4185 -2.19546
Normal: -0 1 0
UV: 0.680157 0.503945

Position: 3.6459 11.4185 -0.772545
Normal: -0 1 0
UV: 0.680157 0.574735

Position: 3.15085 11.4185 -2.19546
Normal: -0 1 0
UV: 0.696554 0.503945

Position: 3.6459 10.4185 -0.772545
Normal: 1 0 0
UV: 0.700254 0.54589

Position: 3.6459 11.4185 -0.772545
Normal: 1 0 0
UV: 0.700254 0.576457

Position: 3.6459 10.4185 -2.19546
Normal: 1 0 0
UV: 0.731133 0.54589

Position: 3.6459 11.4185 -2.19546
Normal: 1 0 0
UV: 0.731133 0.576457

Position: -2.84424 10.9723 1.03849
Normal: -1 0 2.22045e-016
UV: 0.111088 0.735766

Position: -2.84424 10.9723 4.34716
Normal: -1 0 2.22045e-016
UV: 0.11897 0.735766

Position: -2.84424 10.7795 4.34716
Normal: -1 0 2.22045e-016
UV: 0.11897 0.73546

Position: -2.84424 10.7795 1.03849
Normal: -1 0 2.22045e-016
UV: 0.111088 0.73546

Position: 3.0118 10.9723 4.34716
Normal: -0 1 0
UV: 0.211788 0.72718

Position: -2.84424 10.9723 1.03849
Normal: -0 1 0
UV: 0.196493 0.740724

Position: 3.0118 10.9723 1.03849
Normal: -0 1 0
UV: 0.211788 0.740724

Position: 3.0118 10.7795 1.03849
Normal: 1 0 -2.22045e-016
UV: 0.118379 0.734502

Position: 3.0118 10.7795 4.34716
Normal: 1 0 -2.22045e-016
UV: 0.110497 0.734502

Position: 3.0118 10.9723 4.34716
Normal: 1 0 -2.22045e-016
UV: 0.110497 0.734809

Position: 3.0118 10.9723 1.03849
Normal: 1 0 -2.22045e-016
UV: 0.118379 0.734809

Position: 3.0118 10.9723 1.03849
Normal: -2.22045e-016 0 -1
UV: 0.0790236 0.732544

Position: -2.84424 10.7795 1.03849
Normal: -2.22045e-016 0 -1
UV: 0.0776727 0.736941

Position: 3.0118 10.7795 1.03849
Normal: -2.22045e-016 0 -1
UV: 0.0790236 0.736941

Position: -2.84424 10.9723 1.03849
Normal: -2.22045e-016 0 -1
UV: 0.0776727 0.732544

Position: -2.84424 10.9723 4.34716
Normal: 2.22045e-016 0 1
UV: 0.0776768 0.736786

Position: 3.0118 10.9723 4.34716
Normal: 2.22045e-016 0 1
UV: 0.0790276 0.736786

Position: 3.0118 10.7795 4.34716
Normal: 2.22045e-016 0 1
UV: 0.0790276 0.732389

Position: -2.84424 10.7795 4.34716
Normal: 2.22045e-016 0 1
UV: 0.0776768 0.732389

Position: 3.0118 10.7795 4.34716
Normal: -5.04303e-005 -1 -5.55596e-005
UV: 0.134191 0.520729

Position: 3.0118 10.7795 1.03849
Normal: -5.04303e-005 -1 5.55596e-005
UV: 0.134191 0.521356

Position: 2.89418 10.7795 1.14148
Normal: -5.04303e-005 -1 5.55596e-005
UV: 0.134671 0.521356

Position: 2.89418 10.7795 4.24417
Normal: -5.04303e-005 -1 -5.55596e-005
UV: 0.134671 0.520729

Position: 3.0118 10.7795 4.34716
Normal: -5.04303e-005 -1 -5.55596e-005
UV: 0.108788 0.520878

Position: -2.72661 10.7795 4.24417
Normal: 5.04211e-005 -1 -5.55596e-005
UV: 0.112191 0.519729

Position: -2.84424 10.7795 4.34716
Normal: 5.04211e-005 -1 -5.55596e-005
UV: 0.109566 0.520878

Position: 2.89418 10.7795 4.24417
Normal: -5.04303e-005 -1 -5.55596e-005
UV: 0.108788 0.521581

Position: -2.84424 10.7795 1.03849
Normal: 5.04211e-005 -1 5.55596e-005
UV: 0.108788 0.520878

Position: -2.72661 10.7795 1.14148
Normal: 5.04211e-005 -1 5.55596e-005
UV: 0.112203 0.519729

Position: 2.89418 10.7795 1.14148
Normal: -5.04303e-005 -1 5.55596e-005
UV: 0.109566 0.521581

Position: 3.0118 10.7795 1.03849
Normal: -5.04303e-005 -1 5.55596e-005
UV: 0.109566 0.520878

Position: -2.84424 10.9723 4.34716
Normal: -0 1 0
UV: 0.196493 0.72718

Position: -2.72661 10.7795 4.24417
Normal: 2.22045e-016 0 1
UV: 0.140428 0.521568

Position: 2.89418 10.7795 4.24417
Normal: 2.22045e-016 0 1
UV: 0.140428 0.522667

Position: 2.89418 10.4185 4.24417
Normal: 2.22045e-016 0 1
UV: 0.140707 0.522667

Position: -2.72661 10.4185 4.24417
Normal: 2.22045e-016 0 1
UV: 0.140707 0.521568

Position: -2.72661 10.7795 1.14148
Normal: -1 0 2.22045e-016
UV: 0.112203 0.519729

Position: -2.72661 10.7795 4.24417
Normal: -1 0 2.22045e-016
UV: 0.112191 0.519729

Position: -2.72661 10.4185 4.24417
Normal: -1 0 2.22045e-016
UV: 0.112191 0.519027

Position: -2.72661 10.4185 1.14148
Normal: -1 0 2.22045e-016
UV: 0.112203 0.519027

Position: -2.72661 10.4185 1.14148
Normal: -2.22045e-016 0 -1
UV: 0.140127 0.521568

Position: 2.89418 10.4185 1.14148
Normal: -2.22045e-016 0 -1
UV: 0.140127 0.522667

Position: 2.89418 10.7795 1.14148
Normal: -2.22045e-016 0 -1
UV: 0.140405 0.522667

Position: -2.72661 10.7795 1.14148
Normal: -2.22045e-016 0 -1
UV: 0.140405 0.521568

Position: 2.89418 10.4185 1.14148
Normal: 1 0 -2.15474e-008
UV: 0.110922 0.518893

Position: 2.89418 10.4185 4.24417
Normal: 1 0 -2.22045e-016
UV: 0.110934 0.518893

Position: 2.89418 10.7795 4.24417
Normal: 1 0 -2.22045e-016
UV: 0.110934 0.519595

Position: 2.89418 10.7795 1.14148
Normal: 1 0 -1.07737e-008
UV: 0.110922 0.519595

Position: -0.296371 1.41763 -2.72482
Normal: -0 0 -1
UV: 0.234068 0.519882

Position: -0.296371 2.65863 -2.72482
Normal: -0 0 -1
UV: 0.234068 0.519882

Position: -0.444855 1.41763 -2.72482
Normal: 1.92138e-007 0 -1
UV: 0.234068 0.519882

Position: -0.444931 2.65863 -2.72482
Normal: 1.92141e-007 0 -1
UV: 0.234068 0.519882

Position: 0.444801 1.41763 -2.72482
Normal: -9.60766e-008 0 -1
UV: 0.234068 0.519882

Position: 0.444801 2.65863 -2.72482
Normal: -9.60766e-008 0 -1
UV: 0.234068 0.519882

Position: 0.296432 1.41763 -2.72482
Normal: 7.30941e-007 0 -1
UV: 0.234068 0.519882

Position: 0.296432 2.65863 -2.72482
Normal: 7.3094e-007 0 -1
UV: 0.234068 0.519882

Position: 0.0682983 0.336925 -2.72482
Normal: -1.90814e-007 0 -1
UV: 0.133015 0.526799

Position: 0.0682983 3.72446 -2.72482
Normal: -2.04429e-007 0 -1
UV: 0.133015 0.526799

Position: -0.0681915 0.336925 -2.72482
Normal: 9.16317e-008 0 -1
UV: 0.133015 0.526799

Position: -0.0681915 3.72446 -2.72482
Normal: 3.72202e-008 0 -1
UV: 0.133015 0.526799

Position: -0.296371 2.65863 -2.72482
Normal: -0 0 -1
UV: 0.11179 0.519983

Position: -0.173271 3.46635 -2.72482
Normal: 1.41198e-007 0 -1
UV: 0.11179 0.519983

Position: -0.444931 2.65863 -2.72482
Normal: 1.92141e-007 0 -1
UV: 0.11179 0.519983

Position: -1.32822 3.46635 -2.72482
Normal: -5.05799e-007 0 -1
UV: 0.11179 0.519983

Position: -1.32822 0.609904 -2.72482
Normal: -4.71492e-007 0 -1
UV: 0.11179 0.519983

Position: -0.444855 1.41763 -2.72482
Normal: 1.92138e-007 0 -1
UV: 0.11179 0.519983

Position: -0.173271 0.609904 -2.72482
Normal: 1.88899e-007 0 -1
UV: 0.11179 0.519983

Position: -0.296371 1.41763 -2.72482
Normal: -0 0 -1
UV: 0.11179 0.519983

Position: 0.444801 2.65863 -2.72482
Normal: -9.60766e-008 0 -1
UV: 0.11179 0.519983

Position: 0.173195 3.46635 -2.72482
Normal: -7.46271e-007 0 -1
UV: 0.11179 0.519983

Position: 0.296432 2.65863 -2.72482
Normal: 7.3094e-007 0 -1
UV: 0.11179 0.519983

Position: 1.32814 3.46635 -2.72482
Normal: 2.2892e-007 0 -1
UV: 0.11179 0.519983

Position: 0.173195 0.609905 -2.72482
Normal: -7.40094e-007 0 -1
UV: 0.11179 0.519983

Position: 0.296432 1.41763 -2.72482
Normal: 7.30941e-007 0 -1
UV: 0.11179 0.519983

Position: 1.32814 0.609905 -2.72482
Normal: 2.285e-007 0 -1
UV: 0.11179 0.519983

Position: 0.444801 1.41763 -2.72482
Normal: -9.60766e-008 0 -1
UV: 0.11179 0.519983

Position: -0.0681915 3.72446 -2.72482
Normal: 3.72202e-008 0 -1
UV: 0.105469 0.872386

Position: -1.4337 3.72446 -2.72482
Normal: -5.86549e-007 0 -1
UV: 0.105469 0.872386

Position: -1.32822 3.46635 -2.72482
Normal: -5.05799e-007 0 -1
UV: 0.105469 0.872386

Position: -0.173271 3.46635 -2.72482
Normal: 1.41198e-007 0 -1
UV: 0.105469 0.872386

Position: -1.32822 0.609904 -2.72482
Normal: -4.71492e-007 0 -1
UV: 0.105469 0.872386

Position: -1.43369 0.336925 -2.72482
Normal: -4.00077e-007 0 -1
UV: 0.105469 0.872386

Position: -0.0681915 0.336925 -2.72482
Normal: 9.16317e-008 0 -1
UV: 0.105469 0.872386

Position: -0.173271 0.609904 -2.72482
Normal: 1.88899e-007 0 -1
UV: 0.105469 0.872386

Position: 0.0682983 3.72446 -2.72482
Normal: -2.04429e-007 0 -1
UV: 0.105469 0.872386

Position: 1.32814 3.46635 -2.72482
Normal: 2.2892e-007 0 -1
UV: 0.105469 0.872386

Position: 1.43372 3.72446 -2.72482
Normal: 2.70888e-007 0 -1
UV: 0.105469 0.872386

Position: 0.173195 3.46635 -2.72482
Normal: -7.46271e-007 0 -1
UV: 0.105469 0.872386

Position: 0.173195 0.609905 -2.72482
Normal: -7.40094e-007 0 -1
UV: 0.105469 0.872386

Position: 0.0682983 0.336925 -2.72482
Normal: -1.90814e-007 0 -1
UV: 0.105469 0.872386

Position: 1.43372 0.336925 -2.72482
Normal: 2.46663e-007 0 -1
UV: 0.105469 0.872386

Position: 1.32814 0.609905 -2.72482
Normal: 2.285e-007 0 -1
UV: 0.105469 0.872386

Position: -1.4337 3.72446 -2.72482
Normal: -0 -1 0
UV: 0.317407 0.691092

Position: -0.0681915 3.72446 -2.72482
Normal: -0 -1 0
UV: 0.317407 0.691092

Position: -0.0681915 3.72446 -3.26318
Normal: -0 -1 0
UV: 0.317407 0.691092

Position: -1.4337 3.72446 -3.26318
Normal: -0 -1 0
UV: 0.317407 0.691092

Position: -1.43369 0.336925 -2.72482
Normal: 1 4.47756e-006 0
UV: 0.381076 0.693052

Position: -1.4337 3.72446 -2.72482
Normal: 1 4.47756e-006 0
UV: 0.381076 0.693052

Position: -1.4337 3.72446 -3.26318
Normal: 1 4.47756e-006 0
UV: 0.381076 0.693052

Position: -1.43369 0.336925 -3.26318
Normal: 1 4.47756e-006 0
UV: 0.381076 0.693052

Position: 1.43372 3.72446 -2.72482
Normal: -1 0 0
UV: 0.381076 0.693052

Position: 1.43372 0.336925 -2.72482
Normal: -1 0 0
UV: 0.381076 0.693052

Position: 1.43372 0.336925 -3.26318
Normal: -1 0 0
UV: 0.381076 0.693052

Position: 1.43372 3.72446 -3.26318
Normal: -1 0 0
UV: 0.381076 0.693052

Position: 0.0682983 3.72446 -2.72482
Normal: -0 -1 0
UV: 0.317407 0.691092

Position: 1.43372 3.72446 -2.72482
Normal: -0 -1 0
UV: 0.317407 0.691092

Position: 1.43372 3.72446 -3.26318
Normal: -0 -1 0
UV: 0.317407 0.691092

Position: 0.0682983 3.72446 -3.26318
Normal: -0 -1 0
UV: 0.317407 0.691092

Position: -1.4337 3.72446 -3.26318
Normal: -6.76917e-008 0 -1
UV: 0.472172 0.692072

Position: -0.0681915 3.72446 -3.26318
Normal: -0 0 -1
UV: 0.472172 0.692072

Position: -5.00743 4.66994 -3.26318
Normal: -0 0 -1
UV: 0.472172 0.692072

Position: -4.3942 1.18231 -3.26318
Normal: -0 0 -1
UV: 0.0965248 0.117796

Position: -2.19044 3.78738 -3.26318
Normal: -2.20104e-008 0 -1
UV: 0.192016 0.259844

Position: -4.39424 3.78738 -3.26318
Normal: -0 0 -1
UV: 0.192016 0.117796

Position: -2.19043 1.18231 -3.26318
Normal: -2.85972e-008 0 -1
UV: 0.0965248 0.259844

Position: 4.39413 1.18231 -3.26318
Normal: 3.03756e-008 0 -1
UV: 0.192016 0.117796

Position: 2.19044 3.78738 -3.26318
Normal: -4.40226e-008 0 -1
UV: 0.0965248 0.259844

Position: 2.19044 1.18231 -3.26318
Normal: -5.71962e-008 0 -1
UV: 0.192016 0.259844

Position: 4.39413 3.78738 -3.26318
Normal: 3.54182e-008 0 -1
UV: 0.0965248 0.117796

Position: 0.0682983 3.72446 -3.26318
Normal: -0 0 -1
UV: 0.472172 0.692072

Position: 1.43372 3.72446 -3.26318
Normal: -1.35388e-007 0 -1
UV: 0.472172 0.692072

Position: 5.00727 4.66994 -3.26318
Normal: 6.59572e-008 0 -1
UV: 0.472172 0.692072

Position: -5.00735 0.336925 5.71566
Normal: -1 -1.9414e-005 3.74033e-013
UV: 0.367363 0.694031

Position: -5.00743 4.66994 -3.26318
Normal: -1 -1.9414e-005 3.74033e-013
UV: 0.367363 0.694031

Position: -5.00743 4.66994 5.71566
Normal: -1 -1.9414e-005 3.74033e-013
UV: 0.367363 0.694031

Position: -5.00735 0.336925 -3.26318
Normal: -1 -1.9414e-005 3.74033e-013
UV: 0.367363 0.694031

Position: 5.00727 4.66994 5.71566
Normal: 1 0 0
UV: 0.367363 0.694031

Position: 5.00727 4.66994 -3.26318
Normal: 1 0 0
UV: 0.367363 0.694031

Position: 5.00727 0.336925 5.71566
Normal: 1 0 0
UV: 0.367363 0.694031

Position: 5.00727 0.336925 -3.26318
Normal: 1 0 0
UV: 0.367363 0.694031

Position: -4.709 10.4185 5.53133
Normal: -0 1 0
UV: 0.230908 0.516695

Position: -4.709 10.4185 -3.07886
Normal: -0 1 0
UV: 0.230908 0.516695

Position: 4.70892 10.4185 5.53133
Normal: -0 1 0
UV: 0.230908 0.516695

Position: 4.70892 10.4185 -3.07886
Normal: -0 1 0
UV: 0.230908 0.516695

Position: -1.50702 4.77826 -5.99248
Normal: -0 0 -1
UV: 0.335509 0.0622445

Position: 1.50686 4.77826 -5.99248
Normal: -0 0 -1
UV: 0.432635 0.0622444

Position: 1.50686 6.244 -5.99248
Normal: -0 0 -1
UV: 0.432635 0.00992

Position: -1.50702 6.244 -5.99248
Normal: -0 0 -1
UV: 0.335509 0.00992012

Position: 5.00727 4.66994 5.71566
Normal: 1 0 0
UV: 0.204062 0.554725

Position: 5.00727 6.35232 -3.26318
Normal: 1 0 0
UV: 0.204062 0.554725

Position: 5.00727 4.66994 -3.26318
Normal: 1 0 0
UV: 0.204062 0.554725

Position: 5.00727 6.35232 5.71566
Normal: 1 0 0
UV: 0.204062 0.554725

Position: -5.00743 6.35232 5.71566
Normal: -0 0 1
UV: 0.308871 0.552766

Position: 5.00727 6.35232 5.71566
Normal: -0 0 1
UV: 0.308871 0.552766

Position: 5.00727 4.66994 5.71566
Normal: -0 0 1
UV: 0.308871 0.552766

Position: -5.00743 4.66994 5.71566
Normal: -0 0 1
UV: 0.308871 0.552766

Position: -5.00743 6.35232 -3.26318
Normal: -1 0 0
UV: 0.204062 0.554725

Position: -5.00743 6.35232 5.71566
Normal: -1 0 0
UV: 0.204062 0.554725

Position: -5.00743 4.66994 5.71566
Normal: -1 0 0
UV: 0.204062 0.554725

Position: -5.00743 4.66994 -3.26318
Normal: -1 0 0
UV: 0.204062 0.554725

Position: -5.00743 4.66994 -3.26318
Normal: -4.76137e-008 -1 0
UV: 0.171454 0.559735

Position: 5.00727 4.66994 -3.26318
Normal: -4.76137e-008 -1 0
UV: 0.171454 0.559735

Position: 5.00727 4.66994 -5.99248
Normal: -4.76137e-008 -1 0
UV: 0.171454 0.559735

Position: -5.00743 4.66994 -5.99248
Normal: -4.76137e-008 -1 0
UV: 0.171454 0.559735

Position: 5.00727 6.35232 -3.26318
Normal: 1 0 0
UV: 0.208802 0.558112

Position: 5.00727 6.35232 -5.99248
Normal: 1 0 0
UV: 0.208802 0.558112

Position: 5.00727 4.66994 -3.26318
Normal: 1 0 0
UV: 0.208802 0.558112

Position: 5.00727 4.66994 -5.99248
Normal: 1 0 0
UV: 0.208802 0.558112

Position: 5.00727 6.35232 -5.99248
Normal: -0 1 0
UV: 0.293529 0.554529

Position: 0.0204086 6.35232 -3.26318
Normal: -0 1 0
UV: 0.293529 0.554529

Position: -5.00743 6.35232 -5.99248
Normal: -0 1 0
UV: 0.293529 0.554529

Position: 5.00727 6.35232 -3.26318
Normal: -0 1 0
UV: 0.293529 0.554529

Position: -5.00743 4.66994 -3.26318
Normal: -1 0 0
UV: 0.208802 0.558112

Position: -5.00743 4.66994 -5.99248
Normal: -1 0 0
UV: 0.208802 0.558112

Position: -5.00743 6.35232 -3.26318
Normal: -1 0 0
UV: 0.208802 0.558112

Position: -5.00743 6.35232 -5.99248
Normal: -1 0 0
UV: 0.208802 0.558112

Position: -3.39572 8.96506 -3.26318
Normal: -0 0 -1
UV: 0.192016 0.117796

Position: -4.75399 6.53064 -3.26318
Normal: -0 0 -1
UV: 0.0965248 0.259844

Position: -3.39572 6.53064 -3.26318
Normal: -0 0 -1
UV: 0.192016 0.259844

Position: -4.75399 8.96507 -3.26318
Normal: -0 0 -1
UV: 0.0965248 0.117796

Position: 5.00727 6.35232 5.71566
Normal: 1 0 0
UV: 0.367363 0.694031

Position: 5.00727 9.08277 -3.26318
Normal: 1 0 0
UV: 0.367363 0.694031

Position: 5.00727 6.35232 -3.26318
Normal: 1 0 0
UV: 0.367363 0.694031

Position: 5.00727 10.9332 5.71566
Normal: 1 0 0
UV: 0.367363 0.694031

Position: -5.00743 10.9332 5.71566
Normal: -0 0 1
UV: 0.472172 0.692072

Position: 5.00727 10.9332 5.71566
Normal: -0 0 1
UV: 0.472172 0.692072

Position: 5.00727 6.35232 5.71566
Normal: -0 0 1
UV: 0.472172 0.692072

Position: -5.00743 6.35232 5.71566
Normal: -0 0 1
UV: 0.472172 0.692072

Position: -5.00743 9.08277 -3.26318
Normal: -1 0 0
UV: 0.367363 0.694031

Position: -5.00743 10.9332 5.71566
Normal: -1 0 0
UV: 0.367363 0.694031

Position: -5.00743 6.35232 5.71566
Normal: -1 0 0
UV: 0.367363 0.694031

Position: -5.00743 6.35232 -3.26318
Normal: -1 0 0
UV: 0.367363 0.694031

Position: -5.00743 10.5528 -3.95244
Normal: -0 0 -1
UV: 0.229939 0.554331

Position: 5.00727 10.5528 -3.95244
Normal: -0 0 -1
UV: 0.229939 0.554331

Position: 5.00727 10.9332 -3.95244
Normal: -0 0 -1
UV: 0.229939 0.554331

Position: -5.00743 10.9332 -3.95244
Normal: -0 0 -1
UV: 0.229939 0.554331

Position: 5.00727 10.5528 -3.26318
Normal: 1 0 0
UV: 0.367363 0.694031

Position: 5.00727 10.9332 -3.26318
Normal: 1 0 0
UV: 0.367363 0.694031

Position: -5.00743 10.5528 -3.26318
Normal: -1 0 0
UV: 0.367363 0.694031

Position: -5.00743 10.9332 -3.26318
Normal: -1 0 0
UV: 0.367363 0.694031

Position: -0.025528 10.5528 -3.26318
Normal: -0 -1 -7.2462e-007
UV: 0.161738 0.557578

Position: -5.00743 10.5528 -3.95244
Normal: -0 -1 -1.65241e-007
UV: 0.161738 0.557578

Position: -5.00743 10.5528 -3.26318
Normal: -0 -1 0
UV: 0.161738 0.557578

Position: 5.00727 10.9332 -3.26318
Normal: 1 0 0
UV: 0.199086 0.555954

Position: 5.00727 10.9332 -3.95244
Normal: 1 0 0
UV: 0.199086 0.555954

Position: 5.00727 10.5528 -3.26318
Normal: 1 0 0
UV: 0.199086 0.555954

Position: 5.00727 10.5528 -3.95244
Normal: 1 0 0
UV: 0.199086 0.555954

Position: 5.00727 10.9332 -3.26318
Normal: -0 1 0
UV: 0.294892 0.560826

Position: -5.00743 10.9332 -3.26318
Normal: -0 1 0
UV: 0.294892 0.560826

Position: -5.00743 10.9332 -3.95244
Normal: -0 1 0
UV: 0.294892 0.560826

Position: 5.00727 10.9332 -3.95244
Normal: -0 1 0
UV: 0.294892 0.560826

Position: -5.00743 10.5528 -3.26318
Normal: -1 0 0
UV: 0.199086 0.555954

Position: -5.00743 10.5528 -3.95244
Normal: -1 0 0
UV: 0.199086 0.555954

Position: -5.00743 10.9332 -3.26318
Normal: -1 0 0
UV: 0.199086 0.555954

Position: -5.00743 10.9332 -3.95244
Normal: -1 0 0
UV: 0.199086 0.555954

Position: 5.00727 10.9332 -3.26318
Normal: -0 1 2.26313e-006
UV: 0.472172 0.692072

Position: -4.709 10.9332 -3.07886
Normal: -0 1 2.26313e-006
UV: 0.472172 0.692072

Position: -5.00743 10.9332 -3.26318
Normal: -0 1 2.26313e-006
UV: 0.472172 0.692072

Position: 4.70892 10.9332 -3.07886
Normal: -0 1 2.26313e-006
UV: 0.472172 0.692072

Position: 4.70892 10.9332 5.53133
Normal: -0 1 0
UV: 0.472172 0.692072

Position: 5.00727 10.9332 5.71566
Normal: -0 1 0
UV: 0.472172 0.692072

Position: -5.00743 10.9332 5.71566
Normal: -0 1 -2.26304e-006
UV: 0.472172 0.692072

Position: -4.709 10.9332 5.53133
Normal: -0 1 -2.26304e-006
UV: 0.472172 0.692072

Position: -4.709 10.9332 -3.07886
Normal: -0 0 1
UV: 0.167579 0.519943

Position: 4.70892 10.9332 -3.07886
Normal: -0 0 1
UV: 0.167579 0.519943

Position: 4.70892 10.4185 -3.07886
Normal: -0 0 1
UV: 0.167579 0.519943

Position: -4.709 10.4185 -3.07886
Normal: -0 0 1
UV: 0.167579 0.519943

Position: 4.70892 10.4185 5.53133
Normal: -1 0 0
UV: 0.167579 0.519943

Position: 4.70892 10.9332 -3.07886
Normal: -1 0 0
UV: 0.167579 0.519943

Position: 4.70892 10.9332 5.53133
Normal: -1 0 0
UV: 0.167579 0.519943

Position: 4.70892 10.4185 -3.07886
Normal: -1 0 0
UV: 0.167579 0.519943

Position: -4.709 10.4185 5.53133
Normal: -0 0 -1
UV: 0.167579 0.519943

Position: 4.70892 10.4185 5.53133
Normal: -0 0 -1
UV: 0.167579 0.519943

Position: 4.70892 10.9332 5.53133
Normal: -0 0 -1
UV: 0.167579 0.519943

Position: -4.709 10.9332 5.53133
Normal: -0 0 -1
UV: 0.167579 0.519943

Position: -4.709 10.4185 -3.07886
Normal: 1 0 0
UV: 0.167579 0.519943

Position: -4.709 10.4185 5.53133
Normal: 1 0 0
UV: 0.167579 0.519943

Position: -4.709 10.9332 5.53133
Normal: 1 0 0
UV: 0.167579 0.519943

Position: -4.709 10.9332 -3.07886
Normal: 1 0 0
UV: 0.167579 0.519943

Position: 5.00727 4.66994 5.71566
Normal: -0 0 1
UV: 0.472172 0.692072

Position: -5.00735 0.336925 5.71566
Normal: -0 0 1
UV: 0.472172 0.692072

Position: -5.00743 4.66994 5.71566
Normal: -0 0 1
UV: 0.472172 0.692072

Position: 5.00727 0.336925 5.71566
Normal: -0 0 1
UV: 0.472172 0.692072

Position: 1.43372 0.336925 -2.72482
Normal: -0 1 0
UV: 0.238676 0.517307

Position: 0.0682983 0.336925 -2.72482
Normal: -0 1 0
UV: 0.238676 0.517307

Position: 1.43372 0.336925 -3.26318
Normal: -0 1 0
UV: 0.238676 0.517307

Position: -1.43369 0.336925 -3.26318
Normal: -0 1 1.84285e-008
UV: 0.238676 0.517307

Position: -0.0681915 0.336925 -2.72482
Normal: -0 1 1.84285e-008
UV: 0.238676 0.517307

Position: -1.43369 0.336925 -2.72482
Normal: -0 1 0
UV: 0.238676 0.517307

Position: -5.00735 0.336925 -3.26318
Normal: -0 1 7.71784e-008
UV: 0.238676 0.517307

Position: -1.50436 0.336925 -3.54
Normal: -0 1 7.71784e-008
UV: 0.238676 0.517307

Position: -5.25412 0.336925 -3.54
Normal: -0 1 7.71784e-008
UV: 0.238676 0.517307

Position: 5.00727 0.336925 -3.26318
Normal: -0 1 -1.02906e-007
UV: 0.238676 0.517307

Position: 1.50438 0.336925 -3.54
Normal: -0 1 -1.02906e-007
UV: 0.238676 0.517307

Position: 5.25411 0.336925 -3.54
Normal: -0 1 -1.02906e-007
UV: 0.238676 0.517307

Position: -5.25412 0.336925 5.99248
Normal: -0 1 0
UV: 0.238676 0.517307

Position: -5.00735 0.336925 5.71566
Normal: -0 1 0
UV: 0.238676 0.517307

Position: 5.25411 0.336925 5.99248
Normal: -0 1 0
UV: 0.238676 0.517307

Position: 5.00727 0.336925 5.71566
Normal: -0 1 0
UV: 0.238676 0.517307

Position: -5.25412 0 -3.54
Normal: -0 0 -1
UV: 0.197536 0.524164

Position: -1.50436 0 -3.54
Normal: -0 0 -1
UV: 0.197536 0.524164

Position: -1.50436 0.336925 -3.54
Normal: -0 0 -1
UV: 0.197536 0.524164

Position: -5.25412 0.336925 -3.54
Normal: -0 0 -1
UV: 0.197536 0.524164

Position: 1.50438 0 -3.54
Normal: -0 0 -1
UV: 0.197536 0.524164

Position: 5.25411 0 -3.54
Normal: -0 0 -1
UV: 0.197536 0.524164

Position: 5.25411 0.336925 -3.54
Normal: -0 0 -1
UV: 0.197536 0.524164

Position: 1.50438 0.336925 -3.54
Normal: -0 0 -1
UV: 0.197536 0.524164

Position: -5.25412 0 5.99248
Normal: -1 0 0
UV: 0.197536 0.524164

Position: -5.25412 0.336925 -3.54
Normal: -1 0 0
UV: 0.197536 0.524164

Position: -5.25412 0.336925 5.99248
Normal: -1 0 0
UV: 0.197536 0.524164

Position: -5.25412 0 -3.54
Normal: -1 0 0
UV: 0.197536 0.524164

Position: 5.25411 0 -3.54
Normal: 1 0 0
UV: 0.197536 0.524164

Position: 5.25411 0 5.99248
Normal: 1 0 0
UV: 0.197536 0.524164

Position: 5.25411 0.336925 5.99248
Normal: 1 0 0
UV: 0.197536 0.524164

Position: 5.25411 0.336925 -3.54
Normal: 1 0 0
UV: 0.197536 0.524164

Position: -5.25412 0.336925 5.99248
Normal: -0 0 1
UV: 0.197536 0.524164

Position: 5.25411 0.336925 5.99248
Normal: -0 0 1
UV: 0.197536 0.524164

Position: 5.25411 0 5.99248
Normal: -0 0 1
UV: 0.197536 0.524164

Position: -5.25412 0 5.99248
Normal: -0 0 1
UV: 0.197536 0.524164

Position: 3.3956 6.53064 -3.26318
Normal: -0 0 -1
UV: 0.472172 0.692072

Position: 3.16067 6.53064 -3.26318
Normal: -0 0 -1
UV: 0.472172 0.692072

Position: 5.00727 6.35232 -3.26318
Normal: -0 0 -1
UV: 0.472172 0.692072

Position: 4.75388 6.53064 -3.26318
Normal: -2.73258e-007 0 -1
UV: 0.472172 0.692072

Position: 5.00727 9.08277 -3.26318
Normal: -2.21746e-007 0 -1
UV: 0.472172 0.692072

Position: 4.75388 8.96507 -3.26318
Normal: -3.16671e-007 0 -1
UV: 0.472172 0.692072

Position: -3.39572 10.3744 -3.26318
Normal: -0 0 -1
UV: 0.472172 0.692072

Position: -5.00743 10.5528 -3.26318
Normal: -0 0 -1
UV: 0.472172 0.692072

Position: -4.75399 10.3744 -3.26318
Normal: -0 0 -1
UV: 0.472172 0.692072

Position: -4.75399 6.53064 -3.26318
Normal: 7.74092e-007 0 -1
UV: 0.472172 0.692072

Position: -5.00743 9.08277 -3.26318
Normal: 5.81857e-007 0 -1
UV: 0.472172 0.692072

Position: -5.00743 6.35232 -3.26318
Normal: 7.74092e-007 0 -1
UV: 0.472172 0.692072

Position: -4.75399 8.96507 -3.26318
Normal: 7.79752e-007 0 -1
UV: 0.472172 0.692072

Position: -4.75399 9.20048 -3.26318
Normal: 2.17323e-007 0 -1
UV: 0.472172 0.692072

Position: 4.75388 10.3744 -3.26318
Normal: -0 0 -1
UV: 0.472172 0.692072

Position: 4.75388 9.20048 -3.26318
Normal: -9.59359e-008 0 -1
UV: 0.472172 0.692072

Position: 5.00727 10.5528 -3.26318
Normal: -0 0 -1
UV: 0.472172 0.692072

Position: -3.39572 9.20048 -3.26318
Normal: -0 0 -1
UV: 0.192016 0.259844

Position: -3.39572 10.3744 -3.26318
Normal: -0 0 -1
UV: 0.192016 0.117796

Position: -4.75399 9.20048 -3.26318
Normal: -0 0 -1
UV: 0.0965248 0.259844

Position: -4.75399 10.3744 -3.26318
Normal: -0 0 -1
UV: 0.0965248 0.117796

Position: -3.39572 8.96506 -3.26318
Normal: -0 0 -1
UV: 0.472172 0.692072

Position: -3.39572 9.20048 -3.26318
Normal: -0 0 -1
UV: 0.472172 0.692072

Position: 4.75388 6.53064 -3.26318
Normal: -0 0 -1
UV: 0.192016 0.117796

Position: 3.3956 8.96507 -3.26318
Normal: 5.90991e-009 0 -1
UV: 0.0965248 0.259844

Position: 3.3956 6.53064 -3.26318
Normal: -0 0 -1
UV: 0.192016 0.259844

Position: 4.75388 8.96507 -3.26318
Normal: 6.93211e-009 0 -1
UV: 0.0965248 0.117796

Position: 3.3956 9.20048 -3.26318
Normal: 1.11953e-008 0 -1
UV: 0.472172 0.692072

Position: 3.3956 8.96507 -3.26318
Normal: 5.90991e-009 0 -1
UV: 0.472172 0.692072

Position: 4.75388 9.20048 -3.26318
Normal: 1.31317e-008 0 -1
UV: 0.192016 0.117796

Position: 3.3956 10.3744 -3.26318
Normal: -0 0 -1
UV: 0.0965248 0.259844

Position: 3.3956 9.20048 -3.26318
Normal: 1.11953e-008 0 -1
UV: 0.192016 0.259844

Position: 4.75388 10.3744 -3.26318
Normal: -0 0 -1
UV: 0.0965248 0.117796

Position: 3.16067 8.96507 -3.26318
Normal: 2.86607e-009 0 -1
UV: 0.472172 0.692072

Position: 3.16067 9.20048 -3.26318
Normal: -0 0 -1
UV: 0.472172 0.692072

Position: 3.16067 10.3744 -3.26318
Normal: -0 0 -1
UV: 0.472172 0.692072

Position: 3.3956 10.3744 -3.26318
Normal: -0 0 -1
UV: 0.472172 0.692072

Position: 3.16067 6.53064 -3.26318
Normal: 3.14323e-009 0 -1
UV: 0.192016 0.117796

Position: 0.110367 8.96506 -3.26318
Normal: 2.87841e-009 0 -1
UV: 0.0965248 0.259844

Position: 0.110367 6.53064 -3.26318
Normal: 3.15676e-009 0 -1
UV: 0.192016 0.259844

Position: 3.16067 8.96507 -3.26318
Normal: 2.86607e-009 0 -1
UV: 0.0965248 0.117796

Position: 0.110367 9.20048 -3.26318
Normal: -0 0 -1
UV: 0.472172 0.692072

Position: 0.110367 8.96506 -3.26318
Normal: 2.87841e-009 0 -1
UV: 0.472172 0.692072

Position: 3.16067 9.20048 -3.26318
Normal: -0 0 -1
UV: 0.192016 0.117796

Position: 0.110367 10.3744 -3.26318
Normal: -0 0 -1
UV: 0.0965248 0.259844

Position: 0.110367 9.20048 -3.26318
Normal: -0 0 -1
UV: 0.192016 0.259844

Position: 3.16067 10.3744 -3.26318
Normal: -0 0 -1
UV: 0.0965248 0.117796

Position: 0.110367 6.53064 -3.26318
Normal: 3.15676e-009 0 -1
UV: 0.472172 0.692072

Position: -0.110481 8.96506 -3.26318
Normal: -0 0 -1
UV: 0.472172 0.692072

Position: -0.110481 6.53064 -3.26318
Normal: -0 0 -1
UV: 0.472172 0.692072

Position: -0.110481 9.20048 -3.26318
Normal: -0 0 -1
UV: 0.472172 0.692072

Position: -0.110481 10.3744 -3.26318
Normal: -0 0 -1
UV: 0.472172 0.692072

Position: 0.110367 10.3744 -3.26318
Normal: -0 0 -1
UV: 0.472172 0.692072

Position: -0.110481 6.53064 -3.26318
Normal: -0 0 -1
UV: 0.192016 0.117796

Position: -3.16079 8.96506 -3.26318
Normal: -0 0 -1
UV: 0.0965248 0.259844

Position: -3.16079 6.53064 -3.26318
Normal: -0 0 -1
UV: 0.192016 0.259844

Position: -0.110481 8.96506 -3.26318
Normal: -0 0 -1
UV: 0.0965248 0.117796

Position: -3.16079 9.20048 -3.26318
Normal: -0 0 -1
UV: 0.472172 0.692072

Position: -3.16079 8.96506 -3.26318
Normal: -0 0 -1
UV: 0.472172 0.692072

Position: -0.110481 9.20048 -3.26318
Normal: -0 0 -1
UV: 0.192016 0.117796

Position: -3.16079 10.3744 -3.26318
Normal: -0 0 -1
UV: 0.0965248 0.259844

Position: -3.16079 9.20048 -3.26318
Normal: -0 0 -1
UV: 0.192016 0.259844

Position: -0.110481 10.3744 -3.26318
Normal: -0 0 -1
UV: 0.0965248 0.117796

Position: -3.39572 6.53064 -3.26318
Normal: -0 0 -1
UV: 0.472172 0.692072

Position: -3.16079 6.53064 -3.26318
Normal: -0 0 -1
UV: 0.472172 0.692072

Position: -3.16079 10.3744 -3.26318
Normal: -0 0 -1
UV: 0.472172 0.692072

Position: -0.025528 10.5528 -3.26318
Normal: -0 0 -1
UV: 0.472172 0.692072

Position: 5.00727 10.5528 -3.26318
Normal: -0 -1 -7.35599e-007
UV: 0.161738 0.557578

Position: 5.00727 10.5528 -3.95244
Normal: -0 -1 -7.35599e-007
UV: 0.161738 0.557578

Position: 0.0204086 6.35232 -3.26318
Normal: -0 0 -1
UV: 0.472172 0.692072

Position: -5.00743 6.35232 -3.26318
Normal: -0 1 0
UV: 0.293529 0.554529

Position: -2.19043 1.18231 -3.26318
Normal: -2.85972e-008 0 -1
UV: 0.472172 0.692072

Position: -1.43369 0.336925 -3.26318
Normal: -4.69394e-008 0 -1
UV: 0.472172 0.692072

Position: -2.19044 3.78738 -3.26318
Normal: -2.20104e-008 0 -1
UV: 0.472172 0.692072

Position: -4.39424 3.78738 -3.26318
Normal: -0 0 -1
UV: 0.472172 0.692072

Position: -5.00735 0.336925 -3.26318
Normal: -0 0 -1
UV: 0.472172 0.692072

Position: -4.3942 1.18231 -3.26318
Normal: -0 0 -1
UV: 0.472172 0.692072

Position: 1.43372 0.336925 -3.26318
Normal: -9.38804e-008 0 -1
UV: 0.472172 0.692072

Position: 2.19044 1.18231 -3.26318
Normal: -5.71962e-008 0 -1
UV: 0.472172 0.692072

Position: 2.19044 3.78738 -3.26318
Normal: -4.40226e-008 0 -1
UV: 0.472172 0.692072

Position: 5.00727 0.336925 -3.26318
Normal: 4.11201e-008 0 -1
UV: 0.472172 0.692072

Position: 4.39413 1.18231 -3.26318
Normal: 3.03756e-008 0 -1
UV: 0.472172 0.692072

Position: 4.39413 3.78738 -3.26318
Normal: 3.54182e-008 0 -1
UV: 0.472172 0.692072

Position: -5.00743 6.35232 -5.99248
Normal: -0 0 -1
UV: 0.315802 0.00605291

Position: 5.00727 6.35232 -5.99248
Normal: -0 0 -1
UV: 0.452341 0.00605279

Position: -5.00743 4.66994 -5.99248
Normal: -0 0 -1
UV: 0.315802 0.0661117

Position: 5.00727 4.66994 -5.99248
Normal: -0 0 -1
UV: 0.452341 0.0661118


[INDEX_DATA]
0 2 1
2 3 1
4 6 5
5 7 4
8 10 9
10 11 9
12 14 13
14 15 13
16 18 17
17 18 19
20 22 21
21 23 20
24 26 25
24 27 26
28 25 26
26 29 28
28 31 30
28 29 31
30 27 24
30 31 27
32 34 33
33 35 32
36 38 37
37 39 36
40 42 41
41 42 43
44 46 45
45 47 44
48 50 49
48 51 50
52 54 53
52 55 54
56 58 57
56 59 58
60 62 61
60 63 62
64 66 65
65 66 67
68 70 69
69 71 68
72 74 73
72 75 74
76 77 75
75 72 76
78 79 77
78 77 76
73 79 78
73 74 79
80 82 81
82 80 83
84 86 85
86 84 87
88 90 89
89 91 88
92 94 93
94 92 95
96 98 97
98 99 97
100 102 101
102 103 101
104 106 105
106 107 105
108 110 109
110 111 109
112 114 113
113 115 112
116 118 117
117 118 119
120 122 121
120 123 122
124 121 122
122 125 124
124 127 126
124 125 127
126 123 120
126 127 123
128 130 129
129 130 131
132 134 133
133 134 135
136 138 137
137 139 136
140 142 141
141 142 143
144 146 145
144 145 147
148 146 144
148 149 146
150 149 148
150 151 149
147 145 151
151 150 147
152 154 153
153 155 152
156 158 157
157 159 156
160 162 161
162 160 163
164 166 165
165 167 164
168 170 169
170 168 171
172 174 173
172 175 174
176 178 177
177 179 176
180 182 181
181 183 180
184 186 185
185 186 187
188 190 189
190 188 191
192 194 193
192 195 194
196 198 197
197 199 196
200 202 201
201 203 200
204 206 205
205 206 207
208 210 209
210 208 211
212 214 213
215 217 216
217 215 218
219 221 220
220 222 219
223 225 224
223 226 225
227 229 228
227 230 229
231 233 232
232 234 231
235 232 233
235 236 232
236 238 237
236 235 238
239 212 213
240 242 241
240 243 242
244 246 245
246 244 247
248 250 249
248 251 250
252 254 253
254 252 255
256 258 257
258 259 257
260 262 261
262 263 261
264 266 265
266 267 265
268 270 269
269 270 271
272 271 270
270 273 272
274 272 273
273 275 274
269 274 275
275 268 269
276 278 277
277 279 276
280 277 278
278 281 280
282 280 283
280 281 283
282 276 279
282 283 276
284 286 285
284 287 286
288 289 285
285 286 288
290 289 288
288 291 290
284 290 291
291 287 284
292 294 293
293 295 292
296 297 292
292 295 296
297 299 298
297 296 299
294 298 299
299 293 294
300 302 301
300 303 302
304 306 305
304 307 306
308 310 309
308 311 310
312 314 313
312 315 314
312 301 315
301 302 315
316 318 317
319 321 320
320 322 319
323 325 324
324 326 323
327 329 328
329 317 318
329 327 317
330 332 331
331 333 330
334 336 335
336 337 335
338 340 339
340 341 339
342 344 343
342 345 344
346 348 347
347 349 346
350 352 351
350 353 352
354 356 355
356 354 357
358 360 359
358 361 360
362 364 363
364 365 363
366 368 367
367 369 366
370 372 371
372 373 371
374 376 375
375 377 374
378 380 379
379 381 378
382 384 383
382 385 384
386 388 387
388 386 389
390 392 391
390 393 392
394 395 381
387 397 396
398 400 399
401 403 402
403 404 402
405 407 406
405 408 407
409 411 410
411 412 410
413 415 414
414 416 413
417 418 413
413 416 417
418 420 419
418 417 420
420 414 415
415 419 420
421 423 422
421 424 423
425 427 426
426 428 425
429 431 430
429 432 431
433 435 434
435 433 436
437 439 438
438 440 437
441 443 442
444 445 443
445 442 443
445 444 446
447 444 448
448 449 447
450 451 443
450 452 451
453 454 447
453 447 449
452 456 455
452 450 456
456 454 453
455 456 453
448 444 451
444 443 451
457 459 458
457 460 459
461 463 462
461 464 463
465 467 466
466 468 465
469 471 470
471 469 472
473 475 474
473 476 475
461 458 459
459 464 461
477 479 478
480 482 481
481 479 480
483 485 484
486 488 487
487 489 486
487 484 485
485 490 487
387 396 386
379 394 381
481 492 491
491 493 481
494 496 495
496 497 495
487 490 489
482 492 481
489 499 498
489 490 499
500 502 501
501 503 500
482 505 504
504 492 482
506 508 507
507 509 506
477 478 510
510 505 477
505 510 511
511 504 505
504 511 512
512 513 504
514 516 515
515 517 514
510 519 518
518 511 510
520 522 521
521 523 520
524 526 525
525 519 524
519 525 527
527 518 519
518 527 528
528 529 518
530 532 531
531 533 530
525 535 534
534 527 525
536 538 537
537 539 536
540 498 535
535 541 540
535 498 499
499 534 535
534 499 483
483 542 534
493 512 543
512 529 543
529 528 543
398 545 544
545 398 399
543 542 484
543 528 542
542 483 484
493 513 512
493 491 513
488 540 541
477 480 479
546 478 479
546 524 478
488 486 540
541 526 546
488 541 546
546 526 524
368 547 367
316 549 548
548 550 316
316 550 318
318 550 551
552 318 551
551 553 552
552 548 549
552 553 548
328 555 554
328 556 555
557 554 555
555 558 557
557 559 329
557 558 559
329 556 328
329 559 556
560 561 344
344 345 560
342 562 560
560 345 342
343 563 562
562 342 343
561 563 343
343 344 561

