[FBX_META_DATA]
MeshCount: 1

[MESH_DATA]
VertexCount: 392
IndexCount: 834
BoneCount: 0
AnimationClips: 1

[VERTEX_DATA]
Position: 1.20668 11.4185 -2.19546
Normal: -0 0 -1
UV: 0.731534 0.57687

Position: 1.20668 10.4185 -2.19546
Normal: -0 0 -1
UV: 0.731534 0.516292

Position: 1.70174 10.4185 -2.19546
Normal: -0 0 -1
UV: 0.700536 0.516292

Position: 1.70174 11.4185 -2.19546
Normal: -0 0 -1
UV: 0.700536 0.57687

Position: 1.20668 11.4185 -0.772545
Normal: -1 0 0
UV: 0.790797 0.500553

Position: 1.20668 10.4185 -0.772545
Normal: -1 0 0
UV: 0.734723 0.500553

Position: 1.20668 10.4185 -2.19546
Normal: -1 0 0
UV: 0.734723 0.577746

Position: 1.20668 11.4185 -2.19546
Normal: -1 0 0
UV: 0.790797 0.577746

Position: 1.70174 11.4185 -0.772545
Normal: -0 0 1
UV: 0.731534 0.57687

Position: 1.20668 10.4185 -0.772545
Normal: -0 0 1
UV: 0.700536 0.516292

Position: 1.20668 11.4185 -0.772545
Normal: -0 0 1
UV: 0.700536 0.57687

Position: 1.70174 10.4185 -0.772545
Normal: -0 0 1
UV: 0.731534 0.516292

Position: 1.20668 11.4185 -0.772545
Normal: -0 1 0
UV: 0.696554 0.574735

Position: 1.70174 11.4185 -2.19546
Normal: -0 1 0
UV: 0.680157 0.503945

Position: 1.70174 11.4185 -0.772545
Normal: -0 1 0
UV: 0.680157 0.574735

Position: 1.20668 11.4185 -2.19546
Normal: -0 1 0
UV: 0.696554 0.503945

Position: 1.70174 10.4185 -0.772545
Normal: 1 0 0
UV: 0.700254 0.54589

Position: 1.70174 11.4185 -0.772545
Normal: 1 0 0
UV: 0.700254 0.576457

Position: 1.70174 10.4185 -2.19546
Normal: 1 0 0
UV: 0.731133 0.54589

Position: 1.70174 11.4185 -2.19546
Normal: 1 0 0
UV: 0.731133 0.576457

Position: 3.15085 11.4185 -2.19546
Normal: -0 0 -1
UV: 0.731534 0.57687

Position: 3.15085 10.4185 -2.19546
Normal: -0 0 -1
UV: 0.731534 0.516292

Position: 3.6459 10.4185 -2.19546
Normal: -0 0 -1
UV: 0.700536 0.516292

Position: 3.6459 11.4185 -2.19546
Normal: -0 0 -1
UV: 0.700536 0.57687

Position: 3.15085 11.4185 -0.772545
Normal: -1 0 0
UV: 0.790797 0.500553

Position: 3.15085 10.4185 -0.772545
Normal: -1 0 0
UV: 0.734723 0.500553

Position: 3.15085 10.4185 -2.19546
Normal: -1 0 0
UV: 0.734723 0.577746

Position: 3.15085 11.4185 -2.19546
Normal: -1 0 0
UV: 0.790797 0.577746

Position: 3.6459 11.4185 -0.772545
Normal: -0 0 1
UV: 0.731534 0.57687

Position: 3.15085 10.4185 -0.772545
Normal: -0 0 1
UV: 0.700536 0.516292

Position: 3.15085 11.4185 -0.772545
Normal: -0 0 1
UV: 0.700536 0.57687

Position: 3.6459 10.4185 -0.772545
Normal: -0 0 1
UV: 0.731534 0.516292

Position: 3.15085 11.4185 -0.772545
Normal: -0 1 0
UV: 0.696554 0.574735

Position: 3.6459 11.4185 -2.19546
Normal: -0 1 0
UV: 0.680157 0.503945

Position: 3.6459 11.4185 -0.772545
Normal: -0 1 0
UV: 0.680157 0.574735

Position: 3.15085 11.4185 -2.19546
Normal: -0 1 0
UV: 0.696554 0.503945

Position: 3.6459 10.4185 -0.772545
Normal: 1 0 0
UV: 0.700254 0.54589

Position: 3.6459 11.4185 -0.772545
Normal: 1 0 0
UV: 0.700254 0.576457

Position: 3.6459 10.4185 -2.19546
Normal: 1 0 0
UV: 0.731133 0.54589

Position: 3.6459 11.4185 -2.19546
Normal: 1 0 0
UV: 0.731133 0.576457

Position: -2.84424 10.9723 1.03849
Normal: -1 0 2.22045e-016
UV: 0.111088 0.735766

Position: -2.84424 10.9723 4.34716
Normal: -1 0 2.22045e-016
UV: 0.11897 0.735766

Position: -2.84424 10.7795 4.34716
Normal: -1 0 2.22045e-016
UV: 0.11897 0.73546

Position: -2.84424 10.7795 1.03849
Normal: -1 0 2.22045e-016
UV: 0.111088 0.73546

Position: 3.0118 10.9723 4.34716
Normal: -0 1 0
UV: 0.211788 0.72718

Position: -2.84424 10.9723 1.03849
Normal: -0 1 0
UV: 0.196493 0.740724

Position: 3.0118 10.9723 1.03849
Normal: -0 1 0
UV: 0.211788 0.740724

Position: 3.0118 10.7795 1.03849
Normal: 1 0 -2.22045e-016
UV: 0.118379 0.734502

Position: 3.0118 10.7795 4.34716
Normal: 1 0 -2.22045e-016
UV: 0.110497 0.734502

Position: 3.0118 10.9723 4.34716
Normal: 1 0 -2.22045e-016
UV: 0.110497 0.734809

Position: 3.0118 10.9723 1.03849
Normal: 1 0 -2.22045e-016
UV: 0.118379 0.734809

Position: 3.0118 10.9723 1.03849
Normal: -2.22045e-016 0 -1
UV: 0.0790236 0.732544

Position: -2.84424 10.7795 1.03849
Normal: -2.22045e-016 0 -1
UV: 0.0776727 0.736941

Position: 3.0118 10.7795 1.03849
Normal: -2.22045e-016 0 -1
UV: 0.0790236 0.736941

Position: -2.84424 10.9723 1.03849
Normal: -2.22045e-016 0 -1
UV: 0.0776727 0.732544

Position: -2.84424 10.9723 4.34716
Normal: 2.22045e-016 0 1
UV: 0.0776768 0.736786

Position: 3.0118 10.9723 4.34716
Normal: 2.22045e-016 0 1
UV: 0.0790276 0.736786

Position: 3.0118 10.7795 4.34716
Normal: 2.22045e-016 0 1
UV: 0.0790276 0.732389

Position: -2.84424 10.7795 4.34716
Normal: 2.22045e-016 0 1
UV: 0.0776768 0.732389

Position: 3.0118 10.7795 4.34716
Normal: -5.04303e-005 -1 -5.55596e-005
UV: 0.134191 0.520729

Position: 3.0118 10.7795 1.03849
Normal: -5.04303e-005 -1 5.55596e-005
UV: 0.134191 0.521356

Position: 2.89418 10.7795 1.14148
Normal: -5.04303e-005 -1 5.55596e-005
UV: 0.134671 0.521356

Position: 2.89418 10.7795 4.24417
Normal: -5.04303e-005 -1 -5.55596e-005
UV: 0.134671 0.520729

Position: 3.0118 10.7795 4.34716
Normal: -5.04303e-005 -1 -5.55596e-005
UV: 0.108788 0.520878

Position: -2.72661 10.7795 4.24417
Normal: 5.04211e-005 -1 -5.55596e-005
UV: 0.112191 0.519729

Position: -2.84424 10.7795 4.34716
Normal: 5.04211e-005 -1 -5.55596e-005
UV: 0.109566 0.520878

Position: 2.89418 10.7795 4.24417
Normal: -5.04303e-005 -1 -5.55596e-005
UV: 0.108788 0.521581

Position: -2.84424 10.7795 1.03849
Normal: 5.04211e-005 -1 5.55596e-005
UV: 0.108788 0.520878

Position: -2.72661 10.7795 1.14148
Normal: 5.04211e-005 -1 5.55596e-005
UV: 0.112203 0.519729

Position: 2.89418 10.7795 1.14148
Normal: -5.04303e-005 -1 5.55596e-005
UV: 0.109566 0.521581

Position: 3.0118 10.7795 1.03849
Normal: -5.04303e-005 -1 5.55596e-005
UV: 0.109566 0.520878

Position: -2.84424 10.9723 4.34716
Normal: -0 1 0
UV: 0.196493 0.72718

Position: -2.72661 10.7795 4.24417
Normal: 2.22045e-016 0 1
UV: 0.140428 0.521568

Position: 2.89418 10.7795 4.24417
Normal: 2.22045e-016 0 1
UV: 0.140428 0.522667

Position: 2.89418 10.4185 4.24417
Normal: 2.22045e-016 0 1
UV: 0.140707 0.522667

Position: -2.72661 10.4185 4.24417
Normal: 2.22045e-016 0 1
UV: 0.140707 0.521568

Position: -2.72661 10.7795 1.14148
Normal: -1 0 2.22045e-016
UV: 0.112203 0.519729

Position: -2.72661 10.7795 4.24417
Normal: -1 0 2.22045e-016
UV: 0.112191 0.519729

Position: -2.72661 10.4185 4.24417
Normal: -1 0 2.22045e-016
UV: 0.112191 0.519027

Position: -2.72661 10.4185 1.14148
Normal: -1 0 2.22045e-016
UV: 0.112203 0.519027

Position: -2.72661 10.4185 1.14148
Normal: -2.22045e-016 0 -1
UV: 0.140127 0.521568

Position: 2.89418 10.4185 1.14148
Normal: -2.22045e-016 0 -1
UV: 0.140127 0.522667

Position: 2.89418 10.7795 1.14148
Normal: -2.22045e-016 0 -1
UV: 0.140405 0.522667

Position: -2.72661 10.7795 1.14148
Normal: -2.22045e-016 0 -1
UV: 0.140405 0.521568

Position: 2.89418 10.4185 1.14148
Normal: 1 0 -2.15474e-008
UV: 0.110922 0.518893

Position: 2.89418 10.4185 4.24417
Normal: 1 0 -2.22045e-016
UV: 0.110934 0.518893

Position: 2.89418 10.7795 4.24417
Normal: 1 0 -2.22045e-016
UV: 0.110934 0.519595

Position: 2.89418 10.7795 1.14148
Normal: 1 0 -1.07737e-008
UV: 0.110922 0.519595

Position: -0.296371 1.41763 -2.72482
Normal: -0 0 -1
UV: 0.234068 0.519882

Position: -0.296371 2.65863 -2.72482
Normal: -0 0 -1
UV: 0.234068 0.519882

Position: -0.444855 1.41763 -2.72482
Normal: 1.92138e-007 0 -1
UV: 0.234068 0.519882

Position: -0.444931 2.65863 -2.72482
Normal: 1.92141e-007 0 -1
UV: 0.234068 0.519882

Position: 0.444801 1.41763 -2.72482
Normal: -9.60766e-008 0 -1
UV: 0.234068 0.519882

Position: 0.444801 2.65863 -2.72482
Normal: -9.60766e-008 0 -1
UV: 0.234068 0.519882

Position: 0.296432 1.41763 -2.72482
Normal: 7.30941e-007 0 -1
UV: 0.234068 0.519882

Position: 0.296432 2.65863 -2.72482
Normal: 7.3094e-007 0 -1
UV: 0.234068 0.519882

Position: 0.0682983 0.336925 -2.72482
Normal: -1.90814e-007 0 -1
UV: 0.133015 0.526799

Position: 0.0682983 3.72446 -2.72482
Normal: -2.04429e-007 0 -1
UV: 0.133015 0.526799

Position: -0.0681915 0.336925 -2.72482
Normal: 9.16317e-008 0 -1
UV: 0.133015 0.526799

Position: -0.0681915 3.72446 -2.72482
Normal: 3.72202e-008 0 -1
UV: 0.133015 0.526799

Position: -0.296371 2.65863 -2.72482
Normal: -0 0 -1
UV: 0.11179 0.519983

Position: -0.173271 3.46635 -2.72482
Normal: 1.41198e-007 0 -1
UV: 0.11179 0.519983

Position: -0.444931 2.65863 -2.72482
Normal: 1.92141e-007 0 -1
UV: 0.11179 0.519983

Position: -1.32822 3.46635 -2.72482
Normal: -5.05799e-007 0 -1
UV: 0.11179 0.519983

Position: -1.32822 0.609904 -2.72482
Normal: -4.71492e-007 0 -1
UV: 0.11179 0.519983

Position: -0.444855 1.41763 -2.72482
Normal: 1.92138e-007 0 -1
UV: 0.11179 0.519983

Position: -0.173271 0.609904 -2.72482
Normal: 1.88899e-007 0 -1
UV: 0.11179 0.519983

Position: -0.296371 1.41763 -2.72482
Normal: -0 0 -1
UV: 0.11179 0.519983

Position: 0.444801 2.65863 -2.72482
Normal: -9.60766e-008 0 -1
UV: 0.11179 0.519983

Position: 0.173195 3.46635 -2.72482
Normal: -7.46271e-007 0 -1
UV: 0.11179 0.519983

Position: 0.296432 2.65863 -2.72482
Normal: 7.3094e-007 0 -1
UV: 0.11179 0.519983

Position: 1.32814 3.46635 -2.72482
Normal: 2.2892e-007 0 -1
UV: 0.11179 0.519983

Position: 0.173195 0.609905 -2.72482
Normal: -7.40094e-007 0 -1
UV: 0.11179 0.519983

Position: 0.296432 1.41763 -2.72482
Normal: 7.30941e-007 0 -1
UV: 0.11179 0.519983

Position: 1.32814 0.609905 -2.72482
Normal: 2.285e-007 0 -1
UV: 0.11179 0.519983

Position: 0.444801 1.41763 -2.72482
Normal: -9.60766e-008 0 -1
UV: 0.11179 0.519983

Position: -0.0681915 3.72446 -2.72482
Normal: 3.72202e-008 0 -1
UV: 0.105469 0.872386

Position: -1.4337 3.72446 -2.72482
Normal: -5.86549e-007 0 -1
UV: 0.105469 0.872386

Position: -1.32822 3.46635 -2.72482
Normal: -5.05799e-007 0 -1
UV: 0.105469 0.872386

Position: -0.173271 3.46635 -2.72482
Normal: 1.41198e-007 0 -1
UV: 0.105469 0.872386

Position: -1.32822 0.609904 -2.72482
Normal: -4.71492e-007 0 -1
UV: 0.105469 0.872386

Position: -1.43369 0.336925 -2.72482
Normal: -4.00077e-007 0 -1
UV: 0.105469 0.872386

Position: -0.0681915 0.336925 -2.72482
Normal: 9.16317e-008 0 -1
UV: 0.105469 0.872386

Position: -0.173271 0.609904 -2.72482
Normal: 1.88899e-007 0 -1
UV: 0.105469 0.872386

Position: 0.0682983 3.72446 -2.72482
Normal: -2.04429e-007 0 -1
UV: 0.105469 0.872386

Position: 1.32814 3.46635 -2.72482
Normal: 2.2892e-007 0 -1
UV: 0.105469 0.872386

Position: 1.43372 3.72446 -2.72482
Normal: 2.70888e-007 0 -1
UV: 0.105469 0.872386

Position: 0.173195 3.46635 -2.72482
Normal: -7.46271e-007 0 -1
UV: 0.105469 0.872386

Position: 0.173195 0.609905 -2.72482
Normal: -7.40094e-007 0 -1
UV: 0.105469 0.872386

Position: 0.0682983 0.336925 -2.72482
Normal: -1.90814e-007 0 -1
UV: 0.105469 0.872386

Position: 1.43372 0.336925 -2.72482
Normal: 2.46663e-007 0 -1
UV: 0.105469 0.872386

Position: 1.32814 0.609905 -2.72482
Normal: 2.285e-007 0 -1
UV: 0.105469 0.872386

Position: -1.4337 3.72446 -2.72482
Normal: -0 -1 0
UV: 0.11261 0.62098

Position: -0.0681915 3.72446 -2.72482
Normal: -0 -1 0
UV: 0.11261 0.62098

Position: -0.0681915 3.72446 -3.26318
Normal: -0 -1 0
UV: 0.11261 0.62098

Position: -1.4337 3.72446 -3.26318
Normal: -0 -1 0
UV: 0.11261 0.62098

Position: -1.43369 0.336925 -2.72482
Normal: 1 4.47756e-006 0
UV: 0.176279 0.622939

Position: -1.4337 3.72446 -2.72482
Normal: 1 4.47756e-006 0
UV: 0.176279 0.622939

Position: -1.4337 3.72446 -3.26318
Normal: 1 4.47756e-006 0
UV: 0.176279 0.622939

Position: -1.43369 0.336925 -3.26318
Normal: 1 4.47756e-006 0
UV: 0.176279 0.622939

Position: 1.43372 3.72446 -2.72482
Normal: -1 0 0
UV: 0.176279 0.622939

Position: 1.43372 0.336925 -2.72482
Normal: -1 0 0
UV: 0.176279 0.622939

Position: 1.43372 0.336925 -3.26318
Normal: -1 0 0
UV: 0.176279 0.622939

Position: 1.43372 3.72446 -3.26318
Normal: -1 0 0
UV: 0.176279 0.622939

Position: 0.0682983 3.72446 -2.72482
Normal: -0 -1 0
UV: 0.11261 0.62098

Position: 1.43372 3.72446 -2.72482
Normal: -0 -1 0
UV: 0.11261 0.62098

Position: 1.43372 3.72446 -3.26318
Normal: -0 -1 0
UV: 0.11261 0.62098

Position: 0.0682983 3.72446 -3.26318
Normal: -0 -1 0
UV: 0.11261 0.62098

Position: -1.4337 3.72446 -3.26318
Normal: -6.76917e-008 0 -1
UV: 0.267374 0.62196

Position: -0.0681915 3.72446 -3.26318
Normal: -0 0 -1
UV: 0.267374 0.62196

Position: -5.00743 4.66994 -3.26318
Normal: -0 0 -1
UV: 0.267374 0.62196

Position: -4.3942 1.18231 -3.26318
Normal: -0 0 -1
UV: 0.0965248 0.117796

Position: -2.19044 3.78738 -3.26318
Normal: -2.20104e-008 0 -1
UV: 0.192016 0.259844

Position: -4.39424 3.78738 -3.26318
Normal: -0 0 -1
UV: 0.192016 0.117796

Position: -2.19043 1.18231 -3.26318
Normal: -2.85972e-008 0 -1
UV: 0.0965248 0.259844

Position: 4.39413 1.18231 -3.26318
Normal: 3.03756e-008 0 -1
UV: 0.192016 0.117796

Position: 2.19044 3.78738 -3.26318
Normal: -4.40226e-008 0 -1
UV: 0.0965248 0.259844

Position: 2.19044 1.18231 -3.26318
Normal: -5.71962e-008 0 -1
UV: 0.192016 0.259844

Position: 4.39413 3.78738 -3.26318
Normal: 3.54182e-008 0 -1
UV: 0.0965248 0.117796

Position: 0.0682983 3.72446 -3.26318
Normal: -0 0 -1
UV: 0.267374 0.62196

Position: 1.43372 3.72446 -3.26318
Normal: -1.35388e-007 0 -1
UV: 0.267374 0.62196

Position: 5.00727 4.66994 -3.26318
Normal: 6.59572e-008 0 -1
UV: 0.267374 0.62196

Position: -5.00735 0.336925 5.71566
Normal: -1 -1.9414e-005 3.74033e-013
UV: 0.162565 0.623919

Position: -5.00743 4.66994 -3.26318
Normal: -1 -1.9414e-005 3.74033e-013
UV: 0.162565 0.623919

Position: -5.00743 4.66994 5.71566
Normal: -1 -1.9414e-005 3.74033e-013
UV: 0.162565 0.623919

Position: -5.00735 0.336925 -3.26318
Normal: -1 -1.9414e-005 3.74033e-013
UV: 0.162565 0.623919

Position: 5.00727 4.66994 5.71566
Normal: 1 0 0
UV: 0.162565 0.623919

Position: 5.00727 4.66994 -3.26318
Normal: 1 0 0
UV: 0.162565 0.623919

Position: 5.00727 0.336925 5.71566
Normal: 1 0 0
UV: 0.162565 0.623919

Position: 5.00727 0.336925 -3.26318
Normal: 1 0 0
UV: 0.162565 0.623919

Position: -4.709 10.4185 5.53133
Normal: -0 1 0
UV: 0.230908 0.516695

Position: -4.709 10.4185 -3.07886
Normal: -0 1 0
UV: 0.230908 0.516695

Position: 4.70892 10.4185 5.53133
Normal: -0 1 0
UV: 0.230908 0.516695

Position: 4.70892 10.4185 -3.07886
Normal: -0 1 0
UV: 0.230908 0.516695

Position: 5.00727 4.66994 5.71566
Normal: 1 0 0
UV: 0.204062 0.910937

Position: 5.00727 6.35232 -3.26318
Normal: 1 0 0
UV: 0.204062 0.910937

Position: 5.00727 4.66994 -3.26318
Normal: 1 0 0
UV: 0.204062 0.910937

Position: 5.00727 6.35232 5.71566
Normal: 1 0 0
UV: 0.204062 0.910937

Position: -5.00743 6.35232 5.71566
Normal: -0 0 1
UV: 0.308871 0.908978

Position: 5.00727 6.35232 5.71566
Normal: -0 0 1
UV: 0.308871 0.908978

Position: 5.00727 4.66994 5.71566
Normal: -0 0 1
UV: 0.308871 0.908978

Position: -5.00743 4.66994 5.71566
Normal: -0 0 1
UV: 0.308871 0.908978

Position: -5.00743 6.35232 -3.26318
Normal: -1 0 0
UV: 0.204062 0.910937

Position: -5.00743 6.35232 5.71566
Normal: -1 0 0
UV: 0.204062 0.910937

Position: -5.00743 4.66994 5.71566
Normal: -1 0 0
UV: 0.204062 0.910937

Position: -5.00743 4.66994 -3.26318
Normal: -1 0 0
UV: 0.204062 0.910937

Position: -5.00743 4.66994 -3.26318
Normal: -4.76137e-008 -1 0
UV: 0.171454 0.915947

Position: 5.00727 4.66994 -3.26318
Normal: -4.76137e-008 -1 0
UV: 0.171454 0.915947

Position: 5.00727 4.66994 -4.16858
Normal: -4.76137e-008 -1 0
UV: 0.171454 0.915947

Position: -5.00743 4.66994 -4.16858
Normal: -4.76137e-008 -1 0
UV: 0.171454 0.915947

Position: 5.00727 4.66994 -3.26318
Normal: 1 0 0
UV: 0.208802 0.914324

Position: 5.00727 6.35232 -3.26318
Normal: 1 0 0
UV: 0.208802 0.914324

Position: 5.00727 6.35232 -4.16858
Normal: 1 0 0
UV: 0.208802 0.914324

Position: 5.00727 4.66994 -4.16858
Normal: 1 0 0
UV: 0.208802 0.914324

Position: -5.00743 6.35232 -4.16858
Normal: -0 1 0
UV: 0.293529 0.910741

Position: 5.00727 6.35232 -4.16858
Normal: -0 1 0
UV: 0.293529 0.910741

Position: 0.0204086 6.35232 -3.26318
Normal: -0 1 0
UV: 0.293529 0.910741

Position: 5.00727 6.35232 -3.26318
Normal: -0 1 0
UV: 0.293529 0.910741

Position: -5.00743 6.35232 -3.26318
Normal: -1 0 0
UV: 0.208802 0.914324

Position: -5.00743 4.66994 -3.26318
Normal: -1 0 0
UV: 0.208802 0.914324

Position: -5.00743 4.66994 -4.16858
Normal: -1 0 0
UV: 0.208802 0.914324

Position: -5.00743 6.35232 -4.16858
Normal: -1 0 0
UV: 0.208802 0.914324

Position: -3.39572 8.96506 -3.26318
Normal: -0 0 -1
UV: 0.192016 0.117796

Position: -4.75399 6.53064 -3.26318
Normal: -0 0 -1
UV: 0.0965248 0.259844

Position: -3.39572 6.53064 -3.26318
Normal: -0 0 -1
UV: 0.192016 0.259844

Position: -4.75399 8.96507 -3.26318
Normal: -0 0 -1
UV: 0.0965248 0.117796

Position: 5.00727 6.35232 5.71566
Normal: 1 0 0
UV: 0.162565 0.623919

Position: 5.00727 9.08277 -3.26318
Normal: 1 0 0
UV: 0.162565 0.623919

Position: 5.00727 6.35232 -3.26318
Normal: 1 0 0
UV: 0.162565 0.623919

Position: 5.00727 10.9332 5.71566
Normal: 1 0 0
UV: 0.162565 0.623919

Position: -5.00743 10.9332 5.71566
Normal: -0 0 1
UV: 0.267374 0.62196

Position: 5.00727 10.9332 5.71566
Normal: -0 0 1
UV: 0.267374 0.62196

Position: 5.00727 6.35232 5.71566
Normal: -0 0 1
UV: 0.267374 0.62196

Position: -5.00743 6.35232 5.71566
Normal: -0 0 1
UV: 0.267374 0.62196

Position: -5.00743 9.08277 -3.26318
Normal: -1 0 0
UV: 0.162565 0.623919

Position: -5.00743 10.9332 5.71566
Normal: -1 0 0
UV: 0.162565 0.623919

Position: -5.00743 6.35232 5.71566
Normal: -1 0 0
UV: 0.162565 0.623919

Position: -5.00743 6.35232 -3.26318
Normal: -1 0 0
UV: 0.162565 0.623919

Position: -5.00743 10.5528 -3.95244
Normal: -0 0 -1
UV: 0.229939 0.910543

Position: 5.00727 10.5528 -3.95244
Normal: -0 0 -1
UV: 0.229939 0.910543

Position: 5.00727 10.9332 -3.95244
Normal: -0 0 -1
UV: 0.229939 0.910543

Position: -5.00743 10.9332 -3.95244
Normal: -0 0 -1
UV: 0.229939 0.910543

Position: 5.00727 10.5528 -3.26318
Normal: 1 0 0
UV: 0.162565 0.623919

Position: 5.00727 10.9332 -3.26318
Normal: 1 0 0
UV: 0.162565 0.623919

Position: -5.00743 10.5528 -3.26318
Normal: -1 0 0
UV: 0.162565 0.623919

Position: -5.00743 10.9332 -3.26318
Normal: -1 0 0
UV: 0.162565 0.623919

Position: -0.025528 10.5528 -3.26318
Normal: -0 -1 -7.2462e-007
UV: 0.161738 0.91379

Position: -5.00743 10.5528 -3.95244
Normal: -0 -1 -1.65241e-007
UV: 0.161738 0.91379

Position: -5.00743 10.5528 -3.26318
Normal: -0 -1 0
UV: 0.161738 0.91379

Position: 5.00727 10.9332 -3.26318
Normal: 1 0 0
UV: 0.199086 0.912166

Position: 5.00727 10.9332 -3.95244
Normal: 1 0 0
UV: 0.199086 0.912166

Position: 5.00727 10.5528 -3.26318
Normal: 1 0 0
UV: 0.199086 0.912166

Position: 5.00727 10.5528 -3.95244
Normal: 1 0 0
UV: 0.199086 0.912166

Position: 5.00727 10.9332 -3.26318
Normal: -0 1 0
UV: 0.294892 0.917038

Position: -5.00743 10.9332 -3.26318
Normal: -0 1 0
UV: 0.294892 0.917038

Position: -5.00743 10.9332 -3.95244
Normal: -0 1 0
UV: 0.294892 0.917038

Position: 5.00727 10.9332 -3.95244
Normal: -0 1 0
UV: 0.294892 0.917038

Position: -5.00743 10.5528 -3.26318
Normal: -1 0 0
UV: 0.199086 0.912166

Position: -5.00743 10.5528 -3.95244
Normal: -1 0 0
UV: 0.199086 0.912166

Position: -5.00743 10.9332 -3.26318
Normal: -1 0 0
UV: 0.199086 0.912166

Position: -5.00743 10.9332 -3.95244
Normal: -1 0 0
UV: 0.199086 0.912166

Position: 5.00727 10.9332 -3.26318
Normal: -0 1 2.26313e-006
UV: 0.267374 0.62196

Position: -4.709 10.9332 -3.07886
Normal: -0 1 2.26313e-006
UV: 0.267374 0.62196

Position: -5.00743 10.9332 -3.26318
Normal: -0 1 2.26313e-006
UV: 0.267374 0.62196

Position: 4.70892 10.9332 -3.07886
Normal: -0 1 2.26313e-006
UV: 0.267374 0.62196

Position: 4.70892 10.9332 5.53133
Normal: -0 1 0
UV: 0.267374 0.62196

Position: 5.00727 10.9332 5.71566
Normal: -0 1 0
UV: 0.267374 0.62196

Position: -5.00743 10.9332 5.71566
Normal: -0 1 -2.26304e-006
UV: 0.267374 0.62196

Position: -4.709 10.9332 5.53133
Normal: -0 1 -2.26304e-006
UV: 0.267374 0.62196

Position: -4.709 10.9332 -3.07886
Normal: -0 0 1
UV: 0.167579 0.519943

Position: 4.70892 10.9332 -3.07886
Normal: -0 0 1
UV: 0.167579 0.519943

Position: 4.70892 10.4185 -3.07886
Normal: -0 0 1
UV: 0.167579 0.519943

Position: -4.709 10.4185 -3.07886
Normal: -0 0 1
UV: 0.167579 0.519943

Position: 4.70892 10.4185 5.53133
Normal: -1 0 0
UV: 0.167579 0.519943

Position: 4.70892 10.9332 -3.07886
Normal: -1 0 0
UV: 0.167579 0.519943

Position: 4.70892 10.9332 5.53133
Normal: -1 0 0
UV: 0.167579 0.519943

Position: 4.70892 10.4185 -3.07886
Normal: -1 0 0
UV: 0.167579 0.519943

Position: -4.709 10.4185 5.53133
Normal: -0 0 -1
UV: 0.167579 0.519943

Position: 4.70892 10.4185 5.53133
Normal: -0 0 -1
UV: 0.167579 0.519943

Position: 4.70892 10.9332 5.53133
Normal: -0 0 -1
UV: 0.167579 0.519943

Position: -4.709 10.9332 5.53133
Normal: -0 0 -1
UV: 0.167579 0.519943

Position: -4.709 10.4185 -3.07886
Normal: 1 0 0
UV: 0.167579 0.519943

Position: -4.709 10.4185 5.53133
Normal: 1 0 0
UV: 0.167579 0.519943

Position: -4.709 10.9332 5.53133
Normal: 1 0 0
UV: 0.167579 0.519943

Position: -4.709 10.9332 -3.07886
Normal: 1 0 0
UV: 0.167579 0.519943

Position: 5.00727 4.66994 5.71566
Normal: -0 0 1
UV: 0.267374 0.62196

Position: -5.00735 0.336925 5.71566
Normal: -0 0 1
UV: 0.267374 0.62196

Position: -5.00743 4.66994 5.71566
Normal: -0 0 1
UV: 0.267374 0.62196

Position: 5.00727 0.336925 5.71566
Normal: -0 0 1
UV: 0.267374 0.62196

Position: 1.43372 0.336925 -2.72482
Normal: -0 1 0
UV: 0.238676 0.517307

Position: 0.0682983 0.336925 -2.72482
Normal: -0 1 0
UV: 0.238676 0.517307

Position: 1.43372 0.336925 -3.26318
Normal: -0 1 0
UV: 0.238676 0.517307

Position: -1.43369 0.336925 -3.26318
Normal: -0 1 1.84285e-008
UV: 0.238676 0.517307

Position: -0.0681915 0.336925 -2.72482
Normal: -0 1 1.84285e-008
UV: 0.238676 0.517307

Position: -1.43369 0.336925 -2.72482
Normal: -0 1 0
UV: 0.238676 0.517307

Position: -5.00735 0.336925 -3.26318
Normal: -0 1 7.71784e-008
UV: 0.238676 0.517307

Position: -1.50436 0.336925 -3.54
Normal: -0 1 7.71784e-008
UV: 0.238676 0.517307

Position: -5.25412 0.336925 -3.54
Normal: -0 1 7.71784e-008
UV: 0.238676 0.517307

Position: 5.00727 0.336925 -3.26318
Normal: -0 1 -1.02906e-007
UV: 0.238676 0.517307

Position: 1.50438 0.336925 -3.54
Normal: -0 1 -1.02906e-007
UV: 0.238676 0.517307

Position: 5.25411 0.336925 -3.54
Normal: -0 1 -1.02906e-007
UV: 0.238676 0.517307

Position: -5.25412 0.336925 5.99248
Normal: -0 1 0
UV: 0.238676 0.517307

Position: -5.00735 0.336925 5.71566
Normal: -0 1 0
UV: 0.238676 0.517307

Position: 5.25411 0.336925 5.99248
Normal: -0 1 0
UV: 0.238676 0.517307

Position: 5.00727 0.336925 5.71566
Normal: -0 1 0
UV: 0.238676 0.517307

Position: -5.25412 0 -3.54
Normal: -0 0 -1
UV: 0.197536 0.524164

Position: -1.50436 0 -3.54
Normal: -0 0 -1
UV: 0.197536 0.524164

Position: -1.50436 0.336925 -3.54
Normal: -0 0 -1
UV: 0.197536 0.524164

Position: -5.25412 0.336925 -3.54
Normal: -0 0 -1
UV: 0.197536 0.524164

Position: 1.50438 0 -3.54
Normal: -0 0 -1
UV: 0.197536 0.524164

Position: 5.25411 0 -3.54
Normal: -0 0 -1
UV: 0.197536 0.524164

Position: 5.25411 0.336925 -3.54
Normal: -0 0 -1
UV: 0.197536 0.524164

Position: 1.50438 0.336925 -3.54
Normal: -0 0 -1
UV: 0.197536 0.524164

Position: -5.25412 0 5.99248
Normal: -1 0 0
UV: 0.197536 0.524164

Position: -5.25412 0.336925 -3.54
Normal: -1 0 0
UV: 0.197536 0.524164

Position: -5.25412 0.336925 5.99248
Normal: -1 0 0
UV: 0.197536 0.524164

Position: -5.25412 0 -3.54
Normal: -1 0 0
UV: 0.197536 0.524164

Position: 5.25411 0 -3.54
Normal: 1 0 0
UV: 0.197536 0.524164

Position: 5.25411 0 5.99248
Normal: 1 0 0
UV: 0.197536 0.524164

Position: 5.25411 0.336925 5.99248
Normal: 1 0 0
UV: 0.197536 0.524164

Position: 5.25411 0.336925 -3.54
Normal: 1 0 0
UV: 0.197536 0.524164

Position: -5.25412 0.336925 5.99248
Normal: -0 0 1
UV: 0.197536 0.524164

Position: 5.25411 0.336925 5.99248
Normal: -0 0 1
UV: 0.197536 0.524164

Position: 5.25411 0 5.99248
Normal: -0 0 1
UV: 0.197536 0.524164

Position: -5.25412 0 5.99248
Normal: -0 0 1
UV: 0.197536 0.524164

Position: 3.3956 6.53064 -3.26318
Normal: -0 0 -1
UV: 0.267374 0.62196

Position: 3.16067 6.53064 -3.26318
Normal: -0 0 -1
UV: 0.267374 0.62196

Position: 5.00727 6.35232 -3.26318
Normal: -0 0 -1
UV: 0.267374 0.62196

Position: 4.75388 6.53064 -3.26318
Normal: -2.73258e-007 0 -1
UV: 0.267374 0.62196

Position: 5.00727 9.08277 -3.26318
Normal: -2.21746e-007 0 -1
UV: 0.267374 0.62196

Position: 4.75388 8.96507 -3.26318
Normal: -3.16671e-007 0 -1
UV: 0.267374 0.62196

Position: -3.39572 10.3744 -3.26318
Normal: -0 0 -1
UV: 0.267374 0.62196

Position: -5.00743 10.5528 -3.26318
Normal: -0 0 -1
UV: 0.267374 0.62196

Position: -4.75399 10.3744 -3.26318
Normal: -0 0 -1
UV: 0.267374 0.62196

Position: -4.75399 6.53064 -3.26318
Normal: 7.74092e-007 0 -1
UV: 0.267374 0.62196

Position: -5.00743 9.08277 -3.26318
Normal: 5.81857e-007 0 -1
UV: 0.267374 0.62196

Position: -5.00743 6.35232 -3.26318
Normal: 7.74092e-007 0 -1
UV: 0.267374 0.62196

Position: -4.75399 8.96507 -3.26318
Normal: 7.79752e-007 0 -1
UV: 0.267374 0.62196

Position: -4.75399 9.20048 -3.26318
Normal: 2.17323e-007 0 -1
UV: 0.267374 0.62196

Position: 4.75388 10.3744 -3.26318
Normal: -0 0 -1
UV: 0.267374 0.62196

Position: 4.75388 9.20048 -3.26318
Normal: -9.59359e-008 0 -1
UV: 0.267374 0.62196

Position: 5.00727 10.5528 -3.26318
Normal: -0 0 -1
UV: 0.267374 0.62196

Position: -3.39572 9.20048 -3.26318
Normal: -0 0 -1
UV: 0.192016 0.259844

Position: -3.39572 10.3744 -3.26318
Normal: -0 0 -1
UV: 0.192016 0.117796

Position: -4.75399 9.20048 -3.26318
Normal: -0 0 -1
UV: 0.0965248 0.259844

Position: -4.75399 10.3744 -3.26318
Normal: -0 0 -1
UV: 0.0965248 0.117796

Position: -3.39572 8.96506 -3.26318
Normal: -0 0 -1
UV: 0.267374 0.62196

Position: -3.39572 9.20048 -3.26318
Normal: -0 0 -1
UV: 0.267374 0.62196

Position: 4.75388 6.53064 -3.26318
Normal: -0 0 -1
UV: 0.192016 0.117796

Position: 3.3956 8.96507 -3.26318
Normal: 5.90991e-009 0 -1
UV: 0.0965248 0.259844

Position: 3.3956 6.53064 -3.26318
Normal: -0 0 -1
UV: 0.192016 0.259844

Position: 4.75388 8.96507 -3.26318
Normal: 6.93211e-009 0 -1
UV: 0.0965248 0.117796

Position: 3.3956 9.20048 -3.26318
Normal: 1.11953e-008 0 -1
UV: 0.267374 0.62196

Position: 3.3956 8.96507 -3.26318
Normal: 5.90991e-009 0 -1
UV: 0.267374 0.62196

Position: 4.75388 9.20048 -3.26318
Normal: 1.31317e-008 0 -1
UV: 0.192016 0.117796

Position: 3.3956 10.3744 -3.26318
Normal: -0 0 -1
UV: 0.0965248 0.259844

Position: 3.3956 9.20048 -3.26318
Normal: 1.11953e-008 0 -1
UV: 0.192016 0.259844

Position: 4.75388 10.3744 -3.26318
Normal: -0 0 -1
UV: 0.0965248 0.117796

Position: 3.16067 8.96507 -3.26318
Normal: 2.86607e-009 0 -1
UV: 0.267374 0.62196

Position: 3.16067 9.20048 -3.26318
Normal: -0 0 -1
UV: 0.267374 0.62196

Position: 3.16067 10.3744 -3.26318
Normal: -0 0 -1
UV: 0.267374 0.62196

Position: 3.3956 10.3744 -3.26318
Normal: -0 0 -1
UV: 0.267374 0.62196

Position: 3.16067 6.53064 -3.26318
Normal: 3.14323e-009 0 -1
UV: 0.192016 0.117796

Position: 0.110367 8.96506 -3.26318
Normal: 2.87841e-009 0 -1
UV: 0.0965248 0.259844

Position: 0.110367 6.53064 -3.26318
Normal: 3.15676e-009 0 -1
UV: 0.192016 0.259844

Position: 3.16067 8.96507 -3.26318
Normal: 2.86607e-009 0 -1
UV: 0.0965248 0.117796

Position: 0.110367 9.20048 -3.26318
Normal: -0 0 -1
UV: 0.267374 0.62196

Position: 0.110367 8.96506 -3.26318
Normal: 2.87841e-009 0 -1
UV: 0.267374 0.62196

Position: 3.16067 9.20048 -3.26318
Normal: -0 0 -1
UV: 0.192016 0.117796

Position: 0.110367 10.3744 -3.26318
Normal: -0 0 -1
UV: 0.0965248 0.259844

Position: 0.110367 9.20048 -3.26318
Normal: -0 0 -1
UV: 0.192016 0.259844

Position: 3.16067 10.3744 -3.26318
Normal: -0 0 -1
UV: 0.0965248 0.117796

Position: 0.110367 6.53064 -3.26318
Normal: 3.15676e-009 0 -1
UV: 0.267374 0.62196

Position: -0.110481 8.96506 -3.26318
Normal: -0 0 -1
UV: 0.267374 0.62196

Position: -0.110481 6.53064 -3.26318
Normal: -0 0 -1
UV: 0.267374 0.62196

Position: -0.110481 9.20048 -3.26318
Normal: -0 0 -1
UV: 0.267374 0.62196

Position: -0.110481 10.3744 -3.26318
Normal: -0 0 -1
UV: 0.267374 0.62196

Position: 0.110367 10.3744 -3.26318
Normal: -0 0 -1
UV: 0.267374 0.62196

Position: -0.110481 6.53064 -3.26318
Normal: -0 0 -1
UV: 0.192016 0.117796

Position: -3.16079 8.96506 -3.26318
Normal: -0 0 -1
UV: 0.0965248 0.259844

Position: -3.16079 6.53064 -3.26318
Normal: -0 0 -1
UV: 0.192016 0.259844

Position: -0.110481 8.96506 -3.26318
Normal: -0 0 -1
UV: 0.0965248 0.117796

Position: -3.16079 9.20048 -3.26318
Normal: -0 0 -1
UV: 0.267374 0.62196

Position: -3.16079 8.96506 -3.26318
Normal: -0 0 -1
UV: 0.267374 0.62196

Position: -0.110481 9.20048 -3.26318
Normal: -0 0 -1
UV: 0.192016 0.117796

Position: -3.16079 10.3744 -3.26318
Normal: -0 0 -1
UV: 0.0965248 0.259844

Position: -3.16079 9.20048 -3.26318
Normal: -0 0 -1
UV: 0.192016 0.259844

Position: -0.110481 10.3744 -3.26318
Normal: -0 0 -1
UV: 0.0965248 0.117796

Position: -3.39572 6.53064 -3.26318
Normal: -0 0 -1
UV: 0.267374 0.62196

Position: -3.16079 6.53064 -3.26318
Normal: -0 0 -1
UV: 0.267374 0.62196

Position: -3.16079 10.3744 -3.26318
Normal: -0 0 -1
UV: 0.267374 0.62196

Position: -0.025528 10.5528 -3.26318
Normal: -0 0 -1
UV: 0.267374 0.62196

Position: 5.00727 10.5528 -3.26318
Normal: -0 -1 -7.35599e-007
UV: 0.161738 0.91379

Position: 5.00727 10.5528 -3.95244
Normal: -0 -1 -7.35599e-007
UV: 0.161738 0.91379

Position: 0.0204086 6.35232 -3.26318
Normal: -0 0 -1
UV: 0.267374 0.62196

Position: -5.00743 6.35232 -3.26318
Normal: -0 1 0
UV: 0.293529 0.910741

Position: -2.19043 1.18231 -3.26318
Normal: -2.85972e-008 0 -1
UV: 0.267374 0.62196

Position: -1.43369 0.336925 -3.26318
Normal: -4.69394e-008 0 -1
UV: 0.267374 0.62196

Position: -2.19044 3.78738 -3.26318
Normal: -2.20104e-008 0 -1
UV: 0.267374 0.62196

Position: -4.39424 3.78738 -3.26318
Normal: -0 0 -1
UV: 0.267374 0.62196

Position: -5.00735 0.336925 -3.26318
Normal: -0 0 -1
UV: 0.267374 0.62196

Position: -4.3942 1.18231 -3.26318
Normal: -0 0 -1
UV: 0.267374 0.62196

Position: 1.43372 0.336925 -3.26318
Normal: -9.38804e-008 0 -1
UV: 0.267374 0.62196

Position: 2.19044 1.18231 -3.26318
Normal: -5.71962e-008 0 -1
UV: 0.267374 0.62196

Position: 2.19044 3.78738 -3.26318
Normal: -4.40226e-008 0 -1
UV: 0.267374 0.62196

Position: 5.00727 0.336925 -3.26318
Normal: 4.11201e-008 0 -1
UV: 0.267374 0.62196

Position: 4.39413 1.18231 -3.26318
Normal: 3.03756e-008 0 -1
UV: 0.267374 0.62196

Position: 4.39413 3.78738 -3.26318
Normal: 3.54182e-008 0 -1
UV: 0.267374 0.62196

Position: -5.00743 4.66994 -4.16858
Normal: -0 0 -1
UV: 0.264761 0.912013

Position: 5.00727 4.66994 -4.16858
Normal: -0 0 -1
UV: 0.270176 0.912013

Position: 5.00727 6.35232 -4.16858
Normal: -0 0 -1
UV: 0.270176 0.912013

Position: -5.00743 6.35232 -4.16858
Normal: -0 0 -1
UV: 0.264761 0.912013


[INDEX_DATA]
0 2 1
2 0 3
4 6 5
4 7 6
8 10 9
9 11 8
12 14 13
13 15 12
16 18 17
17 18 19
20 22 21
22 20 23
24 26 25
24 27 26
28 30 29
29 31 28
32 34 33
33 35 32
36 38 37
37 38 39
40 42 41
42 40 43
44 46 45
47 49 48
49 47 50
51 53 52
52 54 51
55 57 56
55 58 57
59 61 60
59 62 61
63 65 64
64 66 63
67 64 65
67 68 64
68 70 69
68 67 70
71 44 45
72 74 73
72 75 74
76 78 77
78 76 79
80 82 81
80 83 82
84 86 85
86 84 87
88 90 89
90 91 89
92 94 93
94 95 93
96 98 97
98 99 97
100 102 101
101 102 103
104 103 102
102 105 104
106 104 105
105 107 106
101 106 107
107 100 101
108 110 109
109 111 108
112 109 110
110 113 112
114 112 115
112 113 115
114 108 111
114 115 108
116 118 117
116 119 118
120 121 117
117 118 120
122 121 120
120 123 122
116 122 123
123 119 116
124 126 125
125 127 124
128 129 124
124 127 128
129 131 130
129 128 131
126 130 131
131 125 126
132 134 133
132 135 134
136 138 137
136 139 138
140 142 141
140 143 142
144 146 145
144 147 146
144 133 147
133 134 147
148 150 149
151 153 152
152 154 151
155 157 156
156 158 155
159 161 160
161 149 150
161 159 149
162 164 163
163 165 162
166 168 167
168 169 167
170 172 171
172 173 171
174 176 175
175 177 174
178 180 179
178 181 180
182 184 183
184 182 185
186 188 187
186 189 188
190 192 191
190 193 192
194 196 195
197 195 196
198 200 199
198 201 200
202 204 203
203 205 202
206 208 207
207 209 206
210 212 211
210 213 212
214 216 215
216 214 217
218 220 219
218 221 220
222 223 209
215 225 224
226 228 227
229 231 230
231 232 230
233 235 234
233 236 235
237 239 238
239 240 238
241 243 242
242 244 241
245 246 241
241 244 245
246 248 247
246 245 248
248 242 243
243 247 248
249 251 250
249 252 251
253 255 254
254 256 253
257 259 258
257 260 259
261 263 262
263 261 264
265 267 266
266 268 265
269 271 270
272 273 271
273 270 271
273 272 274
275 272 276
276 277 275
278 279 271
278 280 279
281 282 275
281 275 277
280 284 283
280 278 284
284 282 281
283 284 281
276 272 279
272 271 279
285 287 286
285 288 287
289 291 290
289 292 291
293 295 294
294 296 293
297 299 298
299 297 300
301 303 302
301 304 303
289 286 287
287 292 289
305 307 306
308 310 309
309 307 308
311 313 312
314 316 315
315 317 314
315 312 313
313 318 315
215 224 214
207 222 209
309 320 319
319 321 309
322 324 323
324 325 323
315 318 317
310 320 309
317 327 326
317 318 327
328 330 329
329 331 328
310 333 332
332 320 310
334 336 335
335 337 334
305 306 338
338 333 305
333 338 339
339 332 333
332 339 340
340 341 332
342 344 343
343 345 342
338 347 346
346 339 338
348 350 349
349 351 348
352 354 353
353 347 352
347 353 355
355 346 347
346 355 356
356 357 346
358 360 359
359 361 358
353 363 362
362 355 353
364 366 365
365 367 364
368 326 363
363 369 368
363 326 327
327 362 363
362 327 311
311 370 362
321 340 371
340 357 371
357 356 371
226 373 372
373 226 227
371 370 312
371 356 370
370 311 312
321 341 340
321 319 341
316 368 369
305 308 307
374 306 307
374 352 306
316 314 368
369 354 374
316 369 374
374 354 352
194 375 196
148 377 376
376 378 148
148 378 150
150 378 379
380 150 379
379 381 380
380 376 377
380 381 376
160 383 382
160 384 383
385 382 383
383 386 385
385 387 161
385 386 387
161 384 160
161 387 384
388 390 389
388 391 390

