[FBX_META_DATA]
MeshCount: 1

[MESH_DATA]
VertexCount: 928
IndexCount: 1764
BoneCount: 0
AnimationClips: 1

[VERTEX_DATA]
Position: -1.69016 8.944 1.88871
Normal: 1 0 0
UV: 0.988299 0.997321

Position: -1.811 9.79357 1.88871
Normal: 1 0 0
UV: 0.987291 0.997177

Position: -1.811 9.06486 1.88871
Normal: 1 0 0
UV: 0.988155 0.997177

Position: -1.69016 9.91443 1.88871
Normal: 1 0 0
UV: 0.987147 0.997321

Position: -2.66058 8.944 1.88871
Normal: 1 -8.70771e-007 0
UV: 0.988299 0.996169

Position: -2.53973 9.06486 1.88871
Normal: 1 -8.70771e-007 0
UV: 0.988155 0.996313

Position: -2.66058 9.91443 1.88871
Normal: 1 0 0
UV: 0.987147 0.996169

Position: -2.53973 9.79357 1.88871
Normal: 1 0 0
UV: 0.987291 0.996313

Position: -1.69016 8.944 2.16551
Normal: -0 0 1
UV: 0.99174 0.967429

Position: -1.69016 9.91443 2.16551
Normal: -0 0 1
UV: 0.99174 0.969895

Position: -1.69016 9.91443 1.88871
Normal: -0 0 1
UV: 0.989849 0.969895

Position: -1.69016 8.944 1.88871
Normal: -0 0 1
UV: 0.989849 0.967429

Position: -2.66058 8.944 2.16551
Normal: -0 -1 0
UV: 0.989743 0.985991

Position: -1.69016 8.944 2.16551
Normal: -0 -1 0
UV: 0.989743 0.988458

Position: -1.69016 8.944 1.88871
Normal: -0 -1 0
UV: 0.987852 0.988458

Position: -2.66058 8.944 1.88871
Normal: -0 -1 0
UV: 0.987852 0.985991

Position: -2.66058 9.91443 2.16551
Normal: -0 0 -1
UV: 0.985855 0.969895

Position: -2.66058 8.944 2.16551
Normal: -0 0 -1
UV: 0.985855 0.967429

Position: -2.66058 8.944 1.88871
Normal: -0 0 -1
UV: 0.987746 0.967429

Position: -2.66058 9.91443 1.88871
Normal: -0 0 -1
UV: 0.987746 0.969895

Position: -1.69016 9.91443 2.16551
Normal: -0 1 0
UV: 0.983858 0.988458

Position: -2.66058 9.91443 2.16551
Normal: -0 1 0
UV: 0.983858 0.985991

Position: -2.66058 9.91443 1.88871
Normal: -0 1 0
UV: 0.985749 0.985991

Position: -1.69016 9.91443 1.88871
Normal: -0 1 0
UV: 0.985749 0.988458

Position: -1.69016 9.91443 2.16551
Normal: -1 0 0
UV: 0.983567 0.975252

Position: -1.69016 8.944 2.16551
Normal: -1 0 0
UV: 0.991141 0.975252

Position: -1.86697 9.12081 2.16551
Normal: -1 0 0
UV: 0.989761 0.976013

Position: -1.86697 9.73762 2.16551
Normal: -1 0 0
UV: 0.984947 0.976013

Position: -2.66058 8.944 2.16551
Normal: -1 8.49551e-007 0
UV: 0.991141 0.979433

Position: -2.48378 9.12081 2.16551
Normal: -1 8.4955e-007 0
UV: 0.989761 0.978671

Position: -2.66058 9.91443 2.16551
Normal: -1 0 0
UV: 0.983567 0.979433

Position: -2.48378 9.73762 2.16551
Normal: -1 0 0
UV: 0.984947 0.978671

Position: -1.86697 9.12081 2.30866
Normal: -0 0 1
UV: 0.987611 0.967967

Position: -1.86697 9.73762 2.30866
Normal: -0 0 1
UV: 0.987611 0.969816

Position: -1.86697 9.73762 2.16551
Normal: -0 0 1
UV: 0.986672 0.969816

Position: -1.86697 9.12081 2.16551
Normal: -0 0 1
UV: 0.986672 0.967967

Position: -2.48378 9.12081 2.30866
Normal: -0 -1 0
UV: 0.989793 0.986411

Position: -1.86697 9.12081 2.30866
Normal: -0 -1 0
UV: 0.989793 0.98826

Position: -1.86697 9.12081 2.16551
Normal: -0 -1 0
UV: 0.988854 0.98826

Position: -2.48378 9.12081 2.16551
Normal: -0 -1 0
UV: 0.988854 0.986411

Position: -2.48378 9.73762 2.30866
Normal: -0 0 -1
UV: 0.985699 0.969774

Position: -2.48378 9.12081 2.30866
Normal: -0 0 -1
UV: 0.985699 0.967925

Position: -2.48378 9.12081 2.16551
Normal: -0 0 -1
UV: 0.986638 0.967925

Position: -2.48378 9.73762 2.16551
Normal: -0 0 -1
UV: 0.986638 0.969774

Position: -1.86697 9.73762 2.30866
Normal: -0 1 0
UV: 0.987823 0.98826

Position: -2.48378 9.73762 2.30866
Normal: -0 1 0
UV: 0.987823 0.986411

Position: -2.48378 9.73762 2.16551
Normal: -0 1 0
UV: 0.988763 0.986411

Position: -1.86697 9.73762 2.16551
Normal: -0 1 0
UV: 0.988763 0.98826

Position: -1.86697 9.73762 2.30866
Normal: -1 0 0
UV: 0.984992 0.97604

Position: -1.86697 9.12081 2.30866
Normal: -1 0 0
UV: 0.989807 0.97604

Position: -2.48378 9.73762 2.30866
Normal: -1 0 0
UV: 0.984992 0.978698

Position: -2.48378 9.12081 2.30866
Normal: -1 0 0
UV: 0.989807 0.978698

Position: -1.811 9.06486 -2.16016
Normal: -2.02017e-008 0 1
UV: 0.998708 0.956557

Position: -1.811 9.06486 1.88871
Normal: -2.02017e-008 0 1
UV: 0.998708 0.559755

Position: -1.811 9.79357 1.88871
Normal: -2.02017e-008 0 1
UV: 0.998708 0.559755

Position: -1.811 9.79358 -2.16016
Normal: -2.02017e-008 0 1
UV: 0.998708 0.956557

Position: -2.53972 9.06486 -2.16016
Normal: 2.35544e-007 -1 -2.62622e-006
UV: 0.995671 0.956557

Position: -2.53973 9.06486 1.88871
Normal: 2.35544e-007 -1 -2.62622e-006
UV: 0.995671 0.559755

Position: -1.811 9.06486 1.88871
Normal: 2.35544e-007 -1 -2.62622e-006
UV: 0.995671 0.559755

Position: -1.811 9.06486 -2.16016
Normal: 2.35544e-007 -1 -2.62622e-006
UV: 0.995671 0.956557

Position: -2.53973 9.79357 1.88871
Normal: 1.88886e-006 0 -1
UV: 0.998708 0.559755

Position: -2.53972 9.06486 -2.16016
Normal: 1.88886e-006 0 -1
UV: 0.998708 0.956557

Position: -2.53972 9.79358 -2.16016
Normal: 1.88886e-006 0 -1
UV: 0.998708 0.956557

Position: -2.53973 9.06486 1.88871
Normal: 1.88886e-006 0 -1
UV: 0.998708 0.559755

Position: -1.811 9.79357 1.88871
Normal: -3.53312e-007 1 6.46453e-007
UV: 0.995671 0.559755

Position: -2.53972 9.79358 -2.16016
Normal: -3.53312e-007 1 6.46453e-007
UV: 0.995671 0.956557

Position: -1.811 9.79358 -2.16016
Normal: -3.53312e-007 1 6.46453e-007
UV: 0.995671 0.956557

Position: -2.53973 9.79357 1.88871
Normal: -3.53312e-007 1 6.46453e-007
UV: 0.995671 0.559755

Position: -1.64989 9.03041 1.16088
Normal: 1.22465e-016 -2.22045e-016 1
UV: 0.983185 0.975262

Position: -1.64989 9.03041 0.873455
Normal: 1.22465e-016 -2.22045e-016 1
UV: 0.983185 0.978583

Position: -1.64989 8.79638 1.16088
Normal: 1.22465e-016 -2.22045e-016 1
UV: 0.987065 0.975262

Position: -1.64989 8.79638 0.873455
Normal: 1.22465e-016 -2.22045e-016 1
UV: 0.987065 0.978583

Position: -1.64989 9.03041 0.873455
Normal: 1 1.02516e-016 -1.22465e-016
UV: 0.984755 0.9719

Position: -2.70087 9.03041 0.873455
Normal: 1 1.02516e-016 -1.22465e-016
UV: 0.984755 0.9719

Position: -1.64989 8.79638 0.873455
Normal: 1 1.02516e-016 -1.22465e-016
UV: 0.984358 0.9719

Position: -2.70087 8.79638 0.873455
Normal: 1 1.02516e-016 -1.22465e-016
UV: 0.984358 0.9719

Position: -2.70087 9.03041 1.16088
Normal: -1 -1.02516e-016 1.22465e-016
UV: 0.984815 0.96844

Position: -1.64989 9.03041 1.16088
Normal: -1 -1.02516e-016 1.22465e-016
UV: 0.984815 0.9719

Position: -1.64989 8.79638 1.16088
Normal: -1 -1.02516e-016 1.22465e-016
UV: 0.985212 0.9719

Position: -2.70087 8.79638 1.16088
Normal: -1 -1.02516e-016 1.22465e-016
UV: 0.985212 0.9719

Position: -1.64989 9.03041 0.873455
Normal: 7.01352e-017 1 2.22045e-016
UV: 0.985569 0.995036

Position: -1.64989 9.03041 1.16088
Normal: 7.01352e-017 1 2.22045e-016
UV: 0.983684 0.995036

Position: -1.68944 9.03041 0.936977
Normal: 6.06959e-017 0.99715 -0.075446
UV: 0.985153 0.995107

Position: -1.68944 9.03041 1.09736
Normal: 0.112389 0.993664 2.06874e-016
UV: 0.984101 0.995066

Position: -2.70087 9.03041 1.16088
Normal: 7.01352e-017 1 2.22045e-016
UV: 0.983684 0.99885

Position: -2.66132 9.03041 1.09736
Normal: -0 1 0
UV: 0.983923 0.996677

Position: -1.68944 9.91805 0.936977
Normal: 1.22464e-016 -7.23121e-007 1
UV: 0.985151 0.977706

Position: -1.68944 9.03041 1.09736
Normal: 1.22465e-016 -2.22045e-016 1
UV: 0.984966 0.976679

Position: -1.68944 9.91805 1.09736
Normal: 1.22464e-016 -7.23121e-007 1
UV: 0.984966 0.977706

Position: -1.68944 9.03041 0.936977
Normal: 1.22465e-016 -2.22045e-016 1
UV: 0.985151 0.976679

Position: -2.70087 9.03041 1.16088
Normal: -1.22465e-016 2.22045e-016 -1
UV: 0.983185 0.975262

Position: -2.70087 8.79638 1.16088
Normal: -1.22465e-016 2.22045e-016 -1
UV: 0.987065 0.975262

Position: -2.70087 9.03041 0.873455
Normal: -1.22465e-016 2.22045e-016 -1
UV: 0.983185 0.978583

Position: -2.70087 8.79638 0.873455
Normal: -1.22465e-016 2.22045e-016 -1
UV: 0.987065 0.978583

Position: -1.68944 9.03041 0.936977
Normal: -0.112389 0.993664 2.34402e-016
UV: 0.985153 0.995147

Position: -2.66132 9.03041 0.936977
Normal: 7.91748e-017 0.99715 0.075446
UV: 0.985153 0.995066

Position: -2.70087 9.03041 0.873455
Normal: 7.01352e-017 1 2.22045e-016
UV: 0.985569 0.995036

Position: -1.64989 9.03041 0.873455
Normal: -0 1 0
UV: 0.985344 0.995096

Position: -2.70087 9.03041 1.16088
Normal: 7.01352e-017 1 2.22045e-016
UV: 0.983684 0.996943

Position: -2.66132 9.03041 1.09736
Normal: 0.112389 0.993664 2.06874e-016
UV: 0.984101 0.995066

Position: -2.66132 9.03041 0.936977
Normal: -1.22465e-016 2.22045e-016 -1
UV: 0.985151 0.976679

Position: -2.6613 9.91805 0.936977
Normal: -1.22465e-016 -7.23121e-007 -1
UV: 0.985151 0.977706

Position: -2.66132 9.03041 1.09736
Normal: -1.22465e-016 2.22045e-016 -1
UV: 0.984966 0.976679

Position: -2.66132 9.91805 1.09736
Normal: -1.22465e-016 -7.23121e-007 -1
UV: 0.984966 0.977706

Position: -2.66132 9.91805 1.09736
Normal: -1 2.22044e-016 1.39178e-006
UV: 0.98719 0.967753

Position: -1.68944 9.91805 1.09736
Normal: -1 -1.39178e-006 1.22464e-016
UV: 0.98719 0.967753

Position: -1.68944 9.03041 1.09736
Normal: -1 -1.02516e-016 1.22465e-016
UV: 0.987075 0.966727

Position: -2.66132 9.03041 1.09736
Normal: -1 -1.02516e-016 1.22465e-016
UV: 0.98719 0.966727

Position: -1.68944 9.91805 1.09736
Normal: 2.22045e-016 1 4.44089e-016
UV: 0.984966 0.976679

Position: -2.66132 9.91805 1.09736
Normal: 2.22045e-016 1 7.23121e-007
UV: 0.984966 0.977706

Position: -2.6613 9.91805 0.936977
Normal: 2.22045e-016 1 7.23121e-007
UV: 0.985151 0.977706

Position: -1.68944 9.91805 0.936977
Normal: 2.22045e-016 1 4.44089e-016
UV: 0.985151 0.976679

Position: -1.68944 9.03041 0.936977
Normal: 1 1.02516e-016 -1.22465e-016
UV: 0.987374 0.96878

Position: -2.6613 9.91805 0.936977
Normal: 1 -5.46605e-016 -1.22465e-016
UV: 0.987489 0.967753

Position: -2.66132 9.03041 0.936977
Normal: 1 1.02516e-016 -1.22465e-016
UV: 0.987489 0.96878

Position: -1.68944 9.91805 0.936977
Normal: 1 -2.22045e-016 -4.47025e-016
UV: 0.987489 0.96878

Position: -1.64989 9.03041 -1.64739
Normal: 1.22465e-016 -2.22045e-016 1
UV: 0.983185 0.975262

Position: -1.64989 9.03041 -1.93482
Normal: 1.22465e-016 -2.22045e-016 1
UV: 0.983185 0.978583

Position: -1.64989 8.79638 -1.64739
Normal: 1.22465e-016 -2.22045e-016 1
UV: 0.985075 0.975264

Position: -1.64989 8.79638 -1.93482
Normal: 1.22465e-016 -2.22045e-016 1
UV: 0.985075 0.978581

Position: -1.64989 9.03041 -1.93482
Normal: 1 1.02516e-016 -1.22465e-016
UV: 0.984755 0.9719

Position: -2.70087 9.03041 -1.93482
Normal: 1 1.02516e-016 -1.22465e-016
UV: 0.984755 0.9719

Position: -1.64989 8.79638 -1.93482
Normal: 1 1.02516e-016 -1.22465e-016
UV: 0.984562 0.9719

Position: -2.70087 8.79638 -1.93482
Normal: 1 1.02516e-016 -1.22465e-016
UV: 0.984562 0.9719

Position: -2.70087 9.03041 -1.64739
Normal: -1 -1.02516e-016 1.22465e-016
UV: 0.984815 0.96844

Position: -1.64989 9.03041 -1.64739
Normal: -1 -1.02516e-016 1.22465e-016
UV: 0.984815 0.9719

Position: -1.64989 8.79638 -1.64739
Normal: -1 -1.02516e-016 1.22465e-016
UV: 0.985009 0.971877

Position: -2.70087 8.79638 -1.64739
Normal: -1 -1.02516e-016 1.22465e-016
UV: 0.985009 0.970147

Position: -1.64989 9.03041 -1.93482
Normal: 7.01352e-017 1 2.22045e-016
UV: 0.985569 0.995036

Position: -1.64989 9.03041 -1.64739
Normal: 7.01352e-017 1 2.22045e-016
UV: 0.983684 0.995036

Position: -1.68944 9.03041 -1.8713
Normal: 6.06959e-017 0.99715 -0.075446
UV: 0.985153 0.995107

Position: -1.68944 9.03041 -1.71091
Normal: 0.112389 0.993664 2.06874e-016
UV: 0.984101 0.995066

Position: -2.70087 9.03041 -1.64739
Normal: 7.01352e-017 1 2.22045e-016
UV: 0.983684 0.99885

Position: -2.66132 9.03041 -1.71091
Normal: -0 1 0
UV: 0.983923 0.996677

Position: -1.68944 9.91806 -1.8713
Normal: 1.22464e-016 -7.23121e-007 1
UV: 0.985151 0.977706

Position: -1.68944 9.03041 -1.71091
Normal: 1.22465e-016 -2.22045e-016 1
UV: 0.984966 0.976679

Position: -1.68944 9.91806 -1.71091
Normal: 1.22464e-016 -7.23121e-007 1
UV: 0.984966 0.977706

Position: -1.68944 9.03041 -1.8713
Normal: 1.22465e-016 -2.22045e-016 1
UV: 0.985151 0.976679

Position: -2.70087 9.03041 -1.64739
Normal: -1.22465e-016 2.22045e-016 -1
UV: 0.983185 0.975262

Position: -2.70087 8.79638 -1.64739
Normal: -1.22465e-016 2.22045e-016 -1
UV: 0.985075 0.975264

Position: -2.70087 9.03041 -1.93482
Normal: -1.22465e-016 2.22045e-016 -1
UV: 0.983185 0.978583

Position: -2.70087 8.79638 -1.93482
Normal: -1.22465e-016 2.22045e-016 -1
UV: 0.985075 0.978581

Position: -1.68944 9.03041 -1.8713
Normal: -0.112389 0.993664 2.34402e-016
UV: 0.985153 0.995147

Position: -2.66132 9.03041 -1.8713
Normal: 7.91748e-017 0.99715 0.075446
UV: 0.985153 0.995066

Position: -2.70087 9.03041 -1.93482
Normal: 7.01352e-017 1 2.22045e-016
UV: 0.985569 0.995036

Position: -1.64989 9.03041 -1.93482
Normal: -0 1 0
UV: 0.985344 0.995096

Position: -2.70087 9.03041 -1.64739
Normal: 7.01352e-017 1 2.22045e-016
UV: 0.983684 0.996943

Position: -2.66132 9.03041 -1.71091
Normal: 0.112389 0.993664 2.06874e-016
UV: 0.984101 0.995066

Position: -2.66132 9.03041 -1.8713
Normal: -1.22465e-016 2.22045e-016 -1
UV: 0.985151 0.976679

Position: -2.6613 9.91806 -1.8713
Normal: -1.22465e-016 -7.23121e-007 -1
UV: 0.985151 0.977706

Position: -2.66132 9.03041 -1.71091
Normal: -1.22465e-016 2.22045e-016 -1
UV: 0.984966 0.976679

Position: -2.66132 9.91806 -1.71091
Normal: -1.22465e-016 -7.23121e-007 -1
UV: 0.984966 0.977706

Position: -2.66132 9.91806 -1.71091
Normal: -1 2.22044e-016 1.39178e-006
UV: 0.98719 0.967753

Position: -1.68944 9.91806 -1.71091
Normal: -1 -1.39178e-006 1.22464e-016
UV: 0.98719 0.967753

Position: -1.68944 9.03041 -1.71091
Normal: -1 -1.02516e-016 1.22465e-016
UV: 0.987075 0.966727

Position: -2.66132 9.03041 -1.71091
Normal: -1 -1.02516e-016 1.22465e-016
UV: 0.98719 0.966727

Position: -1.68944 9.91806 -1.71091
Normal: 2.22045e-016 1 4.44089e-016
UV: 0.984966 0.976679

Position: -2.66132 9.91806 -1.71091
Normal: 2.22045e-016 1 7.23121e-007
UV: 0.984966 0.977706

Position: -2.6613 9.91806 -1.8713
Normal: 2.22045e-016 1 7.23121e-007
UV: 0.985151 0.977706

Position: -1.68944 9.91806 -1.8713
Normal: 2.22045e-016 1 4.44089e-016
UV: 0.985151 0.976679

Position: -1.68944 9.03041 -1.8713
Normal: 1 1.02516e-016 -1.22465e-016
UV: 0.987374 0.96878

Position: -2.6613 9.91806 -1.8713
Normal: 1 -5.46605e-016 -1.22465e-016
UV: 0.987489 0.967753

Position: -2.66132 9.03041 -1.8713
Normal: 1 1.02516e-016 -1.22465e-016
UV: 0.987489 0.96878

Position: -1.68944 9.91806 -1.8713
Normal: 1 -2.22045e-016 -4.47025e-016
UV: 0.987489 0.96878

Position: -2.98915 9.55959 0.358997
Normal: -0.427551 0.903991 0
UV: 0.995695 0.762668

Position: -3.71786 9.55959 0.358997
Normal: -0.427551 0.903991 0
UV: 0.995695 0.762668

Position: -2.98915 9.79358 -0.135731
Normal: -0.427551 0.903991 0
UV: 0.995695 0.762668

Position: -3.71786 9.79358 -0.135731
Normal: -0.427551 0.903991 0
UV: 0.995695 0.762668

Position: -2.98915 9.79358 -0.135731
Normal: -0 0 1
UV: 0.999006 0.849914

Position: -2.98915 9.06486 -0.135731
Normal: -0 0 1
UV: 0.999006 0.849914

Position: -2.98915 9.55959 0.358997
Normal: -0 0 1
UV: 0.999006 0.849914

Position: -3.71786 9.06486 -0.135731
Normal: 7.60526e-006 0 -1
UV: 0.999006 0.849914

Position: -3.71786 9.79358 -0.135731
Normal: 7.60526e-006 0 -1
UV: 0.999006 0.849914

Position: -3.71786 9.55959 0.358997
Normal: 7.60526e-006 0 -1
UV: 0.999006 0.849914

Position: -2.98915 9.06486 0.592976
Normal: -0 0 1
UV: 0.999006 0.849914

Position: -2.98915 8.79638 0.592976
Normal: -0 0 1
UV: 0.999006 0.849914

Position: -2.98915 8.79638 -0.135738
Normal: -0 0 1
UV: 0.999006 0.849914

Position: -2.98915 9.06486 -0.135738
Normal: 1 0 0
UV: 0.998683 0.759568

Position: -3.71786 9.06486 -0.135738
Normal: 1 0 0
UV: 0.998683 0.759568

Position: -2.98915 8.79638 -0.135738
Normal: 1 0 0
UV: 0.998683 0.759568

Position: -3.71786 8.79638 -0.135738
Normal: 1 0 0
UV: 0.998683 0.759568

Position: -3.71786 8.79638 0.592976
Normal: -0 0 -1
UV: 0.999006 0.849914

Position: -3.71786 8.79638 -0.135738
Normal: -0 0 -1
UV: 0.999006 0.849914

Position: -3.71786 9.06486 0.592976
Normal: -0 0 -1
UV: 0.999006 0.849914

Position: -3.71786 9.06486 0.592976
Normal: -1 0 0
UV: 0.995695 0.762668

Position: -2.98915 9.06486 0.592976
Normal: -1 0 0
UV: 0.995695 0.762668

Position: -2.98915 8.79638 0.592976
Normal: -1 0 0
UV: 0.995695 0.762668

Position: -3.71786 8.79638 0.592976
Normal: -1 0 0
UV: 0.995695 0.762668

Position: -2.98915 9.55959 0.358997
Normal: -0.903997 0.427539 0
UV: 0.995695 0.762668

Position: -3.71786 9.06486 0.592976
Normal: -0.903997 0.427539 0
UV: 0.995695 0.762668

Position: -3.71786 9.55959 0.358997
Normal: -0.903997 0.427539 0
UV: 0.995695 0.762668

Position: -2.98915 9.06486 0.592976
Normal: -0.903997 0.427539 0
UV: 0.995695 0.762668

Position: -3.879 9.03041 -1.86454
Normal: 8.30345e-032 -2.22045e-016 -1
UV: 0.983185 0.978583

Position: -3.879 8.79638 -1.86454
Normal: 8.30345e-032 -2.22045e-016 -1
UV: 0.987065 0.978583

Position: -3.879 8.79638 -2.15197
Normal: 8.30345e-032 -2.22045e-016 -1
UV: 0.987065 0.975262

Position: -3.879 9.03041 -2.15197
Normal: 8.30345e-032 -2.22045e-016 -1
UV: 0.983185 0.975262

Position: -2.82802 9.03041 -1.86454
Normal: -1 1.02516e-016 -7.20669e-032
UV: 0.984755 0.9719

Position: -3.879 8.79638 -1.86454
Normal: -1 1.02516e-016 -7.20669e-032
UV: 0.984358 0.9719

Position: -3.879 9.03041 -1.86454
Normal: -1 1.02516e-016 -7.20669e-032
UV: 0.984755 0.9719

Position: -2.82802 8.79638 -1.86454
Normal: -1 1.02516e-016 -7.20669e-032
UV: 0.984358 0.9719

Position: -3.879 8.79638 -2.15197
Normal: 1 -1.02516e-016 7.20669e-032
UV: 0.985212 0.9719

Position: -2.82802 8.79638 -2.15197
Normal: 1 -1.02516e-016 7.20669e-032
UV: 0.985212 0.9719

Position: -2.82802 9.03041 -2.15197
Normal: 1 -1.02516e-016 7.20669e-032
UV: 0.984815 0.96844

Position: -3.879 9.03041 -2.15197
Normal: 1 -1.02516e-016 7.20669e-032
UV: 0.984815 0.9719

Position: -3.879 9.03041 -1.86454
Normal: -7.01352e-017 1 -2.22045e-016
UV: 0.985569 0.995036

Position: -3.879 9.03041 -2.15197
Normal: -7.01352e-017 1 -2.22045e-016
UV: 0.983684 0.995036

Position: -3.83945 9.03041 -1.92807
Normal: -6.99354e-017 0.99715 0.075446
UV: 0.985153 0.995107

Position: -3.83945 9.03041 -2.08845
Normal: -0.112389 0.993664 -2.20638e-016
UV: 0.984101 0.995066

Position: -2.82802 9.03041 -2.15197
Normal: -7.01352e-017 1 -2.22045e-016
UV: 0.983684 0.99885

Position: -2.86757 9.03041 -2.08845
Normal: -0 1 0
UV: 0.983923 0.996677

Position: -3.83945 9.91806 -1.92807
Normal: 2.70414e-022 -7.23121e-007 -1
UV: 0.985151 0.977706

Position: -3.83945 9.03041 -1.92807
Normal: 8.30345e-032 -2.22045e-016 -1
UV: 0.985151 0.976679

Position: -3.83945 9.03041 -2.08845
Normal: 8.30345e-032 -2.22045e-016 -1
UV: 0.984966 0.976679

Position: -3.83945 9.91806 -2.08845
Normal: 2.70414e-022 -7.23121e-007 -1
UV: 0.984966 0.977706

Position: -2.82802 9.03041 -1.86454
Normal: -8.30345e-032 2.22045e-016 1
UV: 0.983185 0.978583

Position: -2.82802 8.79638 -2.15197
Normal: -8.30345e-032 2.22045e-016 1
UV: 0.987065 0.975262

Position: -2.82802 8.79638 -1.86454
Normal: -8.30345e-032 2.22045e-016 1
UV: 0.987065 0.978583

Position: -2.82802 9.03041 -2.15197
Normal: -8.30345e-032 2.22045e-016 1
UV: 0.983185 0.975262

Position: -2.82802 9.03041 -1.86454
Normal: -7.01352e-017 1 -2.22045e-016
UV: 0.985569 0.995036

Position: -3.879 9.03041 -1.86454
Normal: -0 1 0
UV: 0.985344 0.995096

Position: -3.83945 9.03041 -1.92807
Normal: 0.112389 0.993664 -2.20638e-016
UV: 0.985153 0.995147

Position: -2.86757 9.03041 -1.92807
Normal: -6.99354e-017 0.99715 -0.075446
UV: 0.985153 0.995066

Position: -2.82802 9.03041 -2.15197
Normal: -7.01352e-017 1 -2.22045e-016
UV: 0.983684 0.996943

Position: -2.86757 9.03041 -2.08845
Normal: -0.112389 0.993664 -2.20638e-016
UV: 0.984101 0.995066

Position: -2.86757 9.91806 -1.92807
Normal: 2.70414e-022 -7.23121e-007 1
UV: 0.985151 0.977706

Position: -2.86757 9.03041 -2.08845
Normal: -8.30345e-032 2.22045e-016 1
UV: 0.984966 0.976679

Position: -2.86757 9.03041 -1.92807
Normal: -8.30345e-032 2.22045e-016 1
UV: 0.985151 0.976679

Position: -2.86757 9.91806 -2.08845
Normal: 2.70414e-022 -7.23121e-007 1
UV: 0.984966 0.977706

Position: -2.86757 9.91806 -2.08845
Normal: 1 2.22044e-016 -1.39178e-006
UV: 0.98719 0.967753

Position: -3.83945 9.03041 -2.08845
Normal: 1 -1.02516e-016 7.20669e-032
UV: 0.987075 0.966727

Position: -2.86757 9.03041 -2.08845
Normal: 1 -1.02516e-016 7.20669e-032
UV: 0.98719 0.966727

Position: -3.83945 9.91806 -2.08845
Normal: 1 -1.39178e-006 3.09038e-022
UV: 0.98719 0.967753

Position: -2.86757 9.91806 -1.92807
Normal: -2.22044e-016 1 -7.23121e-007
UV: 0.985151 0.977706

Position: -3.83945 9.91806 -1.92807
Normal: -2.22045e-016 1 -4.44089e-016
UV: 0.985151 0.976679

Position: -3.83945 9.91806 -2.08845
Normal: -2.22045e-016 1 -4.44089e-016
UV: 0.984966 0.976679

Position: -2.86757 9.91806 -2.08845
Normal: -2.22044e-016 1 -7.23121e-007
UV: 0.984966 0.977706

Position: -2.86757 9.03041 -1.92807
Normal: -1 1.02516e-016 -7.20669e-032
UV: 0.987489 0.96878

Position: -3.83945 9.91806 -1.92807
Normal: -1 -2.22045e-016 3.24561e-016
UV: 0.987489 0.96878

Position: -2.86757 9.91806 -1.92807
Normal: -1 -5.46605e-016 7.20669e-032
UV: 0.987489 0.967753

Position: -3.83945 9.03041 -1.92807
Normal: -1 1.02516e-016 -7.20669e-032
UV: 0.987374 0.96878

Position: -3.879 9.03041 -0.361073
Normal: 8.30345e-032 -2.22045e-016 -1
UV: 0.983185 0.978583

Position: -3.879 8.79638 -0.361073
Normal: 8.30345e-032 -2.22045e-016 -1
UV: 0.985075 0.978581

Position: -3.879 8.79638 -0.648502
Normal: 8.30345e-032 -2.22045e-016 -1
UV: 0.985075 0.975264

Position: -3.879 9.03041 -0.648502
Normal: 8.30345e-032 -2.22045e-016 -1
UV: 0.983185 0.975262

Position: -2.82802 9.03041 -0.361073
Normal: -1 1.02516e-016 -7.20669e-032
UV: 0.984755 0.9719

Position: -3.879 8.79638 -0.361073
Normal: -1 1.02516e-016 -7.20669e-032
UV: 0.984562 0.9719

Position: -3.879 9.03041 -0.361073
Normal: -1 1.02516e-016 -7.20669e-032
UV: 0.984755 0.9719

Position: -2.82802 8.79638 -0.361073
Normal: -1 1.02516e-016 -7.20669e-032
UV: 0.984562 0.9719

Position: -3.879 8.79638 -0.648502
Normal: 1 -1.02516e-016 7.20669e-032
UV: 0.985009 0.971877

Position: -2.82802 8.79638 -0.648502
Normal: 1 -1.02516e-016 7.20669e-032
UV: 0.985009 0.970147

Position: -2.82802 9.03041 -0.648502
Normal: 1 -1.02516e-016 7.20669e-032
UV: 0.984815 0.96844

Position: -3.879 9.03041 -0.648502
Normal: 1 -1.02516e-016 7.20669e-032
UV: 0.984815 0.9719

Position: -3.879 9.03041 -0.361073
Normal: -7.01352e-017 1 -2.22045e-016
UV: 0.985569 0.995036

Position: -3.879 9.03041 -0.648502
Normal: -7.01352e-017 1 -2.22045e-016
UV: 0.983684 0.995036

Position: -3.83945 9.03041 -0.424595
Normal: -6.99354e-017 0.99715 0.075446
UV: 0.985153 0.995107

Position: -3.83945 9.03041 -0.58498
Normal: -0.112389 0.993664 -2.20638e-016
UV: 0.984101 0.995066

Position: -2.82802 9.03041 -0.648502
Normal: -7.01352e-017 1 -2.22045e-016
UV: 0.983684 0.99885

Position: -2.86757 9.03041 -0.58498
Normal: -0 1 0
UV: 0.983923 0.996677

Position: -3.83945 9.91806 -0.424595
Normal: 2.70414e-022 -7.23121e-007 -1
UV: 0.985151 0.977706

Position: -3.83945 9.03041 -0.424595
Normal: 8.30345e-032 -2.22045e-016 -1
UV: 0.985151 0.976679

Position: -3.83945 9.03041 -0.58498
Normal: 8.30345e-032 -2.22045e-016 -1
UV: 0.984966 0.976679

Position: -3.83945 9.91806 -0.58498
Normal: 2.70414e-022 -7.23121e-007 -1
UV: 0.984966 0.977706

Position: -2.82802 9.03041 -0.361073
Normal: -8.30345e-032 2.22045e-016 1
UV: 0.983185 0.978583

Position: -2.82802 8.79638 -0.648502
Normal: -8.30345e-032 2.22045e-016 1
UV: 0.985075 0.975264

Position: -2.82802 8.79638 -0.361073
Normal: -8.30345e-032 2.22045e-016 1
UV: 0.985075 0.978581

Position: -2.82802 9.03041 -0.648502
Normal: -8.30345e-032 2.22045e-016 1
UV: 0.983185 0.975262

Position: -2.82802 9.03041 -0.361073
Normal: -7.01352e-017 1 -2.22045e-016
UV: 0.985569 0.995036

Position: -3.879 9.03041 -0.361073
Normal: -0 1 0
UV: 0.985344 0.995096

Position: -3.83945 9.03041 -0.424595
Normal: 0.112389 0.993664 -2.20638e-016
UV: 0.985153 0.995147

Position: -2.86757 9.03041 -0.424595
Normal: -6.99354e-017 0.99715 -0.075446
UV: 0.985153 0.995066

Position: -2.82802 9.03041 -0.648502
Normal: -7.01352e-017 1 -2.22045e-016
UV: 0.983684 0.996943

Position: -2.86757 9.03041 -0.58498
Normal: -0.112389 0.993664 -2.20638e-016
UV: 0.984101 0.995066

Position: -2.86757 9.91806 -0.424595
Normal: 2.70414e-022 -7.23121e-007 1
UV: 0.985151 0.977706

Position: -2.86757 9.03041 -0.58498
Normal: -8.30345e-032 2.22045e-016 1
UV: 0.984966 0.976679

Position: -2.86757 9.03041 -0.424595
Normal: -8.30345e-032 2.22045e-016 1
UV: 0.985151 0.976679

Position: -2.86757 9.91806 -0.58498
Normal: 2.70414e-022 -7.23121e-007 1
UV: 0.984966 0.977706

Position: -2.86757 9.91806 -0.58498
Normal: 1 2.22044e-016 -1.39178e-006
UV: 0.98719 0.967753

Position: -3.83945 9.03041 -0.58498
Normal: 1 -1.02516e-016 7.20669e-032
UV: 0.987075 0.966727

Position: -2.86757 9.03041 -0.58498
Normal: 1 -1.02516e-016 7.20669e-032
UV: 0.98719 0.966727

Position: -3.83945 9.91806 -0.58498
Normal: 1 -1.39178e-006 3.09038e-022
UV: 0.98719 0.967753

Position: -2.86757 9.91806 -0.424595
Normal: -2.22044e-016 1 -7.23121e-007
UV: 0.985151 0.977706

Position: -3.83945 9.91806 -0.424595
Normal: -2.22045e-016 1 -4.44089e-016
UV: 0.985151 0.976679

Position: -3.83945 9.91806 -0.58498
Normal: -2.22045e-016 1 -4.44089e-016
UV: 0.984966 0.976679

Position: -2.86757 9.91806 -0.58498
Normal: -2.22044e-016 1 -7.23121e-007
UV: 0.984966 0.977706

Position: -2.86757 9.03041 -0.424595
Normal: -1 1.02516e-016 -7.20669e-032
UV: 0.987489 0.96878

Position: -3.83945 9.91806 -0.424595
Normal: -1 -2.22045e-016 3.24561e-016
UV: 0.987489 0.96878

Position: -2.86757 9.91806 -0.424595
Normal: -1 -5.46605e-016 7.20669e-032
UV: 0.987489 0.967753

Position: -3.83945 9.03041 -0.424595
Normal: -1 1.02516e-016 -7.20669e-032
UV: 0.987374 0.96878

Position: -3.71786 9.06486 -0.135731
Normal: -1.89819e-006 0 -1
UV: 0.998708 0.956557

Position: -3.71786 9.79358 -2.16017
Normal: -1.89819e-006 0 -1
UV: 0.998708 0.758156

Position: -3.71786 9.79358 -0.135731
Normal: -1.89819e-006 0 -1
UV: 0.998708 0.956557

Position: -3.71786 9.06486 -2.16017
Normal: -1.89819e-006 0 -1
UV: 0.998708 0.758156

Position: -2.98915 9.06486 -0.135731
Normal: -1.88433e-006 -1 0
UV: 0.995671 0.956557

Position: -2.98915 9.06486 -2.16017
Normal: -1.88433e-006 -1 0
UV: 0.995671 0.758156

Position: -3.71786 9.06486 -0.135731
Normal: -1.88433e-006 -1 0
UV: 0.995671 0.956557

Position: -3.71786 9.06486 -2.16017
Normal: -1.88433e-006 -1 0
UV: 0.995671 0.758156

Position: -2.98915 9.79358 -0.135731
Normal: 1.87251e-006 0 1
UV: 0.998708 0.956557

Position: -2.98915 9.79358 -2.16017
Normal: 1.87251e-006 0 1
UV: 0.998708 0.758156

Position: -2.98915 9.06486 -0.135731
Normal: 1.87251e-006 0 1
UV: 0.998708 0.956557

Position: -2.98915 9.06486 -2.16017
Normal: 1.87251e-006 0 1
UV: 0.998708 0.758156

Position: -2.98915 9.79358 -2.16017
Normal: 7.06621e-007 1 -6.46452e-007
UV: 0.995671 0.758156

Position: -2.98915 9.79358 -0.135731
Normal: 7.06621e-007 1 -6.46452e-007
UV: 0.995671 0.956557

Position: -3.71786 9.79358 -0.135731
Normal: 7.06621e-007 1 -6.46452e-007
UV: 0.995671 0.956557

Position: -3.71786 9.79358 -2.16017
Normal: 7.06621e-007 1 -6.46452e-007
UV: 0.995671 0.758156

Position: -1.811 9.06486 -2.16016
Normal: 0.427545 0 0.903994
UV: 0.995695 0.762668

Position: -1.811 9.79358 -2.16016
Normal: 0.427545 0 0.903994
UV: 0.995695 0.762668

Position: -2.045 9.79358 -2.6549
Normal: 0.427545 0 0.903994
UV: 0.995695 0.762668

Position: -2.045 9.06486 -2.6549
Normal: 0.427545 0 0.903994
UV: 0.995695 0.762668

Position: -1.811 9.06486 -2.16016
Normal: -5.78293e-006 -1 0
UV: 0.999006 0.849914

Position: -2.045 9.06486 -2.6549
Normal: -5.78293e-006 -1 0
UV: 0.999006 0.849914

Position: -2.53972 9.06486 -2.16016
Normal: -5.78293e-006 -1 0
UV: 0.999006 0.849914

Position: -2.53972 9.79358 -2.16016
Normal: -5.16398e-006 1 1.32263e-006
UV: 0.99587 0.849914

Position: -2.045 9.79358 -2.6549
Normal: -5.16398e-006 1 1.32263e-006
UV: 0.99587 0.849914

Position: -1.811 9.79358 -2.16016
Normal: -5.16398e-006 1 1.32263e-006
UV: 0.99587 0.849914

Position: -2.98915 9.06486 -2.16017
Normal: 1.30872e-006 -1 -2.10391e-008
UV: 0.999006 0.849914

Position: -2.53972 9.06486 -2.88887
Normal: 1.30872e-006 -1 -2.10391e-008
UV: 0.999006 0.849914

Position: -2.98915 9.06486 -2.88887
Normal: 1.30872e-006 -1 -2.10391e-008
UV: 0.999006 0.849914

Position: -2.98915 9.79358 -2.16017
Normal: -1 0 -1.69759e-005
UV: 0.998683 0.759568

Position: -2.53972 9.79358 -2.16016
Normal: -1 0 -1.69759e-005
UV: 0.998683 0.759568

Position: -2.98915 9.06486 -2.16017
Normal: -1 0 -1.69759e-005
UV: 0.998683 0.759568

Position: -2.53972 9.06486 -2.16016
Normal: -1 0 -1.69759e-005
UV: 0.998683 0.759568

Position: -2.98915 9.79358 -2.16017
Normal: -2.61743e-006 1 1.81998e-007
UV: 0.99587 0.849914

Position: -2.53972 9.79358 -2.88887
Normal: -2.61743e-006 1 1.81998e-007
UV: 0.99587 0.849914

Position: -2.98915 9.79358 -2.88887
Normal: -2.61743e-006 1 1.81998e-007
UV: 0.99587 0.849914

Position: -2.98915 9.06486 -2.88887
Normal: 1 0 0
UV: 0.995695 0.762668

Position: -2.53972 9.06486 -2.88887
Normal: 1 0 0
UV: 0.995695 0.762668

Position: -2.98915 9.79358 -2.88887
Normal: 1 0 0
UV: 0.995695 0.762668

Position: -2.53972 9.79358 -2.88887
Normal: 1 0 0
UV: 0.995695 0.762668

Position: -2.53972 9.06486 -2.88887
Normal: 0.903997 0 0.427539
UV: 0.995695 0.762668

Position: -2.045 9.79358 -2.6549
Normal: 0.903997 0 0.427539
UV: 0.995695 0.762668

Position: -2.53972 9.79358 -2.88887
Normal: 0.903997 0 0.427539
UV: 0.995695 0.762668

Position: -2.045 9.06486 -2.6549
Normal: 0.903997 0 0.427539
UV: 0.995695 0.762668

Position: -3.71786 9.06486 -2.16017
Normal: 0.42755 0 -0.903992
UV: 0.995695 0.762668

Position: -3.48389 9.79358 -2.6549
Normal: 0.42755 0 -0.903992
UV: 0.995695 0.762668

Position: -3.71786 9.79358 -2.16017
Normal: 0.42755 0 -0.903992
UV: 0.995695 0.762668

Position: -3.48389 9.06486 -2.6549
Normal: 0.42755 0 -0.903992
UV: 0.995695 0.762668

Position: -3.71786 9.06486 -2.16017
Normal: -5.78302e-006 -1 0
UV: 0.999006 0.849914

Position: -3.48389 9.06486 -2.6549
Normal: -5.78302e-006 -1 0
UV: 0.999006 0.849914

Position: -3.71786 9.79358 -2.16017
Normal: -5.16406e-006 1 -1.15732e-006
UV: 0.99587 0.849914

Position: -3.48389 9.79358 -2.6549
Normal: -5.16406e-006 1 -1.15732e-006
UV: 0.99587 0.849914

Position: -2.98915 9.06486 -2.88887
Normal: 0.903997 0 -0.427539
UV: 0.995695 0.762668

Position: -3.48389 9.79358 -2.6549
Normal: 0.903997 0 -0.427539
UV: 0.995695 0.762668

Position: -3.48389 9.06486 -2.6549
Normal: 0.903997 0 -0.427539
UV: 0.995695 0.762668

Position: -2.98915 9.79358 -2.88887
Normal: 0.903997 0 -0.427539
UV: 0.995695 0.762668

Position: 3.52667 9.79638 2.19835
Normal: -0 0 -1
UV: 0.731534 0.57687

Position: 3.52667 8.79638 2.19835
Normal: -0 0 -1
UV: 0.731534 0.516292

Position: 4.02173 8.79638 2.19835
Normal: -0 0 -1
UV: 0.700536 0.516292

Position: 4.02173 9.79638 2.19835
Normal: -0 0 -1
UV: 0.700536 0.57687

Position: 3.52667 9.79638 3.62126
Normal: -1 0 0
UV: 0.790797 0.500553

Position: 3.52667 8.79638 3.62126
Normal: -1 0 0
UV: 0.734723 0.500553

Position: 3.52667 8.79638 2.19835
Normal: -1 0 0
UV: 0.734723 0.577746

Position: 3.52667 9.79638 2.19835
Normal: -1 0 0
UV: 0.790797 0.577746

Position: 4.02173 9.79638 3.62126
Normal: -0 0 1
UV: 0.731534 0.57687

Position: 3.52667 8.79638 3.62126
Normal: -0 0 1
UV: 0.700536 0.516292

Position: 3.52667 9.79638 3.62126
Normal: -0 0 1
UV: 0.700536 0.57687

Position: 4.02173 8.79638 3.62126
Normal: -0 0 1
UV: 0.731534 0.516292

Position: 3.52667 9.79638 3.62126
Normal: -0 1 0
UV: 0.696554 0.574735

Position: 4.02173 9.79638 2.19835
Normal: -0 1 0
UV: 0.680157 0.503945

Position: 4.02173 9.79638 3.62126
Normal: -0 1 0
UV: 0.680157 0.574735

Position: 3.52667 9.79638 2.19835
Normal: -0 1 0
UV: 0.696554 0.503945

Position: 4.02173 8.79638 3.62126
Normal: 1 0 0
UV: 0.700254 0.54589

Position: 4.02173 9.79638 3.62126
Normal: 1 0 0
UV: 0.700254 0.576457

Position: 4.02173 8.79638 2.19835
Normal: 1 0 0
UV: 0.731133 0.54589

Position: 4.02173 9.79638 2.19835
Normal: 1 0 0
UV: 0.731133 0.576457

Position: 2.17581 9.79638 2.19835
Normal: -0 0 -1
UV: 0.731534 0.57687

Position: 2.17581 8.79638 2.19835
Normal: -0 0 -1
UV: 0.731534 0.516292

Position: 2.67087 8.79638 2.19835
Normal: -0 0 -1
UV: 0.700536 0.516292

Position: 2.67087 9.79638 2.19835
Normal: -0 0 -1
UV: 0.700536 0.57687

Position: 2.17581 9.79638 3.62126
Normal: -1 0 0
UV: 0.790797 0.500553

Position: 2.17581 8.79638 3.62126
Normal: -1 0 0
UV: 0.734723 0.500553

Position: 2.17581 8.79638 2.19835
Normal: -1 0 0
UV: 0.734723 0.577746

Position: 2.17581 9.79638 2.19835
Normal: -1 0 0
UV: 0.790797 0.577746

Position: 2.67087 9.79638 3.62126
Normal: -0 0 1
UV: 0.731534 0.57687

Position: 2.17581 8.79638 3.62126
Normal: -0 0 1
UV: 0.700536 0.516292

Position: 2.17581 9.79638 3.62126
Normal: -0 0 1
UV: 0.700536 0.57687

Position: 2.67087 8.79638 3.62126
Normal: -0 0 1
UV: 0.731534 0.516292

Position: 2.17581 9.79638 3.62126
Normal: -0 1 0
UV: 0.696554 0.574735

Position: 2.67087 9.79638 2.19835
Normal: -0 1 0
UV: 0.680157 0.503945

Position: 2.67087 9.79638 3.62126
Normal: -0 1 0
UV: 0.680157 0.574735

Position: 2.17581 9.79638 2.19835
Normal: -0 1 0
UV: 0.696554 0.503945

Position: 2.67087 8.79638 3.62126
Normal: 1 0 0
UV: 0.700254 0.54589

Position: 2.67087 9.79638 3.62126
Normal: 1 0 0
UV: 0.700254 0.576457

Position: 2.67087 8.79638 2.19835
Normal: 1 0 0
UV: 0.731133 0.54589

Position: 2.67087 9.79638 2.19835
Normal: 1 0 0
UV: 0.731133 0.576457

Position: -0.952087 0 -3.65053
Normal: -0 0 -1
UV: 0.17267 0.514494

Position: 0.952103 0 -3.65053
Normal: -0 0 -1
UV: 0.17267 0.514494

Position: 0.952103 0.199025 -3.65053
Normal: -0 0 -1
UV: 0.17267 0.514494

Position: -0.952087 0.199025 -3.65053
Normal: -0 0 -1
UV: 0.17267 0.514494

Position: -0.952087 0.199025 -3.46449
Normal: 1.24607e-016 1 0
UV: 0.234853 0.511602

Position: 0.952103 0.199025 -3.65053
Normal: 1.24607e-016 1 0
UV: 0.234853 0.511602

Position: 0.952103 0.199025 -3.46449
Normal: 1.24607e-016 1 0
UV: 0.234853 0.511602

Position: -0.952087 0.199025 -3.65053
Normal: 1.24607e-016 1 0
UV: 0.234853 0.511602

Position: 1.4655 4.01641 -3.46449
Normal: -0 0 -1
UV: 0.32792 0.710491

Position: -0.952087 3.49314 -3.46449
Normal: -0 0 -1
UV: 0.32792 0.710491

Position: 0.952103 3.49314 -3.46449
Normal: -0 0 -1
UV: 0.32792 0.710491

Position: -1.46552 4.01641 -3.46449
Normal: -0 0 -1
UV: 0.32792 0.710491

Position: -0.952087 0.199025 -3.46449
Normal: -4.47603e-007 0 -1
UV: 0.32792 0.710491

Position: -1.46552 0 -3.46449
Normal: -4.47603e-007 0 -1
UV: 0.32792 0.710491

Position: -0.952087 0 -3.46449
Normal: -0 0 -1
UV: 0.32792 0.710491

Position: -0.952087 0 -3.46449
Normal: -1 0 0
UV: 0.17267 0.514494

Position: -0.952087 0.199025 -3.65053
Normal: -1 0 0
UV: 0.17267 0.514494

Position: -0.952087 0.199025 -3.46449
Normal: -1 0 0
UV: 0.17267 0.514494

Position: -0.952087 0 -3.65053
Normal: -1 0 0
UV: 0.17267 0.514494

Position: -2.08485 3.84426 -5.15955
Normal: 0.859033 -2.13291e-006 -0.511921
UV: 0.137928 0.522411

Position: -2.08488 0.6608 -5.15955
Normal: 0.859033 -2.13291e-006 -0.511921
UV: 0.137928 0.522411

Position: -1.50119 3.84426 -3.57354
Normal: 0.859033 -2.13291e-006 -0.511921
UV: 0.137928 0.522411

Position: -1.50119 0.6608 -3.57354
Normal: 0.859033 -2.13291e-006 -0.511921
UV: 0.137928 0.522411

Position: -2.21468 0.6608 -5.2827
Normal: -0 0 -1
UV: 0.137928 0.522411

Position: -4.4339 3.84426 -5.2827
Normal: -0 0 -1
UV: 0.137928 0.522411

Position: -4.4339 0.6608 -5.2827
Normal: -0 0 -1
UV: 0.137928 0.522411

Position: -2.21466 3.84426 -5.2827
Normal: -0 0 -1
UV: 0.137928 0.522411

Position: -4.60283 0 -5.49075
Normal: -0 0 -1
UV: 0.268837 0.556431

Position: -4.60283 4.22703 -5.49075
Normal: -0 0 -1
UV: 0.268837 0.556431

Position: -5.32504 0 -5.49075
Normal: -0 0 -1
UV: 0.268837 0.556431

Position: -5.32504 4.22703 -5.49075
Normal: -0 0 -1
UV: 0.268837 0.556431

Position: -4.60283 4.01641 -5.2827
Normal: 1 0 0
UV: 0.17267 0.557154

Position: -4.60283 0 -5.49075
Normal: 1 0 0
UV: 0.17267 0.557154

Position: -4.60283 0 -5.2827
Normal: 1 0 0
UV: 0.17267 0.557154

Position: -4.60283 4.22703 -5.49075
Normal: 1 0 0
UV: 0.17267 0.557154

Position: -4.60283 4.63964 -5.2827
Normal: 1 0 0
UV: 0.17267 0.557154

Position: -5.32504 8.48273 -5.49075
Normal: -1.24607e-016 -1 3.27008e-006
UV: 0.325236 0.665321

Position: -4.60283 8.48273 -5.49075
Normal: -1.24607e-016 -1 3.27008e-006
UV: 0.325236 0.665321

Position: -5.45844 8.48273 -5.62413
Normal: -1.24607e-016 -1 3.27008e-006
UV: 0.325236 0.665321

Position: 2.13066 4.01641 -5.2827
Normal: -1.24607e-016 -1 1.56967e-007
UV: 0.208536 0.710491

Position: -2.1306 4.01641 -5.2827
Normal: -1.24607e-016 -1 1.56967e-007
UV: 0.208536 0.710491

Position: 1.4655 4.01641 -3.46449
Normal: -1.24607e-016 -1 1.56967e-007
UV: 0.208536 0.710491

Position: -1.46552 4.01641 -3.46449
Normal: -1.24607e-016 -1 1.56967e-007
UV: 0.208536 0.710491

Position: 1.4655 0 -3.46449
Normal: 3.35715e-007 0 -1
UV: 0.32792 0.710491

Position: 0.952103 0.199025 -3.46449
Normal: 3.35715e-007 0 -1
UV: 0.32792 0.710491

Position: 0.952103 0 -3.46449
Normal: -0 0 -1
UV: 0.32792 0.710491

Position: 0.952103 0 -3.46449
Normal: 1 0 0
UV: 0.17267 0.514494

Position: 0.952103 0.199025 -3.46449
Normal: 1 0 0
UV: 0.17267 0.514494

Position: 0.952103 0.199025 -3.65053
Normal: 1 0 0
UV: 0.17267 0.514494

Position: 0.952103 0 -3.65053
Normal: 1 0 0
UV: 0.17267 0.514494

Position: 2.0849 0.6608 -5.15955
Normal: -0.85902 0 -0.511943
UV: 0.137928 0.522411

Position: 1.50121 3.84426 -3.57354
Normal: -0.85902 0 -0.511943
UV: 0.137928 0.522411

Position: 1.50121 0.6608 -3.57354
Normal: -0.85902 0 -0.511943
UV: 0.137928 0.522411

Position: 2.0849 3.84426 -5.15955
Normal: -0.85902 0 -0.511943
UV: 0.137928 0.522411

Position: 4.43391 0.6608 -5.2827
Normal: -0 0 -1
UV: 0.137928 0.522411

Position: 2.21471 3.84426 -5.2827
Normal: -0 0 -1
UV: 0.137928 0.522411

Position: 2.21471 0.6608 -5.2827
Normal: -0 0 -1
UV: 0.137928 0.522411

Position: 4.43391 3.84426 -5.2827
Normal: -0 0 -1
UV: 0.137928 0.522411

Position: 4.60284 4.22703 -5.49075
Normal: -0 0 -1
UV: 0.268837 0.556431

Position: 4.60284 0 -5.49075
Normal: -0 0 -1
UV: 0.268837 0.556431

Position: 5.32504 0 -5.49075
Normal: -0 0 -1
UV: 0.268837 0.556431

Position: 5.32504 4.22703 -5.49075
Normal: -0 0 -1
UV: 0.268837 0.556431

Position: 4.60284 4.01641 -5.2827
Normal: -1 0 0
UV: 0.17267 0.557154

Position: 4.60284 0 -5.2827
Normal: -1 0 0
UV: 0.17267 0.557154

Position: 4.60284 0 -5.49075
Normal: -1 0 0
UV: 0.17267 0.557154

Position: 4.60284 4.22703 -5.49075
Normal: -1 0 0
UV: 0.17267 0.557154

Position: 4.60284 8.48273 -5.2827
Normal: -0 0 -1
UV: 0.32792 0.710491

Position: -1.13925 7.87152 -5.2827
Normal: -0 0 -1
UV: 0.32792 0.710491

Position: 1.13928 7.87152 -5.2827
Normal: -0 0 -1
UV: 0.32792 0.710491

Position: -4.60283 8.48273 -5.2827
Normal: -0 0 -1
UV: 0.32792 0.710491

Position: 4.60284 4.63964 -5.2827
Normal: -1 0 0
UV: 0.17267 0.557154

Position: 4.60284 8.48273 -5.49075
Normal: -0 0 -1
UV: 0.268837 0.556431

Position: 5.32504 8.48273 -5.49075
Normal: -0 0 -1
UV: 0.268837 0.556431

Position: 5.45842 8.48273 -5.62413
Normal: -1.24607e-016 -1 -5.00746e-006
UV: 0.325236 0.665321

Position: 4.60284 8.48273 -5.49075
Normal: -1.24607e-016 -1 -5.00746e-006
UV: 0.325236 0.665321

Position: 5.32504 8.48273 -5.49075
Normal: -1.24607e-016 -1 0
UV: 0.325236 0.665321

Position: 5.45842 8.48273 -5.93766
Normal: -0 0 -1
UV: 0.325236 0.665321

Position: -4.5777 9.10881 -5.93766
Normal: -0 0 -1
UV: 0.325236 0.665321

Position: -5.45844 8.48273 -5.93766
Normal: -0 0 -1
UV: 0.325236 0.665321

Position: 4.5777 9.10881 -5.93766
Normal: -0 0 -1
UV: 0.325236 0.665321

Position: 5.45842 9.10881 -5.93766
Normal: -0 0 -1
UV: 0.325236 0.665321

Position: -5.45844 9.10881 -5.93766
Normal: -0 0 -1
UV: 0.325236 0.665321

Position: 4.56262 9.10881 -5.62413
Normal: -0 1 0
UV: 0.393204 0.665321

Position: 4.95726 9.10881 -5.01306
Normal: 1.24607e-016 1 0
UV: 0.393204 0.665321

Position: 4.56262 9.10881 -5.01306
Normal: -0 1 0
UV: 0.393204 0.665321

Position: 5.45842 9.10881 -5.62413
Normal: 1.24607e-016 1 0
UV: 0.393204 0.665321

Position: -4.95724 8.79638 -5.01306
Normal: -0 0 1
UV: 0.174666 0.524756

Position: 4.56262 9.10881 -5.01306
Normal: -0 0 1
UV: 0.174666 0.524756

Position: 4.95726 8.79638 -5.01306
Normal: -0 0 1
UV: 0.174666 0.524756

Position: -4.56262 9.10881 -5.01306
Normal: -0 0 1
UV: 0.174666 0.524756

Position: 4.95726 9.10881 -5.01306
Normal: -0 0 1
UV: 0.174666 0.524756

Position: -4.95724 9.10881 -5.01306
Normal: -0 0 1
UV: 0.174666 0.524756

Position: -5.32504 0 -4.76855
Normal: -1 0 0
UV: 0.231238 0.554262

Position: -5.32504 4.22703 -5.49075
Normal: -1 0 0
UV: 0.231238 0.554262

Position: -5.32504 4.22703 -4.76855
Normal: -1 0 0
UV: 0.231238 0.554262

Position: -5.32504 0 -5.49075
Normal: -1 0 0
UV: 0.231238 0.554262

Position: -5.32504 0 -4.76855
Normal: -0 0 1
UV: 0.17267 0.557154

Position: -5.32504 4.22703 -4.76855
Normal: -0 0 1
UV: 0.17267 0.557154

Position: -5.11699 4.01641 -4.76855
Normal: -0 0 1
UV: 0.17267 0.557154

Position: -5.11699 0 -4.76855
Normal: -0 0 1
UV: 0.17267 0.557154

Position: -5.11699 4.01641 -4.76855
Normal: -1 0 0
UV: 0.290321 0.708322

Position: -5.11697 4.01641 4.76855
Normal: -1 0 6.41017e-006
UV: 0.290321 0.708322

Position: -5.11697 0 4.76855
Normal: -1 0 6.41017e-006
UV: 0.290321 0.708322

Position: -5.11699 0 -4.76855
Normal: -1 0 0
UV: 0.290321 0.708322

Position: -5.11697 4.43765 4.76854
Normal: -1 -9.88821e-008 1.59994e-006
UV: 0.290321 0.708322

Position: -5.11699 4.43765 -4.76854
Normal: -1 -9.88821e-008 1.59994e-006
UV: 0.290321 0.708322

Position: -5.11697 8.48273 4.76855
Normal: -1 0 6.41017e-006
UV: 0.290321 0.708322

Position: -5.11699 8.48273 -4.76855
Normal: -1 0 0
UV: 0.290321 0.708322

Position: -5.32504 8.48273 -4.76855
Normal: -0 0 1
UV: 0.17267 0.557154

Position: -5.11699 4.43765 -4.76854
Normal: -8.83541e-006 2.2978e-006 1
UV: 0.17267 0.557154

Position: -5.11699 8.48273 -4.76855
Normal: -0 0 1
UV: 0.17267 0.557154

Position: -5.32504 8.48273 -4.76855
Normal: -1 0 0
UV: 0.231238 0.554262

Position: -5.32504 8.48273 -5.49075
Normal: -1 0 0
UV: 0.231238 0.554262

Position: -5.11697 8.48273 4.76855
Normal: 1.24607e-016 -1 1.25933e-031
UV: 0.325236 0.665321

Position: -5.11699 8.48273 -4.76855
Normal: -1.24607e-016 -1 0
UV: 0.325236 0.665321

Position: -5.45842 8.48273 3.44329
Normal: 1.24607e-016 -1 1.25933e-031
UV: 0.325236 0.665321

Position: -5.32504 8.48273 -4.76855
Normal: -1.24607e-016 -1 0
UV: 0.325236 0.665321

Position: -5.32503 8.48273 4.76855
Normal: 1.24607e-016 -1 1.25933e-031
UV: 0.325236 0.665321

Position: -5.45842 8.48273 5.62413
Normal: -1 0 -1.01064e-015
UV: 0.325236 0.665321

Position: -5.45842 8.48273 3.44329
Normal: -1 0 0
UV: 0.325236 0.665321

Position: -5.45842 9.10881 5.62413
Normal: -1 0 -1.01064e-015
UV: 0.325236 0.665321

Position: -5.45844 9.10881 -5.62413
Normal: -1 0 0
UV: 0.325236 0.665321

Position: -5.45844 8.48273 -5.62413
Normal: -1 0 0
UV: 0.325236 0.665321

Position: -5.45842 9.10881 5.62413
Normal: -1.24607e-016 1 -1.25933e-031
UV: 0.393204 0.665321

Position: -5.45844 9.10881 -5.62413
Normal: 1.24607e-016 1 0
UV: 0.393204 0.665321

Position: -4.95724 9.10881 5.01306
Normal: -1.24607e-016 1 -1.25933e-031
UV: 0.393204 0.665321

Position: -4.95724 9.10881 -5.01306
Normal: 1.24607e-016 1 0
UV: 0.393204 0.665321

Position: -4.95724 9.10881 5.01306
Normal: 1 0 1.01064e-015
UV: 0.174666 0.524756

Position: -4.95724 9.10881 -5.01306
Normal: 1 0 0
UV: 0.174666 0.524756

Position: -4.95724 8.79638 5.01306
Normal: 1 0 1.01064e-015
UV: 0.174666 0.524756

Position: -4.95724 8.79638 -5.01306
Normal: 1 0 0
UV: 0.174666 0.524756

Position: 5.32503 0 -4.76855
Normal: 1 0 2.85045e-005
UV: 0.231238 0.554262

Position: 5.32504 4.22703 -5.49075
Normal: 1 0 2.85045e-005
UV: 0.231238 0.554262

Position: 5.32504 0 -5.49075
Normal: 1 0 2.85045e-005
UV: 0.231238 0.554262

Position: 5.32503 4.22703 -4.76855
Normal: 1 0 2.85045e-005
UV: 0.231238 0.554262

Position: 5.32503 4.22703 -4.76855
Normal: -0 0 1
UV: 0.13507 0.554985

Position: 5.32503 0 -4.76855
Normal: -0 0 1
UV: 0.13507 0.554985

Position: 5.11699 4.01641 -4.76855
Normal: -0 0 1
UV: 0.13507 0.554985

Position: 5.11699 0 -4.76855
Normal: -0 0 1
UV: 0.13507 0.554985

Position: 5.32503 4.22703 -4.76855
Normal: -0 0 1
UV: 0.17267 0.557154

Position: 5.11699 4.01641 -4.76855
Normal: -0 0 1
UV: 0.17267 0.557154

Position: 5.11699 4.43765 -4.76854
Normal: -1.08822e-005 -2.7167e-005 1
UV: 0.17267 0.557154

Position: 5.32503 8.48273 -4.76855
Normal: 1 0 2.85045e-005
UV: 0.231238 0.554262

Position: 5.32504 8.48273 -5.49075
Normal: 1 0 2.85045e-005
UV: 0.231238 0.554262

Position: 5.32503 8.48273 -4.76855
Normal: -1.24607e-016 -1 -1.09012e-006
UV: 0.325236 0.665321

Position: 5.45844 8.48273 3.44328
Normal: -1.24607e-016 -1 0
UV: 0.325236 0.665321

Position: 4.60284 8.48273 -5.2827
Normal: -1.24607e-016 -1 0
UV: 0.325236 0.665321

Position: -4.60283 8.48273 -5.2827
Normal: -1.24607e-016 -1 0
UV: 0.325236 0.665321

Position: 1.52588e-005 4.63964 -5.28269
Normal: 1.62211e-006 2.95539e-007 -1
UV: 0.200567 0.779034

Position: -4.60283 4.63964 -5.2827
Normal: 1.62211e-006 2.95539e-007 -1
UV: 0.200567 0.779034

Position: -2.1306 4.01641 -5.2827
Normal: -0 0 -1
UV: 0.200567 0.779034

Position: -4.60283 4.01641 -5.2827
Normal: -0 0 -1
UV: 0.200567 0.779034

Position: -2.1306 4.01641 -5.2827
Normal: -0 0 -1
UV: 0.32792 0.710491

Position: -4.60283 4.01641 -5.2827
Normal: -0 0 -1
UV: 0.32792 0.710491

Position: -4.4339 3.84426 -5.2827
Normal: -0 0 -1
UV: 0.32792 0.710491

Position: -2.21466 3.84426 -5.2827
Normal: -0 0 -1
UV: 0.32792 0.710491

Position: -4.60283 0 -5.2827
Normal: 1.15654e-005 -5.29829e-007 -1
UV: 0.32792 0.710491

Position: -4.4339 0.6608 -5.2827
Normal: -0 0 -1
UV: 0.32792 0.710491

Position: -2.13063 0 -5.2827
Normal: -0 0 -1
UV: 0.32792 0.710491

Position: -2.21468 0.6608 -5.2827
Normal: -0 0 -1
UV: 0.32792 0.710491

Position: 2.13066 4.01641 -5.2827
Normal: -0 0 -1
UV: 0.32792 0.710491

Position: 2.13066 0 -5.2827
Normal: -9.85012e-007 0 -1
UV: 0.32792 0.710491

Position: 2.21471 0.6608 -5.2827
Normal: -0 0 -1
UV: 0.32792 0.710491

Position: 2.21471 3.84426 -5.2827
Normal: -0 0 -1
UV: 0.32792 0.710491

Position: 4.60284 0 -5.2827
Normal: -0 0 -1
UV: 0.32792 0.710491

Position: 4.43391 0.6608 -5.2827
Normal: -0 0 -1
UV: 0.32792 0.710491

Position: 4.60284 4.01641 -5.2827
Normal: 7.84095e-007 0 -1
UV: 0.32792 0.710491

Position: 4.43391 3.84426 -5.2827
Normal: -0 0 -1
UV: 0.32792 0.710491

Position: -2.08485 3.84426 -5.15955
Normal: 0.859033 -2.13291e-006 -0.511921
UV: 0.293936 0.707599

Position: -1.50119 3.84426 -3.57354
Normal: 0.859033 -2.13291e-006 -0.511921
UV: 0.293936 0.707599

Position: -1.46552 4.01641 -3.46449
Normal: 0.938745 0.0133537 -0.344355
UV: 0.293936 0.707599

Position: -2.1306 4.01641 -5.2827
Normal: 0.938745 0.0133537 -0.344355
UV: 0.293936 0.707599

Position: -2.1306 4.01641 -5.2827
Normal: 0.937419 -7.94014e-006 -0.348204
UV: 0.293936 0.707599

Position: -2.13063 0 -5.2827
Normal: 0.937419 -7.94014e-006 -0.348204
UV: 0.293936 0.707599

Position: -2.08488 0.6608 -5.15955
Normal: 0.859033 -2.13291e-006 -0.511921
UV: 0.293936 0.707599

Position: -1.46552 0 -3.46449
Normal: 0.938817 -0.00347886 -0.344398
UV: 0.293936 0.707599

Position: -2.13063 0 -5.2827
Normal: 0.938817 -0.00347886 -0.344398
UV: 0.293936 0.707599

Position: -1.50119 0.6608 -3.57354
Normal: 0.859033 -2.13291e-006 -0.511921
UV: 0.293936 0.707599

Position: -1.46552 0 -3.46449
Normal: 0.950431 0 -0.310936
UV: 0.293936 0.707599

Position: -1.46552 4.01641 -3.46449
Normal: 0.950431 0 -0.310936
UV: 0.293936 0.707599

Position: 1.4655 4.01641 -3.46449
Normal: -0.950352 0 -0.311176
UV: 0.293936 0.707599

Position: 1.4655 0 -3.46449
Normal: -0.950352 0 -0.311176
UV: 0.293936 0.707599

Position: 1.50121 0.6608 -3.57354
Normal: -0.85902 0 -0.511943
UV: 0.293936 0.707599

Position: 1.50121 3.84426 -3.57354
Normal: -0.85902 0 -0.511943
UV: 0.293936 0.707599

Position: 2.0849 0.6608 -5.15955
Normal: -0.85902 0 -0.511943
UV: 0.293936 0.707599

Position: 1.4655 0 -3.46449
Normal: -0.938813 -0.00346767 -0.344409
UV: 0.293936 0.707599

Position: 2.13066 0 -5.2827
Normal: -0.938813 -0.00346767 -0.344409
UV: 0.293936 0.707599

Position: 2.13066 0 -5.2827
Normal: -0.937376 0 -0.34832
UV: 0.293936 0.707599

Position: 2.13066 4.01641 -5.2827
Normal: -0.937376 0 -0.34832
UV: 0.293936 0.707599

Position: 2.0849 3.84426 -5.15955
Normal: -0.85902 0 -0.511943
UV: 0.293936 0.707599

Position: 1.4655 4.01641 -3.46449
Normal: -0.938736 0.0133103 -0.344381
UV: 0.293936 0.707599

Position: 2.13066 4.01641 -5.2827
Normal: -0.938736 0.0133103 -0.344381
UV: 0.293936 0.707599

Position: -0.767181 1.76416 -3.46449
Normal: -0 0 -1
UV: 0.134227 0.522845

Position: 0.767197 1.76416 -3.46449
Normal: -0 0 -1
UV: 0.134227 0.522845

Position: -0.767181 3.22786 -3.46449
Normal: -0 0 -1
UV: 0.134227 0.522845

Position: 0.767197 3.22786 -3.46449
Normal: -0 0 -1
UV: 0.134227 0.522845

Position: 1.68677 5.5153 -5.28268
Normal: -0 -4.85696e-006 -1
UV: 0.32792 0.710491

Position: 1.13928 5.5153 -5.28268
Normal: -0 -4.85696e-006 -1
UV: 0.32792 0.710491

Position: 1.68677 7.87152 -5.2827
Normal: -0 -4.85696e-006 -1
UV: 0.32792 0.710491

Position: 4.60284 4.63964 -5.2827
Normal: -5.40708e-007 2.13877e-006 -1
UV: 0.200567 0.779034

Position: 2.13066 4.01641 -5.2827
Normal: -0 0 -1
UV: 0.200567 0.779034

Position: 4.60284 4.01641 -5.2827
Normal: -5.40708e-007 2.13877e-006 -1
UV: 0.200567 0.779034

Position: 4.23814 7.87152 -5.2827
Normal: -0 0 -1
UV: 0.32792 0.710491

Position: 4.60284 4.63964 -5.2827
Normal: -4.69552e-006 -1.86814e-006 -1
UV: 0.32792 0.710491

Position: 4.23814 5.5153 -5.2827
Normal: -4.69552e-006 -1.86814e-006 -1
UV: 0.32792 0.710491

Position: -1.68674 7.87152 -5.2827
Normal: -0 0 -1
UV: 0.32792 0.710491

Position: -4.23813 7.87152 -5.2827
Normal: -0 0 -1
UV: 0.32792 0.710491

Position: -4.60283 4.63964 -5.2827
Normal: 2.06688e-005 -1.23068e-006 -1
UV: 0.32792 0.710491

Position: -4.23813 5.5153 -5.28268
Normal: 2.06688e-005 -1.23068e-006 -1
UV: 0.32792 0.710491

Position: -1.68674 5.5153 -5.2827
Normal: -0 0 -1
UV: 0.32792 0.710491

Position: -1.13925 5.5153 -5.2827
Normal: -0 0 -1
UV: 0.32792 0.710491

Position: 1.68677 7.87152 -5.08816
Normal: -0 -1 0
UV: 0.203638 0.706583

Position: 4.23814 7.87152 -5.08816
Normal: -0 -1 0
UV: 0.203638 0.706583

Position: 4.23814 7.87152 -5.2827
Normal: -0 -1 0
UV: 0.203638 0.706583

Position: 1.68677 7.87152 -5.2827
Normal: -0 -1 0
UV: 0.203638 0.706583

Position: 1.68677 7.87152 -5.08816
Normal: 1 0 0
UV: 0.203638 0.706583

Position: 1.68677 5.5153 -5.28268
Normal: 1 0 0
UV: 0.203638 0.706583

Position: 1.68677 5.5153 -5.08816
Normal: 1 0 0
UV: 0.203638 0.706583

Position: 1.68677 7.87152 -5.2827
Normal: 1 0 0
UV: 0.203638 0.706583

Position: 4.23814 5.5153 -5.08816
Normal: -0 1 0
UV: 0.203638 0.706583

Position: 1.68677 5.5153 -5.08816
Normal: -0 1 0
UV: 0.203638 0.706583

Position: 1.68677 5.5153 -5.28268
Normal: -0 1 0
UV: 0.203638 0.706583

Position: 4.23814 5.5153 -5.2827
Normal: -0 1 0
UV: 0.203638 0.706583

Position: 4.23814 7.87152 -5.08816
Normal: -1 0 0
UV: 0.203638 0.706583

Position: 4.23814 5.5153 -5.08816
Normal: -1 0 0
UV: 0.203638 0.706583

Position: 4.23814 5.5153 -5.2827
Normal: -1 0 0
UV: 0.203638 0.706583

Position: 4.23814 7.87152 -5.2827
Normal: -1 0 0
UV: 0.203638 0.706583

Position: -1.68674 5.5153 -5.08816
Normal: -0 1 0
UV: 0.203638 0.706583

Position: -4.23813 5.5153 -5.08816
Normal: -0 1 0
UV: 0.203638 0.706583

Position: -4.23813 5.5153 -5.28268
Normal: -0 1 0
UV: 0.203638 0.706583

Position: -1.68674 5.5153 -5.2827
Normal: -0 1 0
UV: 0.203638 0.706583

Position: -1.68674 7.87152 -5.08816
Normal: -1 0 0
UV: 0.203638 0.706583

Position: -1.68674 5.5153 -5.08816
Normal: -1 0 0
UV: 0.203638 0.706583

Position: -1.68674 5.5153 -5.2827
Normal: -1 0 0
UV: 0.203638 0.706583

Position: -1.68674 7.87152 -5.2827
Normal: -1 0 0
UV: 0.203638 0.706583

Position: -4.23813 7.87152 -5.08816
Normal: -0 -1 0
UV: 0.203638 0.706583

Position: -1.68674 7.87152 -5.08816
Normal: -0 -1 0
UV: 0.203638 0.706583

Position: -1.68674 7.87152 -5.2827
Normal: -0 -1 0
UV: 0.203638 0.706583

Position: -4.23813 7.87152 -5.2827
Normal: -0 -1 0
UV: 0.203638 0.706583

Position: -4.23813 7.87152 -5.08816
Normal: 1 -1.30038e-007 0
UV: 0.203638 0.706583

Position: -4.23813 5.5153 -5.28268
Normal: 1 -1.30038e-007 0
UV: 0.203638 0.706583

Position: -4.23813 5.5153 -5.08816
Normal: 1 -1.30038e-007 0
UV: 0.203638 0.706583

Position: -4.23813 7.87152 -5.2827
Normal: 1 -1.30038e-007 0
UV: 0.203638 0.706583

Position: 1.13928 7.87152 -5.08816
Normal: -1 0 0
UV: 0.203638 0.706583

Position: 1.13928 5.5153 -5.08816
Normal: -1 0 0
UV: 0.203638 0.706583

Position: 1.13928 5.5153 -5.28268
Normal: -1 0 0
UV: 0.203638 0.706583

Position: 1.13928 7.87152 -5.2827
Normal: -1 0 0
UV: 0.203638 0.706583

Position: 1.13928 7.87152 -5.2827
Normal: -0 -1 0
UV: 0.203638 0.706583

Position: -1.13925 7.87152 -5.2827
Normal: -0 -1 0
UV: 0.203638 0.706583

Position: 1.13928 7.87152 -5.08816
Normal: -0 -1 0
UV: 0.203638 0.706583

Position: -1.13925 7.87152 -5.08816
Normal: -0 -1 0
UV: 0.203638 0.706583

Position: -1.13925 5.5153 -5.08816
Normal: 1 0 0
UV: 0.203638 0.706583

Position: -1.13925 7.87152 -5.08816
Normal: 1 0 0
UV: 0.203638 0.706583

Position: -1.13925 7.87152 -5.2827
Normal: 1 0 0
UV: 0.203638 0.706583

Position: -1.13925 5.5153 -5.2827
Normal: 1 0 0
UV: 0.203638 0.706583

Position: -1.13925 5.5153 -5.08816
Normal: -0 1 0
UV: 0.203638 0.706583

Position: 1.13928 5.5153 -5.28268
Normal: -0 1 0
UV: 0.203638 0.706583

Position: 1.13928 5.5153 -5.08816
Normal: -0 1 0
UV: 0.203638 0.706583

Position: -1.13925 5.5153 -5.2827
Normal: -0 1 0
UV: 0.203638 0.706583

Position: -4.60283 8.48273 -5.49075
Normal: 1 0 0
UV: 0.17267 0.557154

Position: -4.60283 8.48273 -5.2827
Normal: 1 0 0
UV: 0.17267 0.557154

Position: -4.60283 8.48273 -5.49075
Normal: -0 0 -1
UV: 0.268837 0.556431

Position: -5.32504 8.48273 -5.49075
Normal: -0 0 -1
UV: 0.268837 0.556431

Position: 4.60284 8.48273 -5.49075
Normal: -1 0 0
UV: 0.17267 0.557154

Position: 4.60284 8.48273 -5.2827
Normal: -1 0 0
UV: 0.17267 0.557154

Position: -5.11697 4.01641 4.76855
Normal: -1 0 6.41017e-006
UV: 0.201902 0.778567

Position: -5.11699 4.01641 -4.76855
Normal: -1 0 0
UV: 0.201902 0.778567

Position: -5.11697 4.43765 4.76854
Normal: -1 9.49523e-007 1.59994e-006
UV: 0.201902 0.778567

Position: -5.11699 4.43765 -4.76854
Normal: -1 9.49523e-007 1.59994e-006
UV: 0.201902 0.778567

Position: 5.32503 8.48273 -4.76855
Normal: -0 0 1
UV: 0.17267 0.557154

Position: 5.11699 8.48273 -4.76855
Normal: -0 0 1
UV: 0.17267 0.557154

Position: 1.52588e-005 4.63964 -5.28269
Normal: 1.6563e-006 -1.16351e-006 -1
UV: 0.32792 0.710491

Position: -0.293854 1.54885 -3.46449
Normal: -0 0 -1
UV: 0.327506 0.519147

Position: -0.707413 1.54885 -3.46449
Normal: -0 0 -1
UV: 0.327506 0.519147

Position: -0.293854 1.41685 -3.46449
Normal: -0 0 -1
UV: 0.327506 0.519147

Position: -0.707413 1.41685 -3.46449
Normal: -0 0 -1
UV: 0.327506 0.519147

Position: 0.952103 0.199025 -3.46449
Normal: -0 0 -1
UV: 0.173884 0.668403

Position: 0.952103 3.49314 -3.46449
Normal: -0 0 -1
UV: 0.173884 0.668403

Position: 0.767197 1.76416 -3.46449
Normal: -0 0 -1
UV: 0.173884 0.668403

Position: 0.767197 3.22786 -3.46449
Normal: -0 0 -1
UV: 0.173884 0.668403

Position: -0.952087 3.49314 -3.46449
Normal: -0 0 -1
UV: 0.173884 0.668403

Position: -0.767181 3.22786 -3.46449
Normal: -0 0 -1
UV: 0.173884 0.668403

Position: -0.952087 0.199025 -3.46449
Normal: 2.71007e-007 0 -1
UV: 0.173884 0.668403

Position: -0.767181 1.76416 -3.46449
Normal: 2.71007e-007 0 -1
UV: 0.173884 0.668403

Position: -0.293854 1.41685 -3.46449
Normal: -0 0 -1
UV: 0.173884 0.668403

Position: -0.707413 1.41685 -3.46449
Normal: -0 0 -1
UV: 0.173884 0.668403

Position: -0.293854 1.54885 -3.46449
Normal: -0 0 -1
UV: 0.173884 0.668403

Position: -0.707413 1.54885 -3.46449
Normal: -0 0 -1
UV: 0.173884 0.668403

Position: 1.68677 5.5153 -5.08816
Normal: -0 0 -1
UV: 0.0976494 0.11963

Position: 4.23814 5.5153 -5.08816
Normal: -0 0 -1
UV: 0.0976494 0.257843

Position: 1.68677 7.87152 -5.08816
Normal: -0 0 -1
UV: 0.189899 0.11963

Position: 4.23814 7.87152 -5.08816
Normal: -0 0 -1
UV: 0.189899 0.257843

Position: -1.68674 5.5153 -5.08816
Normal: -0 0 -1
UV: 0.189899 0.11963

Position: -4.23813 7.87152 -5.08816
Normal: -0 0 -1
UV: 0.0976494 0.257843

Position: -4.23813 5.5153 -5.08816
Normal: -0 0 -1
UV: 0.189899 0.257843

Position: -1.68674 7.87152 -5.08816
Normal: -0 0 -1
UV: 0.0976494 0.11963

Position: -1.13925 5.5153 -5.08816
Normal: -0 0 -1
UV: 0.0976494 0.257843

Position: 1.13928 5.5153 -5.08816
Normal: -0 0 -1
UV: 0.189899 0.257843

Position: -1.13925 7.87152 -5.08816
Normal: -0 0 -1
UV: 0.0976494 0.11963

Position: 1.13928 7.87152 -5.08816
Normal: -0 0 -1
UV: 0.189899 0.11963

Position: -4.56262 9.10881 -5.62413
Normal: -0 1 -2.41881e-006
UV: 0.393204 0.665321

Position: -4.56262 9.10881 -5.01306
Normal: -0 1 -2.41881e-006
UV: 0.393204 0.665321

Position: -4.81082 10.4123 -4.81599
Normal: -0 1 0
UV: 0.393204 0.665321

Position: 4.81082 10.4123 -5.8212
Normal: -0 1 0
UV: 0.393204 0.665321

Position: 4.81082 10.4123 -4.81599
Normal: -0 1 0
UV: 0.393204 0.665321

Position: -4.81082 10.4123 -5.8212
Normal: -0 1 0
UV: 0.393204 0.665321

Position: 4.56262 10.0492 -5.01306
Normal: 1 0 0
UV: 0.283297 0.704943

Position: 4.56262 9.10881 -5.62413
Normal: 1 0 0
UV: 0.283297 0.704943

Position: 4.56262 9.10881 -5.01306
Normal: 1 0 0
UV: 0.283297 0.704943

Position: 4.56262 10.0492 -5.62413
Normal: 1 0 0
UV: 0.283297 0.704943

Position: -4.56262 10.0492 -5.01306
Normal: -0 0 1
UV: 0.331385 0.706317

Position: 4.56262 10.0492 -5.01306
Normal: -0 0 1
UV: 0.331385 0.706317

Position: 4.56262 9.10881 -5.01306
Normal: -0 0 1
UV: 0.331385 0.706317

Position: -4.56262 9.10881 -5.01306
Normal: -0 0 1
UV: 0.331385 0.706317

Position: -4.56262 10.0492 -5.01306
Normal: -1 0 0
UV: 0.283297 0.704943

Position: -4.56262 9.10881 -5.01306
Normal: -1 0 0
UV: 0.283297 0.704943

Position: -4.56262 10.0492 -5.62413
Normal: -1 0 0
UV: 0.283297 0.704943

Position: -4.56262 9.10881 -5.62413
Normal: -1 0 0
UV: 0.283297 0.704943

Position: 4.56262 10.0492 -5.62413
Normal: -0 0 -1
UV: 0.331385 0.706317

Position: -4.56262 9.10881 -5.62413
Normal: -0 0 -1
UV: 0.331385 0.706317

Position: 4.56262 9.10881 -5.62413
Normal: -0 0 -1
UV: 0.331385 0.706317

Position: -4.56262 10.0492 -5.62413
Normal: -0 0 -1
UV: 0.331385 0.706317

Position: 4.56262 10.0492 -5.01306
Normal: -0 -1 0
UV: 0.393204 0.665321

Position: 4.81082 10.0492 -5.8212
Normal: -0 -1 0
UV: 0.393204 0.665321

Position: 4.56262 10.0492 -5.62413
Normal: -0 -1 0
UV: 0.393204 0.665321

Position: 4.81082 10.0492 -4.81599
Normal: -0 -1 0
UV: 0.393204 0.665321

Position: -4.81082 10.0492 -4.81599
Normal: -0 -1 1.29065e-007
UV: 0.393204 0.665321

Position: -4.56262 10.0492 -5.01306
Normal: -0 -1 1.29065e-007
UV: 0.393204 0.665321

Position: -4.81082 10.0492 -5.8212
Normal: -0 -1 0
UV: 0.393204 0.665321

Position: -4.56262 10.0492 -5.62413
Normal: -0 -1 0
UV: 0.393204 0.665321

Position: 4.81082 10.4123 -4.81599
Normal: 1 0 0
UV: 0.318355 0.66832

Position: 4.81082 10.0492 -5.8212
Normal: 1 0 0
UV: 0.318355 0.66832

Position: 4.81082 10.0492 -4.81599
Normal: 1 0 0
UV: 0.318355 0.66832

Position: 4.81082 10.4123 -5.8212
Normal: 1 0 0
UV: 0.318355 0.66832

Position: -4.81082 10.4123 -4.81599
Normal: -0 0 1
UV: 0.359937 0.666957

Position: 4.81082 10.4123 -4.81599
Normal: -0 0 1
UV: 0.359937 0.666957

Position: 4.81082 10.0492 -4.81599
Normal: -0 0 1
UV: 0.359937 0.666957

Position: -4.81082 10.0492 -4.81599
Normal: -0 0 1
UV: 0.359937 0.666957

Position: -4.81082 10.4123 -5.8212
Normal: -1 0 0
UV: 0.318355 0.66832

Position: -4.81082 10.4123 -4.81599
Normal: -1 0 0
UV: 0.318355 0.66832

Position: -4.81082 10.0492 -4.81599
Normal: -1 0 0
UV: 0.318355 0.66832

Position: -4.81082 10.0492 -5.8212
Normal: -1 0 0
UV: 0.318355 0.66832

Position: 4.81082 10.4123 -5.8212
Normal: -0 0 -1
UV: 0.359937 0.666957

Position: -4.81082 10.0492 -5.8212
Normal: -0 0 -1
UV: 0.359937 0.666957

Position: 4.81082 10.0492 -5.8212
Normal: -0 0 -1
UV: 0.359937 0.666957

Position: -4.81082 10.4123 -5.8212
Normal: -0 0 -1
UV: 0.359937 0.666957

Position: 5.45842 8.48273 -5.62413
Normal: 1 0 0
UV: 0.325236 0.665321

Position: 5.45842 9.10881 -5.62413
Normal: 1 0 0
UV: 0.325236 0.665321

Position: 5.45842 9.10881 -5.62413
Normal: -0 1 0
UV: 0.383588 0.672683

Position: 4.56262 9.10881 -5.62413
Normal: -0 1 0
UV: 0.383588 0.672683

Position: 4.5777 9.10881 -5.93766
Normal: -0 1 0
UV: 0.383588 0.672683

Position: 5.45842 9.10881 -5.93766
Normal: -0 0 -1
UV: 0.383588 0.672683

Position: -4.56262 9.10881 -5.62413
Normal: -0 1 -4.15982e-008
UV: 0.383588 0.672683

Position: -4.5777 9.10881 -5.93766
Normal: -0 1 -4.15982e-008
UV: 0.383588 0.672683

Position: -5.45844 9.10881 -5.62413
Normal: -0 1 4.28044e-007
UV: 0.383588 0.672683

Position: -5.45844 9.10881 -5.93766
Normal: -0 0 -1
UV: 0.383588 0.672683

Position: 0.61026 0.199025 5.26625
Normal: -1.01064e-015 0 1
UV: 0.17267 0.514494

Position: 2.51445 0.199025 5.26625
Normal: -1.01064e-015 0 1
UV: 0.17267 0.514494

Position: 2.51445 0 5.26625
Normal: -1.01064e-015 0 1
UV: 0.17267 0.514494

Position: 0.61026 0 5.26625
Normal: -1.01064e-015 0 1
UV: 0.17267 0.514494

Position: 0.61026 0.199025 5.08022
Normal: -1.24607e-016 1 -1.25933e-031
UV: 0.234853 0.511602

Position: 2.51445 0.199025 5.08022
Normal: -1.24607e-016 1 -1.25933e-031
UV: 0.234853 0.511602

Position: 0.61026 0.199025 5.26625
Normal: -1.24607e-016 1 -1.25933e-031
UV: 0.234853 0.511602

Position: 2.51445 0.199025 5.26625
Normal: -1.24607e-016 1 -1.25933e-031
UV: 0.234853 0.511602

Position: 0.0968628 4.01641 5.08022
Normal: -1.01064e-015 0 1
UV: 0.32792 0.710491

Position: 2.51445 3.49314 5.08022
Normal: -1.01064e-015 0 1
UV: 0.32792 0.710491

Position: 0.61026 3.49314 5.08022
Normal: -1.01064e-015 0 1
UV: 0.32792 0.710491

Position: 3.02786 4.01641 5.08022
Normal: -1.01064e-015 0 1
UV: 0.32792 0.710491

Position: 3.02786 0 5.08022
Normal: 4.47603e-007 0 1
UV: 0.32792 0.710491

Position: 2.51445 0.199025 5.08022
Normal: 4.47603e-007 0 1
UV: 0.32792 0.710491

Position: 2.51445 0 5.08022
Normal: -1.01064e-015 0 1
UV: 0.32792 0.710491

Position: 2.51445 0 5.26625
Normal: 1 0 1.01064e-015
UV: 0.17267 0.514494

Position: 2.51445 0.199025 5.26625
Normal: 1 0 1.01064e-015
UV: 0.17267 0.514494

Position: 2.51445 0 5.08022
Normal: 1 0 1.01064e-015
UV: 0.17267 0.514494

Position: 2.51445 0.199025 5.08022
Normal: 1 0 1.01064e-015
UV: 0.17267 0.514494

Position: 5.32504 4.22703 5.49074
Normal: -1.01064e-015 0 1
UV: 0.268837 0.556431

Position: 5.32504 0 5.49074
Normal: -1.01064e-015 0 1
UV: 0.268837 0.556431

Position: 4.60283 4.22703 5.49074
Normal: -1.01064e-015 0 1
UV: 0.268837 0.556431

Position: 4.60283 0 5.49074
Normal: -1.01064e-015 0 1
UV: 0.268837 0.556431

Position: 4.60283 0 5.28269
Normal: -1 0 -1.01064e-015
UV: 0.17267 0.557154

Position: 4.60283 4.01641 5.2827
Normal: -1 0 -1.01064e-015
UV: 0.17267 0.557154

Position: 4.60283 0 5.49074
Normal: -1 0 -1.01064e-015
UV: 0.17267 0.557154

Position: 4.60283 4.22703 5.49074
Normal: -1 0 -1.01064e-015
UV: 0.17267 0.557154

Position: 4.60283 4.63964 5.2827
Normal: -1 0 0
UV: 0.17267 0.557154

Position: 5.32504 8.48273 5.49074
Normal: 1.2461e-016 -1 -3.27008e-006
UV: 0.325236 0.665321

Position: 4.60283 8.48273 5.49074
Normal: 1.2461e-016 -1 -3.27008e-006
UV: 0.325236 0.665321

Position: 5.45844 8.48273 5.62413
Normal: 1.2461e-016 -1 -3.27008e-006
UV: 0.325236 0.665321

Position: 3.69296 4.01641 5.28269
Normal: 1.24607e-016 -1 -1.56967e-007
UV: 0.32792 0.710491

Position: 0.0968628 4.01641 5.08022
Normal: 1.24607e-016 -1 -1.56967e-007
UV: 0.32792 0.710491

Position: -0.568298 4.01641 5.28269
Normal: 1.24607e-016 -1 -1.56967e-007
UV: 0.32792 0.710491

Position: 3.02786 4.01641 5.08022
Normal: 1.24607e-016 -1 -1.56967e-007
UV: 0.32792 0.710491

Position: 0.0968628 0 5.08022
Normal: -3.35715e-007 0 1
UV: 0.32792 0.710491

Position: 0.61026 0.199025 5.08022
Normal: -3.35715e-007 0 1
UV: 0.32792 0.710491

Position: 0.61026 0 5.08022
Normal: -1.01064e-015 0 1
UV: 0.32792 0.710491

Position: 0.61026 0 5.26625
Normal: -1 0 -1.01064e-015
UV: 0.17267 0.514494

Position: 0.61026 0 5.08022
Normal: -1 0 -1.01064e-015
UV: 0.17267 0.514494

Position: 0.61026 0.199025 5.26625
Normal: -1 0 -1.01064e-015
UV: 0.17267 0.514494

Position: 0.61026 0.199025 5.08022
Normal: -1 0 -1.01064e-015
UV: 0.17267 0.514494

Position: -4.60284 4.22703 5.49074
Normal: -1.01064e-015 0 1
UV: 0.268837 0.556431

Position: -5.32503 0 5.49074
Normal: -1.01064e-015 0 1
UV: 0.268837 0.556431

Position: -5.32503 4.22703 5.49074
Normal: -1.01064e-015 0 1
UV: 0.268837 0.556431

Position: -4.60284 0 5.49074
Normal: -1.01064e-015 0 1
UV: 0.268837 0.556431

Position: -4.60284 0 5.49074
Normal: 1 0 1.01064e-015
UV: 0.17267 0.557154

Position: -4.60284 4.22703 5.49074
Normal: 1 0 1.01064e-015
UV: 0.17267 0.557154

Position: -4.60284 4.01641 5.28269
Normal: 1 0 1.01064e-015
UV: 0.17267 0.557154

Position: -4.60284 0 5.28269
Normal: 1 0 1.01064e-015
UV: 0.17267 0.557154

Position: 1.56235 4.63964 5.28268
Normal: -0 -1.48892e-006 1
UV: 0.32792 0.710491

Position: -4.60284 8.48273 5.28269
Normal: -1.01064e-015 0 1
UV: 0.32792 0.710491

Position: 4.60283 8.48273 5.28269
Normal: -1.01064e-015 0 1
UV: 0.32792 0.710491

Position: -4.60284 4.63964 5.28269
Normal: 1 0 0
UV: 0.17267 0.557154

Position: -5.32503 8.48273 5.49074
Normal: -1.01064e-015 0 1
UV: 0.268837 0.556431

Position: -4.60284 8.48273 5.49074
Normal: -1.01064e-015 0 1
UV: 0.268837 0.556431

Position: -5.45842 8.48273 5.62413
Normal: 1.24602e-016 -1 5.00746e-006
UV: 0.325236 0.665321

Position: -4.60284 8.48273 5.49074
Normal: 1.24602e-016 -1 5.00746e-006
UV: 0.325236 0.665321

Position: -5.32503 8.48273 5.49074
Normal: 1.24607e-016 -1 1.25933e-031
UV: 0.325236 0.665321

Position: 5.45844 9.10881 5.93766
Normal: -1.01064e-015 0 1
UV: 0.366565 0.671618

Position: -5.45842 8.48273 5.93766
Normal: -1.01064e-015 0 1
UV: 0.366565 0.671618

Position: -5.45842 9.10881 5.93766
Normal: -1.01064e-015 0 1
UV: 0.366565 0.671618

Position: 5.45844 8.48273 5.93766
Normal: -1.01064e-015 0 1
UV: 0.366565 0.671618

Position: 4.95726 9.10881 5.01306
Normal: -1.24607e-016 1 -1.25933e-031
UV: 0.393204 0.665321

Position: 5.45844 9.10881 5.62413
Normal: -1.24607e-016 1 -1.25933e-031
UV: 0.393204 0.665321

Position: 4.95726 8.79638 5.01306
Normal: 1.01064e-015 0 -1
UV: 0.174666 0.524756

Position: -4.95724 9.10881 5.01306
Normal: 1.01064e-015 0 -1
UV: 0.174666 0.524756

Position: -4.95724 8.79638 5.01306
Normal: 1.01064e-015 0 -1
UV: 0.174666 0.524756

Position: 4.95726 9.10881 5.01306
Normal: 1.01064e-015 0 -1
UV: 0.174666 0.524756

Position: -4.95724 8.79638 5.01306
Normal: -1.24607e-016 1 -1.25933e-031
UV: 0.2286 0.517721

Position: -4.95724 8.79638 -5.01306
Normal: 1.24607e-016 1 0
UV: 0.2286 0.517721

Position: 4.95726 8.79638 5.01306
Normal: -1.24607e-016 1 -1.25933e-031
UV: 0.2286 0.517721

Position: 4.95726 8.79638 -5.01306
Normal: 1.24607e-016 1 0
UV: 0.2286 0.517721

Position: 5.32504 4.22703 5.49074
Normal: 1 0 1.01064e-015
UV: 0.231238 0.554262

Position: 5.32504 0 4.76855
Normal: 1 0 1.01064e-015
UV: 0.231238 0.554262

Position: 5.32504 0 5.49074
Normal: 1 0 1.01064e-015
UV: 0.231238 0.554262

Position: 5.32504 4.22703 4.76854
Normal: 1 0 1.01064e-015
UV: 0.231238 0.554262

Position: 5.117 4.01641 4.76855
Normal: 1.01064e-015 0 -1
UV: 0.17267 0.557154

Position: 5.117 0 4.76855
Normal: 1.01064e-015 0 -1
UV: 0.17267 0.557154

Position: 5.32504 0 4.76855
Normal: 1.01064e-015 0 -1
UV: 0.17267 0.557154

Position: 5.32504 4.22703 4.76854
Normal: 1.01064e-015 0 -1
UV: 0.17267 0.557154

Position: 5.117 4.01641 4.76855
Normal: 1 0 1.01064e-015
UV: 0.290321 0.708322

Position: 5.11699 0 -4.76855
Normal: 1 0 -6.41017e-006
UV: 0.290321 0.708322

Position: 5.117 0 4.76855
Normal: 1 0 1.01064e-015
UV: 0.290321 0.708322

Position: 5.11699 4.01641 -4.76855
Normal: 1 0 -6.41017e-006
UV: 0.290321 0.708322

Position: 5.117 8.48273 4.76855
Normal: 1 0 1.01064e-015
UV: 0.290321 0.708322

Position: 5.11699 4.43765 -4.76854
Normal: 1 -6.41777e-008 -1.59994e-006
UV: 0.290321 0.708322

Position: 5.117 4.43765 4.76854
Normal: 1 -6.41777e-008 -1.59994e-006
UV: 0.290321 0.708322

Position: 5.11699 8.48273 -4.76855
Normal: 1 0 -6.41017e-006
UV: 0.290321 0.708322

Position: 5.117 4.43765 4.76854
Normal: 8.83605e-006 2.2978e-006 -1
UV: 0.17267 0.557154

Position: 5.32504 8.48273 4.76855
Normal: 1.01064e-015 0 -1
UV: 0.17267 0.557154

Position: 5.117 8.48273 4.76855
Normal: 1.01064e-015 0 -1
UV: 0.17267 0.557154

Position: 5.32504 8.48273 5.49074
Normal: 1 0 1.01064e-015
UV: 0.231238 0.554262

Position: 5.32504 8.48273 4.76855
Normal: 1 0 1.01064e-015
UV: 0.231238 0.554262

Position: 5.117 8.48273 4.76855
Normal: 1.24607e-016 -1 1.25933e-031
UV: 0.325236 0.665321

Position: 5.32504 8.48273 4.76855
Normal: 1.24607e-016 -1 1.25933e-031
UV: 0.325236 0.665321

Position: 5.11699 8.48273 -4.76855
Normal: -1.24607e-016 -1 0
UV: 0.325236 0.665321

Position: 5.45844 9.10881 5.62413
Normal: 1 0 1.01064e-015
UV: 0.325236 0.665321

Position: 5.45844 8.48273 3.44328
Normal: 1 0 1.01064e-015
UV: 0.325236 0.665321

Position: 5.45844 8.48273 5.62413
Normal: 1 0 1.01064e-015
UV: 0.325236 0.665321

Position: 4.95726 8.79638 5.01306
Normal: -1 0 -1.01064e-015
UV: 0.174666 0.524756

Position: 4.95726 9.10881 -5.01306
Normal: -1 0 0
UV: 0.174666 0.524756

Position: 4.95726 9.10881 5.01306
Normal: -1 0 -1.01064e-015
UV: 0.174666 0.524756

Position: 4.95726 8.79638 -5.01306
Normal: -1 0 0
UV: 0.174666 0.524756

Position: -5.32503 0 4.76855
Normal: -1 0 -2.85045e-005
UV: 0.231238 0.554262

Position: -5.32503 4.22703 5.49074
Normal: -1 0 -2.85045e-005
UV: 0.231238 0.554262

Position: -5.32503 0 5.49074
Normal: -1 0 -2.85045e-005
UV: 0.231238 0.554262

Position: -5.32503 4.22703 4.76854
Normal: -1 0 -2.85045e-005
UV: 0.231238 0.554262

Position: -5.11697 0 4.76855
Normal: 1.01064e-015 0 -1
UV: 0.13507 0.554985

Position: -5.11697 4.01641 4.76855
Normal: 1.01064e-015 0 -1
UV: 0.13507 0.554985

Position: -5.32503 0 4.76855
Normal: 1.01064e-015 0 -1
UV: 0.13507 0.554985

Position: -5.32503 4.22703 4.76854
Normal: 1.01064e-015 0 -1
UV: 0.13507 0.554985

Position: -5.32503 4.22703 4.76854
Normal: 1.01064e-015 0 -1
UV: 0.17267 0.557154

Position: -5.11697 4.01641 4.76855
Normal: 1.01064e-015 0 -1
UV: 0.17267 0.557154

Position: -5.11697 4.43765 4.76854
Normal: 8.16107e-006 -2.7167e-005 -1
UV: 0.17267 0.557154

Position: -5.32503 8.48273 4.76855
Normal: -1 0 -2.85045e-005
UV: 0.231238 0.554262

Position: -5.32503 8.48273 5.49074
Normal: -1 0 -2.85045e-005
UV: 0.231238 0.554262

Position: -4.60284 8.48273 5.28269
Normal: 1.24607e-016 -1 1.25933e-031
UV: 0.325236 0.665321

Position: 4.60283 8.48273 5.28269
Normal: 1.24607e-016 -1 1.25933e-031
UV: 0.325236 0.665321

Position: 1.56235 4.63964 5.28268
Normal: -4.26096e-006 -2.83721e-006 1
UV: 0.200567 0.779034

Position: 4.60283 4.63964 5.2827
Normal: -4.26096e-006 -2.83721e-006 1
UV: 0.200567 0.779034

Position: 3.69296 4.01641 5.28269
Normal: -1.01064e-015 0 1
UV: 0.200567 0.779034

Position: 4.60283 4.01641 5.2827
Normal: -1.01064e-015 0 1
UV: 0.200567 0.779034

Position: 4.60283 4.01641 5.2827
Normal: -1.01064e-015 0 1
UV: 0.32792 0.710491

Position: 3.69299 0 5.28269
Normal: -3.13165e-006 -7.12346e-007 1
UV: 0.32792 0.710491

Position: 3.69296 4.01641 5.28269
Normal: -1.01064e-015 0 1
UV: 0.32792 0.710491

Position: 4.60283 0 5.28269
Normal: -3.13165e-006 -7.12346e-007 1
UV: 0.32792 0.710491

Position: -0.568298 0 5.28269
Normal: -0 0 1
UV: 0.32792 0.710491

Position: -4.60284 4.01641 5.28269
Normal: -0 0 1
UV: 0.32792 0.710491

Position: -0.568298 4.01641 5.28269
Normal: -1.01064e-015 0 1
UV: 0.32792 0.710491

Position: -4.60284 0 5.28269
Normal: -0 0 1
UV: 0.32792 0.710491

Position: 3.69296 4.01641 5.28269
Normal: -0.291222 -1.08861e-006 0.956655
UV: 0.293936 0.707599

Position: 3.02786 0 5.08022
Normal: -0.291222 -1.08861e-006 0.956655
UV: 0.293936 0.707599

Position: 3.02786 4.01641 5.08022
Normal: -0.291222 -1.08861e-006 0.956655
UV: 0.293936 0.707599

Position: 3.69299 0 5.28269
Normal: -0.291222 -1.08861e-006 0.956655
UV: 0.293936 0.707599

Position: 0.0968628 4.01641 5.08022
Normal: 0.291204 0 0.956661
UV: 0.293936 0.707599

Position: 0.0968628 0 5.08022
Normal: 0.291204 0 0.956661
UV: 0.293936 0.707599

Position: -0.568298 4.01641 5.28269
Normal: 0.291204 0 0.956661
UV: 0.293936 0.707599

Position: -0.568298 0 5.28269
Normal: 0.291204 0 0.956661
UV: 0.293936 0.707599

Position: 2.32954 3.22786 5.08022
Normal: -0 0 1
UV: 0.134227 0.522845

Position: 0.795166 1.76416 5.08022
Normal: -0 0 1
UV: 0.134227 0.522845

Position: 0.795166 3.22786 5.08022
Normal: -0 0 1
UV: 0.134227 0.522845

Position: 2.32954 1.76416 5.08022
Normal: -0 0 1
UV: 0.134227 0.522845

Position: -4.60284 4.63964 5.28269
Normal: 5.25084e-007 3.63167e-006 1
UV: 0.200567 0.779034

Position: -0.568298 4.01641 5.28269
Normal: -1.01064e-015 0 1
UV: 0.200567 0.779034

Position: -4.60284 4.01641 5.28269
Normal: 5.25084e-007 3.63167e-006 1
UV: 0.200567 0.779034

Position: -4.60284 4.63964 5.28269
Normal: 9.66016e-007 0 1
UV: 0.32792 0.710491

Position: 4.60283 4.63964 5.2827
Normal: -3.91758e-006 1.48892e-006 1
UV: 0.32792 0.710491

Position: 4.60283 8.48273 5.49074
Normal: -1 0 -1.01064e-015
UV: 0.17267 0.557154

Position: 4.60283 8.48273 5.28269
Normal: -1 0 -1.01064e-015
UV: 0.17267 0.557154

Position: 5.32504 8.48273 5.49074
Normal: -1.01064e-015 0 1
UV: 0.268837 0.556431

Position: 4.60283 8.48273 5.49074
Normal: -1.01064e-015 0 1
UV: 0.268837 0.556431

Position: -4.60284 8.48273 5.49074
Normal: 1 0 1.01064e-015
UV: 0.17267 0.557154

Position: -4.60284 8.48273 5.28269
Normal: 1 0 0
UV: 0.17267 0.557154

Position: 5.117 4.43765 4.76854
Normal: 1 6.16271e-007 -1.59994e-006
UV: 0.201902 0.778567

Position: 5.11699 4.01641 -4.76855
Normal: 1 0 -6.41017e-006
UV: 0.201902 0.778567

Position: 5.117 4.01641 4.76855
Normal: 1 0 1.01064e-015
UV: 0.201902 0.778567

Position: 5.11699 4.43765 -4.76854
Normal: 1 6.16271e-007 -1.59994e-006
UV: 0.201902 0.778567

Position: -5.32503 8.48273 4.76855
Normal: 1.01064e-015 0 -1
UV: 0.17267 0.557154

Position: -5.11697 8.48273 4.76855
Normal: 1.01064e-015 0 -1
UV: 0.17267 0.557154

Position: 2.26978 1.54885 5.08022
Normal: -0 0 1
UV: 0.327506 0.519147

Position: 1.85622 1.41685 5.08022
Normal: -0 0 1
UV: 0.327506 0.519147

Position: 1.85622 1.54885 5.08022
Normal: -0 0 1
UV: 0.327506 0.519147

Position: 2.26978 1.41685 5.08022
Normal: -0 0 1
UV: 0.327506 0.519147

Position: 0.61026 0.199025 5.08022
Normal: 3.25209e-006 0 1
UV: 0.173884 0.668403

Position: 0.61026 3.49314 5.08022
Normal: 3.25209e-006 0 1
UV: 0.173884 0.668403

Position: 0.795166 1.76416 5.08022
Normal: 3.25209e-006 0 1
UV: 0.173884 0.668403

Position: 0.795166 3.22786 5.08022
Normal: 3.25209e-006 0 1
UV: 0.173884 0.668403

Position: 2.51445 3.49314 5.08022
Normal: -0 0 1
UV: 0.173884 0.668403

Position: 2.32954 3.22786 5.08022
Normal: -0 0 1
UV: 0.173884 0.668403

Position: 2.51445 0.199025 5.08022
Normal: -2.71007e-006 0 1
UV: 0.173884 0.668403

Position: 2.32954 1.76416 5.08022
Normal: -2.71007e-006 0 1
UV: 0.173884 0.668403

Position: 1.85622 1.41685 5.08022
Normal: -0 0 1
UV: 0.173884 0.668403

Position: 2.26978 1.41685 5.08022
Normal: -0 0 1
UV: 0.173884 0.668403

Position: 1.85622 1.54885 5.08022
Normal: -5.11364e-007 0 1
UV: 0.173884 0.668403

Position: 2.26978 1.54885 5.08022
Normal: -0 0 1
UV: 0.173884 0.668403

Position: -5.45842 9.10881 5.93766
Normal: -1.01064e-015 0 1
UV: 0.325236 0.665321

Position: -5.45842 8.48273 5.93766
Normal: -1.01064e-015 0 1
UV: 0.325236 0.665321

Position: -5.45842 9.10881 5.62413
Normal: -0 1 0
UV: 0.400117 0.672191

Position: 5.45844 9.10881 5.62413
Normal: -0 1 0
UV: 0.400117 0.672191

Position: -5.45842 9.10881 5.93766
Normal: -1.01064e-015 0 1
UV: 0.400117 0.672191

Position: 5.45844 9.10881 5.93766
Normal: -1.01064e-015 0 1
UV: 0.400117 0.672191

Position: 5.45844 8.48273 5.93766
Normal: -1.01064e-015 0 1
UV: 0.325236 0.665321

Position: 5.45844 9.10881 5.93766
Normal: -1.01064e-015 0 1
UV: 0.325236 0.665321

Position: -5.45842 8.48273 5.93766
Normal: -1.01064e-015 0 1
UV: 0.334303 0.667397

Position: 5.45844 8.48273 5.93766
Normal: -1.01064e-015 0 1
UV: 0.334303 0.667397

Position: 5.45844 8.48273 5.62413
Normal: -0 -1 0
UV: 0.334303 0.667397

Position: -5.45842 8.48273 5.62413
Normal: -0 -1 0
UV: 0.334303 0.667397


[INDEX_DATA]
0 2 1
0 1 3
4 2 0
4 5 2
6 5 4
6 7 5
7 3 1
7 6 3
8 10 9
8 11 10
12 14 13
12 15 14
16 18 17
16 19 18
20 22 21
20 23 22
24 26 25
24 27 26
28 25 26
26 29 28
28 31 30
28 29 31
27 24 30
30 31 27
32 34 33
32 35 34
36 38 37
36 39 38
40 42 41
40 43 42
44 46 45
44 47 46
48 50 49
50 51 49
52 54 53
54 52 55
56 58 57
58 56 59
60 62 61
61 63 60
64 66 65
65 67 64
68 70 69
70 71 69
72 74 73
75 73 74
76 78 77
76 79 78
80 82 81
82 83 81
81 85 84
81 83 85
86 88 87
87 89 86
90 92 91
91 92 93
94 96 95
94 97 96
96 98 95
95 98 99
100 102 101
103 101 102
104 106 105
104 107 106
108 110 109
108 111 110
112 114 113
113 115 112
116 118 117
118 119 117
120 122 121
123 121 122
124 126 125
124 127 126
128 130 129
130 131 129
129 133 132
129 131 133
134 136 135
135 137 134
138 140 139
139 140 141
142 144 143
142 145 144
144 146 143
143 146 147
148 150 149
151 149 150
152 154 153
152 155 154
156 158 157
156 159 158
160 162 161
161 163 160
164 166 165
165 166 167
168 170 169
171 173 172
174 175 169
175 176 169
177 179 178
180 178 179
181 183 182
183 171 182
184 186 185
184 187 186
188 190 189
189 191 188
183 173 171
169 170 174
192 194 193
192 195 194
196 198 197
197 199 196
200 202 201
200 203 202
204 206 205
206 207 205
205 209 208
205 207 209
210 212 211
210 213 212
214 216 215
215 217 214
218 220 219
218 221 220
218 222 221
221 222 223
224 226 225
225 227 224
228 230 229
229 231 228
232 234 233
232 235 234
236 238 237
237 239 236
240 242 241
240 243 242
244 246 245
245 247 244
248 250 249
248 251 250
252 254 253
254 255 253
253 257 256
253 255 257
258 260 259
258 261 260
262 264 263
263 265 262
266 268 267
266 269 268
266 270 269
269 270 271
272 274 273
273 275 272
276 278 277
277 279 276
280 282 281
280 283 282
284 286 285
285 287 284
288 290 289
289 291 288
292 294 293
294 295 293
296 298 297
298 299 297
300 302 301
302 300 303
304 306 305
304 307 306
308 310 309
311 313 312
314 316 315
315 310 314
317 319 318
318 319 320
321 311 322
322 323 321
324 326 325
325 326 327
328 330 329
329 331 328
322 311 312
310 315 309
332 334 333
333 335 332
336 337 314
321 339 338
340 342 341
341 343 340
323 339 321
314 337 316
344 346 345
346 344 347
348 350 349
348 351 350
352 354 353
353 355 352
356 358 357
357 359 356
360 362 361
361 362 363
364 366 365
366 364 367
368 370 369
368 371 370
372 374 373
373 375 372
376 378 377
377 379 376
380 382 381
381 382 383
384 386 385
384 387 386
388 390 389
389 391 388
392 394 393
393 395 392
396 397 393
397 395 393
396 398 397
399 401 400
400 402 399
403 405 404
406 404 405
407 409 408
408 410 407
411 413 412
413 414 412
415 417 416
416 418 415
418 419 415
420 422 421
423 425 424
425 426 424
427 428 394
427 394 392
428 427 429
430 432 431
430 433 432
434 436 435
435 437 434
438 440 439
439 441 438
442 444 443
444 442 445
446 448 447
448 446 449
450 452 451
451 453 450
446 454 449
445 442 455
455 456 445
421 422 457
457 458 421
459 458 457
460 462 461
463 464 460
461 463 460
462 465 461
466 468 467
467 469 466
470 472 471
471 473 470
471 472 474
475 470 473
476 478 477
477 479 476
480 482 481
480 483 482
484 486 485
486 484 487
488 490 489
490 491 489
492 481 493
493 494 492
495 477 478
495 496 477
497 499 498
499 500 498
497 501 499
420 500 422
500 499 422
502 504 503
505 503 504
503 505 506
507 509 508
509 510 508
511 513 512
513 514 512
515 517 516
516 518 515
519 521 520
521 522 520
523 525 524
526 518 516
516 527 526
459 457 528
528 457 529
458 530 421
531 421 530
532 534 533
535 533 534
536 538 537
536 539 538
537 541 540
537 538 541
542 540 541
541 543 542
542 543 536
543 539 536
544 546 545
544 547 546
545 549 548
545 546 549
548 549 550
549 551 550
544 550 551
551 547 544
552 554 553
554 552 555
556 558 557
556 552 558
559 560 558
558 561 559
562 561 563
561 553 563
564 566 565
564 567 566
568 569 566
569 568 570
571 568 572
568 573 572
574 575 573
573 567 574
576 578 577
577 578 579
580 581 452
452 582 580
583 585 584
584 532 583
450 586 582
580 588 587
589 590 453
453 592 591
453 590 592
593 589 451
451 594 593
451 589 453
452 450 582
584 534 532
595 597 596
595 598 597
599 601 600
600 602 599
603 605 604
603 606 605
607 609 608
607 610 609
611 613 612
611 614 613
615 617 616
615 618 617
619 621 620
619 622 621
623 625 624
624 626 623
627 629 628
627 630 629
631 633 632
634 632 633
635 637 636
635 638 637
639 641 640
640 642 639
643 644 419
419 418 643
645 412 414
414 646 645
449 454 647
648 647 454
649 651 650
651 652 650
481 482 493
653 654 525
525 523 653
591 593 655
655 581 580
655 580 587
450 587 588
588 586 450
591 592 593
655 594 581
655 593 594
656 658 657
659 657 658
660 662 661
662 663 661
661 663 664
663 665 664
664 667 666
664 665 667
668 660 666
666 669 668
668 670 662
662 660 668
662 670 667
670 671 667
667 669 666
667 671 669
672 674 673
673 674 675
676 678 677
677 679 676
680 682 681
681 682 683
510 685 684
684 508 510
686 688 687
687 689 686
690 692 691
691 693 690
694 696 695
694 697 696
698 700 699
699 700 701
702 704 703
703 705 702
706 708 707
707 709 706
710 706 709
710 711 706
712 711 710
712 713 711
707 713 712
707 708 713
714 716 715
715 717 714
718 720 719
718 721 720
722 724 723
724 722 725
726 728 727
727 729 726
730 464 731
730 460 464
732 734 733
732 735 734
733 737 736
733 734 737
738 736 737
737 739 738
505 462 506
505 465 462
422 460 457
422 462 460
740 742 741
740 743 742
744 746 745
747 745 746
748 750 749
749 751 748
751 749 752
749 753 752
753 754 752
755 757 756
756 757 758
759 761 760
761 762 760
763 765 764
766 764 765
766 767 764
768 770 769
771 773 772
772 774 771
775 750 748
775 776 750
776 775 777
778 780 779
780 781 779
782 784 783
783 785 782
786 788 787
786 789 788
790 792 791
788 793 787
784 795 794
795 784 782
769 770 796
796 797 769
798 797 796
799 801 800
800 802 799
803 509 507
804 803 507
805 807 806
806 808 805
809 811 810
811 812 810
813 815 814
814 816 813
817 819 818
819 817 820
821 823 822
822 824 821
825 827 826
826 828 825
829 831 830
830 820 829
813 833 832
813 816 833
529 835 834
836 529 834
836 528 529
768 835 770
835 529 770
837 839 838
837 838 731
838 730 731
804 469 467
467 803 804
840 842 841
841 843 840
844 846 845
845 847 844
848 850 849
851 849 850
852 854 853
845 856 855
855 847 845
798 796 501
501 796 499
769 797 857
857 858 769
859 861 860
861 862 860
863 865 864
864 866 863
867 869 868
868 870 867
871 873 872
872 874 871
875 877 876
877 878 876
879 881 880
880 882 879
883 885 884
883 884 859
886 790 791
792 790 887
884 861 859
888 767 766
888 889 767
890 891 759
891 761 759
787 793 892
793 893 892
894 896 895
895 897 894
820 817 829
898 899 854
854 852 898
900 902 901
901 903 900
904 906 905
906 907 905
905 907 908
907 909 908
908 911 910
908 909 911
910 913 912
912 904 910
906 904 912
912 914 906
906 914 911
914 915 911
911 913 910
911 915 913
916 502 917
916 504 502
918 920 919
921 919 920
922 837 923
922 839 837
924 926 925
924 927 926

