[FBX_META_DATA]
MeshCount: 1

[MESH_DATA]
VertexCount: 928
IndexCount: 1764
BoneCount: 0
AnimationClips: 1

[VERTEX_DATA]
Position: -0.952087 0 -3.65053
Normal: -0 0 -1
UV: 0.17267 0.514494

Position: 0.952103 0 -3.65053
Normal: -0 0 -1
UV: 0.17267 0.514494

Position: 0.952103 0.199025 -3.65053
Normal: -0 0 -1
UV: 0.17267 0.514494

Position: -0.952087 0.199025 -3.65053
Normal: -0 0 -1
UV: 0.17267 0.514494

Position: -0.952087 0.199025 -3.46449
Normal: 1.24607e-016 1 0
UV: 0.234853 0.511602

Position: 0.952103 0.199025 -3.65053
Normal: 1.24607e-016 1 0
UV: 0.234853 0.511602

Position: 0.952103 0.199025 -3.46449
Normal: 1.24607e-016 1 0
UV: 0.234853 0.511602

Position: -0.952087 0.199025 -3.65053
Normal: 1.24607e-016 1 0
UV: 0.234853 0.511602

Position: 1.4655 4.01641 -3.46449
Normal: -0 0 -1
UV: 0.32792 0.916259

Position: -0.952087 3.49314 -3.46449
Normal: -0 0 -1
UV: 0.32792 0.916259

Position: 0.952103 3.49314 -3.46449
Normal: -0 0 -1
UV: 0.32792 0.916259

Position: -1.46551 4.01641 -3.46449
Normal: -0 0 -1
UV: 0.32792 0.916259

Position: -0.952087 0.199025 -3.46449
Normal: -4.47603e-007 0 -1
UV: 0.32792 0.916259

Position: -1.46551 0 -3.46449
Normal: -4.47603e-007 0 -1
UV: 0.32792 0.916259

Position: -0.952087 0 -3.46449
Normal: -0 0 -1
UV: 0.32792 0.916259

Position: -0.952087 0 -3.46449
Normal: -1 0 0
UV: 0.17267 0.514494

Position: -0.952087 0.199025 -3.65053
Normal: -1 0 0
UV: 0.17267 0.514494

Position: -0.952087 0.199025 -3.46449
Normal: -1 0 0
UV: 0.17267 0.514494

Position: -0.952087 0 -3.65053
Normal: -1 0 0
UV: 0.17267 0.514494

Position: -2.08485 3.84426 -5.15955
Normal: 0.859033 -2.13291e-006 -0.511921
UV: 0.137928 0.522411

Position: -2.08488 0.6608 -5.15955
Normal: 0.859033 -2.13291e-006 -0.511921
UV: 0.137928 0.522411

Position: -1.50119 3.84426 -3.57354
Normal: 0.859033 -2.13291e-006 -0.511921
UV: 0.137928 0.522411

Position: -1.50119 0.6608 -3.57354
Normal: 0.859033 -2.13291e-006 -0.511921
UV: 0.137928 0.522411

Position: -2.21468 0.6608 -5.2827
Normal: -0 0 -1
UV: 0.137928 0.522411

Position: -4.43389 3.84426 -5.2827
Normal: -0 0 -1
UV: 0.137928 0.522411

Position: -4.43389 0.6608 -5.2827
Normal: -0 0 -1
UV: 0.137928 0.522411

Position: -2.21467 3.84426 -5.2827
Normal: -0 0 -1
UV: 0.137928 0.522411

Position: -4.60283 4.22703 -5.49075
Normal: -0 0 -1
UV: 0.268837 0.801994

Position: -5.32504 0 -5.49075
Normal: -0 0 -1
UV: 0.268837 0.801994

Position: -4.60283 0 -5.49075
Normal: -0 0 -1
UV: 0.268837 0.801994

Position: -5.32504 4.22703 -5.49075
Normal: -0 0 -1
UV: 0.268837 0.801994

Position: -4.60283 4.01641 -5.2827
Normal: 1 0 0
UV: 0.17267 0.802717

Position: -4.60283 0 -5.49075
Normal: 1 0 0
UV: 0.17267 0.802717

Position: -4.60283 0 -5.2827
Normal: 1 0 0
UV: 0.17267 0.802717

Position: -4.60283 4.22703 -5.49075
Normal: 1 0 0
UV: 0.17267 0.802717

Position: -4.60283 4.63964 -5.2827
Normal: 1 0 0
UV: 0.17267 0.802717

Position: -5.32504 8.48273 -5.49075
Normal: -1.24607e-016 -1 3.27008e-006
UV: 0.325236 0.640085

Position: -4.60283 8.48273 -5.49075
Normal: -1.24607e-016 -1 3.27008e-006
UV: 0.325236 0.640085

Position: -5.45843 8.48273 -5.62413
Normal: -1.24607e-016 -1 3.27008e-006
UV: 0.325236 0.640085

Position: 2.13066 4.01641 -5.2827
Normal: -1.24607e-016 -1 1.56967e-007
UV: 0.196889 0.913347

Position: -2.1306 4.01641 -5.2827
Normal: -1.24607e-016 -1 1.56967e-007
UV: 0.196889 0.913347

Position: 1.4655 4.01641 -3.46449
Normal: -1.24607e-016 -1 1.56967e-007
UV: 0.196889 0.913347

Position: -1.46551 4.01641 -3.46449
Normal: -1.24607e-016 -1 1.56967e-007
UV: 0.196889 0.913347

Position: 1.4655 0 -3.46449
Normal: 3.35715e-007 0 -1
UV: 0.32792 0.916259

Position: 0.952103 0.199025 -3.46449
Normal: 3.35715e-007 0 -1
UV: 0.32792 0.916259

Position: 0.952103 0 -3.46449
Normal: -0 0 -1
UV: 0.32792 0.916259

Position: 0.952103 0 -3.46449
Normal: 1 0 0
UV: 0.17267 0.514494

Position: 0.952103 0.199025 -3.46449
Normal: 1 0 0
UV: 0.17267 0.514494

Position: 0.952103 0.199025 -3.65053
Normal: 1 0 0
UV: 0.17267 0.514494

Position: 0.952103 0 -3.65053
Normal: 1 0 0
UV: 0.17267 0.514494

Position: 2.08489 0.6608 -5.15955
Normal: -0.85902 0 -0.511943
UV: 0.137928 0.522411

Position: 1.50121 3.84426 -3.57354
Normal: -0.85902 0 -0.511943
UV: 0.137928 0.522411

Position: 1.50121 0.6608 -3.57354
Normal: -0.85902 0 -0.511943
UV: 0.137928 0.522411

Position: 2.08489 3.84426 -5.15955
Normal: -0.85902 0 -0.511943
UV: 0.137928 0.522411

Position: 4.43391 0.6608 -5.2827
Normal: -0 0 -1
UV: 0.137928 0.522411

Position: 2.21471 3.84426 -5.2827
Normal: -0 0 -1
UV: 0.137928 0.522411

Position: 2.21471 0.6608 -5.2827
Normal: -0 0 -1
UV: 0.137928 0.522411

Position: 4.43391 3.84426 -5.2827
Normal: -0 0 -1
UV: 0.137928 0.522411

Position: 4.60285 4.22703 -5.49075
Normal: -0 0 -1
UV: 0.268837 0.801994

Position: 4.60285 0 -5.49075
Normal: -0 0 -1
UV: 0.268837 0.801994

Position: 5.32504 0 -5.49075
Normal: -0 0 -1
UV: 0.268837 0.801994

Position: 5.32504 4.22703 -5.49075
Normal: -0 0 -1
UV: 0.268837 0.801994

Position: 4.60285 4.01641 -5.2827
Normal: -1 0 0
UV: 0.17267 0.802717

Position: 4.60285 0 -5.2827
Normal: -1 0 0
UV: 0.17267 0.802717

Position: 4.60285 0 -5.49075
Normal: -1 0 0
UV: 0.17267 0.802717

Position: 4.60285 4.22703 -5.49075
Normal: -1 0 0
UV: 0.17267 0.802717

Position: 4.60285 8.48273 -5.2827
Normal: -0 0 -1
UV: 0.32792 0.916259

Position: -1.13925 7.87152 -5.2827
Normal: -0 0 -1
UV: 0.32792 0.916259

Position: 1.13928 7.87152 -5.2827
Normal: -0 0 -1
UV: 0.32792 0.916259

Position: -4.60283 8.48273 -5.2827
Normal: -0 0 -1
UV: 0.32792 0.916259

Position: 4.60285 4.63964 -5.2827
Normal: -1 0 0
UV: 0.17267 0.802717

Position: 4.60285 8.48273 -5.49075
Normal: -0 0 -1
UV: 0.268837 0.801994

Position: 5.32504 8.48273 -5.49075
Normal: -0 0 -1
UV: 0.268837 0.801994

Position: 5.45842 8.48273 -5.62413
Normal: -1.24607e-016 -1 -5.00746e-006
UV: 0.325236 0.640085

Position: 4.60285 8.48273 -5.49075
Normal: -1.24607e-016 -1 -5.00746e-006
UV: 0.325236 0.640085

Position: 5.32504 8.48273 -5.49075
Normal: -1.24607e-016 -1 0
UV: 0.325236 0.640085

Position: 4.57771 9.10881 -5.93766
Normal: -0 0 -1
UV: 0.325236 0.640085

Position: 5.45842 8.48273 -5.93766
Normal: -0 0 -1
UV: 0.325236 0.640085

Position: 5.45842 9.10881 -5.93766
Normal: -0 0 -1
UV: 0.325236 0.640085

Position: -4.5777 9.10881 -5.93766
Normal: -0 0 -1
UV: 0.325236 0.640085

Position: -5.45843 8.48273 -5.93766
Normal: -0 0 -1
UV: 0.325236 0.640085

Position: -5.45843 9.10881 -5.93766
Normal: -0 0 -1
UV: 0.325236 0.640085

Position: 4.56263 9.10881 -5.62413
Normal: -0 1 0
UV: 0.393204 0.640085

Position: 4.95726 9.10881 -5.01306
Normal: 1.24607e-016 1 0
UV: 0.393204 0.640085

Position: 4.56263 9.10881 -5.01306
Normal: -0 1 0
UV: 0.393204 0.640085

Position: 5.45842 9.10881 -5.62413
Normal: 1.24607e-016 1 0
UV: 0.393204 0.640085

Position: 4.95726 8.79638 -5.01306
Normal: -0 0 1
UV: 0.174666 0.524756

Position: -4.95725 8.79638 -5.01306
Normal: -0 0 1
UV: 0.174666 0.524756

Position: -4.56262 9.10881 -5.01306
Normal: -0 0 1
UV: 0.174666 0.524756

Position: 4.56263 9.10881 -5.01306
Normal: -0 0 1
UV: 0.174666 0.524756

Position: 4.95726 9.10881 -5.01306
Normal: -0 0 1
UV: 0.174666 0.524756

Position: -4.95725 9.10881 -5.01306
Normal: -0 0 1
UV: 0.174666 0.524756

Position: -5.32504 0 -4.76855
Normal: -1 0 0
UV: 0.231238 0.799825

Position: -5.32504 4.22703 -5.49075
Normal: -1 0 0
UV: 0.231238 0.799825

Position: -5.32504 4.22703 -4.76855
Normal: -1 0 0
UV: 0.231238 0.799825

Position: -5.32504 0 -5.49075
Normal: -1 0 0
UV: 0.231238 0.799825

Position: -5.32504 0 -4.76855
Normal: -0 0 1
UV: 0.17267 0.802717

Position: -5.32504 4.22703 -4.76855
Normal: -0 0 1
UV: 0.17267 0.802717

Position: -5.11699 4.01641 -4.76855
Normal: -0 0 1
UV: 0.17267 0.802717

Position: -5.11699 0 -4.76855
Normal: -0 0 1
UV: 0.17267 0.802717

Position: -5.11699 4.01641 -4.76855
Normal: -1 0 0
UV: 0.290321 0.91409

Position: -5.11697 4.01641 4.76855
Normal: -1 0 6.41017e-006
UV: 0.290321 0.91409

Position: -5.11697 0 4.76855
Normal: -1 0 6.41017e-006
UV: 0.290321 0.91409

Position: -5.11699 0 -4.76855
Normal: -1 0 0
UV: 0.290321 0.91409

Position: -5.11697 4.43765 4.76854
Normal: -1 -9.88821e-008 1.59994e-006
UV: 0.290321 0.91409

Position: -5.11699 4.43765 -4.76854
Normal: -1 -9.88821e-008 1.59994e-006
UV: 0.290321 0.91409

Position: -5.11697 8.48273 4.76855
Normal: -1 0 6.41017e-006
UV: 0.290321 0.91409

Position: -5.11699 8.48273 -4.76855
Normal: -1 0 0
UV: 0.290321 0.91409

Position: -5.32504 8.48273 -4.76855
Normal: -0 0 1
UV: 0.17267 0.802717

Position: -5.11699 4.43765 -4.76854
Normal: -8.83573e-006 2.2978e-006 1
UV: 0.17267 0.802717

Position: -5.11699 8.48273 -4.76855
Normal: -0 0 1
UV: 0.17267 0.802717

Position: -5.32504 8.48273 -4.76855
Normal: -1 0 0
UV: 0.231238 0.799825

Position: -5.32504 8.48273 -5.49075
Normal: -1 0 0
UV: 0.231238 0.799825

Position: -5.11697 8.48273 4.76855
Normal: 1.24607e-016 -1 1.25933e-031
UV: 0.325236 0.640085

Position: -5.11699 8.48273 -4.76855
Normal: -1.24607e-016 -1 0
UV: 0.325236 0.640085

Position: -5.45842 8.48273 3.44329
Normal: 1.24607e-016 -1 1.25933e-031
UV: 0.325236 0.640085

Position: -5.32504 8.48273 -4.76855
Normal: -1.24607e-016 -1 0
UV: 0.325236 0.640085

Position: -5.32503 8.48273 4.76855
Normal: 1.24607e-016 -1 1.25933e-031
UV: 0.325236 0.640085

Position: -5.45842 8.48273 5.62413
Normal: -1 0 -1.01064e-015
UV: 0.325236 0.640085

Position: -5.45842 8.48273 3.44329
Normal: -1 0 0
UV: 0.325236 0.640085

Position: -5.45842 9.10881 5.62413
Normal: -1 0 -1.01064e-015
UV: 0.325236 0.640085

Position: -5.45843 9.10881 -5.62413
Normal: -1 0 0
UV: 0.325236 0.640085

Position: -5.45843 8.48273 -5.62413
Normal: -1 0 0
UV: 0.325236 0.640085

Position: -5.45842 9.10881 5.62413
Normal: -1.24607e-016 1 -1.25933e-031
UV: 0.393204 0.640085

Position: -5.45843 9.10881 -5.62413
Normal: 1.24607e-016 1 0
UV: 0.393204 0.640085

Position: -4.95725 9.10881 5.01306
Normal: -1.24607e-016 1 -1.25933e-031
UV: 0.393204 0.640085

Position: -4.95725 9.10881 -5.01306
Normal: 1.24607e-016 1 0
UV: 0.393204 0.640085

Position: -4.95725 9.10881 5.01306
Normal: 1 0 1.01064e-015
UV: 0.174666 0.524756

Position: -4.95725 9.10881 -5.01306
Normal: 1 0 0
UV: 0.174666 0.524756

Position: -4.95725 8.79638 5.01306
Normal: 1 0 1.01064e-015
UV: 0.174666 0.524756

Position: -4.95725 8.79638 -5.01306
Normal: 1 0 0
UV: 0.174666 0.524756

Position: 5.32503 0 -4.76855
Normal: 1 0 2.85045e-005
UV: 0.231238 0.799825

Position: 5.32504 4.22703 -5.49075
Normal: 1 0 2.85045e-005
UV: 0.231238 0.799825

Position: 5.32504 0 -5.49075
Normal: 1 0 2.85045e-005
UV: 0.231238 0.799825

Position: 5.32503 4.22703 -4.76855
Normal: 1 0 2.85045e-005
UV: 0.231238 0.799825

Position: 5.32503 4.22703 -4.76855
Normal: -0 0 1
UV: 0.13507 0.800548

Position: 5.32503 0 -4.76855
Normal: -0 0 1
UV: 0.13507 0.800548

Position: 5.11699 4.01641 -4.76855
Normal: -0 0 1
UV: 0.13507 0.800548

Position: 5.11699 0 -4.76855
Normal: -0 0 1
UV: 0.13507 0.800548

Position: 5.32503 4.22703 -4.76855
Normal: -0 0 1
UV: 0.17267 0.802717

Position: 5.11699 4.01641 -4.76855
Normal: -0 0 1
UV: 0.17267 0.802717

Position: 5.11699 4.43765 -4.76854
Normal: -1.08822e-005 -2.7167e-005 1
UV: 0.17267 0.802717

Position: 5.32503 8.48273 -4.76855
Normal: 1 0 2.85045e-005
UV: 0.231238 0.799825

Position: 5.32504 8.48273 -5.49075
Normal: 1 0 2.85045e-005
UV: 0.231238 0.799825

Position: 5.32503 8.48273 -4.76855
Normal: -1.24607e-016 -1 -1.09012e-006
UV: 0.325236 0.640085

Position: 5.45844 8.48273 3.44328
Normal: -1.24607e-016 -1 0
UV: 0.325236 0.640085

Position: 4.60285 8.48273 -5.2827
Normal: -1.24607e-016 -1 0
UV: 0.325236 0.640085

Position: -4.60283 8.48273 -5.2827
Normal: -1.24607e-016 -1 0
UV: 0.325236 0.640085

Position: 1.52588e-005 4.63964 -5.28269
Normal: 1.62211e-006 2.95539e-007 -1
UV: 0.215126 0.828534

Position: -4.60283 4.63964 -5.2827
Normal: 1.62211e-006 2.95539e-007 -1
UV: 0.215126 0.828534

Position: -2.1306 4.01641 -5.2827
Normal: -0 0 -1
UV: 0.215126 0.828534

Position: -4.60283 4.01641 -5.2827
Normal: -0 0 -1
UV: 0.215126 0.828534

Position: -2.1306 4.01641 -5.2827
Normal: -0 0 -1
UV: 0.32792 0.916259

Position: -4.60283 4.01641 -5.2827
Normal: -0 0 -1
UV: 0.32792 0.916259

Position: -4.43389 3.84426 -5.2827
Normal: -0 0 -1
UV: 0.32792 0.916259

Position: -2.21467 3.84426 -5.2827
Normal: -0 0 -1
UV: 0.32792 0.916259

Position: -4.60283 0 -5.2827
Normal: 1.15649e-005 -5.29829e-007 -1
UV: 0.32792 0.916259

Position: -4.43389 0.6608 -5.2827
Normal: -0 0 -1
UV: 0.32792 0.916259

Position: -2.13063 0 -5.2827
Normal: -0 0 -1
UV: 0.32792 0.916259

Position: -2.21468 0.6608 -5.2827
Normal: -0 0 -1
UV: 0.32792 0.916259

Position: 2.13066 4.01641 -5.2827
Normal: -0 0 -1
UV: 0.32792 0.916259

Position: 2.13066 0 -5.2827
Normal: -9.85012e-007 0 -1
UV: 0.32792 0.916259

Position: 2.21471 0.6608 -5.2827
Normal: -0 0 -1
UV: 0.32792 0.916259

Position: 2.21471 3.84426 -5.2827
Normal: -0 0 -1
UV: 0.32792 0.916259

Position: 4.60285 0 -5.2827
Normal: -0 0 -1
UV: 0.32792 0.916259

Position: 4.43391 0.6608 -5.2827
Normal: -0 0 -1
UV: 0.32792 0.916259

Position: 4.60285 4.01641 -5.2827
Normal: 7.8406e-007 0 -1
UV: 0.32792 0.916259

Position: 4.43391 3.84426 -5.2827
Normal: -0 0 -1
UV: 0.32792 0.916259

Position: -2.08485 3.84426 -5.15955
Normal: 0.859033 -2.13291e-006 -0.511921
UV: 0.293936 0.913367

Position: -1.50119 3.84426 -3.57354
Normal: 0.859033 -2.13291e-006 -0.511921
UV: 0.293936 0.913367

Position: -1.46551 4.01641 -3.46449
Normal: 0.938744 0.0133321 -0.344357
UV: 0.293936 0.913367

Position: -2.1306 4.01641 -5.2827
Normal: 0.938744 0.0133321 -0.344357
UV: 0.293936 0.913367

Position: -2.1306 4.01641 -5.2827
Normal: 0.937419 -7.94014e-006 -0.348204
UV: 0.293936 0.913367

Position: -2.13063 0 -5.2827
Normal: 0.937419 -7.94014e-006 -0.348204
UV: 0.293936 0.913367

Position: -2.08488 0.6608 -5.15955
Normal: 0.859033 -2.13291e-006 -0.511921
UV: 0.293936 0.913367

Position: -1.46551 0 -3.46449
Normal: 0.938817 -0.00347349 -0.3444
UV: 0.293936 0.913367

Position: -2.13063 0 -5.2827
Normal: 0.938816 -0.00347349 -0.3444
UV: 0.293936 0.913367

Position: -1.50119 0.6608 -3.57354
Normal: 0.859033 -2.13291e-006 -0.511921
UV: 0.293936 0.913367

Position: -1.46551 0 -3.46449
Normal: 0.950411 0 -0.310996
UV: 0.293936 0.913367

Position: -1.46551 4.01641 -3.46449
Normal: 0.950411 0 -0.310996
UV: 0.293936 0.913367

Position: 1.4655 4.01641 -3.46449
Normal: -0.950352 0 -0.311176
UV: 0.293936 0.913367

Position: 1.4655 0 -3.46449
Normal: -0.950352 0 -0.311176
UV: 0.293936 0.913367

Position: 1.50121 0.6608 -3.57354
Normal: -0.85902 0 -0.511943
UV: 0.293936 0.913367

Position: 1.50121 3.84426 -3.57354
Normal: -0.85902 0 -0.511943
UV: 0.293936 0.913367

Position: 2.08489 0.6608 -5.15955
Normal: -0.85902 0 -0.511943
UV: 0.293936 0.913367

Position: 1.4655 0 -3.46449
Normal: -0.938814 -0.00347324 -0.344408
UV: 0.293936 0.913367

Position: 2.13066 0 -5.2827
Normal: -0.938814 -0.00347324 -0.344408
UV: 0.293936 0.913367

Position: 2.13066 0 -5.2827
Normal: -0.937357 0 -0.348371
UV: 0.293936 0.913367

Position: 2.13066 4.01641 -5.2827
Normal: -0.937357 0 -0.348371
UV: 0.293936 0.913367

Position: 2.08489 3.84426 -5.15955
Normal: -0.85902 0 -0.511943
UV: 0.293936 0.913367

Position: 1.4655 4.01641 -3.46449
Normal: -0.938736 0.0133317 -0.344379
UV: 0.293936 0.913367

Position: 2.13066 4.01641 -5.2827
Normal: -0.938736 0.0133317 -0.344379
UV: 0.293936 0.913367

Position: -0.767181 1.76416 -3.46449
Normal: -0 0 -1
UV: 0.134227 0.522845

Position: 0.767197 1.76416 -3.46449
Normal: -0 0 -1
UV: 0.134227 0.522845

Position: -0.767181 3.22786 -3.46449
Normal: -0 0 -1
UV: 0.134227 0.522845

Position: 0.767197 3.22786 -3.46449
Normal: -0 0 -1
UV: 0.134227 0.522845

Position: 1.68678 5.5153 -5.28268
Normal: -0 -4.85696e-006 -1
UV: 0.32792 0.916259

Position: 1.13928 5.5153 -5.28268
Normal: -0 -4.85696e-006 -1
UV: 0.32792 0.916259

Position: 1.68678 7.87152 -5.2827
Normal: -0 -4.85696e-006 -1
UV: 0.32792 0.916259

Position: 4.60285 4.63964 -5.2827
Normal: -5.40707e-007 2.13877e-006 -1
UV: 0.215126 0.828534

Position: 2.13066 4.01641 -5.2827
Normal: -0 0 -1
UV: 0.215126 0.828534

Position: 4.60285 4.01641 -5.2827
Normal: -5.40707e-007 2.13877e-006 -1
UV: 0.215126 0.828534

Position: 4.23814 7.87152 -5.2827
Normal: -0 0 -1
UV: 0.32792 0.916259

Position: 4.60285 4.63964 -5.2827
Normal: -4.69553e-006 -1.86818e-006 -1
UV: 0.32792 0.916259

Position: 4.23814 5.5153 -5.2827
Normal: -4.69553e-006 -1.86818e-006 -1
UV: 0.32792 0.916259

Position: -1.68674 7.87152 -5.2827
Normal: -0 0 -1
UV: 0.32792 0.916259

Position: -4.23812 7.87152 -5.2827
Normal: -0 0 -1
UV: 0.32792 0.916259

Position: -4.60283 4.63964 -5.2827
Normal: 2.06686e-005 -1.23071e-006 -1
UV: 0.32792 0.916259

Position: -4.23813 5.5153 -5.28268
Normal: 2.06686e-005 -1.23071e-006 -1
UV: 0.32792 0.916259

Position: -1.68674 5.5153 -5.2827
Normal: -0 0 -1
UV: 0.32792 0.916259

Position: -1.13925 5.5153 -5.2827
Normal: -0 0 -1
UV: 0.32792 0.916259

Position: 1.68678 7.87152 -5.08816
Normal: -0 -1 0
UV: 0.203638 0.912351

Position: 4.23814 7.87152 -5.08816
Normal: -0 -1 0
UV: 0.203638 0.912351

Position: 4.23814 7.87152 -5.2827
Normal: -0 -1 0
UV: 0.203638 0.912351

Position: 1.68678 7.87152 -5.2827
Normal: -0 -1 0
UV: 0.203638 0.912351

Position: 1.68678 7.87152 -5.08816
Normal: 1 0 0
UV: 0.203638 0.912351

Position: 1.68678 5.5153 -5.28268
Normal: 1 0 0
UV: 0.203638 0.912351

Position: 1.68678 5.5153 -5.08816
Normal: 1 0 0
UV: 0.203638 0.912351

Position: 1.68678 7.87152 -5.2827
Normal: 1 0 0
UV: 0.203638 0.912351

Position: 4.23814 5.5153 -5.08816
Normal: -0 1 0
UV: 0.203638 0.912351

Position: 1.68678 5.5153 -5.08816
Normal: -0 1 0
UV: 0.203638 0.912351

Position: 1.68678 5.5153 -5.28268
Normal: -0 1 0
UV: 0.203638 0.912351

Position: 4.23814 5.5153 -5.2827
Normal: -0 1 0
UV: 0.203638 0.912351

Position: 4.23814 7.87152 -5.08816
Normal: -1 0 0
UV: 0.203638 0.912351

Position: 4.23814 5.5153 -5.08816
Normal: -1 0 0
UV: 0.203638 0.912351

Position: 4.23814 5.5153 -5.2827
Normal: -1 0 0
UV: 0.203638 0.912351

Position: 4.23814 7.87152 -5.2827
Normal: -1 0 0
UV: 0.203638 0.912351

Position: -1.68674 5.5153 -5.08816
Normal: -0 1 0
UV: 0.203638 0.912351

Position: -4.23813 5.5153 -5.08816
Normal: -0 1 0
UV: 0.203638 0.912351

Position: -4.23813 5.5153 -5.28268
Normal: -0 1 0
UV: 0.203638 0.912351

Position: -1.68674 5.5153 -5.2827
Normal: -0 1 0
UV: 0.203638 0.912351

Position: -1.68674 7.87152 -5.08816
Normal: -1 0 0
UV: 0.203638 0.912351

Position: -1.68674 5.5153 -5.08816
Normal: -1 0 0
UV: 0.203638 0.912351

Position: -1.68674 5.5153 -5.2827
Normal: -1 0 0
UV: 0.203638 0.912351

Position: -1.68674 7.87152 -5.2827
Normal: -1 0 0
UV: 0.203638 0.912351

Position: -4.23812 7.87152 -5.08816
Normal: -0 -1 0
UV: 0.203638 0.912351

Position: -1.68674 7.87152 -5.08816
Normal: -0 -1 0
UV: 0.203638 0.912351

Position: -1.68674 7.87152 -5.2827
Normal: -0 -1 0
UV: 0.203638 0.912351

Position: -4.23812 7.87152 -5.2827
Normal: -0 -1 0
UV: 0.203638 0.912351

Position: -4.23812 7.87152 -5.08816
Normal: 1 -3.381e-006 0
UV: 0.203638 0.912351

Position: -4.23813 5.5153 -5.28268
Normal: 1 -3.381e-006 0
UV: 0.203638 0.912351

Position: -4.23813 5.5153 -5.08816
Normal: 1 -3.381e-006 0
UV: 0.203638 0.912351

Position: -4.23812 7.87152 -5.2827
Normal: 1 -3.381e-006 0
UV: 0.203638 0.912351

Position: 1.13928 7.87152 -5.08816
Normal: -1 0 0
UV: 0.203638 0.912351

Position: 1.13928 5.5153 -5.08816
Normal: -1 0 0
UV: 0.203638 0.912351

Position: 1.13928 5.5153 -5.28268
Normal: -1 0 0
UV: 0.203638 0.912351

Position: 1.13928 7.87152 -5.2827
Normal: -1 0 0
UV: 0.203638 0.912351

Position: 1.13928 7.87152 -5.2827
Normal: -0 -1 0
UV: 0.203638 0.912351

Position: -1.13925 7.87152 -5.2827
Normal: -0 -1 0
UV: 0.203638 0.912351

Position: 1.13928 7.87152 -5.08816
Normal: -0 -1 0
UV: 0.203638 0.912351

Position: -1.13925 7.87152 -5.08816
Normal: -0 -1 0
UV: 0.203638 0.912351

Position: -1.13925 5.5153 -5.08816
Normal: 1 0 0
UV: 0.203638 0.912351

Position: -1.13925 7.87152 -5.08816
Normal: 1 0 0
UV: 0.203638 0.912351

Position: -1.13925 7.87152 -5.2827
Normal: 1 0 0
UV: 0.203638 0.912351

Position: -1.13925 5.5153 -5.2827
Normal: 1 0 0
UV: 0.203638 0.912351

Position: -1.13925 5.5153 -5.08816
Normal: -0 1 0
UV: 0.203638 0.912351

Position: 1.13928 5.5153 -5.28268
Normal: -0 1 0
UV: 0.203638 0.912351

Position: 1.13928 5.5153 -5.08816
Normal: -0 1 0
UV: 0.203638 0.912351

Position: -1.13925 5.5153 -5.2827
Normal: -0 1 0
UV: 0.203638 0.912351

Position: -4.60283 8.48273 -5.49075
Normal: 1 0 0
UV: 0.17267 0.802717

Position: -4.60283 8.48273 -5.2827
Normal: 1 0 0
UV: 0.17267 0.802717

Position: -4.60283 8.48273 -5.49075
Normal: -0 0 -1
UV: 0.268837 0.801994

Position: -5.32504 8.48273 -5.49075
Normal: -0 0 -1
UV: 0.268837 0.801994

Position: 4.60285 8.48273 -5.49075
Normal: -1 0 0
UV: 0.17267 0.802717

Position: 4.60285 8.48273 -5.2827
Normal: -1 0 0
UV: 0.17267 0.802717

Position: -5.11697 4.01641 4.76855
Normal: -1 0 6.41017e-006
UV: 0.216461 0.828068

Position: -5.11699 4.01641 -4.76855
Normal: -1 0 0
UV: 0.216461 0.828068

Position: -5.11697 4.43765 4.76854
Normal: -1 9.49523e-007 1.59994e-006
UV: 0.216461 0.828068

Position: -5.11699 4.43765 -4.76854
Normal: -1 9.49523e-007 1.59994e-006
UV: 0.216461 0.828068

Position: 5.32503 8.48273 -4.76855
Normal: -0 0 1
UV: 0.17267 0.802717

Position: 5.11699 8.48273 -4.76855
Normal: -0 0 1
UV: 0.17267 0.802717

Position: 1.52588e-005 4.63964 -5.28269
Normal: 1.6563e-006 -1.16351e-006 -1
UV: 0.32792 0.916259

Position: -0.293861 1.54885 -3.46449
Normal: -0 0 -1
UV: 0.327506 0.519147

Position: -0.707413 1.54885 -3.46449
Normal: -0 0 -1
UV: 0.327506 0.519147

Position: -0.293861 1.41685 -3.46449
Normal: -0 0 -1
UV: 0.327506 0.519147

Position: -0.707413 1.41685 -3.46449
Normal: -0 0 -1
UV: 0.327506 0.519147

Position: 0.952103 0.199025 -3.46449
Normal: -0 0 -1
UV: 0.173884 0.643168

Position: 0.952103 3.49314 -3.46449
Normal: -0 0 -1
UV: 0.173884 0.643168

Position: 0.767197 1.76416 -3.46449
Normal: -0 0 -1
UV: 0.173884 0.643168

Position: 0.767197 3.22786 -3.46449
Normal: -0 0 -1
UV: 0.173884 0.643168

Position: -0.952087 3.49314 -3.46449
Normal: -0 0 -1
UV: 0.173884 0.643168

Position: -0.767181 3.22786 -3.46449
Normal: -0 0 -1
UV: 0.173884 0.643168

Position: -0.952087 0.199025 -3.46449
Normal: 2.71007e-007 0 -1
UV: 0.173884 0.643168

Position: -0.767181 1.76416 -3.46449
Normal: 2.71007e-007 0 -1
UV: 0.173884 0.643168

Position: -0.293861 1.41685 -3.46449
Normal: -0 0 -1
UV: 0.173884 0.643168

Position: -0.707413 1.41685 -3.46449
Normal: -0 0 -1
UV: 0.173884 0.643168

Position: -0.293861 1.54885 -3.46449
Normal: -0 0 -1
UV: 0.173884 0.643168

Position: -0.707413 1.54885 -3.46449
Normal: -0 0 -1
UV: 0.173884 0.643168

Position: 1.68678 5.5153 -5.08816
Normal: -0 0 -1
UV: 0.0976494 0.11963

Position: 4.23814 5.5153 -5.08816
Normal: -0 0 -1
UV: 0.0976494 0.257843

Position: 1.68678 7.87152 -5.08816
Normal: -0 0 -1
UV: 0.189899 0.11963

Position: 4.23814 7.87152 -5.08816
Normal: -0 0 -1
UV: 0.189899 0.257843

Position: -1.68674 5.5153 -5.08816
Normal: -0 0 -1
UV: 0.189899 0.11963

Position: -4.23812 7.87152 -5.08816
Normal: -0 0 -1
UV: 0.0976494 0.257843

Position: -4.23813 5.5153 -5.08816
Normal: -0 0 -1
UV: 0.189899 0.257843

Position: -1.68674 7.87152 -5.08816
Normal: -0 0 -1
UV: 0.0976494 0.11963

Position: -1.13925 5.5153 -5.08816
Normal: -0 0 -1
UV: 0.0976494 0.257843

Position: 1.13928 5.5153 -5.08816
Normal: -0 0 -1
UV: 0.189899 0.257843

Position: -1.13925 7.87152 -5.08816
Normal: -0 0 -1
UV: 0.0976494 0.11963

Position: 1.13928 7.87152 -5.08816
Normal: -0 0 -1
UV: 0.189899 0.11963

Position: -4.56262 9.10881 -5.62413
Normal: -0 1 0
UV: 0.393204 0.640085

Position: -4.56262 9.10881 -5.01306
Normal: -0 1 0
UV: 0.393204 0.640085

Position: -4.81083 10.4123 -4.81599
Normal: -0 1 0
UV: 0.393204 0.640085

Position: 4.81082 10.4123 -5.8212
Normal: -0 1 0
UV: 0.393204 0.640085

Position: 4.81082 10.4123 -4.81599
Normal: -0 1 0
UV: 0.393204 0.640085

Position: -4.81083 10.4123 -5.8212
Normal: -0 1 0
UV: 0.393204 0.640085

Position: 4.56262 10.0492 -5.01306
Normal: 1 7.88347e-006 0
UV: 0.283297 0.910711

Position: 4.56263 9.10881 -5.62413
Normal: 1 7.88347e-006 0
UV: 0.283297 0.910711

Position: 4.56263 9.10881 -5.01306
Normal: 1 7.88347e-006 0
UV: 0.283297 0.910711

Position: 4.56262 10.0492 -5.62413
Normal: 1 7.88347e-006 0
UV: 0.283297 0.910711

Position: 4.56262 10.0492 -5.01306
Normal: -0 0 1
UV: 0.331385 0.912085

Position: -4.56262 9.10881 -5.01306
Normal: -0 0 1
UV: 0.331385 0.912085

Position: -4.56262 10.0492 -5.01306
Normal: -0 0 1
UV: 0.331385 0.912085

Position: 4.56263 9.10881 -5.01306
Normal: -0 0 1
UV: 0.331385 0.912085

Position: -4.56262 10.0492 -5.01306
Normal: -1 0 0
UV: 0.283297 0.910711

Position: -4.56262 9.10881 -5.01306
Normal: -1 0 0
UV: 0.283297 0.910711

Position: -4.56262 10.0492 -5.62413
Normal: -1 0 0
UV: 0.283297 0.910711

Position: -4.56262 9.10881 -5.62413
Normal: -1 0 0
UV: 0.283297 0.910711

Position: -4.56262 9.10881 -5.62413
Normal: -0 0 -1
UV: 0.331385 0.912085

Position: 4.56263 9.10881 -5.62413
Normal: -0 0 -1
UV: 0.331385 0.912085

Position: 4.56262 10.0492 -5.62413
Normal: -0 0 -1
UV: 0.331385 0.912085

Position: -4.56262 10.0492 -5.62413
Normal: -0 0 -1
UV: 0.331385 0.912085

Position: 4.56262 10.0492 -5.01306
Normal: -0 -1 0
UV: 0.393204 0.640085

Position: 4.81082 10.0492 -5.8212
Normal: -0 -1 0
UV: 0.393204 0.640085

Position: 4.56262 10.0492 -5.62413
Normal: -0 -1 0
UV: 0.393204 0.640085

Position: 4.81082 10.0492 -4.81599
Normal: -0 -1 0
UV: 0.393204 0.640085

Position: -4.56262 10.0492 -5.01306
Normal: -0 -1 1.29065e-007
UV: 0.393204 0.640085

Position: -4.81083 10.0492 -4.81599
Normal: -0 -1 1.29065e-007
UV: 0.393204 0.640085

Position: -4.81083 10.0492 -5.8212
Normal: -0 -1 0
UV: 0.393204 0.640085

Position: -4.56262 10.0492 -5.62413
Normal: -0 -1 0
UV: 0.393204 0.640085

Position: 4.81082 10.4123 -4.81599
Normal: 1 0 0
UV: 0.318355 0.643085

Position: 4.81082 10.0492 -5.8212
Normal: 1 0 0
UV: 0.318355 0.643085

Position: 4.81082 10.0492 -4.81599
Normal: 1 0 0
UV: 0.318355 0.643085

Position: 4.81082 10.4123 -5.8212
Normal: 1 0 0
UV: 0.318355 0.643085

Position: -4.81083 10.4123 -4.81599
Normal: -0 0 1
UV: 0.359937 0.641721

Position: 4.81082 10.4123 -4.81599
Normal: -0 0 1
UV: 0.359937 0.641721

Position: 4.81082 10.0492 -4.81599
Normal: -0 0 1
UV: 0.359937 0.641721

Position: -4.81083 10.0492 -4.81599
Normal: -0 0 1
UV: 0.359937 0.641721

Position: -4.81083 10.4123 -5.8212
Normal: -1 0 0
UV: 0.318355 0.643085

Position: -4.81083 10.4123 -4.81599
Normal: -1 0 0
UV: 0.318355 0.643085

Position: -4.81083 10.0492 -4.81599
Normal: -1 0 0
UV: 0.318355 0.643085

Position: -4.81083 10.0492 -5.8212
Normal: -1 0 0
UV: 0.318355 0.643085

Position: 4.81082 10.4123 -5.8212
Normal: -0 0 -1
UV: 0.359937 0.641721

Position: -4.81083 10.0492 -5.8212
Normal: -0 0 -1
UV: 0.359937 0.641721

Position: 4.81082 10.0492 -5.8212
Normal: -0 0 -1
UV: 0.359937 0.641721

Position: -4.81083 10.4123 -5.8212
Normal: -0 0 -1
UV: 0.359937 0.641721

Position: 5.45842 8.48273 -5.62413
Normal: 1 0 0
UV: 0.325236 0.640085

Position: 5.45842 9.10881 -5.62413
Normal: 1 0 0
UV: 0.325236 0.640085

Position: 5.45842 9.10881 -5.62413
Normal: -0 1 0
UV: 0.383588 0.647447

Position: 4.56263 9.10881 -5.62413
Normal: -0 1 0
UV: 0.383588 0.647447

Position: 4.57771 9.10881 -5.93766
Normal: -0 1 0
UV: 0.383588 0.647447

Position: 5.45842 9.10881 -5.93766
Normal: -0 0 -1
UV: 0.383588 0.647447

Position: -4.56262 9.10881 -5.62413
Normal: -0 1 -4.15982e-008
UV: 0.383588 0.647447

Position: -4.5777 9.10881 -5.93766
Normal: -0 1 -4.15982e-008
UV: 0.383588 0.647447

Position: -5.45843 9.10881 -5.62413
Normal: -0 1 4.28048e-007
UV: 0.383588 0.647447

Position: -5.45843 9.10881 -5.93766
Normal: -0 0 -1
UV: 0.383588 0.647447

Position: 0.61026 0.199025 5.26625
Normal: -1.01064e-015 0 1
UV: 0.17267 0.514494

Position: 2.51445 0.199025 5.26625
Normal: -1.01064e-015 0 1
UV: 0.17267 0.514494

Position: 2.51445 0 5.26625
Normal: -1.01064e-015 0 1
UV: 0.17267 0.514494

Position: 0.61026 0 5.26625
Normal: -1.01064e-015 0 1
UV: 0.17267 0.514494

Position: 0.61026 0.199025 5.08022
Normal: -1.24607e-016 1 -1.25933e-031
UV: 0.234853 0.511602

Position: 2.51445 0.199025 5.08022
Normal: -1.24607e-016 1 -1.25933e-031
UV: 0.234853 0.511602

Position: 0.61026 0.199025 5.26625
Normal: -1.24607e-016 1 -1.25933e-031
UV: 0.234853 0.511602

Position: 2.51445 0.199025 5.26625
Normal: -1.24607e-016 1 -1.25933e-031
UV: 0.234853 0.511602

Position: 0.0968628 4.01641 5.08022
Normal: -1.01064e-015 0 1
UV: 0.32792 0.916259

Position: 2.51445 3.49314 5.08022
Normal: -1.01064e-015 0 1
UV: 0.32792 0.916259

Position: 0.61026 3.49314 5.08022
Normal: -1.01064e-015 0 1
UV: 0.32792 0.916259

Position: 3.02786 4.01641 5.08022
Normal: -1.01064e-015 0 1
UV: 0.32792 0.916259

Position: 3.02786 0 5.08022
Normal: 4.47603e-007 0 1
UV: 0.32792 0.916259

Position: 2.51445 0.199025 5.08022
Normal: 4.47603e-007 0 1
UV: 0.32792 0.916259

Position: 2.51445 0 5.08022
Normal: -1.01064e-015 0 1
UV: 0.32792 0.916259

Position: 2.51445 0 5.26625
Normal: 1 0 1.01064e-015
UV: 0.17267 0.514494

Position: 2.51445 0.199025 5.26625
Normal: 1 0 1.01064e-015
UV: 0.17267 0.514494

Position: 2.51445 0 5.08022
Normal: 1 0 1.01064e-015
UV: 0.17267 0.514494

Position: 2.51445 0.199025 5.08022
Normal: 1 0 1.01064e-015
UV: 0.17267 0.514494

Position: 5.32504 4.22703 5.49074
Normal: -1.01064e-015 0 1
UV: 0.268837 0.801994

Position: 5.32504 0 5.49074
Normal: -1.01064e-015 0 1
UV: 0.268837 0.801994

Position: 4.60283 4.22703 5.49074
Normal: -1.01064e-015 0 1
UV: 0.268837 0.801994

Position: 4.60283 0 5.49074
Normal: -1.01064e-015 0 1
UV: 0.268837 0.801994

Position: 4.60283 0 5.28269
Normal: -1 0 -1.01064e-015
UV: 0.17267 0.802717

Position: 4.60283 4.01641 5.2827
Normal: -1 0 -1.01064e-015
UV: 0.17267 0.802717

Position: 4.60283 0 5.49074
Normal: -1 0 -1.01064e-015
UV: 0.17267 0.802717

Position: 4.60283 4.22703 5.49074
Normal: -1 0 -1.01064e-015
UV: 0.17267 0.802717

Position: 4.60283 4.63964 5.2827
Normal: -1 0 0
UV: 0.17267 0.802717

Position: 5.32504 8.48273 5.49074
Normal: 1.2461e-016 -1 -3.27008e-006
UV: 0.325236 0.640085

Position: 4.60283 8.48273 5.49074
Normal: 1.2461e-016 -1 -3.27008e-006
UV: 0.325236 0.640085

Position: 5.45844 8.48273 5.62413
Normal: 1.2461e-016 -1 -3.27008e-006
UV: 0.325236 0.640085

Position: 3.69296 4.01641 5.28269
Normal: 1.24607e-016 -1 -1.56967e-007
UV: 0.32792 0.916259

Position: 0.0968628 4.01641 5.08022
Normal: 1.24607e-016 -1 -1.56967e-007
UV: 0.32792 0.916259

Position: -0.568306 4.01641 5.28269
Normal: 1.24607e-016 -1 -1.56967e-007
UV: 0.32792 0.916259

Position: 3.02786 4.01641 5.08022
Normal: 1.24607e-016 -1 -1.56967e-007
UV: 0.32792 0.916259

Position: 0.0968628 0 5.08022
Normal: -3.35715e-007 0 1
UV: 0.32792 0.916259

Position: 0.61026 0.199025 5.08022
Normal: -3.35715e-007 0 1
UV: 0.32792 0.916259

Position: 0.61026 0 5.08022
Normal: -1.01064e-015 0 1
UV: 0.32792 0.916259

Position: 0.61026 0 5.26625
Normal: -1 0 -1.01064e-015
UV: 0.17267 0.514494

Position: 0.61026 0 5.08022
Normal: -1 0 -1.01064e-015
UV: 0.17267 0.514494

Position: 0.61026 0.199025 5.26625
Normal: -1 0 -1.01064e-015
UV: 0.17267 0.514494

Position: 0.61026 0.199025 5.08022
Normal: -1 0 -1.01064e-015
UV: 0.17267 0.514494

Position: -4.60284 4.22703 5.49074
Normal: -1.01064e-015 0 1
UV: 0.268837 0.801994

Position: -5.32503 0 5.49074
Normal: -1.01064e-015 0 1
UV: 0.268837 0.801994

Position: -5.32503 4.22703 5.49074
Normal: -1.01064e-015 0 1
UV: 0.268837 0.801994

Position: -4.60284 0 5.49074
Normal: -1.01064e-015 0 1
UV: 0.268837 0.801994

Position: -4.60284 0 5.49074
Normal: 1 0 1.01064e-015
UV: 0.17267 0.802717

Position: -4.60284 4.22703 5.49074
Normal: 1 0 1.01064e-015
UV: 0.17267 0.802717

Position: -4.60284 4.01641 5.28269
Normal: 1 0 1.01064e-015
UV: 0.17267 0.802717

Position: -4.60284 0 5.28269
Normal: 1 0 1.01064e-015
UV: 0.17267 0.802717

Position: 1.56234 4.63964 5.28268
Normal: -0 -1.48892e-006 1
UV: 0.32792 0.916259

Position: -4.60284 8.48273 5.28269
Normal: -1.01064e-015 0 1
UV: 0.32792 0.916259

Position: 4.60283 8.48273 5.28269
Normal: -1.01064e-015 0 1
UV: 0.32792 0.916259

Position: -4.60284 4.63964 5.28269
Normal: 1 0 0
UV: 0.17267 0.802717

Position: -5.32503 8.48273 5.49074
Normal: -1.01064e-015 0 1
UV: 0.268837 0.801994

Position: -4.60284 8.48273 5.49074
Normal: -1.01064e-015 0 1
UV: 0.268837 0.801994

Position: -5.45842 8.48273 5.62413
Normal: 1.24602e-016 -1 5.00746e-006
UV: 0.325236 0.640085

Position: -4.60284 8.48273 5.49074
Normal: 1.24602e-016 -1 5.00746e-006
UV: 0.325236 0.640085

Position: -5.32503 8.48273 5.49074
Normal: 1.24607e-016 -1 1.25933e-031
UV: 0.325236 0.640085

Position: 5.45844 9.10881 5.93766
Normal: -1.01064e-015 0 1
UV: 0.366565 0.646383

Position: -5.45842 8.48273 5.93766
Normal: -1.01064e-015 0 1
UV: 0.366565 0.646383

Position: -5.45842 9.10881 5.93766
Normal: -1.01064e-015 0 1
UV: 0.366565 0.646383

Position: 5.45844 8.48273 5.93766
Normal: -1.01064e-015 0 1
UV: 0.366565 0.646383

Position: 4.95726 9.10881 5.01306
Normal: -1.24607e-016 1 -1.25933e-031
UV: 0.393204 0.640085

Position: 5.45844 9.10881 5.62413
Normal: -1.24607e-016 1 -1.25933e-031
UV: 0.393204 0.640085

Position: 4.95726 8.79638 5.01306
Normal: 1.01064e-015 0 -1
UV: 0.174666 0.524756

Position: -4.95725 9.10881 5.01306
Normal: 1.01064e-015 0 -1
UV: 0.174666 0.524756

Position: -4.95725 8.79638 5.01306
Normal: 1.01064e-015 0 -1
UV: 0.174666 0.524756

Position: 4.95726 9.10881 5.01306
Normal: 1.01064e-015 0 -1
UV: 0.174666 0.524756

Position: -4.95725 8.79638 5.01306
Normal: -1.24607e-016 1 -1.25933e-031
UV: 0.2286 0.517721

Position: -4.95725 8.79638 -5.01306
Normal: 1.24607e-016 1 0
UV: 0.2286 0.517721

Position: 4.95726 8.79638 5.01306
Normal: -1.24607e-016 1 -1.25933e-031
UV: 0.2286 0.517721

Position: 4.95726 8.79638 -5.01306
Normal: 1.24607e-016 1 0
UV: 0.2286 0.517721

Position: 5.32504 4.22703 5.49074
Normal: 1 0 1.01064e-015
UV: 0.231238 0.799825

Position: 5.32504 0 4.76855
Normal: 1 0 1.01064e-015
UV: 0.231238 0.799825

Position: 5.32504 0 5.49074
Normal: 1 0 1.01064e-015
UV: 0.231238 0.799825

Position: 5.32504 4.22703 4.76854
Normal: 1 0 1.01064e-015
UV: 0.231238 0.799825

Position: 5.117 4.01641 4.76855
Normal: 1.01064e-015 0 -1
UV: 0.17267 0.802717

Position: 5.117 0 4.76855
Normal: 1.01064e-015 0 -1
UV: 0.17267 0.802717

Position: 5.32504 0 4.76855
Normal: 1.01064e-015 0 -1
UV: 0.17267 0.802717

Position: 5.32504 4.22703 4.76854
Normal: 1.01064e-015 0 -1
UV: 0.17267 0.802717

Position: 5.117 4.01641 4.76855
Normal: 1 0 1.01064e-015
UV: 0.290321 0.91409

Position: 5.11699 0 -4.76855
Normal: 1 0 -6.41017e-006
UV: 0.290321 0.91409

Position: 5.117 0 4.76855
Normal: 1 0 1.01064e-015
UV: 0.290321 0.91409

Position: 5.11699 4.01641 -4.76855
Normal: 1 0 -6.41017e-006
UV: 0.290321 0.91409

Position: 5.117 8.48273 4.76855
Normal: 1 0 1.01064e-015
UV: 0.290321 0.91409

Position: 5.11699 4.43765 -4.76854
Normal: 1 -6.41777e-008 -1.59994e-006
UV: 0.290321 0.91409

Position: 5.117 4.43765 4.76854
Normal: 1 -6.41777e-008 -1.59994e-006
UV: 0.290321 0.91409

Position: 5.11699 8.48273 -4.76855
Normal: 1 0 -6.41017e-006
UV: 0.290321 0.91409

Position: 5.117 4.43765 4.76854
Normal: 8.83605e-006 2.2978e-006 -1
UV: 0.17267 0.802717

Position: 5.32504 8.48273 4.76855
Normal: 1.01064e-015 0 -1
UV: 0.17267 0.802717

Position: 5.117 8.48273 4.76855
Normal: 1.01064e-015 0 -1
UV: 0.17267 0.802717

Position: 5.32504 8.48273 5.49074
Normal: 1 0 1.01064e-015
UV: 0.231238 0.799825

Position: 5.32504 8.48273 4.76855
Normal: 1 0 1.01064e-015
UV: 0.231238 0.799825

Position: 5.117 8.48273 4.76855
Normal: 1.24607e-016 -1 1.25933e-031
UV: 0.325236 0.640085

Position: 5.32504 8.48273 4.76855
Normal: 1.24607e-016 -1 1.25933e-031
UV: 0.325236 0.640085

Position: 5.11699 8.48273 -4.76855
Normal: -1.24607e-016 -1 0
UV: 0.325236 0.640085

Position: 5.45844 9.10881 5.62413
Normal: 1 0 1.01064e-015
UV: 0.325236 0.640085

Position: 5.45844 8.48273 3.44328
Normal: 1 0 1.01064e-015
UV: 0.325236 0.640085

Position: 5.45844 8.48273 5.62413
Normal: 1 0 1.01064e-015
UV: 0.325236 0.640085

Position: 4.95726 8.79638 5.01306
Normal: -1 0 -1.01064e-015
UV: 0.174666 0.524756

Position: 4.95726 9.10881 -5.01306
Normal: -1 0 0
UV: 0.174666 0.524756

Position: 4.95726 9.10881 5.01306
Normal: -1 0 -1.01064e-015
UV: 0.174666 0.524756

Position: 4.95726 8.79638 -5.01306
Normal: -1 0 0
UV: 0.174666 0.524756

Position: -5.32503 0 4.76855
Normal: -1 0 -2.85045e-005
UV: 0.231238 0.799825

Position: -5.32503 4.22703 5.49074
Normal: -1 0 -2.85045e-005
UV: 0.231238 0.799825

Position: -5.32503 0 5.49074
Normal: -1 0 -2.85045e-005
UV: 0.231238 0.799825

Position: -5.32503 4.22703 4.76854
Normal: -1 0 -2.85045e-005
UV: 0.231238 0.799825

Position: -5.11697 0 4.76855
Normal: 1.01064e-015 0 -1
UV: 0.13507 0.800548

Position: -5.11697 4.01641 4.76855
Normal: 1.01064e-015 0 -1
UV: 0.13507 0.800548

Position: -5.32503 0 4.76855
Normal: 1.01064e-015 0 -1
UV: 0.13507 0.800548

Position: -5.32503 4.22703 4.76854
Normal: 1.01064e-015 0 -1
UV: 0.13507 0.800548

Position: -5.32503 4.22703 4.76854
Normal: 1.01064e-015 0 -1
UV: 0.17267 0.802717

Position: -5.11697 4.01641 4.76855
Normal: 1.01064e-015 0 -1
UV: 0.17267 0.802717

Position: -5.11697 4.43765 4.76854
Normal: 8.16107e-006 -2.7167e-005 -1
UV: 0.17267 0.802717

Position: -5.32503 8.48273 4.76855
Normal: -1 0 -2.85045e-005
UV: 0.231238 0.799825

Position: -5.32503 8.48273 5.49074
Normal: -1 0 -2.85045e-005
UV: 0.231238 0.799825

Position: -4.60284 8.48273 5.28269
Normal: 1.24607e-016 -1 1.25933e-031
UV: 0.325236 0.640085

Position: 4.60283 8.48273 5.28269
Normal: 1.24607e-016 -1 1.25933e-031
UV: 0.325236 0.640085

Position: 1.56234 4.63964 5.28268
Normal: -4.26095e-006 -2.83723e-006 1
UV: 0.215126 0.828534

Position: 4.60283 4.63964 5.2827
Normal: -4.26095e-006 -2.83723e-006 1
UV: 0.215126 0.828534

Position: 3.69296 4.01641 5.28269
Normal: -1.01064e-015 0 1
UV: 0.215126 0.828534

Position: 4.60283 4.01641 5.2827
Normal: -1.01064e-015 0 1
UV: 0.215126 0.828534

Position: 4.60283 4.01641 5.2827
Normal: -1.01064e-015 0 1
UV: 0.32792 0.916259

Position: 3.69299 0 5.28269
Normal: -3.13164e-006 -7.12343e-007 1
UV: 0.32792 0.916259

Position: 3.69296 4.01641 5.28269
Normal: -1.01064e-015 0 1
UV: 0.32792 0.916259

Position: 4.60283 0 5.28269
Normal: -3.13164e-006 -7.12343e-007 1
UV: 0.32792 0.916259

Position: -0.568306 0 5.28269
Normal: -0 0 1
UV: 0.32792 0.916259

Position: -4.60284 4.01641 5.28269
Normal: -0 0 1
UV: 0.32792 0.916259

Position: -0.568306 4.01641 5.28269
Normal: -1.01064e-015 0 1
UV: 0.32792 0.916259

Position: -4.60284 0 5.28269
Normal: -0 0 1
UV: 0.32792 0.916259

Position: 3.69296 4.01641 5.28269
Normal: -0.291224 -8.32469e-007 0.956655
UV: 0.293936 0.913367

Position: 3.02786 0 5.08022
Normal: -0.291224 -8.32469e-007 0.956655
UV: 0.293936 0.913367

Position: 3.02786 4.01641 5.08022
Normal: -0.291224 -8.32469e-007 0.956655
UV: 0.293936 0.913367

Position: 3.69299 0 5.28269
Normal: -0.291224 -8.32469e-007 0.956655
UV: 0.293936 0.913367

Position: 0.0968628 4.01641 5.08022
Normal: 0.291201 0 0.956662
UV: 0.293936 0.913367

Position: 0.0968628 0 5.08022
Normal: 0.291201 0 0.956662
UV: 0.293936 0.913367

Position: -0.568306 4.01641 5.28269
Normal: 0.291201 0 0.956662
UV: 0.293936 0.913367

Position: -0.568306 0 5.28269
Normal: 0.291201 0 0.956662
UV: 0.293936 0.913367

Position: 2.32954 3.22786 5.08022
Normal: -0 0 1
UV: 0.134227 0.522845

Position: 0.795166 1.76416 5.08022
Normal: -0 0 1
UV: 0.134227 0.522845

Position: 0.795166 3.22786 5.08022
Normal: -0 0 1
UV: 0.134227 0.522845

Position: 2.32954 1.76416 5.08022
Normal: -0 0 1
UV: 0.134227 0.522845

Position: -4.60284 4.63964 5.28269
Normal: 5.25085e-007 3.63167e-006 1
UV: 0.215126 0.828534

Position: -0.568306 4.01641 5.28269
Normal: -1.01064e-015 0 1
UV: 0.215126 0.828534

Position: -4.60284 4.01641 5.28269
Normal: 5.25085e-007 3.63167e-006 1
UV: 0.215126 0.828534

Position: -4.60284 4.63964 5.28269
Normal: 9.66017e-007 0 1
UV: 0.32792 0.916259

Position: 4.60283 4.63964 5.2827
Normal: -3.91758e-006 1.48892e-006 1
UV: 0.32792 0.916259

Position: 4.60283 8.48273 5.49074
Normal: -1 0 -1.01064e-015
UV: 0.17267 0.802717

Position: 4.60283 8.48273 5.28269
Normal: -1 0 -1.01064e-015
UV: 0.17267 0.802717

Position: 5.32504 8.48273 5.49074
Normal: -1.01064e-015 0 1
UV: 0.268837 0.801994

Position: 4.60283 8.48273 5.49074
Normal: -1.01064e-015 0 1
UV: 0.268837 0.801994

Position: -4.60284 8.48273 5.49074
Normal: 1 0 1.01064e-015
UV: 0.17267 0.802717

Position: -4.60284 8.48273 5.28269
Normal: 1 0 0
UV: 0.17267 0.802717

Position: 5.117 4.43765 4.76854
Normal: 1 6.16271e-007 -1.59994e-006
UV: 0.216461 0.828068

Position: 5.11699 4.01641 -4.76855
Normal: 1 0 -6.41017e-006
UV: 0.216461 0.828068

Position: 5.117 4.01641 4.76855
Normal: 1 0 1.01064e-015
UV: 0.216461 0.828068

Position: 5.11699 4.43765 -4.76854
Normal: 1 6.16271e-007 -1.59994e-006
UV: 0.216461 0.828068

Position: -5.32503 8.48273 4.76855
Normal: 1.01064e-015 0 -1
UV: 0.17267 0.802717

Position: -5.11697 8.48273 4.76855
Normal: 1.01064e-015 0 -1
UV: 0.17267 0.802717

Position: 2.26978 1.54885 5.08022
Normal: -0 0 1
UV: 0.327506 0.519147

Position: 1.85622 1.41685 5.08022
Normal: -0 0 1
UV: 0.327506 0.519147

Position: 1.85622 1.54885 5.08022
Normal: -0 0 1
UV: 0.327506 0.519147

Position: 2.26978 1.41685 5.08022
Normal: -0 0 1
UV: 0.327506 0.519147

Position: 0.61026 0.199025 5.08022
Normal: 3.25209e-006 0 1
UV: 0.173884 0.643168

Position: 0.61026 3.49314 5.08022
Normal: 3.25209e-006 0 1
UV: 0.173884 0.643168

Position: 0.795166 1.76416 5.08022
Normal: 3.25209e-006 0 1
UV: 0.173884 0.643168

Position: 0.795166 3.22786 5.08022
Normal: 3.25209e-006 0 1
UV: 0.173884 0.643168

Position: 2.51445 3.49314 5.08022
Normal: -0 0 1
UV: 0.173884 0.643168

Position: 2.32954 3.22786 5.08022
Normal: -0 0 1
UV: 0.173884 0.643168

Position: 2.51445 0.199025 5.08022
Normal: -2.71007e-006 0 1
UV: 0.173884 0.643168

Position: 2.32954 1.76416 5.08022
Normal: -2.71007e-006 0 1
UV: 0.173884 0.643168

Position: 1.85622 1.41685 5.08022
Normal: -0 0 1
UV: 0.173884 0.643168

Position: 2.26978 1.41685 5.08022
Normal: -0 0 1
UV: 0.173884 0.643168

Position: 1.85622 1.54885 5.08022
Normal: -5.11364e-007 0 1
UV: 0.173884 0.643168

Position: 2.26978 1.54885 5.08022
Normal: -0 0 1
UV: 0.173884 0.643168

Position: -5.45842 9.10881 5.93766
Normal: -1.01064e-015 0 1
UV: 0.325236 0.640085

Position: -5.45842 8.48273 5.93766
Normal: -1.01064e-015 0 1
UV: 0.325236 0.640085

Position: -5.45842 9.10881 5.62413
Normal: -0 1 0
UV: 0.400117 0.646955

Position: 5.45844 9.10881 5.62413
Normal: -0 1 0
UV: 0.400117 0.646955

Position: -5.45842 9.10881 5.93766
Normal: -1.01064e-015 0 1
UV: 0.400117 0.646955

Position: 5.45844 9.10881 5.93766
Normal: -1.01064e-015 0 1
UV: 0.400117 0.646955

Position: 5.45844 8.48273 5.93766
Normal: -1.01064e-015 0 1
UV: 0.325236 0.640085

Position: 5.45844 9.10881 5.93766
Normal: -1.01064e-015 0 1
UV: 0.325236 0.640085

Position: -5.45842 8.48273 5.93766
Normal: -1.01064e-015 0 1
UV: 0.334303 0.642162

Position: 5.45844 8.48273 5.93766
Normal: -1.01064e-015 0 1
UV: 0.334303 0.642162

Position: 5.45844 8.48273 5.62413
Normal: -0 -1 0
UV: 0.334303 0.642162

Position: -5.45842 8.48273 5.62413
Normal: -0 -1 0
UV: 0.334303 0.642162

Position: -1.72794 8.944 1.88871
Normal: 1 0 0
UV: 0.988299 0.997321

Position: -1.84879 9.79357 1.88871
Normal: 1 0 0
UV: 0.987291 0.997177

Position: -1.84879 9.06486 1.88871
Normal: 1 0 0
UV: 0.988155 0.997177

Position: -1.72794 9.91443 1.88871
Normal: 1 0 0
UV: 0.987147 0.997321

Position: -2.69836 8.944 1.88871
Normal: 1 -8.70771e-007 0
UV: 0.988299 0.996169

Position: -2.57751 9.06486 1.88871
Normal: 1 -8.70771e-007 0
UV: 0.988155 0.996313

Position: -2.69836 9.91443 1.88871
Normal: 1 0 0
UV: 0.987147 0.996169

Position: -2.57751 9.79357 1.88871
Normal: 1 0 0
UV: 0.987291 0.996313

Position: -1.72794 8.944 2.16551
Normal: -0 0 1
UV: 0.99174 0.967429

Position: -1.72794 9.91443 2.16551
Normal: -0 0 1
UV: 0.99174 0.969895

Position: -1.72794 9.91443 1.88871
Normal: -0 0 1
UV: 0.989849 0.969895

Position: -1.72794 8.944 1.88871
Normal: -0 0 1
UV: 0.989849 0.967429

Position: -2.69836 8.944 2.16551
Normal: -0 -1 0
UV: 0.989743 0.985991

Position: -1.72794 8.944 2.16551
Normal: -0 -1 0
UV: 0.989743 0.988458

Position: -1.72794 8.944 1.88871
Normal: -0 -1 0
UV: 0.987852 0.988458

Position: -2.69836 8.944 1.88871
Normal: -0 -1 0
UV: 0.987852 0.985991

Position: -2.69836 9.91443 2.16551
Normal: -0 0 -1
UV: 0.985855 0.969895

Position: -2.69836 8.944 2.16551
Normal: -0 0 -1
UV: 0.985855 0.967429

Position: -2.69836 8.944 1.88871
Normal: -0 0 -1
UV: 0.987746 0.967429

Position: -2.69836 9.91443 1.88871
Normal: -0 0 -1
UV: 0.987746 0.969895

Position: -1.72794 9.91443 2.16551
Normal: -0 1 0
UV: 0.983858 0.988458

Position: -2.69836 9.91443 2.16551
Normal: -0 1 0
UV: 0.983858 0.985991

Position: -2.69836 9.91443 1.88871
Normal: -0 1 0
UV: 0.985749 0.985991

Position: -1.72794 9.91443 1.88871
Normal: -0 1 0
UV: 0.985749 0.988458

Position: -1.72794 9.91443 2.16551
Normal: -1 0 0
UV: 0.983567 0.975252

Position: -1.72794 8.944 2.16551
Normal: -1 0 0
UV: 0.991141 0.975252

Position: -1.90475 9.12081 2.16551
Normal: -1 0 0
UV: 0.989761 0.976013

Position: -1.90475 9.73762 2.16551
Normal: -1 0 0
UV: 0.984947 0.976013

Position: -2.69836 8.944 2.16551
Normal: -1 8.49551e-007 0
UV: 0.991141 0.979433

Position: -2.52155 9.12081 2.16551
Normal: -1 8.4955e-007 0
UV: 0.989761 0.978671

Position: -2.69836 9.91443 2.16551
Normal: -1 0 0
UV: 0.983567 0.979433

Position: -2.52155 9.73762 2.16551
Normal: -1 0 0
UV: 0.984947 0.978671

Position: -1.90475 9.12081 2.30866
Normal: -0 0 1
UV: 0.987611 0.967967

Position: -1.90475 9.73762 2.30866
Normal: -0 0 1
UV: 0.987611 0.969816

Position: -1.90475 9.73762 2.16551
Normal: -0 0 1
UV: 0.986672 0.969816

Position: -1.90475 9.12081 2.16551
Normal: -0 0 1
UV: 0.986672 0.967967

Position: -2.52155 9.12081 2.30866
Normal: -0 -1 0
UV: 0.989793 0.986411

Position: -1.90475 9.12081 2.30866
Normal: -0 -1 0
UV: 0.989793 0.98826

Position: -1.90475 9.12081 2.16551
Normal: -0 -1 0
UV: 0.988854 0.98826

Position: -2.52155 9.12081 2.16551
Normal: -0 -1 0
UV: 0.988854 0.986411

Position: -2.52155 9.73762 2.30866
Normal: -0 0 -1
UV: 0.985699 0.969774

Position: -2.52155 9.12081 2.30866
Normal: -0 0 -1
UV: 0.985699 0.967925

Position: -2.52155 9.12081 2.16551
Normal: -0 0 -1
UV: 0.986638 0.967925

Position: -2.52155 9.73762 2.16551
Normal: -0 0 -1
UV: 0.986638 0.969774

Position: -1.90475 9.73762 2.30866
Normal: -0 1 0
UV: 0.987823 0.98826

Position: -2.52155 9.73762 2.30866
Normal: -0 1 0
UV: 0.987823 0.986411

Position: -2.52155 9.73762 2.16551
Normal: -0 1 0
UV: 0.988763 0.986411

Position: -1.90475 9.73762 2.16551
Normal: -0 1 0
UV: 0.988763 0.98826

Position: -1.90475 9.73762 2.30866
Normal: -1 0 0
UV: 0.984992 0.97604

Position: -1.90475 9.12081 2.30866
Normal: -1 0 0
UV: 0.989807 0.97604

Position: -2.52155 9.73762 2.30866
Normal: -1 0 0
UV: 0.984992 0.978698

Position: -2.52155 9.12081 2.30866
Normal: -1 0 0
UV: 0.989807 0.978698

Position: -1.84879 9.06486 -2.16016
Normal: -2.02017e-008 0 1
UV: 0.998708 0.956557

Position: -1.84879 9.06486 1.88871
Normal: -2.02017e-008 0 1
UV: 0.998708 0.559755

Position: -1.84879 9.79357 1.88871
Normal: -2.02017e-008 0 1
UV: 0.998708 0.559755

Position: -1.84879 9.79358 -2.16016
Normal: -2.02017e-008 0 1
UV: 0.998708 0.956557

Position: -2.57751 9.06486 -2.16016
Normal: 2.35544e-007 -1 -2.62622e-006
UV: 0.995671 0.956557

Position: -2.57751 9.06486 1.88871
Normal: 2.35544e-007 -1 -2.62622e-006
UV: 0.995671 0.559755

Position: -1.84879 9.06486 1.88871
Normal: 2.35544e-007 -1 -2.62622e-006
UV: 0.995671 0.559755

Position: -1.84879 9.06486 -2.16016
Normal: 2.35544e-007 -1 -2.62622e-006
UV: 0.995671 0.956557

Position: -2.57751 9.79357 1.88871
Normal: 1.88886e-006 0 -1
UV: 0.998708 0.559755

Position: -2.57751 9.06486 -2.16016
Normal: 1.88886e-006 0 -1
UV: 0.998708 0.956557

Position: -2.57751 9.79358 -2.16016
Normal: 1.88886e-006 0 -1
UV: 0.998708 0.956557

Position: -2.57751 9.06486 1.88871
Normal: 1.88886e-006 0 -1
UV: 0.998708 0.559755

Position: -1.84879 9.79357 1.88871
Normal: -3.53312e-007 1 6.46453e-007
UV: 0.995671 0.559755

Position: -2.57751 9.79358 -2.16016
Normal: -3.53312e-007 1 6.46453e-007
UV: 0.995671 0.956557

Position: -1.84879 9.79358 -2.16016
Normal: -3.53312e-007 1 6.46453e-007
UV: 0.995671 0.956557

Position: -2.57751 9.79357 1.88871
Normal: -3.53312e-007 1 6.46453e-007
UV: 0.995671 0.559755

Position: -1.68766 9.03041 1.16088
Normal: 1.22465e-016 -2.22045e-016 1
UV: 0.983185 0.975262

Position: -1.68766 9.03041 0.873455
Normal: 1.22465e-016 -2.22045e-016 1
UV: 0.983185 0.978583

Position: -1.68766 8.79638 1.16088
Normal: 1.22465e-016 -2.22045e-016 1
UV: 0.987065 0.975262

Position: -1.68766 8.79638 0.873455
Normal: 1.22465e-016 -2.22045e-016 1
UV: 0.987065 0.978583

Position: -1.68766 9.03041 0.873455
Normal: 1 1.02516e-016 -1.22465e-016
UV: 0.984755 0.9719

Position: -2.73865 9.03041 0.873455
Normal: 1 1.02516e-016 -1.22465e-016
UV: 0.984755 0.9719

Position: -1.68766 8.79638 0.873455
Normal: 1 1.02516e-016 -1.22465e-016
UV: 0.984358 0.9719

Position: -2.73865 8.79638 0.873455
Normal: 1 1.02516e-016 -1.22465e-016
UV: 0.984358 0.9719

Position: -2.73865 9.03041 1.16088
Normal: -1 -1.02516e-016 1.22465e-016
UV: 0.984815 0.96844

Position: -1.68766 9.03041 1.16088
Normal: -1 -1.02516e-016 1.22465e-016
UV: 0.984815 0.9719

Position: -1.68766 8.79638 1.16088
Normal: -1 -1.02516e-016 1.22465e-016
UV: 0.985212 0.9719

Position: -2.73865 8.79638 1.16088
Normal: -1 -1.02516e-016 1.22465e-016
UV: 0.985212 0.9719

Position: -1.68766 9.03041 0.873455
Normal: 7.01352e-017 1 2.22045e-016
UV: 0.985569 0.995036

Position: -1.68766 9.03041 1.16088
Normal: 7.01352e-017 1 2.22045e-016
UV: 0.983684 0.995036

Position: -1.72722 9.03041 0.936977
Normal: 6.06959e-017 0.99715 -0.075446
UV: 0.985153 0.995107

Position: -1.72722 9.03041 1.09736
Normal: 0.112389 0.993664 2.06874e-016
UV: 0.984101 0.995066

Position: -2.73865 9.03041 1.16088
Normal: 7.01352e-017 1 2.22045e-016
UV: 0.983684 0.99885

Position: -2.69909 9.03041 1.09736
Normal: -0 1 0
UV: 0.983923 0.996677

Position: -1.72722 9.91805 0.936977
Normal: 1.22464e-016 -7.23121e-007 1
UV: 0.985151 0.977706

Position: -1.72722 9.03041 1.09736
Normal: 1.22465e-016 -2.22045e-016 1
UV: 0.984966 0.976679

Position: -1.72722 9.91805 1.09736
Normal: 1.22464e-016 -7.23121e-007 1
UV: 0.984966 0.977706

Position: -1.72722 9.03041 0.936977
Normal: 1.22465e-016 -2.22045e-016 1
UV: 0.985151 0.976679

Position: -2.73865 9.03041 1.16088
Normal: -1.22465e-016 2.22045e-016 -1
UV: 0.983185 0.975262

Position: -2.73865 8.79638 1.16088
Normal: -1.22465e-016 2.22045e-016 -1
UV: 0.987065 0.975262

Position: -2.73865 9.03041 0.873455
Normal: -1.22465e-016 2.22045e-016 -1
UV: 0.983185 0.978583

Position: -2.73865 8.79638 0.873455
Normal: -1.22465e-016 2.22045e-016 -1
UV: 0.987065 0.978583

Position: -2.73865 9.03041 0.873455
Normal: 7.01352e-017 1 2.22045e-016
UV: 0.985569 0.995036

Position: -1.72722 9.03041 0.936977
Normal: -0.112389 0.993664 2.34402e-016
UV: 0.985153 0.995147

Position: -2.69909 9.03041 0.936977
Normal: 7.91748e-017 0.99715 0.075446
UV: 0.985153 0.995066

Position: -1.68766 9.03041 0.873455
Normal: -0 1 0
UV: 0.985344 0.995096

Position: -2.73865 9.03041 1.16088
Normal: 7.01352e-017 1 2.22045e-016
UV: 0.983684 0.996943

Position: -2.69909 9.03041 1.09736
Normal: 0.112389 0.993664 2.06874e-016
UV: 0.984101 0.995066

Position: -2.69909 9.03041 0.936977
Normal: -1.22465e-016 2.22045e-016 -1
UV: 0.985151 0.976679

Position: -2.69909 9.91805 0.936977
Normal: -1.22465e-016 -7.23121e-007 -1
UV: 0.985151 0.977706

Position: -2.69909 9.03041 1.09736
Normal: -1.22465e-016 2.22045e-016 -1
UV: 0.984966 0.976679

Position: -2.69909 9.91805 1.09736
Normal: -1.22465e-016 -7.23121e-007 -1
UV: 0.984966 0.977706

Position: -2.69909 9.91805 1.09736
Normal: -1 2.22044e-016 1.39178e-006
UV: 0.98719 0.967753

Position: -1.72722 9.91805 1.09736
Normal: -1 -1.39178e-006 1.22464e-016
UV: 0.98719 0.967753

Position: -1.72722 9.03041 1.09736
Normal: -1 -1.02516e-016 1.22465e-016
UV: 0.987075 0.966727

Position: -2.69909 9.03041 1.09736
Normal: -1 -1.02516e-016 1.22465e-016
UV: 0.98719 0.966727

Position: -2.69909 9.91805 0.936977
Normal: 2.22045e-016 1 7.23121e-007
UV: 0.985151 0.977706

Position: -1.72722 9.91805 1.09736
Normal: 2.22045e-016 1 4.44089e-016
UV: 0.984966 0.976679

Position: -2.69909 9.91805 1.09736
Normal: 2.22045e-016 1 7.23121e-007
UV: 0.984966 0.977706

Position: -1.72722 9.91805 0.936977
Normal: 2.22045e-016 1 4.44089e-016
UV: 0.985151 0.976679

Position: -2.69909 9.03041 0.936977
Normal: 1 1.02516e-016 -1.22465e-016
UV: 0.987489 0.96878

Position: -1.72722 9.03041 0.936977
Normal: 1 1.02516e-016 -1.22465e-016
UV: 0.987374 0.96878

Position: -1.72722 9.91805 0.936977
Normal: 1 -2.22045e-016 -4.47025e-016
UV: 0.987489 0.96878

Position: -2.69909 9.91805 0.936977
Normal: 1 -5.46605e-016 -1.22465e-016
UV: 0.987489 0.967753

Position: -1.68766 9.03041 -1.64739
Normal: 1.22465e-016 -2.22045e-016 1
UV: 0.983185 0.975262

Position: -1.68766 9.03041 -1.93482
Normal: 1.22465e-016 -2.22045e-016 1
UV: 0.983185 0.978583

Position: -1.68766 8.79638 -1.64739
Normal: 1.22465e-016 -2.22045e-016 1
UV: 0.985075 0.975264

Position: -1.68766 8.79638 -1.93482
Normal: 1.22465e-016 -2.22045e-016 1
UV: 0.985075 0.978581

Position: -1.68766 9.03041 -1.93482
Normal: 1 1.02516e-016 -1.22465e-016
UV: 0.984755 0.9719

Position: -2.73865 9.03041 -1.93482
Normal: 1 1.02516e-016 -1.22465e-016
UV: 0.984755 0.9719

Position: -1.68766 8.79638 -1.93482
Normal: 1 1.02516e-016 -1.22465e-016
UV: 0.984562 0.9719

Position: -2.73865 8.79638 -1.93482
Normal: 1 1.02516e-016 -1.22465e-016
UV: 0.984562 0.9719

Position: -1.68766 8.79638 -1.64739
Normal: -1 -1.02516e-016 1.22465e-016
UV: 0.985009 0.971877

Position: -2.73865 9.03041 -1.64739
Normal: -1 -1.02516e-016 1.22465e-016
UV: 0.984815 0.96844

Position: -1.68766 9.03041 -1.64739
Normal: -1 -1.02516e-016 1.22465e-016
UV: 0.984815 0.9719

Position: -2.73865 8.79638 -1.64739
Normal: -1 -1.02516e-016 1.22465e-016
UV: 0.985009 0.970147

Position: -1.68766 9.03041 -1.93482
Normal: 7.01352e-017 1 2.22045e-016
UV: 0.985569 0.995036

Position: -1.68766 9.03041 -1.64739
Normal: 7.01352e-017 1 2.22045e-016
UV: 0.983684 0.995036

Position: -1.72722 9.03041 -1.8713
Normal: 6.06959e-017 0.99715 -0.075446
UV: 0.985153 0.995107

Position: -1.72722 9.03041 -1.71091
Normal: 0.112389 0.993664 2.06874e-016
UV: 0.984101 0.995066

Position: -2.73865 9.03041 -1.64739
Normal: 7.01352e-017 1 2.22045e-016
UV: 0.983684 0.99885

Position: -2.69909 9.03041 -1.71091
Normal: -0 1 0
UV: 0.983923 0.996677

Position: -1.72722 9.91806 -1.8713
Normal: 1.22464e-016 -7.23121e-007 1
UV: 0.985151 0.977706

Position: -1.72722 9.03041 -1.71091
Normal: 1.22465e-016 -2.22045e-016 1
UV: 0.984966 0.976679

Position: -1.72722 9.91806 -1.71091
Normal: 1.22464e-016 -7.23121e-007 1
UV: 0.984966 0.977706

Position: -1.72722 9.03041 -1.8713
Normal: 1.22465e-016 -2.22045e-016 1
UV: 0.985151 0.976679

Position: -2.73865 9.03041 -1.64739
Normal: -1.22465e-016 2.22045e-016 -1
UV: 0.983185 0.975262

Position: -2.73865 8.79638 -1.64739
Normal: -1.22465e-016 2.22045e-016 -1
UV: 0.985075 0.975264

Position: -2.73865 9.03041 -1.93482
Normal: -1.22465e-016 2.22045e-016 -1
UV: 0.983185 0.978583

Position: -2.73865 8.79638 -1.93482
Normal: -1.22465e-016 2.22045e-016 -1
UV: 0.985075 0.978581

Position: -2.73865 9.03041 -1.93482
Normal: 7.01352e-017 1 2.22045e-016
UV: 0.985569 0.995036

Position: -1.72722 9.03041 -1.8713
Normal: -0.112389 0.993664 2.34402e-016
UV: 0.985153 0.995147

Position: -2.69909 9.03041 -1.8713
Normal: 7.91748e-017 0.99715 0.075446
UV: 0.985153 0.995066

Position: -1.68766 9.03041 -1.93482
Normal: -0 1 0
UV: 0.985344 0.995096

Position: -2.73865 9.03041 -1.64739
Normal: 7.01352e-017 1 2.22045e-016
UV: 0.983684 0.996943

Position: -2.69909 9.03041 -1.71091
Normal: 0.112389 0.993664 2.06874e-016
UV: 0.984101 0.995066

Position: -2.69909 9.03041 -1.8713
Normal: -1.22465e-016 2.22045e-016 -1
UV: 0.985151 0.976679

Position: -2.69909 9.91806 -1.8713
Normal: -1.22465e-016 -7.23121e-007 -1
UV: 0.985151 0.977706

Position: -2.69909 9.03041 -1.71091
Normal: -1.22465e-016 2.22045e-016 -1
UV: 0.984966 0.976679

Position: -2.69909 9.91806 -1.71091
Normal: -1.22465e-016 -7.23121e-007 -1
UV: 0.984966 0.977706

Position: -2.69909 9.91806 -1.71091
Normal: -1 2.22044e-016 1.39178e-006
UV: 0.98719 0.967753

Position: -1.72722 9.91806 -1.71091
Normal: -1 -1.39178e-006 1.22464e-016
UV: 0.98719 0.967753

Position: -1.72722 9.03041 -1.71091
Normal: -1 -1.02516e-016 1.22465e-016
UV: 0.987075 0.966727

Position: -2.69909 9.03041 -1.71091
Normal: -1 -1.02516e-016 1.22465e-016
UV: 0.98719 0.966727

Position: -2.69909 9.91806 -1.8713
Normal: 2.22045e-016 1 7.23121e-007
UV: 0.985151 0.977706

Position: -1.72722 9.91806 -1.71091
Normal: 2.22045e-016 1 4.44089e-016
UV: 0.984966 0.976679

Position: -2.69909 9.91806 -1.71091
Normal: 2.22045e-016 1 7.23121e-007
UV: 0.984966 0.977706

Position: -1.72722 9.91806 -1.8713
Normal: 2.22045e-016 1 4.44089e-016
UV: 0.985151 0.976679

Position: -2.69909 9.03041 -1.8713
Normal: 1 1.02516e-016 -1.22465e-016
UV: 0.987489 0.96878

Position: -1.72722 9.03041 -1.8713
Normal: 1 1.02516e-016 -1.22465e-016
UV: 0.987374 0.96878

Position: -1.72722 9.91806 -1.8713
Normal: 1 -2.22045e-016 -4.47025e-016
UV: 0.987489 0.96878

Position: -2.69909 9.91806 -1.8713
Normal: 1 -5.46605e-016 -1.22465e-016
UV: 0.987489 0.967753

Position: -3.02692 9.55959 0.358997
Normal: -0.427551 0.903991 0
UV: 0.995695 0.762668

Position: -3.75565 9.55959 0.358997
Normal: -0.427551 0.903991 0
UV: 0.995695 0.762668

Position: -3.02692 9.79358 -0.135731
Normal: -0.427551 0.903991 0
UV: 0.995695 0.762668

Position: -3.75565 9.79358 -0.135731
Normal: -0.427551 0.903991 0
UV: 0.995695 0.762668

Position: -3.02692 9.79358 -0.135731
Normal: -0 0 1
UV: 0.999006 0.849914

Position: -3.02692 9.06486 -0.135731
Normal: -0 0 1
UV: 0.999006 0.849914

Position: -3.02692 9.55959 0.358997
Normal: -0 0 1
UV: 0.999006 0.849914

Position: -3.75565 9.06486 -0.135731
Normal: 7.60526e-006 0 -1
UV: 0.999006 0.849914

Position: -3.75565 9.79358 -0.135731
Normal: 7.60526e-006 0 -1
UV: 0.999006 0.849914

Position: -3.75565 9.55959 0.358997
Normal: 7.60526e-006 0 -1
UV: 0.999006 0.849914

Position: -3.02693 9.06486 0.592976
Normal: -0 0 1
UV: 0.999006 0.849914

Position: -3.02693 8.79638 0.592976
Normal: -0 0 1
UV: 0.999006 0.849914

Position: -3.02693 8.79638 -0.135738
Normal: -0 0 1
UV: 0.999006 0.849914

Position: -3.02693 9.06486 -0.135738
Normal: 1 0 0
UV: 0.998683 0.759568

Position: -3.75565 9.06486 -0.135738
Normal: 1 0 0
UV: 0.998683 0.759568

Position: -3.02693 8.79638 -0.135738
Normal: 1 0 0
UV: 0.998683 0.759568

Position: -3.75565 8.79638 -0.135738
Normal: 1 0 0
UV: 0.998683 0.759568

Position: -3.75565 8.79638 0.592976
Normal: -0 0 -1
UV: 0.999006 0.849914

Position: -3.75565 8.79638 -0.135738
Normal: -0 0 -1
UV: 0.999006 0.849914

Position: -3.75565 9.06486 0.592976
Normal: -0 0 -1
UV: 0.999006 0.849914

Position: -3.75565 9.06486 0.592976
Normal: -1 0 0
UV: 0.995695 0.762668

Position: -3.02693 9.06486 0.592976
Normal: -1 0 0
UV: 0.995695 0.762668

Position: -3.02693 8.79638 0.592976
Normal: -1 0 0
UV: 0.995695 0.762668

Position: -3.75565 8.79638 0.592976
Normal: -1 0 0
UV: 0.995695 0.762668

Position: -3.75565 9.55959 0.358997
Normal: -0.903997 0.427539 0
UV: 0.995695 0.762668

Position: -3.02693 9.06486 0.592976
Normal: -0.903997 0.427539 0
UV: 0.995695 0.762668

Position: -3.75565 9.06486 0.592976
Normal: -0.903997 0.427539 0
UV: 0.995695 0.762668

Position: -3.02692 9.55959 0.358997
Normal: -0.903997 0.427539 0
UV: 0.995695 0.762668

Position: -3.91678 9.03041 -1.86454
Normal: 8.30345e-032 -2.22045e-016 -1
UV: 0.983185 0.978583

Position: -3.91678 8.79638 -1.86454
Normal: 8.30345e-032 -2.22045e-016 -1
UV: 0.987065 0.978583

Position: -3.91678 8.79638 -2.15197
Normal: 8.30345e-032 -2.22045e-016 -1
UV: 0.987065 0.975262

Position: -3.91678 9.03041 -2.15197
Normal: 8.30345e-032 -2.22045e-016 -1
UV: 0.983185 0.975262

Position: -2.86579 9.03041 -1.86454
Normal: -1 1.02516e-016 -7.20669e-032
UV: 0.984755 0.9719

Position: -3.91678 8.79638 -1.86454
Normal: -1 1.02516e-016 -7.20669e-032
UV: 0.984358 0.9719

Position: -3.91678 9.03041 -1.86454
Normal: -1 1.02516e-016 -7.20669e-032
UV: 0.984755 0.9719

Position: -2.86579 8.79638 -1.86454
Normal: -1 1.02516e-016 -7.20669e-032
UV: 0.984358 0.9719

Position: -3.91678 8.79638 -2.15197
Normal: 1 -1.02516e-016 7.20669e-032
UV: 0.985212 0.9719

Position: -2.86579 8.79638 -2.15197
Normal: 1 -1.02516e-016 7.20669e-032
UV: 0.985212 0.9719

Position: -2.86579 9.03041 -2.15197
Normal: 1 -1.02516e-016 7.20669e-032
UV: 0.984815 0.96844

Position: -3.91678 9.03041 -2.15197
Normal: 1 -1.02516e-016 7.20669e-032
UV: 0.984815 0.9719

Position: -3.91678 9.03041 -1.86454
Normal: -7.01352e-017 1 -2.22045e-016
UV: 0.985569 0.995036

Position: -3.91678 9.03041 -2.15197
Normal: -7.01352e-017 1 -2.22045e-016
UV: 0.983684 0.995036

Position: -3.87722 9.03041 -1.92807
Normal: -6.99354e-017 0.99715 0.075446
UV: 0.985153 0.995107

Position: -3.87722 9.03041 -2.08845
Normal: -0.112389 0.993664 -2.20638e-016
UV: 0.984101 0.995066

Position: -2.86579 9.03041 -2.15197
Normal: -7.01352e-017 1 -2.22045e-016
UV: 0.983684 0.99885

Position: -2.90535 9.03041 -2.08845
Normal: -0 1 0
UV: 0.983923 0.996677

Position: -3.87722 9.91806 -1.92807
Normal: 2.70414e-022 -7.23121e-007 -1
UV: 0.985151 0.977706

Position: -3.87722 9.03041 -1.92807
Normal: 8.30345e-032 -2.22045e-016 -1
UV: 0.985151 0.976679

Position: -3.87722 9.03041 -2.08845
Normal: 8.30345e-032 -2.22045e-016 -1
UV: 0.984966 0.976679

Position: -3.87722 9.91806 -2.08845
Normal: 2.70414e-022 -7.23121e-007 -1
UV: 0.984966 0.977706

Position: -2.86579 9.03041 -1.86454
Normal: -8.30345e-032 2.22045e-016 1
UV: 0.983185 0.978583

Position: -2.86579 8.79638 -2.15197
Normal: -8.30345e-032 2.22045e-016 1
UV: 0.987065 0.975262

Position: -2.86579 8.79638 -1.86454
Normal: -8.30345e-032 2.22045e-016 1
UV: 0.987065 0.978583

Position: -2.86579 9.03041 -2.15197
Normal: -8.30345e-032 2.22045e-016 1
UV: 0.983185 0.975262

Position: -2.86579 9.03041 -1.86454
Normal: -7.01352e-017 1 -2.22045e-016
UV: 0.985569 0.995036

Position: -3.91678 9.03041 -1.86454
Normal: -0 1 0
UV: 0.985344 0.995096

Position: -3.87722 9.03041 -1.92807
Normal: 0.112389 0.993664 -2.20638e-016
UV: 0.985153 0.995147

Position: -2.90535 9.03041 -1.92807
Normal: -6.99354e-017 0.99715 -0.075446
UV: 0.985153 0.995066

Position: -2.86579 9.03041 -2.15197
Normal: -7.01352e-017 1 -2.22045e-016
UV: 0.983684 0.996943

Position: -2.90535 9.03041 -2.08845
Normal: -0.112389 0.993664 -2.20638e-016
UV: 0.984101 0.995066

Position: -2.90535 9.91806 -1.92807
Normal: 2.70414e-022 -7.23121e-007 1
UV: 0.985151 0.977706

Position: -2.90535 9.03041 -2.08845
Normal: -8.30345e-032 2.22045e-016 1
UV: 0.984966 0.976679

Position: -2.90535 9.03041 -1.92807
Normal: -8.30345e-032 2.22045e-016 1
UV: 0.985151 0.976679

Position: -2.90535 9.91806 -2.08845
Normal: 2.70414e-022 -7.23121e-007 1
UV: 0.984966 0.977706

Position: -2.90535 9.91806 -2.08845
Normal: 1 2.22044e-016 -1.39178e-006
UV: 0.98719 0.967753

Position: -3.87722 9.03041 -2.08845
Normal: 1 -1.02516e-016 7.20669e-032
UV: 0.987075 0.966727

Position: -2.90535 9.03041 -2.08845
Normal: 1 -1.02516e-016 7.20669e-032
UV: 0.98719 0.966727

Position: -3.87722 9.91806 -2.08845
Normal: 1 -1.39178e-006 3.09038e-022
UV: 0.98719 0.967753

Position: -2.90535 9.91806 -1.92807
Normal: -2.22044e-016 1 -7.23121e-007
UV: 0.985151 0.977706

Position: -3.87722 9.91806 -1.92807
Normal: -2.22045e-016 1 -4.44089e-016
UV: 0.985151 0.976679

Position: -3.87722 9.91806 -2.08845
Normal: -2.22045e-016 1 -4.44089e-016
UV: 0.984966 0.976679

Position: -2.90535 9.91806 -2.08845
Normal: -2.22044e-016 1 -7.23121e-007
UV: 0.984966 0.977706

Position: -2.90535 9.03041 -1.92807
Normal: -1 1.02516e-016 -7.20669e-032
UV: 0.987489 0.96878

Position: -3.87722 9.91806 -1.92807
Normal: -1 -2.22045e-016 3.24561e-016
UV: 0.987489 0.96878

Position: -2.90535 9.91806 -1.92807
Normal: -1 -5.46605e-016 7.20669e-032
UV: 0.987489 0.967753

Position: -3.87722 9.03041 -1.92807
Normal: -1 1.02516e-016 -7.20669e-032
UV: 0.987374 0.96878

Position: -3.91678 9.03041 -0.361073
Normal: 8.30345e-032 -2.22045e-016 -1
UV: 0.983185 0.978583

Position: -3.91678 8.79638 -0.361073
Normal: 8.30345e-032 -2.22045e-016 -1
UV: 0.985075 0.978581

Position: -3.91678 8.79638 -0.648502
Normal: 8.30345e-032 -2.22045e-016 -1
UV: 0.985075 0.975264

Position: -3.91678 9.03041 -0.648502
Normal: 8.30345e-032 -2.22045e-016 -1
UV: 0.983185 0.975262

Position: -2.86579 9.03041 -0.361073
Normal: -1 1.02516e-016 -7.20669e-032
UV: 0.984755 0.9719

Position: -3.91678 8.79638 -0.361073
Normal: -1 1.02516e-016 -7.20669e-032
UV: 0.984562 0.9719

Position: -3.91678 9.03041 -0.361073
Normal: -1 1.02516e-016 -7.20669e-032
UV: 0.984755 0.9719

Position: -2.86579 8.79638 -0.361073
Normal: -1 1.02516e-016 -7.20669e-032
UV: 0.984562 0.9719

Position: -3.91678 8.79638 -0.648502
Normal: 1 -1.02516e-016 7.20669e-032
UV: 0.985009 0.971877

Position: -2.86579 8.79638 -0.648502
Normal: 1 -1.02516e-016 7.20669e-032
UV: 0.985009 0.970147

Position: -2.86579 9.03041 -0.648502
Normal: 1 -1.02516e-016 7.20669e-032
UV: 0.984815 0.96844

Position: -3.91678 9.03041 -0.648502
Normal: 1 -1.02516e-016 7.20669e-032
UV: 0.984815 0.9719

Position: -3.91678 9.03041 -0.361073
Normal: -7.01352e-017 1 -2.22045e-016
UV: 0.985569 0.995036

Position: -3.91678 9.03041 -0.648502
Normal: -7.01352e-017 1 -2.22045e-016
UV: 0.983684 0.995036

Position: -3.87722 9.03041 -0.424595
Normal: -6.99354e-017 0.99715 0.075446
UV: 0.985153 0.995107

Position: -3.87722 9.03041 -0.58498
Normal: -0.112389 0.993664 -2.20638e-016
UV: 0.984101 0.995066

Position: -2.86579 9.03041 -0.648502
Normal: -7.01352e-017 1 -2.22045e-016
UV: 0.983684 0.99885

Position: -2.90535 9.03041 -0.58498
Normal: -0 1 0
UV: 0.983923 0.996677

Position: -3.87722 9.91806 -0.424595
Normal: 2.70414e-022 -7.23121e-007 -1
UV: 0.985151 0.977706

Position: -3.87722 9.03041 -0.424595
Normal: 8.30345e-032 -2.22045e-016 -1
UV: 0.985151 0.976679

Position: -3.87722 9.03041 -0.58498
Normal: 8.30345e-032 -2.22045e-016 -1
UV: 0.984966 0.976679

Position: -3.87722 9.91806 -0.58498
Normal: 2.70414e-022 -7.23121e-007 -1
UV: 0.984966 0.977706

Position: -2.86579 9.03041 -0.361073
Normal: -8.30345e-032 2.22045e-016 1
UV: 0.983185 0.978583

Position: -2.86579 8.79638 -0.648502
Normal: -8.30345e-032 2.22045e-016 1
UV: 0.985075 0.975264

Position: -2.86579 8.79638 -0.361073
Normal: -8.30345e-032 2.22045e-016 1
UV: 0.985075 0.978581

Position: -2.86579 9.03041 -0.648502
Normal: -8.30345e-032 2.22045e-016 1
UV: 0.983185 0.975262

Position: -2.86579 9.03041 -0.361073
Normal: -7.01352e-017 1 -2.22045e-016
UV: 0.985569 0.995036

Position: -3.91678 9.03041 -0.361073
Normal: -0 1 0
UV: 0.985344 0.995096

Position: -3.87722 9.03041 -0.424595
Normal: 0.112389 0.993664 -2.20638e-016
UV: 0.985153 0.995147

Position: -2.90535 9.03041 -0.424595
Normal: -6.99354e-017 0.99715 -0.075446
UV: 0.985153 0.995066

Position: -2.86579 9.03041 -0.648502
Normal: -7.01352e-017 1 -2.22045e-016
UV: 0.983684 0.996943

Position: -2.90535 9.03041 -0.58498
Normal: -0.112389 0.993664 -2.20638e-016
UV: 0.984101 0.995066

Position: -2.90535 9.91806 -0.424595
Normal: 2.70414e-022 -7.23121e-007 1
UV: 0.985151 0.977706

Position: -2.90535 9.03041 -0.58498
Normal: -8.30345e-032 2.22045e-016 1
UV: 0.984966 0.976679

Position: -2.90535 9.03041 -0.424595
Normal: -8.30345e-032 2.22045e-016 1
UV: 0.985151 0.976679

Position: -2.90535 9.91806 -0.58498
Normal: 2.70414e-022 -7.23121e-007 1
UV: 0.984966 0.977706

Position: -2.90535 9.91806 -0.58498
Normal: 1 2.22044e-016 -1.39178e-006
UV: 0.98719 0.967753

Position: -3.87722 9.03041 -0.58498
Normal: 1 -1.02516e-016 7.20669e-032
UV: 0.987075 0.966727

Position: -2.90535 9.03041 -0.58498
Normal: 1 -1.02516e-016 7.20669e-032
UV: 0.98719 0.966727

Position: -3.87722 9.91806 -0.58498
Normal: 1 -1.39178e-006 3.09038e-022
UV: 0.98719 0.967753

Position: -2.90535 9.91806 -0.424595
Normal: -2.22044e-016 1 -7.23121e-007
UV: 0.985151 0.977706

Position: -3.87722 9.91806 -0.424595
Normal: -2.22045e-016 1 -4.44089e-016
UV: 0.985151 0.976679

Position: -3.87722 9.91806 -0.58498
Normal: -2.22045e-016 1 -4.44089e-016
UV: 0.984966 0.976679

Position: -2.90535 9.91806 -0.58498
Normal: -2.22044e-016 1 -7.23121e-007
UV: 0.984966 0.977706

Position: -2.90535 9.03041 -0.424595
Normal: -1 1.02516e-016 -7.20669e-032
UV: 0.987489 0.96878

Position: -3.87722 9.91806 -0.424595
Normal: -1 -2.22045e-016 3.24561e-016
UV: 0.987489 0.96878

Position: -2.90535 9.91806 -0.424595
Normal: -1 -5.46605e-016 7.20669e-032
UV: 0.987489 0.967753

Position: -3.87722 9.03041 -0.424595
Normal: -1 1.02516e-016 -7.20669e-032
UV: 0.987374 0.96878

Position: -3.75565 9.06486 -0.135731
Normal: -1.89819e-006 0 -1
UV: 0.998708 0.956557

Position: -3.75565 9.79358 -2.16017
Normal: -1.89819e-006 0 -1
UV: 0.998708 0.758156

Position: -3.75565 9.79358 -0.135731
Normal: -1.89819e-006 0 -1
UV: 0.998708 0.956557

Position: -3.75565 9.06486 -2.16017
Normal: -1.89819e-006 0 -1
UV: 0.998708 0.758156

Position: -3.02692 9.06486 -0.135731
Normal: -1.88433e-006 -1 0
UV: 0.995671 0.956557

Position: -3.02693 9.06486 -2.16017
Normal: -1.88433e-006 -1 0
UV: 0.995671 0.758156

Position: -3.75565 9.06486 -0.135731
Normal: -1.88433e-006 -1 0
UV: 0.995671 0.956557

Position: -3.75565 9.06486 -2.16017
Normal: -1.88433e-006 -1 0
UV: 0.995671 0.758156

Position: -3.02692 9.79358 -0.135731
Normal: 1.87251e-006 0 1
UV: 0.998708 0.956557

Position: -3.02693 9.79358 -2.16017
Normal: 1.87251e-006 0 1
UV: 0.998708 0.758156

Position: -3.02692 9.06486 -0.135731
Normal: 1.87251e-006 0 1
UV: 0.998708 0.956557

Position: -3.02693 9.06486 -2.16017
Normal: 1.87251e-006 0 1
UV: 0.998708 0.758156

Position: -3.02693 9.79358 -2.16017
Normal: 7.06621e-007 1 -6.46452e-007
UV: 0.995671 0.758156

Position: -3.02692 9.79358 -0.135731
Normal: 7.06621e-007 1 -6.46452e-007
UV: 0.995671 0.956557

Position: -3.75565 9.79358 -0.135731
Normal: 7.06621e-007 1 -6.46452e-007
UV: 0.995671 0.956557

Position: -3.75565 9.79358 -2.16017
Normal: 7.06621e-007 1 -6.46452e-007
UV: 0.995671 0.758156

Position: -1.84879 9.06486 -2.16016
Normal: 0.427545 0 0.903994
UV: 0.995695 0.762668

Position: -1.84879 9.79358 -2.16016
Normal: 0.427545 0 0.903994
UV: 0.995695 0.762668

Position: -2.08278 9.79358 -2.6549
Normal: 0.427545 0 0.903994
UV: 0.995695 0.762668

Position: -2.08278 9.06486 -2.6549
Normal: 0.427545 0 0.903994
UV: 0.995695 0.762668

Position: -1.84879 9.06486 -2.16016
Normal: -5.78293e-006 -1 0
UV: 0.999006 0.849914

Position: -2.08278 9.06486 -2.6549
Normal: -5.78293e-006 -1 0
UV: 0.999006 0.849914

Position: -2.57751 9.06486 -2.16016
Normal: -5.78293e-006 -1 0
UV: 0.999006 0.849914

Position: -2.57751 9.79358 -2.16016
Normal: -5.16398e-006 1 1.32263e-006
UV: 0.99587 0.849914

Position: -2.08278 9.79358 -2.6549
Normal: -5.16398e-006 1 1.32263e-006
UV: 0.99587 0.849914

Position: -1.84879 9.79358 -2.16016
Normal: -5.16398e-006 1 1.32263e-006
UV: 0.99587 0.849914

Position: -3.02693 9.06486 -2.16017
Normal: 1.30872e-006 -1 -2.10391e-008
UV: 0.999006 0.849914

Position: -2.57751 9.06486 -2.88887
Normal: 1.30872e-006 -1 -2.10391e-008
UV: 0.999006 0.849914

Position: -3.02693 9.06486 -2.88887
Normal: 1.30872e-006 -1 -2.10391e-008
UV: 0.999006 0.849914

Position: -3.02693 9.79358 -2.16017
Normal: -1 0 -1.69759e-005
UV: 0.998683 0.759568

Position: -2.57751 9.79358 -2.16016
Normal: -1 0 -1.69759e-005
UV: 0.998683 0.759568

Position: -3.02693 9.06486 -2.16017
Normal: -1 0 -1.69759e-005
UV: 0.998683 0.759568

Position: -2.57751 9.06486 -2.16016
Normal: -1 0 -1.69759e-005
UV: 0.998683 0.759568

Position: -3.02693 9.79358 -2.16017
Normal: -2.61743e-006 1 1.81998e-007
UV: 0.99587 0.849914

Position: -2.57751 9.79358 -2.88887
Normal: -2.61743e-006 1 1.81998e-007
UV: 0.99587 0.849914

Position: -3.02693 9.79358 -2.88887
Normal: -2.61743e-006 1 1.81998e-007
UV: 0.99587 0.849914

Position: -3.02693 9.06486 -2.88887
Normal: 1 0 0
UV: 0.995695 0.762668

Position: -2.57751 9.06486 -2.88887
Normal: 1 0 0
UV: 0.995695 0.762668

Position: -3.02693 9.79358 -2.88887
Normal: 1 0 0
UV: 0.995695 0.762668

Position: -2.57751 9.79358 -2.88887
Normal: 1 0 0
UV: 0.995695 0.762668

Position: -2.57751 9.06486 -2.88887
Normal: 0.903997 0 0.427539
UV: 0.995695 0.762668

Position: -2.08278 9.79358 -2.6549
Normal: 0.903997 0 0.427539
UV: 0.995695 0.762668

Position: -2.57751 9.79358 -2.88887
Normal: 0.903997 0 0.427539
UV: 0.995695 0.762668

Position: -2.08278 9.06486 -2.6549
Normal: 0.903997 0 0.427539
UV: 0.995695 0.762668

Position: -3.75565 9.06486 -2.16017
Normal: 0.42755 0 -0.903992
UV: 0.995695 0.762668

Position: -3.52166 9.79358 -2.6549
Normal: 0.42755 0 -0.903992
UV: 0.995695 0.762668

Position: -3.75565 9.79358 -2.16017
Normal: 0.42755 0 -0.903992
UV: 0.995695 0.762668

Position: -3.52166 9.06486 -2.6549
Normal: 0.42755 0 -0.903992
UV: 0.995695 0.762668

Position: -3.75565 9.06486 -2.16017
Normal: -5.78302e-006 -1 0
UV: 0.999006 0.849914

Position: -3.52166 9.06486 -2.6549
Normal: -5.78302e-006 -1 0
UV: 0.999006 0.849914

Position: -3.75565 9.79358 -2.16017
Normal: -5.16406e-006 1 -1.15732e-006
UV: 0.99587 0.849914

Position: -3.52166 9.79358 -2.6549
Normal: -5.16406e-006 1 -1.15732e-006
UV: 0.99587 0.849914

Position: -3.02693 9.06486 -2.88887
Normal: 0.903997 0 -0.427539
UV: 0.995695 0.762668

Position: -3.52166 9.79358 -2.6549
Normal: 0.903997 0 -0.427539
UV: 0.995695 0.762668

Position: -3.52166 9.06486 -2.6549
Normal: 0.903997 0 -0.427539
UV: 0.995695 0.762668

Position: -3.02693 9.79358 -2.88887
Normal: 0.903997 0 -0.427539
UV: 0.995695 0.762668

Position: 3.48889 9.79638 2.19835
Normal: -0 0 -1
UV: 0.731534 0.57687

Position: 3.48889 8.79638 2.19835
Normal: -0 0 -1
UV: 0.731534 0.516292

Position: 3.98395 8.79638 2.19835
Normal: -0 0 -1
UV: 0.700536 0.516292

Position: 3.98395 9.79638 2.19835
Normal: -0 0 -1
UV: 0.700536 0.57687

Position: 3.48889 9.79638 3.62126
Normal: -1 0 0
UV: 0.790797 0.500553

Position: 3.48889 8.79638 3.62126
Normal: -1 0 0
UV: 0.734723 0.500553

Position: 3.48889 8.79638 2.19835
Normal: -1 0 0
UV: 0.734723 0.577746

Position: 3.48889 9.79638 2.19835
Normal: -1 0 0
UV: 0.790797 0.577746

Position: 3.98395 9.79638 3.62126
Normal: -0 0 1
UV: 0.731534 0.57687

Position: 3.48889 8.79638 3.62126
Normal: -0 0 1
UV: 0.700536 0.516292

Position: 3.48889 9.79638 3.62126
Normal: -0 0 1
UV: 0.700536 0.57687

Position: 3.98395 8.79638 3.62126
Normal: -0 0 1
UV: 0.731534 0.516292

Position: 3.48889 9.79638 3.62126
Normal: -0 1 0
UV: 0.696554 0.574735

Position: 3.98395 9.79638 2.19835
Normal: -0 1 0
UV: 0.680157 0.503945

Position: 3.98395 9.79638 3.62126
Normal: -0 1 0
UV: 0.680157 0.574735

Position: 3.48889 9.79638 2.19835
Normal: -0 1 0
UV: 0.696554 0.503945

Position: 3.98395 8.79638 3.62126
Normal: 1 0 0
UV: 0.700254 0.54589

Position: 3.98395 9.79638 3.62126
Normal: 1 0 0
UV: 0.700254 0.576457

Position: 3.98395 8.79638 2.19835
Normal: 1 0 0
UV: 0.731133 0.54589

Position: 3.98395 9.79638 2.19835
Normal: 1 0 0
UV: 0.731133 0.576457

Position: 2.13803 9.79638 2.19835
Normal: -0 0 -1
UV: 0.731534 0.57687

Position: 2.13803 8.79638 2.19835
Normal: -0 0 -1
UV: 0.731534 0.516292

Position: 2.63309 8.79638 2.19835
Normal: -0 0 -1
UV: 0.700536 0.516292

Position: 2.63309 9.79638 2.19835
Normal: -0 0 -1
UV: 0.700536 0.57687

Position: 2.13803 9.79638 3.62126
Normal: -1 0 0
UV: 0.790797 0.500553

Position: 2.13803 8.79638 3.62126
Normal: -1 0 0
UV: 0.734723 0.500553

Position: 2.13803 8.79638 2.19835
Normal: -1 0 0
UV: 0.734723 0.577746

Position: 2.13803 9.79638 2.19835
Normal: -1 0 0
UV: 0.790797 0.577746

Position: 2.63309 9.79638 3.62126
Normal: -0 0 1
UV: 0.731534 0.57687

Position: 2.13803 8.79638 3.62126
Normal: -0 0 1
UV: 0.700536 0.516292

Position: 2.13803 9.79638 3.62126
Normal: -0 0 1
UV: 0.700536 0.57687

Position: 2.63309 8.79638 3.62126
Normal: -0 0 1
UV: 0.731534 0.516292

Position: 2.13803 9.79638 3.62126
Normal: -0 1 0
UV: 0.696554 0.574735

Position: 2.63309 9.79638 2.19835
Normal: -0 1 0
UV: 0.680157 0.503945

Position: 2.63309 9.79638 3.62126
Normal: -0 1 0
UV: 0.680157 0.574735

Position: 2.13803 9.79638 2.19835
Normal: -0 1 0
UV: 0.696554 0.503945

Position: 2.63309 8.79638 3.62126
Normal: 1 0 0
UV: 0.700254 0.54589

Position: 2.63309 9.79638 3.62126
Normal: 1 0 0
UV: 0.700254 0.576457

Position: 2.63309 8.79638 2.19835
Normal: 1 0 0
UV: 0.731133 0.54589

Position: 2.63309 9.79638 2.19835
Normal: 1 0 0
UV: 0.731133 0.576457


[INDEX_DATA]
0 2 1
0 3 2
4 6 5
5 7 4
8 10 9
9 11 8
12 13 9
13 11 9
12 14 13
15 17 16
16 18 15
19 21 20
22 20 21
23 25 24
24 26 23
27 29 28
28 30 27
31 33 32
32 34 31
34 35 31
36 38 37
39 41 40
41 42 40
43 44 10
43 10 8
44 43 45
46 48 47
46 49 48
50 52 51
51 53 50
54 56 55
55 57 54
58 60 59
60 58 61
62 64 63
64 62 65
66 68 67
67 69 66
62 70 65
61 58 71
71 72 61
37 38 73
73 74 37
75 74 73
76 78 77
77 80 79
79 76 77
80 81 79
82 84 83
83 85 82
86 88 87
86 89 88
89 86 90
91 87 88
92 94 93
93 95 92
96 98 97
96 99 98
100 102 101
102 100 103
104 106 105
106 107 105
108 97 109
109 110 108
111 93 94
111 112 93
113 115 114
115 116 114
113 117 115
36 116 38
116 115 38
118 120 119
121 119 120
119 121 122
123 125 124
125 126 124
127 129 128
129 130 128
131 133 132
132 134 131
135 137 136
137 138 136
139 141 140
142 134 132
132 143 142
75 73 144
144 73 145
74 146 37
147 37 146
148 150 149
151 149 150
152 154 153
152 155 154
153 157 156
153 154 157
158 156 157
157 159 158
158 159 152
159 155 152
160 162 161
160 163 162
161 165 164
161 162 165
164 165 166
165 167 166
160 166 167
167 163 160
168 170 169
170 168 171
172 174 173
172 168 174
175 176 174
174 177 175
178 177 179
177 169 179
180 182 181
180 183 182
184 185 182
185 184 186
187 184 188
184 189 188
190 191 189
189 183 190
192 194 193
193 194 195
196 197 68
68 198 196
199 201 200
200 148 199
66 202 198
196 204 203
205 206 69
69 208 207
69 206 208
209 205 67
67 210 209
67 205 69
68 66 198
200 150 148
211 213 212
211 214 213
215 217 216
216 218 215
219 221 220
219 222 221
223 225 224
223 226 225
227 229 228
227 230 229
231 233 232
231 234 233
235 237 236
235 238 237
239 241 240
240 242 239
243 245 244
243 246 245
247 249 248
250 248 249
251 253 252
251 254 253
255 257 256
256 258 255
259 260 35
35 34 259
261 27 30
30 262 261
65 70 263
264 263 70
265 267 266
267 268 266
97 98 109
269 270 141
141 139 269
207 209 271
271 197 196
271 196 203
66 203 204
204 202 66
207 208 209
271 210 197
271 209 210
272 274 273
275 273 274
276 278 277
278 279 277
277 279 280
279 281 280
280 283 282
280 281 283
284 276 282
282 285 284
284 286 278
278 276 284
278 286 283
286 287 283
283 285 282
283 287 285
288 290 289
289 290 291
292 294 293
293 295 292
296 298 297
297 298 299
126 301 300
300 124 126
302 304 303
303 305 302
306 308 307
307 309 306
310 312 311
311 313 310
314 316 315
315 316 317
318 320 319
318 321 320
322 324 323
323 325 322
325 327 326
326 322 325
328 326 327
328 329 326
323 329 328
323 324 329
330 332 331
331 333 330
334 336 335
334 337 336
338 340 339
340 338 341
342 344 343
343 345 342
346 78 347
346 77 78
348 350 349
348 351 350
349 353 352
349 350 353
354 352 353
353 355 354
121 80 122
121 81 80
38 77 73
38 80 77
356 358 357
356 359 358
360 362 361
363 361 362
364 366 365
365 367 364
367 365 368
365 369 368
369 370 368
371 373 372
372 373 374
375 377 376
377 378 376
379 381 380
382 380 381
382 383 380
384 386 385
387 389 388
388 390 387
391 366 364
391 392 366
392 391 393
394 396 395
396 397 395
398 400 399
399 401 398
402 404 403
402 405 404
406 408 407
404 409 403
400 411 410
411 400 398
385 386 412
412 413 385
414 413 412
415 417 416
416 418 415
419 125 123
420 419 123
421 423 422
422 424 421
425 427 426
427 428 426
429 431 430
430 432 429
433 435 434
435 433 436
437 439 438
438 440 437
441 443 442
442 444 441
445 447 446
446 436 445
429 449 448
429 432 449
145 451 450
452 145 450
452 144 145
384 451 386
451 145 386
453 455 454
453 454 347
454 346 347
420 85 83
83 419 420
456 458 457
457 459 456
460 462 461
461 463 460
464 466 465
467 465 466
468 470 469
461 472 471
471 463 461
414 412 117
117 412 115
385 413 473
473 474 385
475 477 476
477 478 476
479 481 480
480 482 479
483 485 484
484 486 483
487 489 488
488 490 487
491 493 492
493 494 492
495 497 496
496 498 495
499 501 500
499 500 475
502 406 407
408 406 503
500 477 475
504 383 382
504 505 383
506 507 375
507 377 375
403 409 508
409 509 508
510 512 511
511 513 510
436 433 445
514 515 470
470 468 514
516 518 517
517 519 516
520 522 521
522 523 521
521 523 524
523 525 524
524 527 526
524 525 527
526 529 528
528 520 526
522 520 528
528 530 522
522 530 527
530 531 527
527 529 526
527 531 529
532 118 533
532 120 118
534 536 535
537 535 536
538 453 539
538 455 453
540 542 541
540 543 542
544 546 545
544 545 547
548 546 544
548 549 546
550 549 548
550 551 549
545 551 550
550 547 545
552 554 553
552 555 554
556 558 557
556 559 558
560 562 561
560 563 562
564 566 565
564 567 566
568 570 569
568 571 570
569 573 572
569 570 573
572 575 574
572 573 575
571 568 574
574 575 571
576 578 577
576 579 578
580 582 581
580 583 582
584 586 585
584 587 586
588 590 589
588 591 590
592 594 593
594 595 593
596 598 597
598 596 599
600 602 601
602 600 603
604 606 605
605 607 604
608 610 609
609 611 608
612 614 613
614 615 613
616 618 617
619 617 618
620 622 621
620 623 622
624 626 625
626 627 625
625 629 628
625 627 629
630 632 631
631 633 630
634 636 635
635 636 637
638 640 639
639 641 638
638 642 640
640 642 643
644 646 645
647 645 646
648 650 649
648 651 650
652 654 653
653 655 652
656 658 657
656 659 658
660 662 661
662 663 661
664 666 665
667 665 666
668 670 669
669 671 668
672 674 673
674 675 673
673 677 676
673 675 677
678 680 679
679 681 678
682 684 683
683 684 685
686 688 687
687 689 686
686 690 688
688 690 691
692 694 693
695 693 694
696 698 697
696 699 698
700 702 701
701 703 700
704 706 705
704 707 706
708 710 709
709 710 711
712 714 713
715 717 716
718 719 713
719 720 713
721 723 722
724 722 723
725 727 726
727 715 726
728 730 729
728 731 730
732 734 733
733 735 732
727 717 715
713 714 718
736 738 737
736 739 738
740 742 741
741 743 740
744 746 745
744 747 746
748 750 749
750 751 749
749 753 752
749 751 753
754 756 755
754 757 756
758 760 759
759 761 758
762 764 763
762 765 764
762 766 765
765 766 767
768 770 769
769 771 768
772 774 773
773 775 772
776 778 777
776 779 778
780 782 781
781 783 780
784 786 785
784 787 786
788 790 789
789 791 788
792 794 793
792 795 794
796 798 797
798 799 797
797 801 800
797 799 801
802 804 803
802 805 804
806 808 807
807 809 806
810 812 811
810 813 812
810 814 813
813 814 815
816 818 817
817 819 816
820 822 821
821 823 820
824 826 825
824 827 826
828 830 829
829 831 828
832 834 833
833 835 832
836 838 837
838 839 837
840 842 841
842 843 841
844 846 845
846 844 847
848 850 849
848 851 850
852 854 853
855 857 856
858 860 859
859 854 858
861 863 862
862 863 864
865 855 866
866 867 865
868 870 869
869 870 871
872 874 873
873 875 872
866 855 856
854 859 853
876 878 877
877 879 876
880 881 858
865 883 882
884 886 885
885 887 884
867 883 865
858 881 860
888 890 889
890 888 891
892 894 893
892 895 894
896 898 897
897 899 896
900 902 901
901 903 900
904 906 905
905 906 907
908 910 909
910 908 911
912 914 913
912 915 914
916 918 917
917 919 916
920 922 921
921 923 920
924 926 925
925 926 927

