[FBX_META_DATA]
MeshCount: 1

[MESH_DATA]
VertexCount: 595
IndexCount: 1296
BoneCount: 0
AnimationClips: 1

[VERTEX_DATA]
Position: -1.28844 0.676055 -3.56704
Normal: -0 0.707108 -0.707106
UV: 0.451919 0.369075

Position: -1.46769 0.676055 -3.56704
Normal: -0 0.707108 -0.707106
UV: 0.451919 0.392489

Position: -1.28844 0.543639 -3.69946
Normal: -0 0.707108 -0.707106
UV: 0.478059 0.369074

Position: -1.46769 0.543639 -3.69946
Normal: -0 0.707108 -0.707106
UV: 0.47806 0.39249

Position: -1.28844 0.362755 -3.74792
Normal: -0 0.258828 -0.965923
UV: 0.504199 0.369072

Position: -1.46769 0.543639 -3.69946
Normal: -0 0.258828 -0.965923
UV: 0.47806 0.39249

Position: -1.46769 0.362755 -3.74792
Normal: -0 0.258828 -0.965923
UV: 0.504202 0.392487

Position: -1.28844 0.543639 -3.69946
Normal: -0 0.258828 -0.965923
UV: 0.478059 0.369074

Position: -1.28844 0.181871 -3.69946
Normal: -0 -0.258828 -0.965923
UV: 0.530339 0.369068

Position: -1.46769 0.362755 -3.74792
Normal: -0 -0.258828 -0.965923
UV: 0.504202 0.392487

Position: -1.46769 0.181871 -3.69946
Normal: -0 -0.258828 -0.965923
UV: 0.530342 0.392484

Position: -1.28844 0.362755 -3.74792
Normal: -0 -0.258828 -0.965923
UV: 0.504199 0.369072

Position: -1.28844 0.0494549 -3.56704
Normal: -0 -0.707108 -0.707106
UV: 0.556476 0.369066

Position: -1.46769 0.181871 -3.69946
Normal: -0 -0.707108 -0.707106
UV: 0.530342 0.392484

Position: -1.46769 0.0494549 -3.56704
Normal: -0 -0.707108 -0.707106
UV: 0.556478 0.392483

Position: -1.28844 0.181871 -3.69946
Normal: -0 -0.707108 -0.707106
UV: 0.530339 0.369068

Position: -1.28844 0.00098713 -3.38616
Normal: -0 -0.965925 -0.258821
UV: 0.582615 0.369069

Position: -1.46769 0.0494549 -3.56704
Normal: -0 -0.965925 -0.258821
UV: 0.556478 0.392483

Position: -1.46769 0.00098713 -3.38616
Normal: -0 -0.965925 -0.258821
UV: 0.582614 0.392481

Position: -1.28844 0.0494549 -3.56704
Normal: -0 -0.965925 -0.258821
UV: 0.556476 0.369066

Position: -1.28844 0.0494549 -3.20527
Normal: -0 -0.965925 0.258821
UV: 0.60875 0.369072

Position: -1.46769 0.00098713 -3.38616
Normal: -0 -0.965925 0.258821
UV: 0.582614 0.392481

Position: -1.46769 0.0494549 -3.20527
Normal: -0 -0.965925 0.258821
UV: 0.608751 0.392484

Position: -1.28844 0.00098713 -3.38616
Normal: -0 -0.965925 0.258821
UV: 0.582615 0.369069

Position: -1.28844 0.181871 -3.07286
Normal: -0 -0.707108 0.707106
UV: 0.478156 0.369741

Position: -1.46769 0.0494549 -3.20527
Normal: -0 -0.707108 0.707106
UV: 0.452021 0.393154

Position: -1.46769 0.181871 -3.07286
Normal: -0 -0.707108 0.707106
UV: 0.478159 0.393153

Position: -1.28844 0.0494549 -3.20527
Normal: -0 -0.707108 0.707106
UV: 0.452019 0.369742

Position: -1.28844 0.362755 -3.02439
Normal: -0 -0.258826 0.965924
UV: 0.504291 0.369736

Position: -1.46769 0.181871 -3.07286
Normal: -0 -0.258826 0.965924
UV: 0.478159 0.393153

Position: -1.46769 0.362755 -3.02439
Normal: -0 -0.258826 0.965924
UV: 0.504295 0.393148

Position: -1.28844 0.181871 -3.07286
Normal: -0 -0.258826 0.965924
UV: 0.478156 0.369741

Position: -1.28844 0.543639 -3.07286
Normal: -0 0.258826 0.965924
UV: 0.530429 0.369733

Position: -1.46769 0.362755 -3.02439
Normal: -0 0.258826 0.965924
UV: 0.504295 0.393148

Position: -1.46769 0.543639 -3.07286
Normal: -0 0.258826 0.965924
UV: 0.530432 0.393147

Position: -1.28844 0.362755 -3.02439
Normal: -0 0.258826 0.965924
UV: 0.504291 0.369736

Position: -1.28844 0.543639 -3.07286
Normal: -0 0.707108 0.707106
UV: 0.530429 0.369733

Position: -1.46769 0.543639 -3.07286
Normal: -0 0.707108 0.707106
UV: 0.530432 0.393147

Position: -1.28844 0.676055 -3.20527
Normal: -0 0.707108 0.707106
UV: 0.55657 0.369733

Position: -1.46769 0.676055 -3.20527
Normal: -0 0.707108 0.707106
UV: 0.556571 0.393148

Position: -1.28844 0.676055 -3.20527
Normal: -0 0.965926 0.25882
UV: 0.55657 0.369733

Position: -1.46769 0.676055 -3.20527
Normal: -0 0.965926 0.25882
UV: 0.556571 0.393148

Position: -1.28844 0.724523 -3.38616
Normal: -0 0.965926 0.25882
UV: 0.582708 0.36973

Position: -1.46769 0.724523 -3.38616
Normal: -0 0.965926 0.25882
UV: 0.58271 0.393142

Position: -1.28844 0.724523 -3.38616
Normal: -0 0.965926 -0.25882
UV: 0.582708 0.36973

Position: -1.46769 0.724523 -3.38616
Normal: -0 0.965926 -0.25882
UV: 0.58271 0.393142

Position: -1.28844 0.676055 -3.56704
Normal: -0 0.965926 -0.25882
UV: 0.60885 0.369729

Position: -1.46769 0.676055 -3.56704
Normal: -0 0.965926 -0.25882
UV: 0.608852 0.393144

Position: -1.46769 0.543639 -3.69946
Normal: -1 4.55426e-007 0
UV: 0.570843 0.342224

Position: -1.46769 0.676055 -3.56704
Normal: -1 4.55429e-007 0
UV: 0.59949 0.313567

Position: -1.46769 0.362755 -3.38616
Normal: -1 -7.77666e-014 0
UV: 0.531701 0.274449

Position: -1.46769 0.362755 -3.74792
Normal: -1 4.55426e-007 0
UV: 0.531706 0.352713

Position: -1.46769 0.181871 -3.69946
Normal: -1 4.55429e-007 0
UV: 0.492562 0.342221

Position: -1.46769 0.0494549 -3.56704
Normal: -1 0 0
UV: 0.463915 0.313569

Position: -1.46769 0.00098713 -3.38616
Normal: -1 0 0
UV: 0.453434 0.274428

Position: -1.46769 0.0494549 -3.20527
Normal: -1 -4.55429e-007 0
UV: 0.463928 0.235307

Position: -1.46769 0.181871 -3.07286
Normal: -1 -4.55427e-007 0
UV: 0.492573 0.206667

Position: -1.46769 0.362755 -3.02439
Normal: -1 -4.55427e-007 0
UV: 0.531703 0.196182

Position: -1.46769 0.543639 -3.07286
Normal: -1 -4.55429e-007 0
UV: 0.570831 0.206667

Position: -1.46769 0.676055 -3.20527
Normal: -1 0 0
UV: 0.599474 0.235307

Position: -1.46769 0.724523 -3.38616
Normal: -1 0 0
UV: 0.609968 0.27443

Position: -1.67451 2.23041 -4.36879
Normal: -0 0.708583 -0.705627
UV: 0.674504 0.355103

Position: -1.41104 2.3538 -4.24488
Normal: -0 0.708583 -0.705627
UV: 0.711283 0.376378

Position: -1.72176 2.3538 -4.24488
Normal: -0 0.708583 -0.705627
UV: 0.667907 0.376378

Position: -1.4583 2.23041 -4.36879
Normal: -0 0.708583 -0.705627
UV: 0.704686 0.355103

Position: -1.4583 1.66589 -4.36879
Normal: -0 0 -1
UV: 0.65635 0.218274

Position: -1.67451 2.23041 -4.36879
Normal: -0 0 -1
UV: 0.71301 0.248456

Position: -1.67451 1.66589 -4.36879
Normal: -0 0 -1
UV: 0.65635 0.248456

Position: -1.4583 2.23041 -4.36879
Normal: -0 0 -1
UV: 0.71301 0.218274

Position: -1.41104 1.5425 -4.24488
Normal: -0 -0.708587 -0.705624
UV: 0.661471 0.313294

Position: -1.67451 1.66589 -4.36879
Normal: -0 -0.708587 -0.705624
UV: 0.698248 0.292019

Position: -1.72176 1.5425 -4.24488
Normal: -0 -0.708587 -0.705624
UV: 0.704845 0.313292

Position: -1.4583 1.66589 -4.36879
Normal: -0 -0.708587 -0.705624
UV: 0.668066 0.292019

Position: -1.41104 2.3538 -4.24488
Normal: -0 0 1
UV: 0.944324 0.0923805

Position: -1.72176 1.5425 -4.24488
Normal: -0 0 1
UV: 0.862895 0.0490045

Position: -1.72176 2.3538 -4.24488
Normal: -0 0 1
UV: 0.944324 0.0490045

Position: -1.41104 1.5425 -4.24488
Normal: -0 0 1
UV: 0.862895 0.0923805

Position: -1.4583 2.23041 -4.36879
Normal: 0.93435 0 -0.356355
UV: 0.806767 0.2036

Position: -1.41104 1.5425 -4.24488
Normal: 0.93435 0 -0.356355
UV: 0.737723 0.185087

Position: -1.41104 2.3538 -4.24488
Normal: 0.93435 0 -0.356355
UV: 0.819153 0.185087

Position: -1.4583 1.66589 -4.36879
Normal: 0.93435 0 -0.356355
UV: 0.750109 0.2036

Position: -1.67451 2.23041 -4.36879
Normal: -0.93435 0 -0.356357
UV: 0.749991 0.203605

Position: -1.72176 1.5425 -4.24488
Normal: -0.93435 0 -0.356357
UV: 0.819035 0.185091

Position: -1.67451 1.66589 -4.36879
Normal: -0.93435 0 -0.356357
UV: 0.806649 0.203605

Position: -1.72176 2.3538 -4.24488
Normal: -0.93435 0 -0.356357
UV: 0.737606 0.185092

Position: -1.28844 0.676055 3.27864
Normal: -0 0.707108 -0.707106
UV: 0.451919 0.369075

Position: -1.46769 0.676055 3.27864
Normal: -0 0.707108 -0.707106
UV: 0.451919 0.392489

Position: -1.28844 0.543639 3.14622
Normal: -0 0.707108 -0.707106
UV: 0.478059 0.369074

Position: -1.46769 0.543639 3.14622
Normal: -0 0.707108 -0.707106
UV: 0.47806 0.39249

Position: -1.28844 0.362755 3.09775
Normal: -0 0.258826 -0.965924
UV: 0.504199 0.369072

Position: -1.46769 0.543639 3.14622
Normal: -0 0.258826 -0.965924
UV: 0.47806 0.39249

Position: -1.46769 0.362755 3.09775
Normal: -0 0.258826 -0.965924
UV: 0.504202 0.392487

Position: -1.28844 0.543639 3.14622
Normal: -0 0.258826 -0.965924
UV: 0.478059 0.369074

Position: -1.28844 0.181871 3.14622
Normal: -0 -0.258826 -0.965924
UV: 0.530339 0.369068

Position: -1.46769 0.362755 3.09775
Normal: -0 -0.258826 -0.965924
UV: 0.504202 0.392487

Position: -1.46769 0.181871 3.14622
Normal: -0 -0.258826 -0.965924
UV: 0.530342 0.392484

Position: -1.28844 0.362755 3.09775
Normal: -0 -0.258826 -0.965924
UV: 0.504199 0.369072

Position: -1.28844 0.0494549 3.27864
Normal: -0 -0.707108 -0.707106
UV: 0.556476 0.369066

Position: -1.46769 0.181871 3.14622
Normal: -0 -0.707108 -0.707106
UV: 0.530342 0.392484

Position: -1.46769 0.0494549 3.27864
Normal: -0 -0.707108 -0.707106
UV: 0.556478 0.392483

Position: -1.28844 0.181871 3.14622
Normal: -0 -0.707108 -0.707106
UV: 0.530339 0.369068

Position: -1.28844 0.00098713 3.45952
Normal: -0 -0.965925 -0.258821
UV: 0.582615 0.369069

Position: -1.46769 0.0494549 3.27864
Normal: -0 -0.965925 -0.258821
UV: 0.556478 0.392483

Position: -1.46769 0.00098713 3.45952
Normal: -0 -0.965925 -0.258821
UV: 0.582614 0.392481

Position: -1.28844 0.0494549 3.27864
Normal: -0 -0.965925 -0.258821
UV: 0.556476 0.369066

Position: -1.28844 0.0494549 3.6404
Normal: -0 -0.965926 0.25882
UV: 0.60875 0.369072

Position: -1.46769 0.00098713 3.45952
Normal: -0 -0.965926 0.25882
UV: 0.582614 0.392481

Position: -1.46769 0.0494549 3.6404
Normal: -0 -0.965926 0.25882
UV: 0.608751 0.392484

Position: -1.28844 0.00098713 3.45952
Normal: -0 -0.965926 0.25882
UV: 0.582615 0.369069

Position: -1.28844 0.181871 3.77282
Normal: -0 -0.707106 0.707108
UV: 0.478156 0.369741

Position: -1.46769 0.0494549 3.6404
Normal: -0 -0.707106 0.707108
UV: 0.452021 0.393154

Position: -1.46769 0.181871 3.77282
Normal: -0 -0.707106 0.707108
UV: 0.478159 0.393153

Position: -1.28844 0.0494549 3.6404
Normal: -0 -0.707106 0.707108
UV: 0.452019 0.369742

Position: -1.28844 0.362755 3.82129
Normal: -0 -0.258828 0.965923
UV: 0.504291 0.369736

Position: -1.46769 0.181871 3.77282
Normal: -0 -0.258828 0.965923
UV: 0.478159 0.393153

Position: -1.46769 0.362755 3.82129
Normal: -0 -0.258828 0.965923
UV: 0.504295 0.393148

Position: -1.28844 0.181871 3.77282
Normal: -0 -0.258828 0.965923
UV: 0.478156 0.369741

Position: -1.28844 0.543639 3.77282
Normal: -0 0.258828 0.965923
UV: 0.530429 0.369733

Position: -1.46769 0.362755 3.82129
Normal: -0 0.258828 0.965923
UV: 0.504295 0.393148

Position: -1.46769 0.543639 3.77282
Normal: -0 0.258828 0.965923
UV: 0.530432 0.393147

Position: -1.28844 0.362755 3.82129
Normal: -0 0.258828 0.965923
UV: 0.504291 0.369736

Position: -1.28844 0.676055 3.6404
Normal: -0 0.707106 0.707108
UV: 0.55657 0.369733

Position: -1.46769 0.543639 3.77282
Normal: -0 0.707106 0.707108
UV: 0.530432 0.393147

Position: -1.46769 0.676055 3.6404
Normal: -0 0.707106 0.707108
UV: 0.556571 0.393148

Position: -1.28844 0.543639 3.77282
Normal: -0 0.707106 0.707108
UV: 0.530429 0.369733

Position: -1.28844 0.676055 3.6404
Normal: -0 0.965926 0.25882
UV: 0.55657 0.369733

Position: -1.46769 0.676055 3.6404
Normal: -0 0.965926 0.25882
UV: 0.556571 0.393148

Position: -1.28844 0.724523 3.45952
Normal: -0 0.965926 0.25882
UV: 0.582708 0.36973

Position: -1.46769 0.724523 3.45952
Normal: -0 0.965926 0.25882
UV: 0.58271 0.393142

Position: -1.28844 0.724523 3.45952
Normal: -0 0.965926 -0.25882
UV: 0.582708 0.36973

Position: -1.46769 0.724523 3.45952
Normal: -0 0.965926 -0.25882
UV: 0.58271 0.393142

Position: -1.28844 0.676055 3.27864
Normal: -0 0.965926 -0.25882
UV: 0.60885 0.369729

Position: -1.46769 0.676055 3.27864
Normal: -0 0.965926 -0.25882
UV: 0.608852 0.393144

Position: -1.46769 0.543639 3.14622
Normal: -1 4.55427e-007 0
UV: 0.570843 0.342224

Position: -1.46769 0.676055 3.27864
Normal: -1 4.55428e-007 0
UV: 0.59949 0.313567

Position: -1.46769 0.362755 3.45952
Normal: -1 7.59049e-008 0
UV: 0.531701 0.274449

Position: -1.46769 0.362755 3.09775
Normal: -1 4.55427e-007 0
UV: 0.531706 0.352713

Position: -1.46769 0.181871 3.14622
Normal: -1 4.55429e-007 0
UV: 0.492562 0.342221

Position: -1.46769 0.0494549 3.27864
Normal: -1 0 0
UV: 0.463915 0.313569

Position: -1.46769 0.00098713 3.45952
Normal: -1 0 0
UV: 0.453434 0.274428

Position: -1.46769 0.0494549 3.6404
Normal: -1 0 0
UV: 0.463928 0.235307

Position: -1.46769 0.181871 3.77282
Normal: -1 0 0
UV: 0.492573 0.206667

Position: -1.46769 0.362755 3.82129
Normal: -1 -4.55427e-007 0
UV: 0.531703 0.196182

Position: -1.46769 0.543639 3.77282
Normal: -1 -4.55429e-007 0
UV: 0.570831 0.206667

Position: -1.46769 0.676055 3.6404
Normal: -1 0 0
UV: 0.599474 0.235307

Position: -1.46769 0.724523 3.45952
Normal: -1 0 0
UV: 0.609968 0.27443

Position: 1.28844 0.543639 -3.69946
Normal: -0 0.707108 -0.707105
UV: 0.478059 0.369074

Position: 1.46769 0.676055 -3.56704
Normal: -0 0.707108 -0.707105
UV: 0.451919 0.392489

Position: 1.28844 0.676055 -3.56704
Normal: -0 0.707108 -0.707105
UV: 0.451919 0.369075

Position: 1.46769 0.543639 -3.69946
Normal: -0 0.707108 -0.707105
UV: 0.47806 0.39249

Position: 1.28844 0.362755 -3.74792
Normal: -0 0.258828 -0.965923
UV: 0.504199 0.369072

Position: 1.46769 0.362755 -3.74792
Normal: -0 0.258828 -0.965923
UV: 0.504202 0.392487

Position: 1.46769 0.543639 -3.69946
Normal: -0 0.258828 -0.965923
UV: 0.47806 0.39249

Position: 1.28844 0.543639 -3.69946
Normal: -0 0.258828 -0.965923
UV: 0.478059 0.369074

Position: 1.28844 0.181871 -3.69946
Normal: -0 -0.258828 -0.965923
UV: 0.530339 0.369068

Position: 1.46769 0.181871 -3.69946
Normal: -0 -0.258828 -0.965923
UV: 0.530342 0.392484

Position: 1.46769 0.362755 -3.74792
Normal: -0 -0.258828 -0.965923
UV: 0.504202 0.392487

Position: 1.28844 0.362755 -3.74792
Normal: -0 -0.258828 -0.965923
UV: 0.504199 0.369072

Position: 1.28844 0.0494549 -3.56704
Normal: -0 -0.707108 -0.707105
UV: 0.556476 0.369066

Position: 1.46769 0.0494549 -3.56704
Normal: -0 -0.707108 -0.707105
UV: 0.556478 0.392483

Position: 1.46769 0.181871 -3.69946
Normal: -0 -0.707108 -0.707105
UV: 0.530342 0.392484

Position: 1.28844 0.181871 -3.69946
Normal: -0 -0.707108 -0.707105
UV: 0.530339 0.369068

Position: 1.28844 0.00098713 -3.38616
Normal: -0 -0.965925 -0.258821
UV: 0.582615 0.369069

Position: 1.46769 0.00098713 -3.38616
Normal: -0 -0.965925 -0.258821
UV: 0.582614 0.392481

Position: 1.46769 0.0494549 -3.56704
Normal: -0 -0.965925 -0.258821
UV: 0.556478 0.392483

Position: 1.28844 0.0494549 -3.56704
Normal: -0 -0.965925 -0.258821
UV: 0.556476 0.369066

Position: 1.28844 0.0494549 -3.20527
Normal: -0 -0.965925 0.258821
UV: 0.60875 0.369072

Position: 1.46769 0.0494549 -3.20527
Normal: -0 -0.965925 0.258821
UV: 0.608751 0.392484

Position: 1.46769 0.00098713 -3.38616
Normal: -0 -0.965925 0.258821
UV: 0.582614 0.392481

Position: 1.28844 0.00098713 -3.38616
Normal: -0 -0.965925 0.258821
UV: 0.582615 0.369069

Position: 1.28844 0.181871 -3.07286
Normal: -0 -0.707108 0.707105
UV: 0.478156 0.369741

Position: 1.46769 0.181871 -3.07286
Normal: -0 -0.707108 0.707105
UV: 0.478159 0.393153

Position: 1.46769 0.0494549 -3.20527
Normal: -0 -0.707108 0.707105
UV: 0.452021 0.393154

Position: 1.28844 0.0494549 -3.20527
Normal: -0 -0.707108 0.707105
UV: 0.452019 0.369742

Position: 1.28844 0.362755 -3.02439
Normal: -0 -0.258826 0.965924
UV: 0.504291 0.369736

Position: 1.46769 0.362755 -3.02439
Normal: -0 -0.258826 0.965924
UV: 0.504295 0.393148

Position: 1.46769 0.181871 -3.07286
Normal: -0 -0.258826 0.965924
UV: 0.478159 0.393153

Position: 1.28844 0.181871 -3.07286
Normal: -0 -0.258826 0.965924
UV: 0.478156 0.369741

Position: 1.28844 0.543639 -3.07286
Normal: -0 0.258826 0.965924
UV: 0.530429 0.369733

Position: 1.46769 0.543639 -3.07286
Normal: -0 0.258826 0.965924
UV: 0.530432 0.393147

Position: 1.46769 0.362755 -3.02439
Normal: -0 0.258826 0.965924
UV: 0.504295 0.393148

Position: 1.28844 0.362755 -3.02439
Normal: -0 0.258826 0.965924
UV: 0.504291 0.369736

Position: 1.28844 0.676055 -3.20527
Normal: -0 0.707108 0.707106
UV: 0.55657 0.369733

Position: 1.46769 0.543639 -3.07286
Normal: -0 0.707108 0.707106
UV: 0.530432 0.393147

Position: 1.28844 0.543639 -3.07286
Normal: -0 0.707108 0.707106
UV: 0.530429 0.369733

Position: 1.46769 0.676055 -3.20527
Normal: -0 0.707108 0.707106
UV: 0.556571 0.393148

Position: 1.28844 0.676055 -3.20527
Normal: -0 0.965926 0.25882
UV: 0.55657 0.369733

Position: 1.28844 0.724523 -3.38616
Normal: -0 0.965926 0.25882
UV: 0.582708 0.36973

Position: 1.46769 0.676055 -3.20527
Normal: -0 0.965926 0.25882
UV: 0.556571 0.393148

Position: 1.46769 0.724523 -3.38616
Normal: -0 0.965926 0.25882
UV: 0.58271 0.393142

Position: 1.28844 0.724523 -3.38616
Normal: -0 0.965926 -0.25882
UV: 0.582708 0.36973

Position: 1.46769 0.676055 -3.56704
Normal: -0 0.965926 -0.25882
UV: 0.608852 0.393144

Position: 1.46769 0.724523 -3.38616
Normal: -0 0.965926 -0.25882
UV: 0.58271 0.393142

Position: 1.28844 0.676055 -3.56704
Normal: -0 0.965926 -0.25882
UV: 0.60885 0.369729

Position: 1.46769 0.543639 -3.69946
Normal: 1 4.55429e-007 0
UV: 0.570843 0.342224

Position: 1.46769 0.362755 -3.38616
Normal: 1 1.72815e-014 0
UV: 0.531701 0.274449

Position: 1.46769 0.676055 -3.56704
Normal: 1 0 0
UV: 0.59949 0.313567

Position: 1.46769 0.362755 -3.74792
Normal: 1 4.14756e-014 0
UV: 0.531706 0.352713

Position: 1.46769 0.181871 -3.69946
Normal: 1 -4.55429e-007 0
UV: 0.492562 0.342221

Position: 1.46769 0.0494549 -3.56704
Normal: 1 0 0
UV: 0.463915 0.313569

Position: 1.46769 0.00098713 -3.38616
Normal: 1 0 0
UV: 0.453434 0.274428

Position: 1.46769 0.0494549 -3.20527
Normal: 1 0 0
UV: 0.463928 0.235307

Position: 1.46769 0.181871 -3.07286
Normal: 1 -2.27715e-007 0
UV: 0.492573 0.206667

Position: 1.46769 0.362755 -3.02439
Normal: 1 4.14756e-014 0
UV: 0.531703 0.196182

Position: 1.46769 0.543639 -3.07286
Normal: 1 2.27714e-007 0
UV: 0.570831 0.206667

Position: 1.46769 0.676055 -3.20527
Normal: 1 0 0
UV: 0.599474 0.235307

Position: 1.46769 0.724523 -3.38616
Normal: 1 0 0
UV: 0.609968 0.27443

Position: -1.35881 0.357193 -4.40103
Normal: -0.999982 0 -0.0060738
UV: 0.727756 0.079473

Position: -1.35745 0.361632 -4.51658
Normal: -0.999931 0 -0.0117472
UV: 0.745582 0.079469

Position: -1.35881 0.560595 -4.40103
Normal: -0.999987 -1.87345e-008 -0.00518102
UV: 0.727881 0.051597

Position: -1.35745 0.561367 -4.51658
Normal: -0.999931 0 -0.0117472
UV: 0.745567 0.051582

Position: -0 1.86944 -4.39354
Normal: 1.20641e-008 0.00092278 -1
UV: 0.416362 0.262147

Position: -0 3.17026 -4.39349
Normal: 1.69182e-011 0.00137152 -0.999999
UV: 0.416335 0.10499

Position: -1.27064 1.86944 -4.39354
Normal: 0.000250139 0.00109541 -0.999999
UV: 0.266255 0.262173

Position: -1.27064 3.17026 -4.39349
Normal: -3.33586e-005 0.00192289 -0.999998
UV: 0.266228 0.105016

Position: -1.35881 1.11077 -4.40103
Normal: 0.00791099 9.55097e-005 -0.999969
UV: 0.79176 0.493368

Position: -0.830521 1.11046 -4.39365
Normal: 0.00386307 5.95664e-005 -0.999993
UV: 0.867239 0.494099

Position: -1.35813 1.49887 -4.39644
Normal: 0.00301746 0.00214146 -0.999993
UV: 0.79176 0.439754

Position: -0 1.49747 -4.39365
Normal: -1.62322e-008 0.00201752 -0.999998
UV: 0.984322 0.439754

Position: -0 0.561367 -4.39365
Normal: -0 0.999995 0.00317466
UV: 0.776341 0.09909

Position: -1.35745 0.561367 -4.51658
Normal: -0.000287505 0.999995 0.00317466
UV: 0.586844 0.116847

Position: -0 0.561367 -4.52115
Normal: -0 0.999995 0.00317466
UV: 0.776344 0.11678

Position: -1.35881 0.560595 -4.40103
Normal: -0.000287505 0.999995 0.00317466
UV: 0.586842 0.099153

Position: -0 0.561367 -4.52115
Normal: -0 0 -1
UV: 0.935068 0.051441

Position: -1.35745 0.561367 -4.51658
Normal: -0.00336241 0 -0.999994
UV: 0.745567 0.051582

Position: -0 0.361632 -4.52115
Normal: -0 0 -1
UV: 0.935091 0.079326

Position: -1.35745 0.361632 -4.51658
Normal: -0.00336241 0 -0.999994
UV: 0.745582 0.079469

Position: -0 0.361632 -4.52115
Normal: -1.74303e-009 -0.999848 -0.0174244
UV: 0.0186294 0.317981

Position: -1.35745 0.361632 -4.51658
Normal: -0.000129081 -0.999263 -0.0383888
UV: 0.018831 0.377946

Position: -1.35881 0.357193 -4.40103
Normal: 0.000753845 -0.999805 -0.019715
UV: 0.0239357 0.378006

Position: -0 3.26765 -4.39223
Normal: 2.3773e-010 0.0187761 -0.999824
UV: 0.661578 0.585185

Position: -1.27064 3.17026 -4.39349
Normal: -3.33586e-005 0.00192289 -0.999998
UV: 0.650446 0.435113

Position: -0 3.17026 -4.39349
Normal: 1.69182e-011 0.00137152 -0.999999
UV: 0.651071 0.585228

Position: -1.35881 3.26562 -4.39109
Normal: -0.000191716 0.0104436 -0.999945
UV: 0.660928 0.424834

Position: -1.35813 1.49887 -4.39644
Normal: 0.00301746 0.00214146 -0.999993
UV: 0.48278 0.424951

Position: -1.27064 1.86944 -4.39354
Normal: 0.000250139 0.00109541 -0.999999
UV: 0.493274 0.435217

Position: -0 1.86944 -4.39354
Normal: 1.20641e-008 0.00092278 -1
UV: 0.492818 0.585333

Position: -0 1.49747 -4.39365
Normal: -1.62322e-008 0.00201752 -0.999998
UV: 0.482311 0.585302

Position: -0.830521 1.11046 -4.39365
Normal: 0.00386307 5.95664e-005 -0.999993
UV: 0.180903 0.0144681

Position: -1.35881 1.11077 -4.40103
Normal: 0.00791099 9.55097e-005 -0.999969
UV: 0.107343 0.0144721

Position: -0.830521 0.826956 -4.39365
Normal: 0.00465552 0.00455745 -0.999979
UV: 0.180913 0.0701771

Position: -1.35881 0.820883 -4.40103
Normal: 0.0101004 0.00768129 -0.99992
UV: 0.107352 0.0701811

Position: -0 0.561367 -4.39365
Normal: -1.08668e-007 0.00132652 -0.999999
UV: 0.984322 0.573106

Position: -0.830521 0.826956 -4.39365
Normal: 0.00465552 0.00455745 -0.999979
UV: 0.866857 0.534333

Position: -1.35881 0.560595 -4.40103
Normal: 0.0077795 0.0122758 -0.999894
UV: 0.79176 0.571337

Position: -1.35881 0.820883 -4.40103
Normal: 0.0101004 0.00768129 -0.99992
UV: 0.79176 0.533657

Position: -1.36016 1.86585 -2.68379
Normal: -1 4.08095e-005 -0.000112754
UV: 0.270292 0.188212

Position: -1.36016 3.01726 -4.15512
Normal: -0.999999 0.000461852 -0.00141672
UV: 0.397262 0.35046

Position: -1.36016 3.01726 -2.68379
Normal: -1 0.00042779 -0.000181785
UV: 0.397262 0.188212

Position: -1.36016 1.86585 -4.15583
Normal: -0.999999 2.88809e-006 -0.00110944
UV: 0.270292 0.350539

Position: -1.36037 3.01737 -0.967367
Normal: -1 7.63638e-005 -8.11246e-006
UV: 0.397274 0.194582

Position: -1.36037 1.86549 -0.977418
Normal: -1 -2.95049e-008 0
UV: 0.270253 0.19569

Position: -1.36037 3.01737 -2.34288
Normal: -1 6.55766e-005 -9.79712e-005
UV: 0.397274 0.346264

Position: -1.36037 1.86549 -2.35749
Normal: -1 2.62921e-006 -8.67919e-005
UV: 0.270253 0.347876

Position: -1.36037 3.01737 0.750705
Normal: -1 1.94395e-008 0
UV: 0.400284 0.18572

Position: -1.36037 1.86549 0.740655
Normal: -1 1.21228e-008 0
UV: 0.273262 0.186828

Position: -1.36037 3.01737 -0.624809
Normal: -1 -3.0505e-008 0
UV: 0.400284 0.337402

Position: -1.36037 1.86549 -0.639421
Normal: -1 1.39073e-008 0
UV: 0.273262 0.339014

Position: -1.36037 3.01737 2.45847
Normal: -1 1.41205e-008 0
UV: 0.403294 0.185519

Position: -1.36037 1.86549 2.44842
Normal: -1 -2.10095e-008 0
UV: 0.276272 0.186627

Position: -1.36037 3.01737 1.08296
Normal: -1 2.83133e-008 0
UV: 0.403294 0.337202

Position: -1.36037 1.86549 1.06835
Normal: -1 -2.20798e-008 0
UV: 0.276272 0.338813

Position: -1.36037 3.01737 4.18139
Normal: -1 -8.63862e-008 0
UV: 0.397274 0.194183

Position: -1.36037 1.86549 4.17134
Normal: -1 -1.30904e-008 0
UV: 0.270253 0.195291

Position: -1.36037 3.01737 2.80587
Normal: -1 -8.29127e-008 0
UV: 0.397274 0.345865

Position: -1.36037 1.86549 2.79126
Normal: -1 -1.04602e-008 0
UV: 0.270253 0.347476

Position: -1.36037 1.86549 2.79126
Normal: -1 -1.04602e-008 0
UV: 0.19698 0.803804

Position: -1.36037 3.01737 2.45847
Normal: -1 1.41205e-008 0
UV: 0.233678 0.676782

Position: -1.36037 3.01737 2.80587
Normal: -1 -8.29127e-008 0
UV: 0.195369 0.676782

Position: -1.36037 1.86549 2.44842
Normal: -1 -2.10095e-008 0
UV: 0.234786 0.803804

Position: -1.36037 1.86549 1.06835
Normal: -1 -2.20798e-008 0
UV: 0.386972 0.803804

Position: -1.36037 3.01737 0.750705
Normal: -1 1.94395e-008 0
UV: 0.421999 0.676782

Position: -1.36037 3.01737 1.08296
Normal: -1 2.83133e-008 0
UV: 0.38536 0.676782

Position: -1.36037 1.86549 0.740655
Normal: -1 1.21228e-008 0
UV: 0.423107 0.803804

Position: -1.36037 1.86549 -0.639421
Normal: -1 1.39073e-008 0
UV: 0.575293 0.803804

Position: -1.36037 3.01737 -0.967367
Normal: -1 7.63638e-005 -8.11246e-006
UV: 0.611457 0.676782

Position: -1.36037 3.01737 -0.624809
Normal: -1 -3.0505e-008 0
UV: 0.573681 0.676782

Position: -1.36037 1.86549 -0.977418
Normal: -1 -2.95049e-008 0
UV: 0.612565 0.803804

Position: -1.36027 3.26142 -2.61903
Normal: -0.999999 0.00144315 -0.00029576
UV: 0.794236 0.64987

Position: -1.36037 3.26149 -0.0453224
Normal: -1 4.76605e-005 -5.06172e-006
UV: 0.510424 0.649862

Position: -1.36037 3.01737 -2.34288
Normal: -1 6.55766e-005 -9.79712e-005
UV: 0.763139 0.676782

Position: -1.36037 3.26149 2.52648
Normal: -1 -8.04644e-008 0
UV: 0.226823 0.649862

Position: -1.36037 3.26149 4.52114
Normal: -1 -3.14075e-007 0
UV: 0.00686452 0.649862

Position: -1.36037 3.01737 4.18139
Normal: -1 -8.63862e-008 0
UV: 0.0436859 0.676782

Position: -1.36037 0.351883 -0.914115
Normal: -1 -4.25743e-009 0
UV: 0.606229 0.970715

Position: -1.36037 1.86549 -2.35749
Normal: -1 2.62921e-006 -8.67919e-005
UV: 0.764751 0.803804

Position: -1.36037 0.351933 -2.46319
Normal: -1 2.81846e-005 -2.38932e-005
UV: 0.777051 0.970709

Position: -1.36037 0.351883 0.798805
Normal: -1 -1.79196e-008 0
UV: 0.41734 0.970715

Position: -1.36037 0.351883 2.51415
Normal: -1 -4.3817e-008 0
UV: 0.228183 0.970715

Position: -1.36037 1.1102 4.2376
Normal: -1 -2.77824e-008 0
UV: 0.0381318 0.887092

Position: -1.36037 1.86549 4.17134
Normal: -1 -1.30904e-008 0
UV: 0.0447942 0.803804

Position: -1.36016 3.01726 -2.68379
Normal: -1 0.00042779 -0.000181785
UV: 0.800732 0.676794

Position: -1.36016 1.86585 -2.68379
Normal: -1 4.08095e-005 -0.000112754
UV: 0.800732 0.803764

Position: -1.36016 3.01726 -4.15512
Normal: -0.999999 0.000461852 -0.00141672
UV: 0.962981 0.676794

Position: -1.35881 3.26562 -4.39109
Normal: -0.999993 0.00121305 -0.0034319
UV: 0.989647 0.649407

Position: -1.36016 1.11108 -4.07506
Normal: -1 5.40056e-005 -0.000376697
UV: 0.954797 0.886996

Position: -1.36016 1.86585 -4.15583
Normal: -0.999999 2.88809e-006 -0.00110944
UV: 0.963059 0.803764

Position: -1.36037 1.86549 4.51109
Normal: -1 0 0
UV: 0.00797281 0.803804

Position: -1.36037 3.01737 4.52114
Normal: -1 0 0
UV: 0.00686449 0.676782

Position: -1.36037 1.1102 4.51109
Normal: -1 0 0
UV: 0.00797282 0.887092

Position: -1.36037 1.1102 4.51109
Normal: -0 0 1
UV: 0.0823711 0.588065

Position: -1.36037 1.86549 4.51109
Normal: 7.51741e-005 -0.00238331 0.999997
UV: 0.165659 0.588065

Position: -0.826623 1.1102 4.51109
Normal: -0 0 1
UV: 0.0823712 0.529207

Position: -1.35813 1.49887 -4.39644
Normal: -0.999962 0.000560254 -0.0086462
UV: 0.990237 0.844233

Position: -1.35881 1.11077 -4.40103
Normal: -0.99999 -0.000134149 -0.00447486
UV: 0.990743 0.88703

Position: -1.36037 3.26149 4.52114
Normal: -0 0 1
UV: 0.319601 0.588065

Position: -0 3.26149 4.52114
Normal: -0 0 1
UV: 0.319601 0.437642

Position: -1.1351 3.01737 4.52114
Normal: 3.43616e-005 -0.00679054 0.999977
UV: 0.292681 0.563224

Position: -0 3.01737 4.52114
Normal: -3.59983e-008 -0.00714569 0.999974
UV: 0.292681 0.437562

Position: -1.36037 3.01737 4.52114
Normal: 0.000250249 -0.00793388 0.999968
UV: 0.292681 0.588065

Position: -1.13441 1.8797 4.51109
Normal: 2.15888e-005 -0.00413076 0.999991
UV: 0.166135 0.563147

Position: -0 1.87913 4.51109
Normal: -1.08548e-006 -0.00519207 0.999987
UV: 0.168255 0.437562

Position: -0 0.962072 4.51109
Normal: -0 0 1
UV: 0.066036 0.437562

Position: -1.36037 0.81394 4.2376
Normal: -1 0 0
UV: 0.0381319 0.919762

Position: -1.36016 0.814811 -4.07506
Normal: -0.999999 -5.24036e-009 -0.00127841
UV: 0.954797 0.919666

Position: -1.36037 0.81394 4.51109
Normal: -1 0 0
UV: 0.0342147 0.0723026

Position: -1.36037 1.1102 4.2376
Normal: -1 -2.77824e-008 0
UV: 0.0643737 0.0396324

Position: -1.36037 1.1102 4.51109
Normal: -1 0 0
UV: 0.0342147 0.0396324

Position: -1.36037 0.81394 4.2376
Normal: -1 0 0
UV: 0.0643738 0.0723026

Position: -1.36037 1.1102 4.51109
Normal: -0 0 1
UV: 0.236593 0.0235231

Position: -0.826623 1.1102 4.51109
Normal: -0 0 1
UV: 0.143712 0.0235231

Position: -0.826623 0.81394 4.51109
Normal: -0 0 1
UV: 0.143712 0.0750781

Position: -1.36037 0.81394 4.51109
Normal: -0 0 1
UV: 0.236593 0.0750781

Position: -1.36016 1.11108 -4.07506
Normal: -1 5.40056e-005 -0.000376697
UV: 0.259299 0.0214586

Position: -1.35881 0.820883 -4.40103
Normal: -0.999991 -1.79335e-008 -0.00416313
UV: 0.227298 0.0574048

Position: -1.35881 1.11077 -4.40103
Normal: -0.99999 -0.000134149 -0.00447486
UV: 0.259265 0.0574048

Position: -1.36016 0.814811 -4.07506
Normal: -0.999999 -5.24036e-009 -0.00127841
UV: 0.226628 0.0214586

Position: -0.826623 0.81394 4.51109
Normal: -0 0 1
UV: 0.049701 0.529207

Position: -1.36037 0.558952 4.2376
Normal: -1 0 0
UV: 0.0381319 0.947881

Position: -1.36016 0.559823 -4.07506
Normal: -0.999999 -6.18472e-009 -0.00128512
UV: 0.954797 0.947784

Position: -1.36037 0.558952 4.51109
Normal: -1 0 0
UV: 0.00797276 0.947881

Position: -1.36037 0.81394 4.51109
Normal: -1 0 0
UV: 0.00797276 0.919762

Position: -0 0.558952 4.51109
Normal: -0 0 1
UV: 0.0215826 0.437562

Position: -1.36037 0.558952 4.51109
Normal: -0 0 1
UV: 0.0215827 0.588065

Position: -1.36037 0.81394 4.51109
Normal: -0 0 1
UV: 0.049701 0.588065

Position: -1.35881 0.560595 -4.40103
Normal: -0.999987 -1.87345e-008 -0.00518102
UV: 0.990743 0.947699

Position: -1.35881 0.820883 -4.40103
Normal: -0.999991 -1.79335e-008 -0.00416313
UV: 0.990743 0.918996

Position: -1.36037 0.351883 4.2376
Normal: -1 0 0
UV: 0.0381318 0.970715

Position: -1.36016 0.352754 -4.07506
Normal: -0.999999 0 -0.001276
UV: 0.954797 0.970619

Position: -1.36037 0.351883 4.51109
Normal: -1 0 0
UV: 0.747883 0.0549854

Position: -1.36037 0.558952 4.2376
Normal: -1 0 0
UV: 0.705882 0.0867846

Position: -1.36037 0.558952 4.51109
Normal: -1 0 0
UV: 0.747883 0.0867851

Position: -1.36037 0.351883 4.2376
Normal: -1 0 0
UV: 0.705883 0.0549848

Position: -1.36037 0.558952 4.51109
Normal: -0 0 1
UV: 0.747883 0.0867851

Position: -0 0.558952 4.51109
Normal: -0 0 1
UV: 0.957479 0.0867853

Position: -0 0.351883 4.51109
Normal: -0 0 1
UV: 0.955253 0.0549853

Position: -1.36037 0.351883 4.51109
Normal: -0 0 1
UV: 0.747883 0.0549854

Position: -1.35881 0.357193 -4.40103
Normal: -0.999982 0 -0.0060738
UV: 0.990743 0.970129

Position: -0 3.01737 4.52114
Normal: -3.59983e-008 -0.00714569 0.999974
UV: 0.277607 0.204427

Position: -1.13441 1.8797 4.51109
Normal: 2.15888e-005 -0.00413076 0.999991
UV: 0.403192 0.330974

Position: -1.1351 3.01737 4.52114
Normal: 3.43616e-005 -0.00679054 0.999977
UV: 0.403269 0.204427

Position: -0 1.87913 4.51109
Normal: -1.08548e-006 -0.00519207 0.999987
UV: 0.277607 0.328853

Position: -0 0.351883 -0.0576562
Normal: -0 -1 -6.70418e-005
UV: 0.215803 0.319065

Position: -1.36037 0.351933 -2.46319
Normal: 0.000236059 -1 -0.00019207
UV: 0.109539 0.378075

Position: -1.36037 0.351883 -0.914115
Normal: 0.000223191 -1 -0.000144648
UV: 0.177969 0.378075

Position: -0 0.352754 -4.07506
Normal: -3.34912e-010 -0.999994 -0.00341665
UV: 0.0383352 0.319056

Position: -1.36037 0.351883 0.798805
Normal: -0 -1 0
UV: 0.253637 0.378075

Position: -1.36037 0.351883 2.51415
Normal: -0 -1 0
UV: 0.329412 0.378075

Position: -0 0.351883 4.51109
Normal: -0 -1 0
UV: 0.417627 0.318425

Position: -1.36037 0.351883 4.2376
Normal: -0 -1 0
UV: 0.405545 0.378075

Position: -1.36016 0.352754 -4.07506
Normal: 0.000281385 -0.999982 -0.00591782
UV: 0.0383352 0.378066

Position: -1.36037 0.351883 4.51109
Normal: -0 -1 0
UV: 0.417627 0.378075

Position: -0 3.26149 -0.0453224
Normal: -0 1 -1.34758e-005
UV: 0.611965 0.586271

Position: -1.36027 3.26142 -2.61903
Normal: -0.000303548 0.999999 0.00118237
UV: 0.328154 0.435939

Position: -0 3.26142 -2.61903
Normal: -0 0.999999 0.00118279
UV: 0.328153 0.586282

Position: -1.36037 3.26149 -0.0453224
Normal: -1.3513e-011 1 -1.34882e-005
UV: 0.611965 0.435928

Position: -0 3.26149 -0.0453224
Normal: -0 1 -1.34758e-005
UV: 0.130376 0.590786

Position: -0 3.26149 2.52648
Normal: -0 1 0
UV: 0.413977 0.590786

Position: -1.36037 3.26149 2.52648
Normal: -0 1 0
UV: 0.413977 0.440442

Position: -1.36037 3.26149 -0.0453224
Normal: -1.3513e-011 1 -1.34882e-005
UV: 0.130376 0.440442

Position: -0 3.26149 4.52114
Normal: -0 1 0
UV: 0.633936 0.590865

Position: -1.36037 3.26149 4.52114
Normal: -0 1 0
UV: 0.633936 0.440443

Position: -1.35881 3.26562 -4.39109
Normal: -0.000744769 0.999995 0.00294021
UV: 0.132743 0.4361

Position: -0 3.26765 -4.39223
Normal: -0 0.999996 0.00294021
UV: 0.132616 0.586192

Position: 1.72176 2.3538 -4.24488
Normal: -0 0.708583 -0.705627
UV: 0.667907 0.376378

Position: 1.41104 2.3538 -4.24488
Normal: -0 0.708583 -0.705627
UV: 0.711283 0.376378

Position: 1.4583 2.23041 -4.36879
Normal: -0 0.708583 -0.705627
UV: 0.704686 0.355103

Position: 1.67451 2.23041 -4.36879
Normal: -0 0.708583 -0.705627
UV: 0.674504 0.355103

Position: 1.67451 1.66589 -4.36879
Normal: -0 0 -1
UV: 0.65635 0.248456

Position: 1.67451 2.23041 -4.36879
Normal: -0 0 -1
UV: 0.71301 0.248456

Position: 1.4583 1.66589 -4.36879
Normal: -0 0 -1
UV: 0.65635 0.218274

Position: 1.4583 2.23041 -4.36879
Normal: -0 0 -1
UV: 0.71301 0.218274

Position: 1.72176 1.5425 -4.24488
Normal: -0 -0.708587 -0.705624
UV: 0.704845 0.313292

Position: 1.4583 1.66589 -4.36879
Normal: -0 -0.708587 -0.705624
UV: 0.668066 0.292019

Position: 1.41104 1.5425 -4.24488
Normal: -0 -0.708587 -0.705624
UV: 0.661471 0.313294

Position: 1.67451 1.66589 -4.36879
Normal: -0 -0.708587 -0.705624
UV: 0.698248 0.292019

Position: 1.72176 2.3538 -4.24488
Normal: -0 0 1
UV: 0.944324 0.0490045

Position: 1.72176 1.5425 -4.24488
Normal: -0 0 1
UV: 0.862895 0.0490045

Position: 1.41104 2.3538 -4.24488
Normal: -0 0 1
UV: 0.944324 0.0923805

Position: 1.41104 1.5425 -4.24488
Normal: -0 0 1
UV: 0.862895 0.0923805

Position: 1.41104 1.5425 -4.24488
Normal: -0.934351 0 -0.356354
UV: 0.737723 0.185087

Position: 1.4583 2.23041 -4.36879
Normal: -0.934351 0 -0.356354
UV: 0.806767 0.2036

Position: 1.41104 2.3538 -4.24488
Normal: -0.934351 0 -0.356354
UV: 0.819153 0.185087

Position: 1.4583 1.66589 -4.36879
Normal: -0.934351 0 -0.356354
UV: 0.750109 0.2036

Position: 1.72176 1.5425 -4.24488
Normal: 0.934352 0 -0.35635
UV: 0.819035 0.185091

Position: 1.72176 2.3538 -4.24488
Normal: 0.934352 0 -0.35635
UV: 0.737606 0.185092

Position: 1.67451 2.23041 -4.36879
Normal: 0.934352 0 -0.35635
UV: 0.749991 0.203605

Position: 1.67451 1.66589 -4.36879
Normal: 0.934352 0 -0.35635
UV: 0.806649 0.203605

Position: 1.28844 0.543639 3.14622
Normal: -0 0.707108 -0.707106
UV: 0.478059 0.369074

Position: 1.46769 0.676055 3.27864
Normal: -0 0.707108 -0.707106
UV: 0.451919 0.392489

Position: 1.28844 0.676055 3.27864
Normal: -0 0.707108 -0.707106
UV: 0.451919 0.369075

Position: 1.46769 0.543639 3.14622
Normal: -0 0.707108 -0.707106
UV: 0.47806 0.39249

Position: 1.28844 0.362755 3.09775
Normal: -0 0.258826 -0.965924
UV: 0.504199 0.369072

Position: 1.46769 0.362755 3.09775
Normal: -0 0.258826 -0.965924
UV: 0.504202 0.392487

Position: 1.46769 0.543639 3.14622
Normal: -0 0.258826 -0.965924
UV: 0.47806 0.39249

Position: 1.28844 0.543639 3.14622
Normal: -0 0.258826 -0.965924
UV: 0.478059 0.369074

Position: 1.28844 0.181871 3.14622
Normal: -0 -0.258826 -0.965924
UV: 0.530339 0.369068

Position: 1.46769 0.181871 3.14622
Normal: -0 -0.258826 -0.965924
UV: 0.530342 0.392484

Position: 1.46769 0.362755 3.09775
Normal: -0 -0.258826 -0.965924
UV: 0.504202 0.392487

Position: 1.28844 0.362755 3.09775
Normal: -0 -0.258826 -0.965924
UV: 0.504199 0.369072

Position: 1.28844 0.0494549 3.27864
Normal: -0 -0.707108 -0.707106
UV: 0.556476 0.369066

Position: 1.46769 0.0494549 3.27864
Normal: -0 -0.707108 -0.707106
UV: 0.556478 0.392483

Position: 1.46769 0.181871 3.14622
Normal: -0 -0.707108 -0.707106
UV: 0.530342 0.392484

Position: 1.28844 0.181871 3.14622
Normal: -0 -0.707108 -0.707106
UV: 0.530339 0.369068

Position: 1.28844 0.00098713 3.45952
Normal: -0 -0.965925 -0.258821
UV: 0.582615 0.369069

Position: 1.46769 0.00098713 3.45952
Normal: -0 -0.965925 -0.258821
UV: 0.582614 0.392481

Position: 1.46769 0.0494549 3.27864
Normal: -0 -0.965925 -0.258821
UV: 0.556478 0.392483

Position: 1.28844 0.0494549 3.27864
Normal: -0 -0.965925 -0.258821
UV: 0.556476 0.369066

Position: 1.28844 0.0494549 3.6404
Normal: -0 -0.965926 0.25882
UV: 0.60875 0.369072

Position: 1.46769 0.0494549 3.6404
Normal: -0 -0.965926 0.25882
UV: 0.608751 0.392484

Position: 1.46769 0.00098713 3.45952
Normal: -0 -0.965926 0.25882
UV: 0.582614 0.392481

Position: 1.28844 0.00098713 3.45952
Normal: -0 -0.965926 0.25882
UV: 0.582615 0.369069

Position: 1.28844 0.181871 3.77282
Normal: -0 -0.707106 0.707108
UV: 0.478156 0.369741

Position: 1.46769 0.181871 3.77282
Normal: -0 -0.707106 0.707108
UV: 0.478159 0.393153

Position: 1.46769 0.0494549 3.6404
Normal: -0 -0.707106 0.707108
UV: 0.452021 0.393154

Position: 1.28844 0.0494549 3.6404
Normal: -0 -0.707106 0.707108
UV: 0.452019 0.369742

Position: 1.28844 0.362755 3.82129
Normal: -0 -0.258828 0.965923
UV: 0.504291 0.369736

Position: 1.46769 0.362755 3.82129
Normal: -0 -0.258828 0.965923
UV: 0.504295 0.393148

Position: 1.46769 0.181871 3.77282
Normal: -0 -0.258828 0.965923
UV: 0.478159 0.393153

Position: 1.28844 0.181871 3.77282
Normal: -0 -0.258828 0.965923
UV: 0.478156 0.369741

Position: 1.28844 0.543639 3.77282
Normal: -0 0.258828 0.965923
UV: 0.530429 0.369733

Position: 1.46769 0.543639 3.77282
Normal: -0 0.258828 0.965923
UV: 0.530432 0.393147

Position: 1.46769 0.362755 3.82129
Normal: -0 0.258828 0.965923
UV: 0.504295 0.393148

Position: 1.28844 0.362755 3.82129
Normal: -0 0.258828 0.965923
UV: 0.504291 0.369736

Position: 1.28844 0.676055 3.6404
Normal: -0 0.707106 0.707108
UV: 0.55657 0.369733

Position: 1.46769 0.676055 3.6404
Normal: -0 0.707106 0.707108
UV: 0.556571 0.393148

Position: 1.46769 0.543639 3.77282
Normal: -0 0.707106 0.707108
UV: 0.530432 0.393147

Position: 1.28844 0.543639 3.77282
Normal: -0 0.707106 0.707108
UV: 0.530429 0.369733

Position: 1.28844 0.676055 3.6404
Normal: -0 0.965926 0.25882
UV: 0.55657 0.369733

Position: 1.28844 0.724523 3.45952
Normal: -0 0.965926 0.25882
UV: 0.582708 0.36973

Position: 1.46769 0.676055 3.6404
Normal: -0 0.965926 0.25882
UV: 0.556571 0.393148

Position: 1.46769 0.724523 3.45952
Normal: -0 0.965926 0.25882
UV: 0.58271 0.393142

Position: 1.28844 0.724523 3.45952
Normal: -0 0.965926 -0.25882
UV: 0.582708 0.36973

Position: 1.28844 0.676055 3.27864
Normal: -0 0.965926 -0.25882
UV: 0.60885 0.369729

Position: 1.46769 0.724523 3.45952
Normal: -0 0.965926 -0.25882
UV: 0.58271 0.393142

Position: 1.46769 0.676055 3.27864
Normal: -0 0.965926 -0.25882
UV: 0.608852 0.393144

Position: 1.46769 0.543639 3.14622
Normal: 1 -2.27716e-007 0
UV: 0.570843 0.342224

Position: 1.46769 0.362755 3.45952
Normal: 1 -3.02426e-014 0
UV: 0.531701 0.274449

Position: 1.46769 0.676055 3.27864
Normal: 1 2.27714e-007 0
UV: 0.59949 0.313567

Position: 1.46769 0.362755 3.09775
Normal: 1 -8.29512e-014 0
UV: 0.531706 0.352713

Position: 1.46769 0.181871 3.14622
Normal: 1 2.27716e-007 0
UV: 0.492562 0.342221

Position: 1.46769 0.0494549 3.27864
Normal: 1 -2.27714e-007 0
UV: 0.463915 0.313569

Position: 1.46769 0.00098713 3.45952
Normal: 1 0 0
UV: 0.453434 0.274428

Position: 1.46769 0.0494549 3.6404
Normal: 1 0 0
UV: 0.463928 0.235307

Position: 1.46769 0.181871 3.77282
Normal: 1 2.27715e-007 0
UV: 0.492573 0.206667

Position: 1.46769 0.362755 3.82129
Normal: 1 0 0
UV: 0.531703 0.196182

Position: 1.46769 0.543639 3.77282
Normal: 1 -2.27714e-007 0
UV: 0.570831 0.206667

Position: 1.46769 0.676055 3.6404
Normal: 1 0 0
UV: 0.599474 0.235307

Position: 1.46769 0.724523 3.45952
Normal: 1 0 0
UV: 0.609968 0.27443

Position: 1.35881 0.357193 -4.40103
Normal: 0.999982 0 -0.00607379
UV: 0.727756 0.079473

Position: 1.35881 0.560595 -4.40103
Normal: 0.999987 0 -0.00518102
UV: 0.727881 0.051597

Position: 1.35745 0.361632 -4.51658
Normal: 0.999931 0 -0.0117472
UV: 0.745582 0.079469

Position: 1.35745 0.561367 -4.51658
Normal: 0.999931 0 -0.0117472
UV: 0.745567 0.051582

Position: 1.27064 1.86944 -4.39354
Normal: -0.000250518 0.00109541 -0.999999
UV: 0.266255 0.262173

Position: 1.27064 3.17026 -4.39349
Normal: 3.29587e-005 0.00192289 -0.999998
UV: 0.266228 0.105016

Position: 1.35881 1.11077 -4.40103
Normal: -0.00791098 9.55104e-005 -0.999969
UV: 0.79176 0.493368

Position: 1.35813 1.49887 -4.39644
Normal: -0.00301748 0.00214146 -0.999993
UV: 0.79176 0.439754

Position: 0.830521 1.11046 -4.39365
Normal: -0.00386316 5.95668e-005 -0.999993
UV: 0.867239 0.494099

Position: 1.35745 0.561367 -4.51658
Normal: 0.000287505 0.999995 0.00317466
UV: 0.586844 0.116847

Position: 1.35881 0.560595 -4.40103
Normal: 0.000287505 0.999995 0.00317466
UV: 0.586842 0.099153

Position: 1.35745 0.361632 -4.51658
Normal: 0.00336241 0 -0.999994
UV: 0.745582 0.079469

Position: 1.35745 0.561367 -4.51658
Normal: 0.00336241 0 -0.999994
UV: 0.745567 0.051582

Position: 1.35881 0.357193 -4.40103
Normal: -0.000753848 -0.999805 -0.019715
UV: 0.0239357 0.378006

Position: 1.35745 0.361632 -4.51658
Normal: 0.000129081 -0.999263 -0.0383888
UV: 0.018831 0.377946

Position: 1.27064 3.17026 -4.39349
Normal: 3.29587e-005 0.00192289 -0.999998
UV: 0.650446 0.435113

Position: 1.35881 3.26562 -4.39109
Normal: 0.000189767 0.0104436 -0.999946
UV: 0.660928 0.424834

Position: 1.35813 1.49887 -4.39644
Normal: -0.00301748 0.00214146 -0.999993
UV: 0.48278 0.424951

Position: 1.27064 1.86944 -4.39354
Normal: -0.000250518 0.00109541 -0.999999
UV: 0.493274 0.435217

Position: 0.830521 0.826956 -4.39365
Normal: -0.00465566 0.00455745 -0.999979
UV: 0.180913 0.0701771

Position: 1.35881 0.820883 -4.40103
Normal: -0.0101004 0.00768129 -0.99992
UV: 0.107352 0.0701811

Position: 1.35881 1.11077 -4.40103
Normal: -0.00791098 9.55104e-005 -0.999969
UV: 0.107343 0.0144721

Position: 0.830521 1.11046 -4.39365
Normal: -0.00386316 5.95668e-005 -0.999993
UV: 0.180903 0.0144681

Position: 0.830521 0.826956 -4.39365
Normal: -0.00465566 0.00455745 -0.999979
UV: 0.866857 0.534333

Position: 1.35881 0.560595 -4.40103
Normal: -0.00777957 0.0122758 -0.999894
UV: 0.79176 0.571337

Position: 1.35881 0.820883 -4.40103
Normal: -0.0101004 0.00768129 -0.99992
UV: 0.79176 0.533657

Position: 1.36016 1.86585 -2.78949
Normal: 1 3.67718e-005 -0.00011149
UV: 0.270292 0.188212

Position: 1.36016 3.01726 -4.26081
Normal: 0.999998 0.000503072 -0.00172454
UV: 0.397262 0.35046

Position: 1.36016 1.86585 -4.26152
Normal: 0.999999 3.88881e-006 -0.00133185
UV: 0.270292 0.350539

Position: 1.36016 3.01726 -2.78949
Normal: 1 0.000538604 -0.000189164
UV: 0.397262 0.188212

Position: 1.36037 3.01737 -1.07307
Normal: 1 8.05319e-005 -8.16408e-006
UV: 0.397274 0.194582

Position: 1.36037 3.01737 -2.44858
Normal: 1 6.53303e-005 -0.000101126
UV: 0.397274 0.346264

Position: 1.36037 1.86549 -1.08311
Normal: 1 -5.66439e-008 0
UV: 0.270253 0.19569

Position: 1.36037 1.86549 -2.46319
Normal: 1 2.9065e-007 -9.00854e-005
UV: 0.270253 0.347876

Position: 1.36037 3.01737 0.64501
Normal: 1 7.92364e-008 0
UV: 0.400284 0.18572

Position: 1.36037 3.01737 -0.730505
Normal: 1 -3.11782e-008 0
UV: 0.400284 0.337402

Position: 1.36037 1.86549 0.63496
Normal: 1 -2.62754e-008 0
UV: 0.273262 0.186828

Position: 1.36037 1.86549 -0.745117
Normal: 1 -2.97693e-008 0
UV: 0.273262 0.339014

Position: 1.36037 3.01737 2.35278
Normal: 1 -3.85075e-009 0
UV: 0.403294 0.185519

Position: 1.36037 3.01737 0.977262
Normal: 1 1.40195e-008 0
UV: 0.403294 0.337202

Position: 1.36037 1.86549 2.34273
Normal: 1 -2.148e-009 0
UV: 0.276272 0.186627

Position: 1.36037 1.86549 0.96265
Normal: 1 8.87535e-010 0
UV: 0.276272 0.338813

Position: 1.36037 3.01737 4.07569
Normal: 1 -1.04353e-007 0
UV: 0.397274 0.194183

Position: 1.36037 3.01737 2.70018
Normal: 1 -8.57139e-008 0
UV: 0.397274 0.345865

Position: 1.36037 1.86549 4.06564
Normal: 1 2.22756e-008 0
UV: 0.270253 0.195291

Position: 1.36037 1.86549 2.68556
Normal: 1 2.63044e-008 0
UV: 0.270253 0.347476

Position: 1.36037 1.86549 2.68556
Normal: 1 2.63044e-008 0
UV: 0.20928 0.803804

Position: 1.36037 3.01737 2.35278
Normal: 1 -3.85075e-009 0
UV: 0.245978 0.676782

Position: 1.36037 1.86549 2.34273
Normal: 1 -2.148e-009 0
UV: 0.247086 0.803804

Position: 1.36037 3.01737 2.70018
Normal: 1 -8.57139e-008 0
UV: 0.207669 0.676782

Position: 1.36037 3.01737 0.64501
Normal: 1 7.92364e-008 0
UV: 0.434299 0.676782

Position: 1.36037 1.86549 0.96265
Normal: 1 8.87535e-010 0
UV: 0.399272 0.803804

Position: 1.36037 3.01737 0.977262
Normal: 1 1.40195e-008 0
UV: 0.39766 0.676782

Position: 1.36037 1.86549 0.63496
Normal: 1 -2.62754e-008 0
UV: 0.435407 0.803804

Position: 1.36037 3.01737 -1.07307
Normal: 1 8.05319e-005 -8.16408e-006
UV: 0.623757 0.676782

Position: 1.36037 1.86549 -0.745117
Normal: 1 -2.97693e-008 0
UV: 0.587593 0.803804

Position: 1.36037 3.01737 -0.730505
Normal: 1 -3.11782e-008 0
UV: 0.585982 0.676782

Position: 1.36037 1.86549 -1.08311
Normal: 1 -5.66439e-008 0
UV: 0.624865 0.803804

Position: 1.36037 3.26149 -0.0453224
Normal: 1 4.54745e-005 -4.56194e-006
UV: 0.510424 0.649862

Position: 1.36027 3.26142 -2.61903
Normal: 0.999999 0.00123833 -0.000239446
UV: 0.794236 0.64987

Position: 1.36037 3.01737 -2.44858
Normal: 1 6.53303e-005 -0.000101126
UV: 0.77544 0.676782

Position: 1.36037 3.26149 2.52648
Normal: 1 -2.51434e-007 0
UV: 0.226823 0.649862

Position: 1.36037 3.26149 4.52114
Normal: 1 -4.52106e-007 0
UV: 0.00686452 0.649862

Position: 1.36037 3.01737 4.07569
Normal: 1 -1.04353e-007 0
UV: 0.0559861 0.676782

Position: 1.36037 0.351933 -2.46319
Normal: 1 2.38079e-005 -2.27836e-005
UV: 0.777051 0.970709

Position: 1.36037 0.351883 -0.914115
Normal: 1 -5.2857e-008 0
UV: 0.606229 0.970715

Position: 1.36037 1.86549 -2.46319
Normal: 1 2.9065e-007 -9.00854e-005
UV: 0.777051 0.803804

Position: 1.36037 0.351883 0.798805
Normal: 1 -2.6187e-008 0
UV: 0.41734 0.970715

Position: 1.36037 0.351883 2.51415
Normal: 1 0 0
UV: 0.228183 0.970715

Position: 1.36037 1.86549 4.06564
Normal: 1 2.22756e-008 0
UV: 0.0570944 0.803804

Position: 1.36037 1.1102 4.2376
Normal: 1 -6.66766e-009 0
UV: 0.0381318 0.887092

Position: 1.36016 3.01726 -2.78949
Normal: 1 0.000538604 -0.000189164
UV: 0.813033 0.676794

Position: 1.36016 1.86585 -2.78949
Normal: 1 3.67718e-005 -0.00011149
UV: 0.813033 0.803764

Position: 1.35881 3.26562 -4.39109
Normal: 0.999994 0.00208358 -0.00263066
UV: 0.989647 0.649407

Position: 1.36016 3.01726 -4.26081
Normal: 0.999998 0.000503072 -0.00172454
UV: 0.975281 0.676794

Position: 1.36016 1.11108 -4.07506
Normal: 1 3.08052e-005 -0.000352334
UV: 0.954797 0.886996

Position: 1.36016 1.86585 -4.26152
Normal: 0.999999 3.88881e-006 -0.00133185
UV: 0.975359 0.803764

Position: 1.36037 1.86549 4.51109
Normal: 1 -3.20048e-008 0
UV: 0.00797281 0.803804

Position: 1.36037 3.01737 4.52114
Normal: 1 -1.80431e-008 0
UV: 0.00686449 0.676782

Position: 1.36037 1.1102 4.51109
Normal: 1 -4.2269e-008 0
UV: 0.00797282 0.887092

Position: 1.36037 1.1102 4.51109
Normal: -0 0 1
UV: 0.0823711 0.588065

Position: 0.826623 1.1102 4.51109
Normal: -0 0 1
UV: 0.0823712 0.529207

Position: 1.36037 1.86549 4.51109
Normal: -7.5216e-005 -0.00238439 0.999997
UV: 0.165659 0.588065

Position: 1.35813 1.49887 -4.39644
Normal: 0.99986 0.000920357 -0.0167015
UV: 0.990237 0.844233

Position: 1.35881 1.11077 -4.40103
Normal: 0.99999 -0.000513141 -0.0043803
UV: 0.990743 0.88703

Position: 1.36037 3.26149 4.52114
Normal: -0 0 1
UV: 0.319601 0.588065

Position: 1.1351 3.01737 4.52114
Normal: -3.44221e-005 -0.00679051 0.999977
UV: 0.292681 0.563224

Position: 1.36037 3.01737 4.52114
Normal: -0.000250266 -0.00793359 0.999969
UV: 0.292681 0.588065

Position: 1.13441 1.87961 4.51109
Normal: -2.16193e-005 -0.00413008 0.999992
UV: 0.166135 0.563147

Position: 1.36037 0.81394 4.2376
Normal: 1 0 0
UV: 0.0381319 0.919762

Position: 1.36016 0.814811 -4.07506
Normal: 0.999999 0 -0.00127841
UV: 0.954797 0.919666

Position: 1.36037 0.81394 4.51109
Normal: 1 0 0
UV: 0.0342147 0.0723026

Position: 1.36037 1.1102 4.51109
Normal: 1 -4.2269e-008 0
UV: 0.0342147 0.0396324

Position: 1.36037 1.1102 4.2376
Normal: 1 -6.66766e-009 0
UV: 0.0643737 0.0396324

Position: 1.36037 0.81394 4.2376
Normal: 1 0 0
UV: 0.0643738 0.0723026

Position: 1.36037 0.81394 4.51109
Normal: -0 0 1
UV: 0.236593 0.0750781

Position: 0.826623 0.81394 4.51109
Normal: -0 0 1
UV: 0.143712 0.0750781

Position: 1.36037 1.1102 4.51109
Normal: -0 0 1
UV: 0.236593 0.0235231

Position: 0.826623 1.1102 4.51109
Normal: -0 0 1
UV: 0.143712 0.0235231

Position: 1.36016 1.11108 -4.07506
Normal: 1 3.08052e-005 -0.000352334
UV: 0.259299 0.0214586

Position: 1.35881 0.820883 -4.40103
Normal: 0.999991 0 -0.00416312
UV: 0.227298 0.0574048

Position: 1.36016 0.814811 -4.07506
Normal: 0.999999 0 -0.00127841
UV: 0.226628 0.0214586

Position: 1.35881 1.11077 -4.40103
Normal: 0.99999 -0.000513141 -0.0043803
UV: 0.259265 0.0574048

Position: 0.826623 0.81394 4.51109
Normal: -0 0 1
UV: 0.049701 0.529207

Position: 1.36037 0.558952 4.2376
Normal: 1 0 0
UV: 0.0381319 0.947881

Position: 1.36016 0.559823 -4.07506
Normal: 0.999999 0 -0.00128512
UV: 0.954797 0.947784

Position: 1.36037 0.558952 4.51109
Normal: 1 0 0
UV: 0.00797276 0.947881

Position: 1.36037 0.81394 4.51109
Normal: 1 0 0
UV: 0.00797276 0.919762

Position: 1.36037 0.558952 4.51109
Normal: -0 0 1
UV: 0.0215827 0.588065

Position: 1.36037 0.81394 4.51109
Normal: -0 0 1
UV: 0.049701 0.588065

Position: 1.35881 0.560595 -4.40103
Normal: 0.999987 0 -0.00518102
UV: 0.990743 0.947699

Position: 1.35881 0.820883 -4.40103
Normal: 0.999991 0 -0.00416312
UV: 0.990743 0.918996

Position: 1.36037 0.351883 4.2376
Normal: 1 0 0
UV: 0.0381318 0.970715

Position: 1.36016 0.352754 -4.07506
Normal: 0.999999 0 -0.001276
UV: 0.954797 0.970619

Position: 1.36037 0.351883 4.51109
Normal: 1 0 0
UV: 0.747883 0.0549854

Position: 1.36037 0.558952 4.51109
Normal: 1 0 0
UV: 0.747883 0.0867851

Position: 1.36037 0.558952 4.2376
Normal: 1 0 0
UV: 0.705882 0.0867846

Position: 1.36037 0.351883 4.2376
Normal: 1 0 0
UV: 0.705883 0.0549848

Position: 1.36037 0.351883 4.51109
Normal: -0 0 1
UV: 0.747883 0.0549854

Position: 1.36037 0.558952 4.51109
Normal: -0 0 1
UV: 0.747883 0.0867851

Position: 1.35881 0.357193 -4.40103
Normal: 0.999982 0 -0.00607379
UV: 0.990743 0.970129

Position: 1.13441 1.87961 4.51109
Normal: -2.16193e-005 -0.00413008 0.999992
UV: 0.403192 0.330974

Position: 1.1351 3.01737 4.52114
Normal: -3.44221e-005 -0.00679051 0.999977
UV: 0.403269 0.204427

Position: 1.36037 0.351933 -2.46319
Normal: -0.000236059 -1 -0.00019207
UV: 0.109539 0.378075

Position: 1.36037 0.351883 -0.914115
Normal: -0.000223191 -1 -0.000144648
UV: 0.177969 0.378075

Position: 1.36037 0.351883 0.798805
Normal: -0 -1 0
UV: 0.253637 0.378075

Position: 1.36037 0.351883 2.51415
Normal: -0 -1 0
UV: 0.329412 0.378075

Position: 1.36037 0.351883 4.2376
Normal: -0 -1 0
UV: 0.405545 0.378075

Position: 1.36016 0.352754 -4.07506
Normal: -0.000281386 -0.999982 -0.00591782
UV: 0.0383352 0.378066

Position: 1.36037 0.351883 4.51109
Normal: -0 -1 0
UV: 0.417627 0.378075

Position: 1.36027 3.26142 -2.61903
Normal: 0.000303548 0.999999 0.00118241
UV: 0.328154 0.435939

Position: 1.36037 3.26149 -0.0453224
Normal: 1.3513e-011 1 -1.34632e-005
UV: 0.611965 0.435928

Position: 1.36037 3.26149 2.52648
Normal: -0 1 0
UV: 0.413977 0.440442

Position: 1.36037 3.26149 -0.0453224
Normal: 1.3513e-011 1 -1.34632e-005
UV: 0.130376 0.440442

Position: 1.36037 3.26149 4.52114
Normal: -0 1 0
UV: 0.633936 0.440443

Position: 1.35881 3.26562 -4.39109
Normal: 0.000744769 0.999995 0.00294022
UV: 0.132743 0.4361


[INDEX_DATA]
0 2 1
1 2 3
4 6 5
5 7 4
8 10 9
9 11 8
12 14 13
13 15 12
16 18 17
17 19 16
20 22 21
21 23 20
24 26 25
25 27 24
28 30 29
29 31 28
32 34 33
33 35 32
36 38 37
37 38 39
40 42 41
41 42 43
44 46 45
45 46 47
48 50 49
51 50 48
52 50 51
53 50 52
54 50 53
55 50 54
56 50 55
57 50 56
58 50 57
59 50 58
60 50 59
49 50 60
61 63 62
62 64 61
65 67 66
66 68 65
69 71 70
70 72 69
73 75 74
74 76 73
77 79 78
78 80 77
81 83 82
84 81 82
85 87 86
86 87 88
89 91 90
90 92 89
93 95 94
94 96 93
97 99 98
98 100 97
101 103 102
102 104 101
105 107 106
106 108 105
109 111 110
110 112 109
113 115 114
114 116 113
117 119 118
118 120 117
121 123 122
122 124 121
125 127 126
126 127 128
129 131 130
130 131 132
133 135 134
136 135 133
137 135 136
138 135 137
139 135 138
140 135 139
141 135 140
142 135 141
143 135 142
144 135 143
145 135 144
134 135 145
146 148 147
147 149 146
150 152 151
150 153 152
154 156 155
154 157 156
158 160 159
158 161 160
162 164 163
162 165 164
166 168 167
166 169 168
170 172 171
170 173 172
174 176 175
174 177 176
178 180 179
178 181 180
182 184 183
183 185 182
186 188 187
188 189 187
190 192 191
191 193 190
194 196 195
197 194 195
198 197 195
199 198 195
200 199 195
201 200 195
202 201 195
203 202 195
204 203 195
205 204 195
206 205 195
196 206 195
207 209 208
209 210 208
211 213 212
213 214 212
215 217 216
216 217 218
219 221 220
220 222 219
223 225 224
226 224 225
227 229 228
230 232 231
231 233 230
233 235 234
233 231 235
236 237 235
234 235 237
238 240 239
241 239 240
218 242 216
243 216 242
244 243 242
244 245 243
246 248 247
247 249 246
250 252 251
251 252 253
254 256 255
255 256 257
258 260 259
259 260 261
262 264 263
263 264 265
266 268 267
267 269 266
270 272 271
271 273 270
274 276 275
275 277 274
278 275 279
278 280 275
271 279 276
272 267 281
279 272 281
281 283 282
281 268 283
268 281 267
272 279 271
276 279 275
284 277 285
285 286 284
287 273 274
274 284 287
288 269 270
270 287 288
289 290 266
266 288 289
269 288 266
273 287 270
277 284 274
285 280 291
291 292 285
278 294 293
293 291 278
280 278 291
292 296 295
295 286 292
292 286 285
297 298 283
283 290 297
283 298 282
297 289 299
297 290 289
300 302 301
303 304 296
296 304 295
305 307 306
307 308 306
309 301 310
310 307 309
311 310 302
302 312 311
302 310 301
288 313 289
295 314 286
315 317 316
316 318 315
319 321 320
319 322 321
323 325 324
324 326 323
302 327 312
288 328 313
314 329 286
330 331 313
313 328 330
332 327 333
334 333 327
314 336 335
335 329 314
327 332 312
288 337 328
329 338 286
339 341 340
340 342 339
343 345 344
343 346 345
329 335 347
347 338 329
309 307 305
348 350 349
349 351 348
294 303 296
296 293 294
352 354 353
352 353 355
354 352 356
357 356 352
352 358 357
357 358 359
360 355 353
359 358 361
355 360 229
229 227 355
362 364 363
363 365 362
366 368 367
368 366 369
370 367 371
371 367 368
364 373 372
372 363 364
374 376 375
374 377 376
378 380 379
380 381 379
382 384 383
383 385 382
386 388 387
388 389 387
390 392 391
391 393 390
394 396 395
394 397 396
398 400 399
399 401 398
402 404 403
402 405 404
406 408 407
406 409 408
410 412 411
410 413 412
414 416 415
414 417 416
418 420 419
418 421 420
422 424 423
422 425 424
426 428 427
426 429 428
430 432 431
430 433 432
434 436 435
434 437 436
438 440 439
440 441 439
442 444 443
444 445 443
446 448 447
449 446 447
450 449 447
451 450 447
452 451 447
453 452 447
454 453 447
455 454 447
456 455 447
457 456 447
458 457 447
448 458 447
459 461 460
460 461 462
211 212 463
463 212 464
465 467 466
466 467 218
219 469 468
468 221 219
225 471 470
225 223 471
227 473 472
474 232 230
230 475 474
476 477 475
477 474 475
477 476 237
237 236 477
478 480 479
478 481 480
467 482 242
218 467 242
483 242 482
482 484 483
485 487 486
486 488 485
489 491 490
491 492 490
493 495 494
495 496 494
497 499 498
499 500 498
501 503 502
503 504 502
505 507 506
506 508 505
509 511 510
510 512 509
513 515 514
514 516 513
517 513 518
513 519 518
509 515 517
520 506 511
520 511 517
521 522 520
522 508 520
508 506 520
511 509 517
515 513 517
516 524 523
523 525 516
526 514 512
526 524 514
507 527 526
526 510 507
528 529 505
505 529 527
507 505 527
512 510 526
516 514 524
530 519 525
525 531 530
518 530 532
530 533 532
519 530 518
531 523 534
534 535 531
531 525 523
536 528 522
522 537 536
522 521 537
536 538 529
529 528 536
539 541 540
542 535 543
535 534 543
306 545 544
306 308 545
546 545 547
547 541 546
311 540 547
311 312 540
541 547 540
527 529 548
534 523 549
550 552 551
550 553 552
554 556 555
557 555 556
558 560 559
559 561 558
540 312 562
527 548 563
549 523 564
565 548 566
565 563 548
567 568 562
562 332 567
549 564 569
569 570 549
562 312 332
527 563 571
564 523 572
573 575 574
573 576 575
577 578 345
344 345 578
564 572 579
579 569 564
546 544 545
348 351 580
580 581 348
532 533 535
535 542 532
352 355 582
352 582 583
583 584 352
352 584 585
585 358 352
585 586 358
587 582 355
586 588 358
355 227 472
472 587 355
362 590 589
589 364 362
367 591 366
591 592 366
367 370 593
593 591 367
364 589 594
594 373 364

