[FBX_META_DATA]
MeshCount: 5

[MESH_DATA]
VertexCount: 553
IndexCount: 1176
BoneCount: 0
AnimationClips: 1

[VERTEX_DATA]
Position: -1.67451 2.23041 -4.36879
Normal: -0 0.708583 -0.705627
UV: 0.674504 0.355103

Position: -1.41104 2.3538 -4.24488
Normal: -0 0.708583 -0.705627
UV: 0.711283 0.376378

Position: -1.72176 2.3538 -4.24488
Normal: -0 0.708583 -0.705627
UV: 0.667907 0.376378

Position: -1.4583 2.23041 -4.36879
Normal: -0 0.708583 -0.705627
UV: 0.704686 0.355103

Position: -1.4583 1.66589 -4.36879
Normal: -0 0 -1
UV: 0.65635 0.218274

Position: -1.67451 2.23041 -4.36879
Normal: -0 0 -1
UV: 0.71301 0.248456

Position: -1.67451 1.66589 -4.36879
Normal: -0 0 -1
UV: 0.65635 0.248456

Position: -1.4583 2.23041 -4.36879
Normal: -0 0 -1
UV: 0.71301 0.218274

Position: -1.41104 1.5425 -4.24488
Normal: -0 -0.708587 -0.705624
UV: 0.661471 0.313294

Position: -1.67451 1.66589 -4.36879
Normal: -0 -0.708587 -0.705624
UV: 0.698248 0.292019

Position: -1.72176 1.5425 -4.24488
Normal: -0 -0.708587 -0.705624
UV: 0.704845 0.313292

Position: -1.4583 1.66589 -4.36879
Normal: -0 -0.708587 -0.705624
UV: 0.668066 0.292019

Position: -1.41104 2.3538 -4.24488
Normal: -0 0 1
UV: 0.944324 0.0923805

Position: -1.72176 1.5425 -4.24488
Normal: -0 0 1
UV: 0.862895 0.0490045

Position: -1.72176 2.3538 -4.24488
Normal: -0 0 1
UV: 0.944324 0.0490045

Position: -1.41104 1.5425 -4.24488
Normal: -0 0 1
UV: 0.862895 0.0923805

Position: -1.4583 2.23041 -4.36879
Normal: 0.93435 0 -0.356355
UV: 0.806767 0.2036

Position: -1.41104 1.5425 -4.24488
Normal: 0.93435 0 -0.356355
UV: 0.737723 0.185087

Position: -1.41104 2.3538 -4.24488
Normal: 0.93435 0 -0.356355
UV: 0.819153 0.185087

Position: -1.4583 1.66589 -4.36879
Normal: 0.93435 0 -0.356355
UV: 0.750109 0.2036

Position: -1.67451 2.23041 -4.36879
Normal: -0.93435 0 -0.356357
UV: 0.749991 0.203605

Position: -1.72176 1.5425 -4.24488
Normal: -0.93435 0 -0.356357
UV: 0.819035 0.185091

Position: -1.67451 1.66589 -4.36879
Normal: -0.93435 0 -0.356357
UV: 0.806649 0.203605

Position: -1.72176 2.3538 -4.24488
Normal: -0.93435 0 -0.356357
UV: 0.737606 0.185092

Position: -1.35881 0.357193 -4.40103
Normal: -0.999982 0 -0.0060738
UV: 0.727756 0.079473

Position: -1.35745 0.361632 -4.51658
Normal: -0.999931 0 -0.0117472
UV: 0.745582 0.079469

Position: -1.35881 0.560595 -4.40103
Normal: -0.999987 -1.87345e-008 -0.00518102
UV: 0.727881 0.051597

Position: -1.35745 0.561367 -4.51658
Normal: -0.999931 0 -0.0117472
UV: 0.745567 0.051582

Position: 1.27064 1.86944 -4.39354
Normal: -0.000134558 0.000610228 -1
UV: 0.266255 0.262173

Position: -1.27064 3.17026 -4.39349
Normal: 4.09816e-006 0.00252499 -0.999997
UV: 0.266228 0.105016

Position: -1.27064 1.86944 -4.39354
Normal: 0.000134302 0.000610228 -1
UV: 0.266255 0.262173

Position: 1.27064 3.17026 -4.39349
Normal: -4.30892e-006 0.00252499 -0.999997
UV: 0.266228 0.105016

Position: -1.35881 1.11077 -4.40103
Normal: 0.00791099 9.55097e-005 -0.999969
UV: 0.79176 0.493368

Position: -0.830521 1.11046 -4.39365
Normal: 0.00386307 5.95664e-005 -0.999993
UV: 0.867239 0.494099

Position: -1.35813 1.49887 -4.39644
Normal: 0.00403001 0.00276461 -0.999988
UV: 0.79176 0.439754

Position: -0 1.49747 -4.39365
Normal: -4.59137e-008 0.000508465 -1
UV: 0.984322 0.439754

Position: -0 0.561367 -4.39365
Normal: -0.000287505 0.999995 0.00317466
UV: 0.776341 0.09909

Position: -1.35745 0.561367 -4.51658
Normal: -0.000287505 0.999995 0.00317466
UV: 0.586844 0.116847

Position: -0 0.561367 -4.52115
Normal: -0.000287505 0.999995 0.00317466
UV: 0.776344 0.11678

Position: -1.35881 0.560595 -4.40103
Normal: -0.000287505 0.999995 0.00317466
UV: 0.586842 0.099153

Position: -0 0.561367 -4.52115
Normal: -0.00336241 0 -0.999994
UV: 0.935068 0.051441

Position: -1.35745 0.561367 -4.51658
Normal: -0.00336241 0 -0.999994
UV: 0.745567 0.051582

Position: -0 0.361632 -4.52115
Normal: -0.00336241 0 -0.999994
UV: 0.935091 0.079326

Position: -1.35745 0.361632 -4.51658
Normal: -0.00336241 0 -0.999994
UV: 0.745582 0.079469

Position: -0 0.361632 -4.52115
Normal: 0.000862106 -0.999848 -0.0174244
UV: 0.334373 0.283632

Position: -1.35745 0.361632 -4.51658
Normal: -0.000129081 -0.999263 -0.0383888
UV: 0.363596 0.283534

Position: -1.35881 0.357193 -4.40103
Normal: 0.000753845 -0.999805 -0.019715
UV: 0.363625 0.281046

Position: -1.35881 3.26562 -4.39109
Normal: 2.53152e-005 0.0175259 -0.999846
UV: 0.660928 0.424834

Position: 1.27064 3.17026 -4.39349
Normal: -4.30892e-006 0.00252499 -0.999997
UV: 0.650446 0.435113

Position: 1.35881 3.26562 -4.39109
Normal: -2.66171e-005 0.0175259 -0.999846
UV: 0.660928 0.424834

Position: -1.27064 3.17026 -4.39349
Normal: 4.09816e-006 0.00252499 -0.999997
UV: 0.650446 0.435113

Position: -1.35813 1.49887 -4.39644
Normal: 0.00403001 0.00276461 -0.999988
UV: 0.48278 0.424951

Position: -1.27064 1.86944 -4.39354
Normal: 0.000134302 0.000610228 -1
UV: 0.493274 0.435217

Position: -0 1.49747 -4.39365
Normal: -4.59137e-008 0.000508465 -1
UV: 0.482311 0.585302

Position: 1.27064 1.86944 -4.39354
Normal: -0.000134558 0.000610228 -1
UV: 0.493274 0.435217

Position: -0.830521 1.11046 -4.39365
Normal: 0.00386307 5.95664e-005 -0.999993
UV: 0.180903 0.0144681

Position: -1.35881 1.11077 -4.40103
Normal: 0.00791099 9.55097e-005 -0.999969
UV: 0.107343 0.0144721

Position: -0.830521 0.826956 -4.39365
Normal: 0.00465552 0.00455745 -0.999979
UV: 0.180913 0.0701771

Position: -1.35881 0.820883 -4.40103
Normal: 0.0101004 0.00768129 -0.99992
UV: 0.107352 0.0701811

Position: -0 0.561367 -4.39365
Normal: 0.00084044 0.00132652 -0.999999
UV: 0.984322 0.573106

Position: -0.830521 0.826956 -4.39365
Normal: 0.00465552 0.00455745 -0.999979
UV: 0.866857 0.534333

Position: -1.35881 0.560595 -4.40103
Normal: 0.0077795 0.0122758 -0.999894
UV: 0.79176 0.571337

Position: -1.35881 0.820883 -4.40103
Normal: 0.0101004 0.00768129 -0.99992
UV: 0.79176 0.533657

Position: -1.36016 1.86585 -2.68379
Normal: -1 3.02967e-005 -0.000127233
UV: 0.270292 0.188212

Position: -1.36016 3.01726 -4.15512
Normal: -0.999999 0.000461852 -0.00141672
UV: 0.397262 0.35046

Position: -1.36016 3.01726 -2.68379
Normal: -1 0.00042779 -0.000181785
UV: 0.397262 0.188212

Position: -1.36016 1.86585 -4.15583
Normal: -0.999999 -2.53211e-005 -0.00144184
UV: 0.270292 0.350539

Position: -1.36037 3.01737 -0.967367
Normal: -1 7.63638e-005 -8.11246e-006
UV: 0.397274 0.194582

Position: -1.36037 1.86549 -0.977418
Normal: -1 -2.95049e-008 0
UV: 0.270253 0.19569

Position: -1.36037 3.01737 -2.34288
Normal: -1 6.55766e-005 -9.79712e-005
UV: 0.397274 0.346264

Position: -1.36037 1.86549 -2.35749
Normal: -1 2.62921e-006 -8.67919e-005
UV: 0.270253 0.347876

Position: -1.36037 3.01737 0.750705
Normal: -1 1.94395e-008 0
UV: 0.400284 0.18572

Position: -1.36037 1.86549 0.740655
Normal: -1 1.21228e-008 0
UV: 0.273262 0.186828

Position: -1.36037 3.01737 -0.624809
Normal: -1 -3.0505e-008 0
UV: 0.400284 0.337402

Position: -1.36037 1.86549 -0.639421
Normal: -1 1.39073e-008 0
UV: 0.273262 0.339014

Position: -1.36037 3.01737 2.45847
Normal: -1 1.41205e-008 0
UV: 0.403294 0.185519

Position: -1.36037 1.86549 2.44842
Normal: -1 6.29315e-009 1.69753e-008
UV: 0.276272 0.186627

Position: -1.36037 3.01737 1.08296
Normal: -1 2.83133e-008 0
UV: 0.403294 0.337202

Position: -1.36037 1.86549 1.06835
Normal: -1 -3.15851e-008 0
UV: 0.276272 0.338813

Position: -1.36037 3.01737 4.18139
Normal: -1 -8.63862e-008 0
UV: 0.397274 0.194183

Position: -1.36037 1.86549 4.17134
Normal: -1 -8.94862e-009 -5.83924e-009
UV: 0.270253 0.195291

Position: -1.36037 3.01737 2.80587
Normal: -1 -8.29127e-008 0
UV: 0.397274 0.345865

Position: -1.36037 1.86549 2.79126
Normal: -1 -6.09023e-009 3.22309e-008
UV: 0.270253 0.347476

Position: -1.36037 1.86549 2.79126
Normal: -1 -6.09023e-009 3.22309e-008
UV: 0.193819 0.805249

Position: -1.36037 3.01737 2.45847
Normal: -1 1.41205e-008 0
UV: 0.230969 0.676661

Position: -1.36037 3.01737 2.80587
Normal: -1 -8.29127e-008 0
UV: 0.192187 0.676661

Position: -1.36037 1.86549 2.44842
Normal: -1 6.29315e-009 1.69753e-008
UV: 0.232091 0.805249

Position: -1.36037 1.86549 1.06835
Normal: -1 -3.15851e-008 0
UV: 0.386154 0.805249

Position: -1.36037 3.01737 0.750705
Normal: -1 1.94395e-008 0
UV: 0.421613 0.676661

Position: -1.36037 3.01737 1.08296
Normal: -1 2.83133e-008 0
UV: 0.384523 0.676661

Position: -1.36037 1.86549 0.740655
Normal: -1 1.21228e-008 0
UV: 0.422735 0.805249

Position: -1.36037 1.86549 -0.639421
Normal: -1 1.39073e-008 0
UV: 0.576798 0.805249

Position: -1.36037 3.01737 -0.967367
Normal: -1 7.63638e-005 -8.11246e-006
UV: 0.613408 0.676661

Position: -1.36037 3.01737 -0.624809
Normal: -1 -3.0505e-008 0
UV: 0.575167 0.676661

Position: -1.36037 1.86549 -0.977418
Normal: -1 -2.95049e-008 0
UV: 0.61453 0.805249

Position: -1.36027 3.26142 -2.61903
Normal: -0.999999 0.00144315 -0.00029576
UV: 0.79779 0.649416

Position: -1.36037 3.26149 -0.0453224
Normal: -1 4.76605e-005 -5.06172e-006
UV: 0.510477 0.649409

Position: -1.36037 3.01737 -2.34288
Normal: -1 6.55766e-005 -9.79712e-005
UV: 0.766962 0.676661

Position: -1.36037 3.26149 2.52648
Normal: -1 -8.04644e-008 0
UV: 0.223377 0.649409

Position: -1.36037 3.26149 4.52114
Normal: -1 -3.14075e-007 0
UV: 0.000705302 0.649409

Position: -1.36037 3.01737 4.18139
Normal: -1 -8.63862e-008 0
UV: 0.0386336 0.676661

Position: -1.36037 0.351883 -0.914115
Normal: -1 -4.25743e-009 0
UV: 0.607464 0.974219

Position: -1.36037 1.86549 -2.35749
Normal: -1 2.62921e-006 -8.67919e-005
UV: 0.768593 0.805249

Position: -1.36037 0.351933 -2.46319
Normal: -1 1.65253e-005 -1.68116e-005
UV: 0.780393 0.974214

Position: -1.36037 0.351883 0.798805
Normal: -1 -3.863e-008 0
UV: 0.416244 0.974219

Position: -1.36037 0.762886 3.17285
Normal: -1 -2.8856e-008 8.4922e-008
UV: 0.151221 0.928337

Position: -1.36037 0.559697 3.01763
Normal: -1 -8.56169e-008 1.69098e-008
UV: 0.168548 0.95102

Position: -1.36016 3.01726 -2.68379
Normal: -1 0.00042779 -0.000181785
UV: 0.805019 0.676673

Position: -1.36016 1.86585 -2.68379
Normal: -1 3.02967e-005 -0.000127233
UV: 0.805019 0.805209

Position: -1.36016 3.01726 -4.15512
Normal: -0.999999 0.000461852 -0.00141672
UV: 0.969269 0.676673

Position: -1.35881 3.26562 -4.39109
Normal: -0.999993 0.00121305 -0.0034319
UV: 0.995611 0.648948

Position: -1.36024 0.859915 -3.38828
Normal: -1 7.78298e-005 -3.05299e-005
UV: 0.883664 0.917506

Position: -1.36016 1.86585 -4.15583
Normal: -0.999999 -2.53211e-005 -0.00144184
UV: 0.969348 0.805209

Position: -1.36028 0.754256 -3.11105
Normal: -1 0.000106404 -3.33743e-005
UV: 0.852716 0.929301

Position: -1.36037 1.86549 4.51109
Normal: -1 0 0
UV: 0.00182703 0.805249

Position: -1.36037 3.01737 4.52114
Normal: -1 0 0
UV: 0.000705242 0.676661

Position: -1.36037 1.86549 4.17134
Normal: -1 -8.94862e-009 -5.83924e-009
UV: 0.0397556 0.805249

Position: -1.36037 1.1102 4.51109
Normal: -1 0 0
UV: 0.00182703 0.889565

Position: -1.36037 1.1102 4.2376
Normal: -1 -3.03131e-008 -8.57101e-008
UV: 0.032358 0.889565

Position: -1.36037 1.1102 4.51109
Normal: -0 0 1
UV: 0.0823711 0.588065

Position: -1.36037 1.86549 4.51109
Normal: 0.000119179 -0.00377843 0.999993
UV: 0.165659 0.588065

Position: -0.826623 1.1102 4.51109
Normal: -0 0 1
UV: 0.0823712 0.529207

Position: -1.35813 1.49887 -4.39644
Normal: -0.999962 0.000560254 -0.0086462
UV: 0.996209 0.846177

Position: -1.35881 1.11077 -4.40103
Normal: -0.99999 -0.000134149 -0.00447486
UV: 0.996721 0.889502

Position: -1.36016 1.11108 -4.07506
Normal: -0.999999 -6.99422e-005 -0.00125034
UV: 0.960331 0.889468

Position: -1.36037 3.26149 4.52114
Normal: -0 0 1
UV: 0.319601 0.588065

Position: 1.36037 3.26149 4.52114
Normal: -0 0 1
UV: 0.319601 0.588065

Position: -1.1351 3.01737 4.52114
Normal: 1.90683e-005 -0.00668097 0.999978
UV: 0.292681 0.563224

Position: 1.1351 3.01737 4.52114
Normal: -1.90703e-005 -0.00668097 0.999978
UV: 0.292681 0.563224

Position: -1.36037 3.01737 4.52114
Normal: 0.000250249 -0.00793388 0.999968
UV: 0.292681 0.588065

Position: -1.13441 1.8797 4.51109
Normal: 1.91167e-005 -0.0064728 0.999979
UV: 0.166135 0.563147

Position: -0 0.962072 4.51109
Normal: 4.29381e-008 0 1
UV: 0.066036 0.437562

Position: 1.13441 1.8797 4.51109
Normal: -1.90251e-005 -0.0064728 0.999979
UV: 0.166135 0.563147

Position: -1.36037 0.81394 4.51109
Normal: -1 0 0
UV: 0.0342147 0.0723026

Position: -1.36037 1.1102 4.2376
Normal: -1 -3.03131e-008 -8.57101e-008
UV: 0.0643737 0.0396324

Position: -1.36037 1.1102 4.51109
Normal: -1 0 0
UV: 0.0342147 0.0396324

Position: -1.36037 0.81394 4.2376
Normal: -1 -7.8756e-008 -5.54349e-008
UV: 0.0643738 0.0723026

Position: -1.36037 1.1102 4.51109
Normal: -0 0 1
UV: 0.236593 0.0235231

Position: -0.826623 1.1102 4.51109
Normal: -0 0 1
UV: 0.143712 0.0235231

Position: -0.826623 0.81394 4.51109
Normal: -0 0 1
UV: 0.143712 0.0750781

Position: -1.36037 0.81394 4.51109
Normal: -0 0 1
UV: 0.236593 0.0750781

Position: -1.36016 1.11108 -4.07506
Normal: -0.999999 -6.99422e-005 -0.00125034
UV: 0.259299 0.0214586

Position: -1.35881 0.820883 -4.40103
Normal: -0.999991 -1.79335e-008 -0.00416313
UV: 0.227298 0.0574048

Position: -1.35881 1.11077 -4.40103
Normal: -0.99999 -0.000134149 -0.00447486
UV: 0.259265 0.0574048

Position: -1.36016 0.814811 -4.07506
Normal: -0.999998 -1.38006e-006 -0.00214991
UV: 0.226628 0.0214586

Position: -0.826623 0.81394 4.51109
Normal: -0 0 1
UV: 0.049701 0.529207

Position: -1.36037 0.558952 4.51109
Normal: -0.999992 0.00316702 0.00239804
UV: 0.00182703 0.951103

Position: -1.36037 0.81394 4.2376
Normal: -1 -7.8756e-008 -5.54349e-008
UV: 0.0323581 0.922638

Position: -1.36037 0.81394 4.51109
Normal: -1 0 0
UV: 0.00182709 0.922638

Position: -1.36037 0.558952 4.2376
Normal: -0.999988 0.00485608 0.00101222
UV: 0.0323581 0.951103

Position: -0 0.558952 4.51109
Normal: -0 0 1
UV: 0.0215826 0.437562

Position: -1.36037 0.558952 4.51109
Normal: -0 0 1
UV: 0.0215827 0.588065

Position: -1.36037 0.81394 4.51109
Normal: -0 0 1
UV: 0.049701 0.588065

Position: -1.36016 0.814811 -4.07506
Normal: -0.999998 -1.38006e-006 -0.00214991
UV: 0.960332 0.922541

Position: -1.35881 0.560595 -4.40103
Normal: -0.999987 -1.87345e-008 -0.00518102
UV: 0.996721 0.95092

Position: -1.35881 0.820883 -4.40103
Normal: -0.999991 -1.79335e-008 -0.00416313
UV: 0.996721 0.921863

Position: -1.36016 0.559823 -4.07506
Normal: -0.999996 -1.37109e-008 -0.00269199
UV: 0.960332 0.951006

Position: -1.36037 0.351883 4.51109
Normal: -0.999961 0.00706671 0.00535086
UV: 0.747883 0.0549854

Position: -1.36037 0.558952 4.2376
Normal: -0.999988 0.00485608 0.00101222
UV: 0.705882 0.0867846

Position: -1.36037 0.558952 4.51109
Normal: -0.999992 0.00316702 0.00239804
UV: 0.747883 0.0867851

Position: -1.3633 0.351883 4.2376
Normal: -0.999936 0.0110758 0.0023117
UV: 0.705883 0.0549848

Position: -1.36037 0.558952 4.51109
Normal: -0 0 1
UV: 0.747883 0.0867851

Position: -0 0.558952 4.51109
Normal: -0 0 1
UV: 0.957479 0.0867853

Position: -0 0.351883 4.51109
Normal: -0 0 1
UV: 0.955253 0.0549853

Position: -1.36037 0.351883 4.51109
Normal: -0 0 1
UV: 0.747883 0.0549854

Position: -1.35881 0.357193 -4.40103
Normal: -0.999982 0 -0.0060738
UV: 0.996721 0.973626

Position: -1.36016 0.352754 -4.07506
Normal: -0.999997 0 -0.00235694
UV: 0.960332 0.974122

Position: 1.1351 3.01737 4.52114
Normal: -1.90703e-005 -0.00668097 0.999978
UV: 0.403269 0.204427

Position: -1.13441 1.8797 4.51109
Normal: 1.91167e-005 -0.0064728 0.999979
UV: 0.403192 0.330974

Position: -1.1351 3.01737 4.52114
Normal: 1.90683e-005 -0.00668097 0.999978
UV: 0.403269 0.204427

Position: 1.13441 1.8797 4.51109
Normal: -1.90251e-005 -0.0064728 0.999979
UV: 0.403192 0.330974

Position: -1.36037 0.351883 -0.914115
Normal: 5.18443e-005 -1 -9.86237e-005
UV: 0.177969 0.378075

Position: -1.36037 0.351883 0.798805
Normal: -0 -1 0
UV: 0.253637 0.378075

Position: -0 0.351883 -0.0576562
Normal: 2.09921e-005 -1 -3.99335e-005
UV: 0.215803 0.319065

Position: -1.3633 0.351883 4.2376
Normal: -0 -1 0
UV: 0.333721 0.191165

Position: -1.36037 0.351883 4.51109
Normal: -0 -1 0
UV: 0.333658 0.185278

Position: -0 0.351883 4.51109
Normal: -0 -1 0
UV: 0.304435 0.185278

Position: -0 0.352754 -4.07506
Normal: 0.00087059 -0.999851 -0.0172449
UV: 0.334373 0.274029

Position: -1.36016 0.352754 -4.07506
Normal: 0.00087059 -0.999851 -0.0172449
UV: 0.363654 0.274029

Position: 1.36037 3.26149 -0.0453224
Normal: -0 1 -1.342e-005
UV: 0.611965 0.435928

Position: -1.36037 3.26149 -0.0453224
Normal: -0 1 -1.342e-005
UV: 0.611965 0.435928

Position: 1.36027 3.26142 -2.61903
Normal: -0 1 0.000949605
UV: 0.328154 0.435939

Position: -1.36027 3.26142 -2.61903
Normal: -0 1 0.000949605
UV: 0.328154 0.435939

Position: 1.36037 3.26149 2.52648
Normal: -0 1 0
UV: 0.413977 0.440442

Position: -1.36037 3.26149 2.52648
Normal: -0 1 0
UV: 0.413977 0.440442

Position: 1.36037 3.26149 -0.0453224
Normal: -0 1 -1.342e-005
UV: 0.130376 0.440442

Position: -1.36037 3.26149 -0.0453224
Normal: -0 1 -1.342e-005
UV: 0.130376 0.440442

Position: 1.36037 3.26149 4.52114
Normal: -0 1 0
UV: 0.633936 0.440443

Position: -1.36037 3.26149 4.52114
Normal: -0 1 0
UV: 0.633936 0.440443

Position: 1.35881 3.26562 -4.39109
Normal: -0 0.999997 0.00236936
UV: 0.132743 0.4361

Position: -1.35881 3.26562 -4.39109
Normal: -0 0.999997 0.00236936
UV: 0.132743 0.4361

Position: -1.3602 0.555813 -3.81587
Normal: -1 -1.76717e-006 -0.000133143
UV: 0.931398 0.951454

Position: -1.3602 0.352619 -3.81013
Normal: -1 0 -0.000128963
UV: 0.930757 0.974137

Position: -1.09161 0.565282 -2.95856
Normal: -1 7.07479e-006 -0.000132627
UV: 0.683654 0.29955

Position: -1.09149 0.352619 -3.81013
Normal: -1 -3.09284e-007 -0.000135418
UV: 0.678156 0.322654

Position: -1.09149 0.555813 -3.81587
Normal: -1 6.98169e-006 -0.000132662
UV: 0.682649 0.322809

Position: -1.09161 0.352165 -2.96051
Normal: -1 -3.09284e-007 -0.000135418
UV: 0.678144 0.299603

Position: -1.36031 0.565282 -2.95856
Normal: -1 0.000121574 -6.25918e-005
UV: 0.835693 0.950397

Position: -1.36031 0.352165 -2.96051
Normal: -1 8.34771e-008 -0.000117934
UV: 0.835911 0.974188

Position: -1.09459 0.351883 3.87834
Normal: -0.999901 0.014071 -2.83521e-006
UV: 0.664566 0.29955

Position: -1.09166 0.559697 3.01763
Normal: -0.999953 0.00965497 -1.9714e-006
UV: 0.670108 0.322649

Position: -1.09166 0.560044 3.87307
Normal: -0.999955 0.00944724 -1.93077e-006
UV: 0.668838 0.299691

Position: -1.09459 0.351883 3.01167
Normal: -0.999901 0.014071 -2.83521e-006
UV: 0.664566 0.322809

Position: -1.36037 0.560044 3.87307
Normal: -0.999988 0.00493119 7.43824e-006
UV: 0.073052 0.950981

Position: -1.36037 0.758263 3.73995
Normal: -1 -1.55302e-007 -1.09315e-007
UV: 0.0879128 0.928854

Position: -1.3633 0.351883 4.2376
Normal: -0.999936 0.0110758 0.0023117
UV: 0.032358 0.974219

Position: -1.3633 0.351883 3.87834
Normal: -0.999901 0.014097 2.12641e-005
UV: 0.0724635 0.974219

Position: -1.36037 0.560044 3.87307
Normal: -0 -0.557523 -0.830162
UV: 0.674616 0.299393

Position: -1.09166 0.560044 3.87307
Normal: -0 -0.557523 -0.830162
UV: 0.674616 0.292446

Position: -1.09166 0.758263 3.73995
Normal: -0 -0.557523 -0.830162
UV: 0.696802 0.283284

Position: -1.36037 0.758263 3.73995
Normal: -0 -0.557523 -0.830162
UV: 0.703748 0.283284

Position: -1.36037 0.559697 3.01763
Normal: -0 -0.0287078 0.999588
UV: 0.69656 0.293851

Position: -1.09459 0.351883 3.01167
Normal: -0 -0.0287078 0.999588
UV: 0.689614 0.299393

Position: -1.36037 0.351883 3.01167
Normal: -0 -0.0287078 0.999588
UV: 0.69656 0.299393

Position: -1.09166 0.559697 3.01763
Normal: -0 -0.0287078 0.999588
UV: 0.689614 0.293851

Position: -1.09459 0.351883 3.87834
Normal: -0 -0.0253146 -0.99968
UV: 0.678887 0.292446

Position: -1.36037 0.560044 3.87307
Normal: -0 -0.0253146 -0.99968
UV: 0.674616 0.299393

Position: -1.3633 0.351883 3.87834
Normal: -0 -0.0253146 -0.99968
UV: 0.678887 0.299393

Position: -1.09166 0.560044 3.87307
Normal: -0 -0.0253146 -0.99968
UV: 0.674616 0.292446

Position: -1.36037 0.762886 3.17285
Normal: -0 -0.607038 0.794672
UV: 0.69656 0.288884

Position: -1.09166 0.559697 3.01763
Normal: -0 -0.607038 0.794672
UV: 0.689614 0.293851

Position: -1.36037 0.559697 3.01763
Normal: -0 -0.607038 0.794672
UV: 0.69656 0.293851

Position: -1.09166 0.762886 3.17285
Normal: -0 -0.607038 0.794672
UV: 0.689614 0.288884

Position: -1.09166 0.865694 3.45091
Normal: -0 -0.937943 0.346789
UV: 0.696802 0.29223

Position: -1.36037 0.762886 3.17285
Normal: -0 -0.937943 0.346789
UV: 0.703748 0.299393

Position: -1.36037 0.865694 3.45091
Normal: -0 -0.937943 0.346789
UV: 0.703748 0.29223

Position: -1.09166 0.762886 3.17285
Normal: -0 -0.937943 0.346789
UV: 0.696802 0.299393

Position: -1.36037 0.758263 3.73995
Normal: -0 -0.937349 -0.348393
UV: 0.703748 0.283284

Position: -1.09166 0.758263 3.73995
Normal: -0 -0.937349 -0.348393
UV: 0.696802 0.283284

Position: -1.36037 0.865694 3.45091
Normal: -0 -0.937349 -0.348393
UV: 0.703748 0.29223

Position: -1.09166 0.865694 3.45091
Normal: -0 -0.937349 -0.348393
UV: 0.696802 0.29223

Position: -1.09154 0.859915 -3.38828
Normal: -0 -0.932598 0.360918
UV: 0.691563 0.310814

Position: -1.36022 0.75601 -3.65676
Normal: -0 -0.932598 0.360918
UV: 0.698509 0.318098

Position: -1.36024 0.859915 -3.38828
Normal: -0 -0.932598 0.360918
UV: 0.69851 0.310814

Position: -1.09151 0.75601 -3.65676
Normal: -0 -0.932598 0.360918
UV: 0.691562 0.318098

Position: -1.36031 0.352165 -2.96051
Normal: -0 0.00915971 -0.999958
UV: 0.689372 0.299393

Position: -1.09161 0.352165 -2.96051
Normal: -0 0.00915971 -0.999958
UV: 0.689372 0.292446

Position: -1.09161 0.565282 -2.95856
Normal: -0 0.00915971 -0.999958
UV: 0.683863 0.292446

Position: -1.36031 0.565282 -2.95856
Normal: -0 0.00915971 -0.999958
UV: 0.683863 0.299393

Position: -1.36022 0.75601 -3.65676
Normal: -0 -0.622196 0.782861
UV: 0.698509 0.318098

Position: -1.09151 0.75601 -3.65676
Normal: -0 -0.622196 0.782861
UV: 0.691562 0.318098

Position: -1.3602 0.555813 -3.81587
Normal: -0 -0.622196 0.782861
UV: 0.698508 0.322809

Position: -1.09149 0.555813 -3.81587
Normal: -0 -0.622196 0.782861
UV: 0.691562 0.322809

Position: -1.3602 0.555813 -3.81587
Normal: -0 0.0282361 0.999601
UV: 0.683621 0.299393

Position: -1.09149 0.352619 -3.81013
Normal: -0 0.0282361 0.999601
UV: 0.679129 0.292446

Position: -1.3602 0.352619 -3.81013
Normal: -0 0.0282361 0.999601
UV: 0.679129 0.299393

Position: -1.09149 0.555813 -3.81587
Normal: -0 0.0282361 0.999601
UV: 0.683621 0.292446

Position: -1.09157 0.754256 -3.11105
Normal: -0 -0.93443 -0.356146
UV: 0.691564 0.303293

Position: -1.36024 0.859915 -3.38828
Normal: -0 -0.93443 -0.356146
UV: 0.69851 0.310814

Position: -1.36028 0.754256 -3.11105
Normal: -0 -0.93443 -0.356146
UV: 0.69851 0.303293

Position: -1.09154 0.859915 -3.38828
Normal: -0 -0.93443 -0.356146
UV: 0.691563 0.310814

Position: -1.09161 0.565282 -2.95856
Normal: -0 -0.627992 -0.77822
UV: 0.691565 0.29955

Position: -1.36028 0.754256 -3.11105
Normal: -0 -0.627992 -0.77822
UV: 0.69851 0.303293

Position: -1.36031 0.565282 -2.95856
Normal: -0 -0.627992 -0.77822
UV: 0.698511 0.29955

Position: -1.09157 0.754256 -3.11105
Normal: -0 -0.627992 -0.77822
UV: 0.691564 0.303293

Position: -1.36037 0.865694 3.45091
Normal: -1 -6.87279e-008 -1.08994e-008
UV: 0.12018 0.916861

Position: -1.09459 0.351883 3.01167
Normal: -0 -1 0
UV: 0.327936 0.217557

Position: -1.36037 0.351883 0.798805
Normal: -0 -1 0
UV: 0.333658 0.265195

Position: -1.36037 0.351883 3.01167
Normal: -0 -1 0
UV: 0.333658 0.217557

Position: -0 0.351883 -0.0576562
Normal: 2.09921e-005 -1 -3.99335e-005
UV: 0.304435 0.283632

Position: -1.09459 0.351883 3.87834
Normal: -0 -1 0
UV: 0.327936 0.198899

Position: -1.3633 0.351883 3.87834
Normal: -0 -1 0
UV: 0.333721 0.198899

Position: -1.36016 0.352754 -4.07506
Normal: 3.64197e-008 -1 -0.000509804
UV: 0.363654 0.274029

Position: -1.3602 0.352619 -3.81013
Normal: 3.64197e-008 -1 -0.000509804
UV: 0.363655 0.268326

Position: -1.09149 0.352619 -3.81013
Normal: 3.64197e-008 -1 -0.000509804
UV: 0.35787 0.268326

Position: -0 0.352754 -4.07506
Normal: 3.64197e-008 -1 -0.000509804
UV: 0.334373 0.274029

Position: -0 0.351883 -0.0576562
Normal: 2.09921e-005 -1 -3.99335e-005
UV: 0.334436 0.187544

Position: -1.09161 0.352165 -2.96051
Normal: 6.78804e-005 -1 -0.000129129
UV: 0.357873 0.250035

Position: -1.36037 0.351883 -0.914115
Normal: 5.18443e-005 -1 -9.86237e-005
UV: 0.363659 0.205981

Position: -1.36031 0.352165 -2.96051
Normal: 6.78804e-005 -1 -0.000129129
UV: 0.363658 0.250035

Position: -0 0.351883 -0.0576562
Normal: 0.000261611 -1 -0.00027236
UV: 0.334436 0.187544

Position: -0 0.352754 -4.07506
Normal: 0.000261611 -1 -0.00027236
UV: 0.334373 0.274029

Position: -1.09161 0.352165 -2.96051
Normal: 0.000261611 -1 -0.00027236
UV: 0.357873 0.250035

Position: -1.09149 0.352619 -3.81013
Normal: 0.000261611 -1 -0.00027236
UV: 0.35787 0.268326

Position: -1.36022 0.75601 -3.65676
Normal: -1 -2.85227e-006 -0.000123475
UV: 0.913636 0.929105

Position: -1.09157 0.754256 -3.11105
Normal: -1 2.43389e-005 -0.000125912
UV: 0.688077 0.303293

Position: -1.09151 0.75601 -3.65676
Normal: -1 2.4367e-005 -0.000125895
UV: 0.689047 0.318098

Position: -1.09154 0.859915 -3.38828
Normal: -1 4.69142e-005 -0.000111693
UV: 0.691261 0.310814

Position: -1.09166 0.758263 3.73995
Normal: -1 4.03958e-007 -8.68658e-008
UV: 0.673459 0.302076

Position: -1.09166 0.762886 3.17285
Normal: -1 4.03684e-007 -8.69464e-008
UV: 0.675075 0.318184

Position: -1.09166 0.865694 3.45091
Normal: -1 0 -2.05673e-007
UV: 0.677859 0.311021

Position: -1.36037 0.351883 3.01167
Normal: -1 -1.08423e-007 0
UV: 0.169214 0.974219

Position: 1.35881 0.357193 -4.40103
Normal: 0.999982 0 -0.00607379
UV: 0.727756 0.079473

Position: 1.35881 0.560595 -4.40103
Normal: 0.999987 0 -0.00518102
UV: 0.727881 0.051597

Position: 1.35745 0.361632 -4.51658
Normal: 0.999931 0 -0.0117472
UV: 0.745582 0.079469

Position: 1.35745 0.561367 -4.51658
Normal: 0.999931 0 -0.0117472
UV: 0.745567 0.051582

Position: 1.35881 1.11077 -4.40103
Normal: -0.00791098 9.55104e-005 -0.999969
UV: 0.79176 0.493368

Position: 1.35813 1.49887 -4.39644
Normal: -0.00403013 0.00276461 -0.999988
UV: 0.79176 0.439754

Position: 0.830521 1.11046 -4.39365
Normal: -0.00386316 5.95668e-005 -0.999993
UV: 0.867239 0.494099

Position: -0 0.561367 -4.39365
Normal: 0.000287505 0.999995 0.00317466
UV: 0.776341 0.09909

Position: 1.35745 0.561367 -4.51658
Normal: 0.000287505 0.999995 0.00317466
UV: 0.586844 0.116847

Position: 1.35881 0.560595 -4.40103
Normal: 0.000287505 0.999995 0.00317466
UV: 0.586842 0.099153

Position: -0 0.561367 -4.52115
Normal: 0.000287505 0.999995 0.00317466
UV: 0.776344 0.11678

Position: -0 0.361632 -4.52115
Normal: 0.00336241 0 -0.999994
UV: 0.935091 0.079326

Position: 1.35745 0.361632 -4.51658
Normal: 0.00336241 0 -0.999994
UV: 0.745582 0.079469

Position: 1.35745 0.561367 -4.51658
Normal: 0.00336241 0 -0.999994
UV: 0.745567 0.051582

Position: -0 0.561367 -4.52115
Normal: 0.00336241 0 -0.999994
UV: 0.935068 0.051441

Position: -0 0.361632 -4.52115
Normal: -0.00086211 -0.999848 -0.0174244
UV: 0.334373 0.283632

Position: 1.35881 0.357193 -4.40103
Normal: -0.000753848 -0.999805 -0.019715
UV: 0.363625 0.281046

Position: 1.35745 0.361632 -4.51658
Normal: 0.000129081 -0.999263 -0.0383888
UV: 0.363596 0.283534

Position: 1.35813 1.49887 -4.39644
Normal: -0.00403013 0.00276461 -0.999988
UV: 0.48278 0.424951

Position: 0.830521 0.826956 -4.39365
Normal: -0.00465566 0.00455745 -0.999979
UV: 0.180913 0.0701771

Position: 1.35881 0.820883 -4.40103
Normal: -0.0101004 0.00768129 -0.99992
UV: 0.107352 0.0701811

Position: 1.35881 1.11077 -4.40103
Normal: -0.00791098 9.55104e-005 -0.999969
UV: 0.107343 0.0144721

Position: 0.830521 1.11046 -4.39365
Normal: -0.00386316 5.95668e-005 -0.999993
UV: 0.180903 0.0144681

Position: -0 0.561367 -4.39365
Normal: -0.000840657 0.00132652 -0.999999
UV: 0.984322 0.573106

Position: 0.830521 0.826956 -4.39365
Normal: -0.00465566 0.00455745 -0.999979
UV: 0.866857 0.534333

Position: 1.35881 0.560595 -4.40103
Normal: -0.00777957 0.0122758 -0.999894
UV: 0.79176 0.571337

Position: 1.35881 0.820883 -4.40103
Normal: -0.0101004 0.00768129 -0.99992
UV: 0.79176 0.533657

Position: 1.36016 1.86585 -2.68379
Normal: 1 3.03148e-005 -0.000127233
UV: 0.270292 0.188212

Position: 1.36016 3.01726 -4.15512
Normal: 0.999999 0.000461879 -0.00141672
UV: 0.397262 0.35046

Position: 1.36016 1.86585 -4.15583
Normal: 0.999999 -2.53106e-005 -0.00144184
UV: 0.270292 0.350539

Position: 1.36016 3.01726 -2.68379
Normal: 1 0.000427813 -0.000181785
UV: 0.397262 0.188212

Position: 1.36037 3.01737 -0.967367
Normal: 1 7.64332e-005 -8.11246e-006
UV: 0.397274 0.194582

Position: 1.36037 3.01737 -2.34288
Normal: 1 6.56391e-005 -9.79712e-005
UV: 0.397274 0.346264

Position: 1.36037 1.86549 -0.977418
Normal: 1 -2.32913e-008 0
UV: 0.270253 0.19569

Position: 1.36037 1.86549 -2.35749
Normal: 1 2.64321e-006 -8.67919e-005
UV: 0.270253 0.347876

Position: 1.36037 3.01737 0.750705
Normal: 1 2.1813e-008 0
UV: 0.400284 0.18572

Position: 1.36037 3.01737 -0.624809
Normal: 1 -3.32715e-009 0
UV: 0.400284 0.337402

Position: 1.36037 1.86549 0.740655
Normal: 1 -1.48385e-009 0
UV: 0.273262 0.186828

Position: 1.36037 1.86549 -0.639421
Normal: 1 3.12671e-009 0
UV: 0.273262 0.339014

Position: 1.36037 3.01737 2.45847
Normal: 1 -3.99562e-009 0
UV: 0.403294 0.185519

Position: 1.36037 3.01737 1.08296
Normal: 1 7.69662e-009 0
UV: 0.403294 0.337202

Position: 1.36037 1.86549 2.44842
Normal: 1 -3.00955e-009 1.69753e-008
UV: 0.276272 0.186627

Position: 1.36037 1.86549 1.06835
Normal: 1 -4.60101e-008 0
UV: 0.276272 0.338813

Position: 1.36037 3.01737 4.18139
Normal: 1 -1.48265e-007 0
UV: 0.397274 0.194183

Position: 1.36037 3.01737 2.80587
Normal: 1 -1.42737e-007 0
UV: 0.397274 0.345865

Position: 1.36037 1.86549 4.17134
Normal: 1 -1.11912e-008 -5.83924e-009
UV: 0.270253 0.195291

Position: 1.36037 1.86549 2.79126
Normal: 1 -1.86197e-008 3.22309e-008
UV: 0.270253 0.347476

Position: 1.36037 1.86549 2.79126
Normal: 1 -1.86197e-008 3.22309e-008
UV: 0.193819 0.805249

Position: 1.36037 3.01737 2.45847
Normal: 1 -3.99562e-009 0
UV: 0.230969 0.676661

Position: 1.36037 1.86549 2.44842
Normal: 1 -3.00955e-009 1.69753e-008
UV: 0.232091 0.805249

Position: 1.36037 3.01737 2.80587
Normal: 1 -1.42737e-007 0
UV: 0.192187 0.676661

Position: 1.36037 3.01737 0.750705
Normal: 1 2.1813e-008 0
UV: 0.421613 0.676661

Position: 1.36037 1.86549 1.06835
Normal: 1 -4.60101e-008 0
UV: 0.386154 0.805249

Position: 1.36037 3.01737 1.08296
Normal: 1 7.69662e-009 0
UV: 0.384523 0.676661

Position: 1.36037 1.86549 0.740655
Normal: 1 -1.48385e-009 0
UV: 0.422735 0.805249

Position: 1.36037 3.01737 -0.967367
Normal: 1 7.64332e-005 -8.11246e-006
UV: 0.613408 0.676661

Position: 1.36037 1.86549 -0.639421
Normal: 1 3.12671e-009 0
UV: 0.576798 0.805249

Position: 1.36037 3.01737 -0.624809
Normal: 1 -3.32715e-009 0
UV: 0.575167 0.676661

Position: 1.36037 1.86549 -0.977418
Normal: 1 -2.32913e-008 0
UV: 0.61453 0.805249

Position: 1.36037 3.26149 -0.0453224
Normal: 1 4.81576e-005 -5.06172e-006
UV: 0.510477 0.649409

Position: 1.36027 3.26142 -2.61903
Normal: 0.999999 0.00144329 -0.00029576
UV: 0.79779 0.649416

Position: 1.36037 3.01737 -2.34288
Normal: 1 6.56391e-005 -9.79712e-005
UV: 0.766962 0.676661

Position: 1.36037 3.26149 2.52648
Normal: 1 -1.76689e-007 0
UV: 0.223377 0.649409

Position: 1.36037 3.26149 4.52114
Normal: 1 -5.02521e-007 0
UV: 0.000705302 0.649409

Position: 1.36037 3.01737 4.18139
Normal: 1 -1.48265e-007 0
UV: 0.0386336 0.676661

Position: 1.36037 0.351883 -0.914115
Normal: 1 0 0
UV: 0.607464 0.974219

Position: 1.36037 1.86549 -2.35749
Normal: 1 2.64321e-006 -8.67919e-005
UV: 0.768593 0.805249

Position: 1.36037 0.351933 -2.46319
Normal: 1 1.65476e-005 -1.68116e-005
UV: 0.780393 0.974214

Position: 1.36037 0.351883 0.798805
Normal: 1 -5.41038e-008 0
UV: 0.416244 0.974219

Position: 1.36037 0.762886 3.17285
Normal: 1 -4.42438e-008 8.49219e-008
UV: 0.151221 0.928337

Position: 1.36037 0.559697 3.01763
Normal: 1 -1.03866e-007 1.69098e-008
UV: 0.168548 0.95102

Position: 1.36016 3.01726 -2.68379
Normal: 1 0.000427813 -0.000181785
UV: 0.805019 0.676673

Position: 1.36016 1.86585 -2.68379
Normal: 1 3.03148e-005 -0.000127233
UV: 0.805019 0.805209

Position: 1.36016 3.01726 -4.15512
Normal: 0.999999 0.000461879 -0.00141672
UV: 0.969269 0.676673

Position: 1.35881 3.26562 -4.39109
Normal: 0.999993 0.00121309 -0.00343189
UV: 0.995611 0.648948

Position: 1.36024 0.859915 -3.38828
Normal: 1 7.78298e-005 -3.05299e-005
UV: 0.883664 0.917506

Position: 1.36028 0.754256 -3.11105
Normal: 1 0.000106416 -3.33743e-005
UV: 0.852716 0.929301

Position: 1.36016 1.86585 -4.15583
Normal: 0.999999 -2.53106e-005 -0.00144184
UV: 0.969348 0.805209

Position: 1.36037 1.86549 4.51109
Normal: 1 7.35809e-009 0
UV: 0.00182703 0.805249

Position: 1.36037 1.86549 4.17134
Normal: 1 -1.11912e-008 -5.83924e-009
UV: 0.0397556 0.805249

Position: 1.36037 3.01737 4.52114
Normal: 1 -2.36561e-008 0
UV: 0.000705242 0.676661

Position: 1.36037 1.1102 4.2376
Normal: 1 1.97992e-008 -8.57101e-008
UV: 0.032358 0.889565

Position: 1.36037 1.1102 4.51109
Normal: 1 4.7666e-008 0
UV: 0.00182703 0.889565

Position: 1.36037 1.1102 4.51109
Normal: -0 0 1
UV: 0.0823711 0.588065

Position: 0.826623 1.1102 4.51109
Normal: 3.70689e-007 0 1
UV: 0.0823712 0.529207

Position: 1.36037 1.86549 4.51109
Normal: -0.000118923 -0.00377843 0.999993
UV: 0.165659 0.588065

Position: 1.35813 1.49887 -4.39644
Normal: 0.999963 0.000560239 -0.0086462
UV: 0.996209 0.846177

Position: 1.35881 1.11077 -4.40103
Normal: 0.99999 -0.000134152 -0.00447486
UV: 0.996721 0.889502

Position: 1.36016 1.11108 -4.07506
Normal: 0.999999 -6.9964e-005 -0.00125034
UV: 0.960331 0.889468

Position: 1.36037 3.01737 4.52114
Normal: -0.000250275 -0.00793388 0.999968
UV: 0.292681 0.588065

Position: 1.36037 0.81394 4.51109
Normal: 1 0 0
UV: 0.0342147 0.0723026

Position: 1.36037 1.1102 4.51109
Normal: 1 4.7666e-008 0
UV: 0.0342147 0.0396324

Position: 1.36037 1.1102 4.2376
Normal: 1 1.97992e-008 -8.57101e-008
UV: 0.0643737 0.0396324

Position: 1.36037 0.81394 4.2376
Normal: 1 3.41618e-008 -5.5435e-008
UV: 0.0643738 0.0723026

Position: 1.36037 0.81394 4.51109
Normal: -0 0 1
UV: 0.236593 0.0750781

Position: 0.826623 0.81394 4.51109
Normal: -0 0 1
UV: 0.143712 0.0750781

Position: 1.36037 1.1102 4.51109
Normal: -0 0 1
UV: 0.236593 0.0235231

Position: 0.826623 1.1102 4.51109
Normal: 3.70689e-007 0 1
UV: 0.143712 0.0235231

Position: 1.36016 1.11108 -4.07506
Normal: 0.999999 -6.9964e-005 -0.00125034
UV: 0.259299 0.0214586

Position: 1.35881 0.820883 -4.40103
Normal: 0.999991 0 -0.00416312
UV: 0.227298 0.0574048

Position: 1.36016 0.814811 -4.07506
Normal: 0.999998 -1.49548e-006 -0.00214991
UV: 0.226628 0.0214586

Position: 1.35881 1.11077 -4.40103
Normal: 0.99999 -0.000134152 -0.00447486
UV: 0.259265 0.0574048

Position: 0.826623 0.81394 4.51109
Normal: -0 0 1
UV: 0.049701 0.529207

Position: 1.36037 0.558952 4.51109
Normal: 0.999992 0.00316702 0.00239804
UV: 0.00182703 0.951103

Position: 1.36037 0.81394 4.51109
Normal: 1 0 0
UV: 0.00182709 0.922638

Position: 1.36037 0.81394 4.2376
Normal: 1 3.41618e-008 -5.5435e-008
UV: 0.0323581 0.922638

Position: 1.36037 0.558952 4.2376
Normal: 0.999988 0.00485615 0.00101222
UV: 0.0323581 0.951103

Position: 1.36037 0.558952 4.51109
Normal: -0 0 1
UV: 0.0215827 0.588065

Position: 1.36037 0.81394 4.51109
Normal: -0 0 1
UV: 0.049701 0.588065

Position: 1.36016 0.814811 -4.07506
Normal: 0.999998 -1.49548e-006 -0.00214991
UV: 0.960332 0.922541

Position: 1.35881 0.560595 -4.40103
Normal: 0.999987 0 -0.00518102
UV: 0.996721 0.95092

Position: 1.36016 0.559823 -4.07506
Normal: 0.999996 0 -0.00269199
UV: 0.960332 0.951006

Position: 1.35881 0.820883 -4.40103
Normal: 0.999991 0 -0.00416312
UV: 0.996721 0.921863

Position: 1.36037 0.351883 4.51109
Normal: 0.999961 0.00706671 0.00535086
UV: 0.747883 0.0549854

Position: 1.36037 0.558952 4.51109
Normal: 0.999992 0.00316702 0.00239804
UV: 0.747883 0.0867851

Position: 1.36037 0.558952 4.2376
Normal: 0.999988 0.00485615 0.00101222
UV: 0.705882 0.0867846

Position: 1.3633 0.351883 4.2376
Normal: 0.999936 0.0110759 0.0023117
UV: 0.705883 0.0549848

Position: 1.36037 0.351883 4.51109
Normal: -0 0 1
UV: 0.747883 0.0549854

Position: 1.36037 0.558952 4.51109
Normal: -0 0 1
UV: 0.747883 0.0867851

Position: 1.35881 0.357193 -4.40103
Normal: 0.999982 0 -0.00607379
UV: 0.996721 0.973626

Position: 1.36016 0.352754 -4.07506
Normal: 0.999997 0 -0.00235694
UV: 0.960332 0.974122

Position: 1.36037 0.351883 -0.914115
Normal: -5.18443e-005 -1 -9.86205e-005
UV: 0.177969 0.378075

Position: 1.36037 0.351883 0.798805
Normal: -0 -1 0
UV: 0.253637 0.378075

Position: 1.3633 0.351883 4.2376
Normal: -0 -1 1.62709e-008
UV: 0.333721 0.191165

Position: 1.36037 0.351883 4.51109
Normal: -0 -1 1.62709e-008
UV: 0.333658 0.185278

Position: -0 0.352754 -4.07506
Normal: -0.000870593 -0.999851 -0.0172449
UV: 0.334373 0.274029

Position: 1.36016 0.352754 -4.07506
Normal: -0.000870593 -0.999851 -0.0172449
UV: 0.363654 0.274029

Position: 1.3602 0.555813 -3.81587
Normal: 1 -1.92782e-006 -0.000133143
UV: 0.931398 0.951454

Position: 1.3602 0.352619 -3.81013
Normal: 1 0 -0.000128963
UV: 0.930757 0.974137

Position: 1.09161 0.565282 -2.95856
Normal: 1 7.05668e-006 -0.000132627
UV: 0.683654 0.29955

Position: 1.09149 0.352619 -3.81013
Normal: 1 -3.35494e-007 -0.000135418
UV: 0.678156 0.322654

Position: 1.09161 0.352165 -2.96051
Normal: 1 -3.35494e-007 -0.000135418
UV: 0.678144 0.299603

Position: 1.09149 0.555813 -3.81587
Normal: 1 6.96348e-006 -0.000132662
UV: 0.682649 0.322809

Position: 1.36031 0.565282 -2.95856
Normal: 1 0.000121599 -6.25918e-005
UV: 0.835693 0.950397

Position: 1.36031 0.352165 -2.96051
Normal: 1 0 -0.000117934
UV: 0.835911 0.974188

Position: 1.09166 0.560044 3.87307
Normal: 0.999955 0.00944744 -1.93077e-006
UV: 0.668838 0.299691

Position: 1.09166 0.559697 3.01763
Normal: 0.999953 0.00965517 -1.9714e-006
UV: 0.670108 0.322649

Position: 1.09459 0.351883 3.87834
Normal: 0.999901 0.014071 -2.83521e-006
UV: 0.664566 0.29955

Position: 1.09459 0.351883 3.01167
Normal: 0.999901 0.014071 -2.83521e-006
UV: 0.664566 0.322809

Position: 1.36037 0.560044 3.87307
Normal: 0.999988 0.00493132 7.43824e-006
UV: 0.073052 0.950981

Position: 1.36037 0.758263 3.73995
Normal: 1 3.16727e-008 -1.09315e-007
UV: 0.0879128 0.928854

Position: 1.3633 0.351883 3.87834
Normal: 0.999901 0.0140971 2.12641e-005
UV: 0.0724635 0.974219

Position: 1.3633 0.351883 4.2376
Normal: 0.999936 0.0110759 0.0023117
UV: 0.032358 0.974219

Position: 1.36037 0.560044 3.87307
Normal: -0 -0.557523 -0.830162
UV: 0.674616 0.299393

Position: 1.09166 0.758263 3.73995
Normal: -0 -0.557523 -0.830162
UV: 0.696802 0.283284

Position: 1.09166 0.560044 3.87307
Normal: -0 -0.557523 -0.830162
UV: 0.674616 0.292446

Position: 1.36037 0.758263 3.73995
Normal: -0 -0.557523 -0.830162
UV: 0.703748 0.283284

Position: 1.36037 0.559697 3.01763
Normal: -0 -0.0287078 0.999588
UV: 0.69656 0.293851

Position: 1.09459 0.351883 3.01167
Normal: -0 -0.0287078 0.999588
UV: 0.689614 0.299393

Position: 1.09166 0.559697 3.01763
Normal: -0 -0.0287078 0.999588
UV: 0.689614 0.293851

Position: 1.36037 0.351883 3.01167
Normal: -0 -0.0287078 0.999588
UV: 0.69656 0.299393

Position: 1.09459 0.351883 3.87834
Normal: -0 -0.0253146 -0.99968
UV: 0.678887 0.292446

Position: 1.3633 0.351883 3.87834
Normal: -0 -0.0253146 -0.99968
UV: 0.678887 0.299393

Position: 1.36037 0.560044 3.87307
Normal: -0 -0.0253146 -0.99968
UV: 0.674616 0.299393

Position: 1.09166 0.560044 3.87307
Normal: -0 -0.0253146 -0.99968
UV: 0.674616 0.292446

Position: 1.36037 0.762886 3.17285
Normal: -0 -0.607038 0.794673
UV: 0.69656 0.288884

Position: 1.09166 0.559697 3.01763
Normal: -0 -0.607038 0.794673
UV: 0.689614 0.293851

Position: 1.09166 0.762886 3.17285
Normal: -0 -0.607038 0.794673
UV: 0.689614 0.288884

Position: 1.36037 0.559697 3.01763
Normal: -0 -0.607038 0.794673
UV: 0.69656 0.293851

Position: 1.09166 0.865694 3.45091
Normal: -0 -0.937943 0.346789
UV: 0.696802 0.29223

Position: 1.36037 0.865694 3.45091
Normal: -0 -0.937943 0.346789
UV: 0.703748 0.29223

Position: 1.36037 0.762886 3.17285
Normal: -0 -0.937943 0.346789
UV: 0.703748 0.299393

Position: 1.09166 0.762886 3.17285
Normal: -0 -0.937943 0.346789
UV: 0.696802 0.299393

Position: 1.36037 0.758263 3.73995
Normal: -0 -0.937349 -0.348393
UV: 0.703748 0.283284

Position: 1.36037 0.865694 3.45091
Normal: -0 -0.937349 -0.348393
UV: 0.703748 0.29223

Position: 1.09166 0.758263 3.73995
Normal: -0 -0.937349 -0.348393
UV: 0.696802 0.283284

Position: 1.09166 0.865694 3.45091
Normal: -0 -0.937349 -0.348393
UV: 0.696802 0.29223

Position: 1.09154 0.859915 -3.38828
Normal: -0 -0.932598 0.360918
UV: 0.691563 0.310814

Position: 1.36022 0.75601 -3.65676
Normal: -0 -0.932598 0.360918
UV: 0.698509 0.318098

Position: 1.09151 0.75601 -3.65676
Normal: -0 -0.932598 0.360918
UV: 0.691562 0.318098

Position: 1.36024 0.859915 -3.38828
Normal: -0 -0.932598 0.360918
UV: 0.69851 0.310814

Position: 1.36031 0.352165 -2.96051
Normal: -0 0.00915971 -0.999958
UV: 0.689372 0.299393

Position: 1.09161 0.565282 -2.95856
Normal: -0 0.00915971 -0.999958
UV: 0.683863 0.292446

Position: 1.09161 0.352165 -2.96051
Normal: -0 0.00915971 -0.999958
UV: 0.689372 0.292446

Position: 1.36031 0.565282 -2.95856
Normal: -0 0.00915971 -0.999958
UV: 0.683863 0.299393

Position: 1.36022 0.75601 -3.65676
Normal: -0 -0.622196 0.782861
UV: 0.698509 0.318098

Position: 1.3602 0.555813 -3.81587
Normal: -0 -0.622196 0.782861
UV: 0.698508 0.322809

Position: 1.09151 0.75601 -3.65676
Normal: -0 -0.622196 0.782861
UV: 0.691562 0.318098

Position: 1.09149 0.555813 -3.81587
Normal: -0 -0.622196 0.782861
UV: 0.691562 0.322809

Position: 1.3602 0.555813 -3.81587
Normal: -0 0.0282361 0.999601
UV: 0.683621 0.299393

Position: 1.09149 0.352619 -3.81013
Normal: -0 0.0282361 0.999601
UV: 0.679129 0.292446

Position: 1.09149 0.555813 -3.81587
Normal: -0 0.0282361 0.999601
UV: 0.683621 0.292446

Position: 1.3602 0.352619 -3.81013
Normal: -0 0.0282361 0.999601
UV: 0.679129 0.299393

Position: 1.09157 0.754256 -3.11105
Normal: -0 -0.93443 -0.356146
UV: 0.691564 0.303293

Position: 1.36028 0.754256 -3.11105
Normal: -0 -0.93443 -0.356146
UV: 0.69851 0.303293

Position: 1.36024 0.859915 -3.38828
Normal: -0 -0.93443 -0.356146
UV: 0.69851 0.310814

Position: 1.09154 0.859915 -3.38828
Normal: -0 -0.93443 -0.356146
UV: 0.691563 0.310814

Position: 1.09161 0.565282 -2.95856
Normal: -0 -0.627992 -0.77822
UV: 0.691565 0.29955

Position: 1.36031 0.565282 -2.95856
Normal: -0 -0.627992 -0.77822
UV: 0.698511 0.29955

Position: 1.36028 0.754256 -3.11105
Normal: -0 -0.627992 -0.77822
UV: 0.69851 0.303293

Position: 1.09157 0.754256 -3.11105
Normal: -0 -0.627992 -0.77822
UV: 0.691564 0.303293

Position: 1.36037 0.865694 3.45091
Normal: 1 -6.08807e-008 -1.08994e-008
UV: 0.12018 0.916861

Position: 1.09459 0.351883 3.01167
Normal: -0 -1 0
UV: 0.327936 0.217557

Position: 1.36037 0.351883 0.798805
Normal: -0 -1 0
UV: 0.333658 0.265195

Position: 1.36037 0.351883 3.01167
Normal: -0 -1 0
UV: 0.333658 0.217557

Position: 1.09459 0.351883 3.87834
Normal: -0 -1 -2.25843e-008
UV: 0.327936 0.198899

Position: 1.3633 0.351883 3.87834
Normal: -0 -1 -2.25843e-008
UV: 0.333721 0.198899

Position: 1.36016 0.352754 -4.07506
Normal: -3.64197e-008 -1 -0.000509751
UV: 0.363654 0.274029

Position: 1.09149 0.352619 -3.81013
Normal: -3.64197e-008 -1 -0.000509751
UV: 0.35787 0.268326

Position: 1.3602 0.352619 -3.81013
Normal: -3.64197e-008 -1 -0.000509751
UV: 0.363655 0.268326

Position: 1.36037 0.351883 -0.914115
Normal: -5.18443e-005 -1 -9.86205e-005
UV: 0.363659 0.205981

Position: 1.09161 0.352165 -2.96051
Normal: -6.78804e-005 -1 -0.000129125
UV: 0.357873 0.250035

Position: 1.36031 0.352165 -2.96051
Normal: -6.78804e-005 -1 -0.000129125
UV: 0.363658 0.250035

Position: -0 0.351883 -0.0576562
Normal: -0.000261611 -1 -0.000272357
UV: 0.334436 0.187544

Position: 1.09161 0.352165 -2.96051
Normal: -0.000261611 -1 -0.000272357
UV: 0.357873 0.250035

Position: -0 0.352754 -4.07506
Normal: -0.000261611 -1 -0.000272357
UV: 0.334373 0.274029

Position: 1.09149 0.352619 -3.81013
Normal: -0.000261611 -1 -0.000272357
UV: 0.35787 0.268326

Position: 1.36022 0.75601 -3.65676
Normal: 1 -2.90965e-006 -0.000123475
UV: 0.913636 0.929105

Position: 1.09157 0.754256 -3.11105
Normal: 1 2.43728e-005 -0.000125912
UV: 0.688077 0.303293

Position: 1.09154 0.859915 -3.38828
Normal: 1 4.79568e-005 -0.000111693
UV: 0.691261 0.310814

Position: 1.09151 0.75601 -3.65676
Normal: 1 2.44021e-005 -0.000125895
UV: 0.689047 0.318098

Position: 1.09166 0.758263 3.73995
Normal: 1 1.00989e-006 -8.68658e-008
UV: 0.673459 0.302076

Position: 1.09166 0.865694 3.45091
Normal: 1 0 -2.05673e-007
UV: 0.677859 0.311021

Position: 1.09166 0.762886 3.17285
Normal: 1 1.00921e-006 -8.69464e-008
UV: 0.675075 0.318184

Position: 1.36037 0.351883 3.01167
Normal: 1 -1.26741e-007 0
UV: 0.169214 0.974219

Position: 1.16845 0.356283 3.56359
Normal: -0 0.707107 0.707106
UV: 0.470002 0.303512

Position: -1.16845 0.356283 3.56359
Normal: -0 0.707107 0.707106
UV: 0.468727 0.303512

Position: -1.16845 0.457611 3.46226
Normal: -0 0.707107 0.707106
UV: 0.468727 0.304787

Position: 1.16845 0.457611 3.46226
Normal: -0 0.707107 0.707106
UV: 0.470002 0.304787

Position: -1.16845 0.356283 3.36093
Normal: -0 0.707106 -0.707108
UV: 0.468727 0.306062

Position: 1.16845 0.356283 3.36093
Normal: -0 0.707106 -0.707108
UV: 0.470002 0.306062

Position: 1.16845 0.457611 3.46226
Normal: -0 0.707106 -0.707108
UV: 0.470002 0.304787

Position: -1.16845 0.457611 3.46226
Normal: -0 0.707106 -0.707108
UV: 0.468727 0.304787

Position: -1.16845 0.254954 3.46226
Normal: -0 -0.707106 -0.707108
UV: 0.468727 0.307337

Position: 1.16845 0.254954 3.46226
Normal: -0 -0.707106 -0.707108
UV: 0.470002 0.307337

Position: 1.16845 0.356283 3.36093
Normal: -0 -0.707106 -0.707108
UV: 0.470002 0.306062

Position: -1.16845 0.356283 3.36093
Normal: -0 -0.707106 -0.707108
UV: 0.468727 0.306062

Position: -1.16845 0.356283 3.56359
Normal: -0 -0.707107 0.707106
UV: 0.468727 0.308612

Position: 1.16845 0.356283 3.56359
Normal: -0 -0.707107 0.707106
UV: 0.470002 0.308612

Position: 1.16845 0.254954 3.46226
Normal: -0 -0.707107 0.707106
UV: 0.470002 0.307337

Position: -1.16845 0.254954 3.46226
Normal: -0 -0.707107 0.707106
UV: 0.468727 0.307337

Position: -1.16845 0.457611 -3.37241
Normal: -0 0.707107 0.707107
UV: 0.468727 0.304787

Position: 1.16845 0.457611 -3.37241
Normal: -0 0.707107 0.707107
UV: 0.470002 0.304787

Position: 1.16845 0.356283 -3.27108
Normal: -0 0.707107 0.707107
UV: 0.470002 0.303512

Position: -1.16845 0.356283 -3.27108
Normal: -0 0.707107 0.707107
UV: 0.468727 0.303512

Position: -1.16845 0.356283 -3.47374
Normal: -0 0.707107 -0.707107
UV: 0.468727 0.306062

Position: 1.16845 0.356283 -3.47374
Normal: -0 0.707107 -0.707107
UV: 0.470002 0.306062

Position: 1.16845 0.457611 -3.37241
Normal: -0 0.707107 -0.707107
UV: 0.470002 0.304787

Position: -1.16845 0.457611 -3.37241
Normal: -0 0.707107 -0.707107
UV: 0.468727 0.304787

Position: -1.16845 0.254954 -3.37241
Normal: -0 -0.707107 -0.707107
UV: 0.468727 0.307337

Position: 1.16845 0.254954 -3.37241
Normal: -0 -0.707107 -0.707107
UV: 0.470002 0.307337

Position: 1.16845 0.356283 -3.47374
Normal: -0 -0.707107 -0.707107
UV: 0.470002 0.306062

Position: -1.16845 0.356283 -3.47374
Normal: -0 -0.707107 -0.707107
UV: 0.468727 0.306062

Position: -1.16845 0.356283 -3.27108
Normal: -0 -0.707107 0.707107
UV: 0.468727 0.308612

Position: 1.16845 0.356283 -3.27108
Normal: -0 -0.707107 0.707107
UV: 0.470002 0.308612

Position: 1.16845 0.254954 -3.37241
Normal: -0 -0.707107 0.707107
UV: 0.470002 0.307337

Position: -1.16845 0.254954 -3.37241
Normal: -0 -0.707107 0.707107
UV: 0.468727 0.307337

Position: 1.41104 2.3538 -4.24488
Normal: -0 0.708583 -0.705628
UV: 0.711283 0.376378

Position: 1.67451 2.23041 -4.36879
Normal: -0 0.708583 -0.705628
UV: 0.674504 0.355103

Position: 1.72176 2.3538 -4.24488
Normal: -0 0.708583 -0.705628
UV: 0.667907 0.376378

Position: 1.4583 2.23041 -4.36879
Normal: -0 0.708583 -0.705628
UV: 0.704686 0.355103

Position: 1.67451 1.66589 -4.36879
Normal: -0 0 -1
UV: 0.65635 0.248456

Position: 1.67451 2.23041 -4.36879
Normal: -0 0 -1
UV: 0.71301 0.248456

Position: 1.4583 1.66589 -4.36879
Normal: -0 0 -1
UV: 0.65635 0.218274

Position: 1.4583 2.23041 -4.36879
Normal: -0 0 -1
UV: 0.71301 0.218274

Position: 1.41104 1.5425 -4.24488
Normal: -0 -0.708587 -0.705624
UV: 0.661471 0.313294

Position: 1.72176 1.5425 -4.24488
Normal: -0 -0.708587 -0.705624
UV: 0.704845 0.313292

Position: 1.67451 1.66589 -4.36879
Normal: -0 -0.708587 -0.705624
UV: 0.698248 0.292019

Position: 1.4583 1.66589 -4.36879
Normal: -0 -0.708587 -0.705624
UV: 0.668066 0.292019

Position: 1.72176 2.3538 -4.24488
Normal: -0 0 1
UV: 0.944324 0.0490045

Position: 1.72176 1.5425 -4.24488
Normal: -0 0 1
UV: 0.862895 0.0490045

Position: 1.41104 2.3538 -4.24488
Normal: -0 0 1
UV: 0.944324 0.0923805

Position: 1.41104 1.5425 -4.24488
Normal: -0 0 1
UV: 0.862895 0.0923805

Position: 1.41104 1.5425 -4.24488
Normal: -0.934351 0 -0.356354
UV: 0.737723 0.185087

Position: 1.4583 2.23041 -4.36879
Normal: -0.934351 0 -0.356354
UV: 0.806767 0.2036

Position: 1.41104 2.3538 -4.24488
Normal: -0.934351 0 -0.356354
UV: 0.819153 0.185087

Position: 1.4583 1.66589 -4.36879
Normal: -0.934351 0 -0.356354
UV: 0.750109 0.2036

Position: 1.72176 1.5425 -4.24488
Normal: 0.93435 0 -0.356357
UV: 0.819035 0.185091

Position: 1.72176 2.3538 -4.24488
Normal: 0.93435 0 -0.356357
UV: 0.737606 0.185092

Position: 1.67451 2.23041 -4.36879
Normal: 0.93435 0 -0.356356
UV: 0.749991 0.203605

Position: 1.67451 1.66589 -4.36879
Normal: 0.93435 0 -0.356357
UV: 0.806649 0.203605


[INDEX_DATA]
0 2 1
1 3 0
4 6 5
5 7 4
8 10 9
9 11 8
12 14 13
13 15 12
16 18 17
17 19 16
20 22 21
23 20 21
24 26 25
26 27 25
28 30 29
29 31 28
32 34 33
33 34 35
36 38 37
37 39 36
40 42 41
43 41 42
44 46 45
47 49 48
48 50 47
47 52 51
47 50 52
52 54 53
55 57 56
58 56 57
35 59 33
60 33 59
61 60 59
61 62 60
63 65 64
64 66 63
67 69 68
68 69 70
71 73 72
72 73 74
75 77 76
76 77 78
79 81 80
80 81 82
83 85 84
84 86 83
87 89 88
88 90 87
91 93 92
92 94 91
95 92 96
95 97 92
88 96 93
89 84 98
96 89 98
98 100 99
98 85 100
85 98 84
89 96 88
93 96 92
101 94 102
102 103 101
104 90 91
91 101 104
105 83 86
86 106 105
90 104 87
94 101 91
102 97 107
107 108 102
95 110 109
109 107 95
97 95 107
108 112 111
108 111 113
108 103 102
114 115 100
100 116 114
100 115 99
114 118 117
114 116 118
119 121 120
122 123 112
112 123 124
125 127 126
127 128 126
129 120 130
130 127 129
131 132 130
133 135 134
134 136 133
137 139 138
137 140 139
141 143 142
142 144 141
121 145 131
146 148 147
147 149 146
150 145 151
152 151 145
153 155 154
154 156 153
145 150 131
157 159 158
158 160 157
161 163 162
161 164 163
156 154 165
165 166 156
129 127 125
167 169 168
168 170 167
110 122 112
112 109 110
171 173 172
174 176 175
177 178 46
46 44 177
179 181 180
180 181 182
183 185 184
184 185 186
187 183 188
188 183 184
181 189 182
182 189 190
191 156 166
166 192 191
193 195 194
194 196 193
197 198 103
199 201 200
200 202 199
147 204 203
147 203 149
149 206 205
149 203 206
207 209 208
207 210 209
211 213 212
212 214 211
215 217 216
216 218 215
219 221 220
220 222 219
223 225 224
224 226 223
227 229 228
228 229 230
231 233 232
232 234 231
235 237 236
235 238 237
239 241 240
240 241 242
243 245 244
244 246 243
247 249 248
248 250 247
251 253 252
252 254 251
118 255 204
204 147 118
116 83 255
255 83 105
255 118 116
256 258 257
257 259 256
174 260 176
174 261 260
176 260 256
256 259 176
262 264 263
264 262 265
266 268 267
268 269 267
270 272 271
272 273 271
108 113 197
197 103 108
112 124 111
124 274 111
153 156 191
153 191 274
274 124 153
275 277 276
193 275 276
276 195 193
278 280 279
201 278 279
279 200 201
106 86 87
104 281 106
106 87 104
282 284 283
283 284 285
286 288 287
287 288 35
289 291 290
290 292 289
293 295 294
293 296 295
297 299 298
300 54 49
54 48 49
301 303 302
301 304 303
288 306 305
35 288 305
307 305 306
306 308 307
309 311 310
310 312 309
313 315 314
315 316 314
317 319 318
319 320 318
321 323 322
323 324 322
325 327 326
327 328 326
329 331 330
330 332 329
333 335 334
334 336 333
337 339 338
338 340 337
341 337 342
337 343 342
333 339 341
344 330 335
344 335 341
345 346 344
346 332 344
332 330 344
335 333 341
339 337 341
347 348 340
347 349 348
350 338 336
350 347 338
331 329 351
351 352 331
336 334 350
340 338 347
353 343 348
348 354 353
342 353 355
355 356 342
343 353 342
354 358 357
354 357 359
354 348 349
360 361 346
346 362 360
346 345 362
360 364 363
363 361 360
365 367 366
368 359 369
359 370 369
371 128 132
132 367 371
372 374 373
372 375 374
376 378 377
379 377 378
380 382 381
381 383 380
366 131 384
385 387 386
385 388 387
389 390 384
384 150 389
391 393 392
392 394 391
384 131 150
395 397 396
395 398 397
399 400 163
162 163 400
393 402 401
401 392 393
371 126 128
356 355 359
359 368 356
403 404 173
405 406 176
407 297 298
298 408 407
409 410 402
402 393 409
411 413 412
412 414 411
415 349 416
417 419 418
419 420 418
387 388 421
387 421 422
388 424 423
423 421 388
425 427 426
426 428 425
429 431 430
430 432 429
433 435 434
433 436 435
437 439 438
438 440 437
441 443 442
441 444 443
445 447 446
447 448 446
449 451 450
450 452 449
453 455 454
454 456 453
457 459 458
459 460 458
461 463 462
462 464 461
465 467 466
465 468 467
469 471 470
469 472 471
422 473 363
363 387 422
361 473 329
473 351 329
473 361 363
474 259 475
475 476 474
176 477 405
477 478 405
176 259 474
474 477 176
479 481 480
480 265 479
482 266 483
483 484 482
485 487 486
486 487 488
354 349 415
415 358 354
370 357 489
370 359 357
391 409 393
489 409 391
391 370 489
490 492 491
411 414 492
492 490 411
493 495 494
417 418 495
495 493 417
352 334 331
352 496 350
350 334 352
497 499 498
497 500 499
501 503 502
501 504 503
505 507 506
505 508 507
509 511 510
509 512 511
513 515 514
513 516 515
517 519 518
517 520 519
521 523 522
521 524 523
525 527 526
525 528 527
529 531 530
530 532 529
533 535 534
535 536 534
537 539 538
537 540 539
541 543 542
543 544 542
545 547 546
546 548 545
549 551 550
549 552 551
52 53 51
54 300 53
366 367 132
132 131 366
130 120 121
121 131 130

[MESH_DATA]
VertexCount: 53
IndexCount: 138
BoneCount: 0
AnimationClips: 1

[VERTEX_DATA]
Position: -1.38896 0.543639 3.14622
Normal: -0 0.500004 -0.866023
UV: 0.467376 0.0409815

Position: -1.15673 0.543639 3.14622
Normal: -0 0.500004 -0.866023
UV: 0.467376 0.0175651

Position: -1.38896 0.676055 3.27864
Normal: -0 0.866025 -0.500001
UV: 0.465279 0.0409801

Position: -1.15673 0.676055 3.27864
Normal: -0 0.866025 -0.500001
UV: 0.465279 0.0175667

Position: -1.15673 0.362755 3.09775
Normal: -0 1.41144e-008 -1
UV: 0.469472 0.0175636

Position: -1.38896 0.362755 3.09775
Normal: -0 1.41144e-008 -1
UV: 0.469472 0.0409787

Position: -1.15673 0.181871 3.14622
Normal: -0 -0.500004 -0.866023
UV: 0.471569 0.0175592

Position: -1.38896 0.181871 3.14622
Normal: -0 -0.500004 -0.866023
UV: 0.471569 0.0409756

Position: -1.15673 0.0494549 3.27864
Normal: -0 -0.866025 -0.500001
UV: 0.473665 0.0175575

Position: -1.38896 0.0494549 3.27864
Normal: -0 -0.866025 -0.500001
UV: 0.473665 0.040974

Position: -1.15673 0.00098713 3.45952
Normal: -0 -1 0
UV: 0.475761 0.0175606

Position: -1.38896 0.00098713 3.45952
Normal: -0 -1 0
UV: 0.475761 0.0409727

Position: -1.15673 0.0494549 3.6404
Normal: -0 -0.866025 0.500001
UV: 0.477858 0.0175636

Position: -1.38896 0.0494549 3.6404
Normal: -0 -0.866025 0.500001
UV: 0.477858 0.0409756

Position: -1.15673 0.181871 3.77282
Normal: -0 -0.500003 0.866024
UV: 0.467383 0.018232

Position: -1.38896 0.0494549 3.6404
Normal: -0 -0.866025 0.500001
UV: 0.465287 0.0416454

Position: -1.38896 0.181871 3.77282
Normal: -0 -0.500003 0.866024
UV: 0.467384 0.0416439

Position: -1.15673 0.0494549 3.6404
Normal: -0 -0.866025 0.500001
UV: 0.465287 0.0182334

Position: -1.15673 0.362755 3.82129
Normal: -0 0 1
UV: 0.46948 0.0182275

Position: -1.38896 0.362755 3.82129
Normal: -0 0 1
UV: 0.46948 0.0416396

Position: -1.15673 0.543639 3.77282
Normal: -0 0.500003 0.866024
UV: 0.471576 0.0182245

Position: -1.38896 0.543639 3.77282
Normal: -0 0.500003 0.866024
UV: 0.471576 0.0416379

Position: -1.15673 0.676055 3.6404
Normal: -0 0.866025 0.500001
UV: 0.473673 0.0182245

Position: -1.38896 0.676055 3.6404
Normal: -0 0.866025 0.500001
UV: 0.473673 0.0416396

Position: -1.15673 0.724523 3.45952
Normal: -0 1 1.41144e-008
UV: 0.475769 0.0182214

Position: -1.38896 0.724523 3.45952
Normal: -0 1 1.41144e-008
UV: 0.475769 0.0416335

Position: -1.15673 0.676055 3.27864
Normal: -0 0.866025 -0.500001
UV: 0.477866 0.0182201

Position: -1.38896 0.676055 3.27864
Normal: -0 0.866025 -0.500001
UV: 0.477866 0.041635

Position: -1.38896 0.543639 3.14622
Normal: -1 4.55427e-007 0
UV: 0.569105 0.340653

Position: -1.38896 0.676055 3.27864
Normal: -1 4.55428e-007 0
UV: 0.596159 0.313591

Position: -1.38896 0.362755 3.45952
Normal: -1 -1.5181e-007 0
UV: 0.532141 0.276648

Position: -1.38896 0.362755 3.09775
Normal: -1 -4.55427e-007 0
UV: 0.532146 0.350559

Position: -1.38896 0.181871 3.14622
Normal: -1 -9.10856e-007 0
UV: 0.495179 0.340651

Position: -1.38896 0.0494549 3.27864
Normal: -1 -4.55429e-007 0
UV: 0.468126 0.313593

Position: -1.38896 0.00098713 3.45952
Normal: -1 0 0
UV: 0.458228 0.276629

Position: -1.38896 0.0494549 3.6404
Normal: -1 0 0
UV: 0.468139 0.239684

Position: -1.38896 0.181871 3.77282
Normal: -1 -9.10859e-007 0
UV: 0.49519 0.212637

Position: -1.38896 0.362755 3.82129
Normal: -1 -4.55427e-007 0
UV: 0.532143 0.202736

Position: -1.38896 0.543639 3.77282
Normal: -1 4.55429e-007 0
UV: 0.569094 0.212637

Position: -1.38896 0.676055 3.6404
Normal: -1 0 0
UV: 0.596143 0.239684

Position: -1.38896 0.724523 3.45952
Normal: -1 0 0
UV: 0.606054 0.276631

Position: -1.15673 0.676055 3.27864
Normal: 1 0 0
UV: 0.465279 0.0175667

Position: -1.15673 0.543639 3.14622
Normal: 1 0 0
UV: 0.467376 0.0175651

Position: -1.15673 0.724523 3.45952
Normal: 1 -3.79524e-008 0
UV: 0.475769 0.0182214

Position: -1.15673 0.362755 3.09775
Normal: 1 0 0
UV: 0.469472 0.0175636

Position: -1.15673 0.181871 3.14622
Normal: 1 0 0
UV: 0.471569 0.0175592

Position: -1.15673 0.0494549 3.27864
Normal: 1 0 0
UV: 0.473665 0.0175575

Position: -1.15673 0.00098713 3.45952
Normal: 1 0 0
UV: 0.475761 0.0175606

Position: -1.15673 0.0494549 3.6404
Normal: 1 -9.62437e-008 0
UV: 0.465287 0.0182334

Position: -1.15673 0.181871 3.77282
Normal: 1 -2.00147e-007 0
UV: 0.467383 0.018232

Position: -1.15673 0.362755 3.82129
Normal: 1 0 0
UV: 0.46948 0.0182275

Position: -1.15673 0.543639 3.77282
Normal: 1 0 0
UV: 0.471576 0.0182245

Position: -1.15673 0.676055 3.6404
Normal: 1 0 0
UV: 0.473673 0.0182245


[INDEX_DATA]
0 2 1
3 1 2
4 5 0
0 1 4
6 7 5
5 4 6
8 9 7
7 6 8
10 11 9
9 8 10
12 13 11
11 10 12
14 16 15
15 17 14
18 19 16
16 14 18
20 21 19
19 18 20
22 23 21
21 20 22
22 24 23
23 24 25
24 26 25
25 26 27
28 30 29
31 30 28
32 30 31
33 30 32
34 30 33
35 30 34
36 30 35
37 30 36
38 30 37
39 30 38
40 30 39
29 30 40
41 43 42
42 43 44
44 43 45
45 43 46
46 43 47
47 43 48
48 43 49
49 43 50
50 43 51
51 43 52

[MESH_DATA]
VertexCount: 53
IndexCount: 138
BoneCount: 107844
AnimationClips: 1

[VERTEX_DATA]
Position: -1.38896 0.543639 -3.69946
Normal: -0 0.500005 -0.866023
UV: 0.467376 0.0409815

Position: -1.15673 0.543639 -3.69946
Normal: -0 0.500005 -0.866023
UV: 0.467376 0.0175651

Position: -1.38896 0.676056 -3.56704
Normal: -0 0.866026 -0.5
UV: 0.465279 0.0409801

Position: -1.15673 0.676056 -3.56704
Normal: -0 0.866026 -0.5
UV: 0.465279 0.0175667

Position: -1.15673 0.362755 -3.74793
Normal: -0 -1.32675e-006 -1
UV: 0.469472 0.0175636

Position: -1.38896 0.362755 -3.74793
Normal: -0 -1.32675e-006 -1
UV: 0.469472 0.0409787

Position: -1.15673 0.181871 -3.69946
Normal: -0 -0.500007 -0.866021
UV: 0.471569 0.0175592

Position: -1.38896 0.181871 -3.69946
Normal: -0 -0.500007 -0.866021
UV: 0.471569 0.0409756

Position: -1.15673 0.049455 -3.56704
Normal: -0 -0.866026 -0.499999
UV: 0.473665 0.0175575

Position: -1.38896 0.049455 -3.56704
Normal: -0 -0.866026 -0.499999
UV: 0.473665 0.040974

Position: -1.15673 0.000987755 -3.38616
Normal: -0 -1 -5.0812e-007
UV: 0.475761 0.0175606

Position: -1.38896 0.000987755 -3.38616
Normal: -0 -1 -5.0812e-007
UV: 0.475761 0.0409727

Position: -1.15673 0.0494548 -3.20527
Normal: -0 -0.866027 0.499998
UV: 0.477858 0.0175636

Position: -1.38896 0.0494548 -3.20527
Normal: -0 -0.866027 0.499998
UV: 0.477858 0.0409756

Position: -1.15673 0.181871 -3.07286
Normal: -0 -0.500004 0.866023
UV: 0.467383 0.018232

Position: -1.38896 0.0494548 -3.20527
Normal: -0 -0.866027 0.499998
UV: 0.465287 0.0416454

Position: -1.38896 0.181871 -3.07286
Normal: -0 -0.500004 0.866023
UV: 0.467384 0.0416439

Position: -1.15673 0.0494548 -3.20527
Normal: -0 -0.866027 0.499998
UV: 0.465287 0.0182334

Position: -1.15673 0.362755 -3.02439
Normal: -0 1.94777e-006 1
UV: 0.46948 0.0182275

Position: -1.38896 0.362755 -3.02439
Normal: -0 1.94777e-006 1
UV: 0.46948 0.0416396

Position: -1.15673 0.54364 -3.07286
Normal: -0 0.500007 0.866022
UV: 0.471576 0.0182245

Position: -1.38896 0.54364 -3.07286
Normal: -0 0.500007 0.866022
UV: 0.471576 0.0416379

Position: -1.38896 0.676055 -3.20527
Normal: -0 0.866026 0.499999
UV: 0.473673 0.0416396

Position: -1.15673 0.676055 -3.20527
Normal: -0 0.866026 0.499999
UV: 0.473673 0.0182245

Position: -1.15673 0.724523 -3.38616
Normal: -0 1 2.11717e-006
UV: 0.475769 0.0182214

Position: -1.38896 0.724523 -3.38616
Normal: -0 1 2.11717e-006
UV: 0.475769 0.0416335

Position: -1.15673 0.676056 -3.56704
Normal: -0 0.866026 -0.5
UV: 0.477866 0.0182201

Position: -1.38896 0.676056 -3.56704
Normal: -0 0.866026 -0.5
UV: 0.477866 0.041635

Position: -1.38896 0.543639 -3.69946
Normal: -1 0 0
UV: 0.569105 0.340653

Position: -1.38896 0.676056 -3.56704
Normal: -1 0 0
UV: 0.596159 0.313591

Position: -1.38896 0.362755 -3.38616
Normal: -1 7.59047e-008 0
UV: 0.532141 0.276648

Position: -1.38896 0.362755 -3.74793
Normal: -1 4.55426e-007 0
UV: 0.532146 0.350559

Position: -1.38896 0.181871 -3.69946
Normal: -1 4.5543e-007 0
UV: 0.495179 0.340651

Position: -1.38896 0.049455 -3.56704
Normal: -1 0 0
UV: 0.468126 0.313593

Position: -1.38896 0.000987755 -3.38616
Normal: -1 0 0
UV: 0.458228 0.276629

Position: -1.38896 0.0494548 -3.20527
Normal: -1 0 0
UV: 0.468139 0.239684

Position: -1.38896 0.181871 -3.07286
Normal: -1 0 0
UV: 0.49519 0.212637

Position: -1.38896 0.362755 -3.02439
Normal: -1 0 0
UV: 0.532143 0.202736

Position: -1.38896 0.54364 -3.07286
Normal: -1 0 0
UV: 0.569094 0.212637

Position: -1.38896 0.676055 -3.20527
Normal: -1 0 0
UV: 0.596143 0.239684

Position: -1.38896 0.724523 -3.38616
Normal: -1 0 0
UV: 0.606054 0.276631

Position: -1.15673 0.676056 -3.56704
Normal: 1 1.69969e-006 0
UV: 0.465279 0.0175667

Position: -1.15673 0.543639 -3.69946
Normal: 1 -1.12921e-006 0
UV: 0.467376 0.0175651

Position: -1.15673 0.724523 -3.38616
Normal: 1 1.2097e-013 0
UV: 0.475769 0.0182214

Position: -1.15673 0.362755 -3.74793
Normal: 1 -1.56938e-007 0
UV: 0.469472 0.0175636

Position: -1.15673 0.181871 -3.69946
Normal: 1 0 0
UV: 0.471569 0.0175592

Position: -1.15673 0.049455 -3.56704
Normal: 1 0 0
UV: 0.473665 0.0175575

Position: -1.15673 0.000987755 -3.38616
Normal: 1 0 0
UV: 0.475761 0.0175606

Position: -1.15673 0.0494548 -3.20527
Normal: 1 9.62439e-008 0
UV: 0.465287 0.0182334

Position: -1.15673 0.181871 -3.07286
Normal: 1 2.85908e-008 0
UV: 0.467383 0.018232

Position: -1.15673 0.362755 -3.02439
Normal: 1 -4.70818e-007 0
UV: 0.46948 0.0182275

Position: -1.15673 0.54364 -3.07286
Normal: 1 1.19563e-006 0
UV: 0.471576 0.0182245

Position: -1.15673 0.676055 -3.20527
Normal: 1 0 0
UV: 0.473673 0.0182245


[INDEX_DATA]
0 2 1
3 1 2
4 5 0
0 1 4
6 7 5
5 4 6
8 9 7
7 6 8
10 11 9
9 8 10
12 13 11
11 10 12
14 16 15
15 17 14
18 19 16
16 14 18
20 21 19
19 18 20
22 21 23
20 23 21
23 24 22
22 24 25
24 26 25
25 26 27
28 30 29
31 30 28
32 30 31
33 30 32
34 30 33
35 30 34
36 30 35
37 30 36
38 30 37
39 30 38
40 30 39
29 30 40
41 43 42
42 43 44
44 43 45
45 43 46
46 43 47
47 43 48
48 43 49
49 43 50
50 43 51
51 43 52

[MESH_DATA]
VertexCount: 53
IndexCount: 138
BoneCount: 107844
AnimationClips: 1

[VERTEX_DATA]
Position: 1.38896 0.676055 3.27864
Normal: -0 0.866025 -0.500001
UV: 0.465279 0.0409801

Position: 1.15673 0.676055 3.27864
Normal: -0 0.866025 -0.500001
UV: 0.465279 0.0175667

Position: 1.15673 0.543639 3.14622
Normal: -0 0.500004 -0.866023
UV: 0.467376 0.0175651

Position: 1.38896 0.543639 3.14622
Normal: -0 0.500004 -0.866023
UV: 0.467376 0.0409815

Position: 1.15673 0.362755 3.09775
Normal: -0 1.41144e-008 -1
UV: 0.469472 0.0175636

Position: 1.38896 0.362755 3.09775
Normal: -0 1.41144e-008 -1
UV: 0.469472 0.0409787

Position: 1.15673 0.181871 3.14622
Normal: -0 -0.500004 -0.866023
UV: 0.471569 0.0175592

Position: 1.38896 0.181871 3.14622
Normal: -0 -0.500004 -0.866023
UV: 0.471569 0.0409756

Position: 1.15673 0.0494549 3.27864
Normal: -0 -0.866025 -0.500001
UV: 0.473665 0.0175575

Position: 1.38896 0.0494549 3.27864
Normal: -0 -0.866025 -0.500001
UV: 0.473665 0.040974

Position: 1.15673 0.00098713 3.45952
Normal: -0 -1 0
UV: 0.475761 0.0175606

Position: 1.38896 0.00098713 3.45952
Normal: -0 -1 0
UV: 0.475761 0.0409727

Position: 1.15673 0.0494549 3.6404
Normal: -0 -0.866025 0.500001
UV: 0.477858 0.0175636

Position: 1.38896 0.0494549 3.6404
Normal: -0 -0.866025 0.500001
UV: 0.477858 0.0409756

Position: 1.15673 0.181871 3.77282
Normal: -0 -0.500003 0.866024
UV: 0.467383 0.018232

Position: 1.38896 0.181871 3.77282
Normal: -0 -0.500003 0.866024
UV: 0.467384 0.0416439

Position: 1.38896 0.0494549 3.6404
Normal: -0 -0.866025 0.500001
UV: 0.465287 0.0416454

Position: 1.15673 0.0494549 3.6404
Normal: -0 -0.866025 0.500001
UV: 0.465287 0.0182334

Position: 1.15673 0.362755 3.82129
Normal: -0 0 1
UV: 0.46948 0.0182275

Position: 1.38896 0.362755 3.82129
Normal: -0 0 1
UV: 0.46948 0.0416396

Position: 1.15673 0.543639 3.77282
Normal: -0 0.500003 0.866024
UV: 0.471576 0.0182245

Position: 1.38896 0.543639 3.77282
Normal: -0 0.500003 0.866024
UV: 0.471576 0.0416379

Position: 1.15673 0.676055 3.6404
Normal: -0 0.866025 0.500001
UV: 0.473673 0.0182245

Position: 1.38896 0.676055 3.6404
Normal: -0 0.866025 0.500001
UV: 0.473673 0.0416396

Position: 1.15673 0.724523 3.45952
Normal: -0 1 1.41144e-008
UV: 0.475769 0.0182214

Position: 1.38896 0.724523 3.45952
Normal: -0 1 1.41144e-008
UV: 0.475769 0.0416335

Position: 1.15673 0.676055 3.27864
Normal: -0 0.866025 -0.500001
UV: 0.477866 0.0182201

Position: 1.38896 0.676055 3.27864
Normal: -0 0.866025 -0.500001
UV: 0.477866 0.041635

Position: 1.38896 0.543639 3.14622
Normal: 1 4.55428e-007 0
UV: 0.569105 0.340653

Position: 1.38896 0.362755 3.45952
Normal: 1 7.77666e-014 0
UV: 0.532141 0.276648

Position: 1.38896 0.676055 3.27864
Normal: 1 2.27714e-007 0
UV: 0.596159 0.313591

Position: 1.38896 0.362755 3.09775
Normal: 1 4.14756e-014 0
UV: 0.532146 0.350559

Position: 1.38896 0.181871 3.14622
Normal: 1 -4.55428e-007 0
UV: 0.495179 0.340651

Position: 1.38896 0.0494549 3.27864
Normal: 1 -2.27714e-007 0
UV: 0.468126 0.313593

Position: 1.38896 0.00098713 3.45952
Normal: 1 0 0
UV: 0.458228 0.276629

Position: 1.38896 0.0494549 3.6404
Normal: 1 0 0
UV: 0.468139 0.239684

Position: 1.38896 0.181871 3.77282
Normal: 1 -5.69287e-007 0
UV: 0.49519 0.212637

Position: 1.38896 0.362755 3.82129
Normal: 1 4.14757e-014 0
UV: 0.532143 0.202736

Position: 1.38896 0.543639 3.77282
Normal: 1 5.69286e-007 0
UV: 0.569094 0.212637

Position: 1.38896 0.676055 3.6404
Normal: 1 0 0
UV: 0.596143 0.239684

Position: 1.38896 0.724523 3.45952
Normal: 1 0 0
UV: 0.606054 0.276631

Position: 1.15673 0.676055 3.27864
Normal: -1 0 0
UV: 0.465279 0.0175667

Position: 1.15673 0.724523 3.45952
Normal: -1 6.73977e-013 0
UV: 0.475769 0.0182214

Position: 1.15673 0.543639 3.14622
Normal: -1 1.49454e-007 0
UV: 0.467376 0.0175651

Position: 1.15673 0.362755 3.09775
Normal: -1 -5.88522e-008 0
UV: 0.469472 0.0175636

Position: 1.15673 0.181871 3.14622
Normal: -1 -2.14444e-008 0
UV: 0.471569 0.0175592

Position: 1.15673 0.0494549 3.27864
Normal: -1 0 0
UV: 0.473665 0.0175575

Position: 1.15673 0.00098713 3.45952
Normal: -1 0 0
UV: 0.475761 0.0175606

Position: 1.15673 0.0494549 3.6404
Normal: -1 -9.62436e-008 0
UV: 0.465287 0.0182334

Position: 1.15673 0.181871 3.77282
Normal: -1 -1.35814e-007 0
UV: 0.467383 0.018232

Position: 1.15673 0.362755 3.82129
Normal: -1 1.76558e-007 0
UV: 0.46948 0.0182275

Position: 1.15673 0.543639 3.77282
Normal: -1 -3.81941e-007 0
UV: 0.471576 0.0182245

Position: 1.15673 0.676055 3.6404
Normal: -1 1.69968e-006 0
UV: 0.473673 0.0182245


[INDEX_DATA]
0 2 1
0 3 2
4 3 5
4 2 3
6 5 7
6 4 5
8 7 9
8 6 7
10 9 11
10 8 9
12 11 13
12 10 11
14 16 15
14 17 16
18 15 19
18 14 15
20 19 21
20 18 19
22 21 23
22 20 21
22 23 24
23 25 24
24 25 26
25 27 26
28 30 29
31 28 29
32 31 29
33 32 29
34 33 29
35 34 29
36 35 29
37 36 29
38 37 29
39 38 29
40 39 29
30 40 29
41 43 42
43 44 42
44 45 42
45 46 42
46 47 42
47 48 42
48 49 42
49 50 42
50 51 42
51 52 42

[MESH_DATA]
VertexCount: 53
IndexCount: 138
BoneCount: 107844
AnimationClips: 1

[VERTEX_DATA]
Position: 1.38896 0.676056 -3.56704
Normal: -0 0.866026 -0.5
UV: 0.465279 0.0409801

Position: 1.15673 0.676056 -3.56704
Normal: -0 0.866026 -0.5
UV: 0.465279 0.0175667

Position: 1.15673 0.543639 -3.69946
Normal: -0 0.500005 -0.866023
UV: 0.467376 0.0175651

Position: 1.38896 0.543639 -3.69946
Normal: -0 0.500005 -0.866023
UV: 0.467376 0.0409815

Position: 1.15673 0.362755 -3.74793
Normal: -0 -1.32675e-006 -1
UV: 0.469472 0.0175636

Position: 1.38896 0.362755 -3.74793
Normal: -0 -1.32675e-006 -1
UV: 0.469472 0.0409787

Position: 1.15673 0.181871 -3.69946
Normal: -0 -0.500007 -0.866021
UV: 0.471569 0.0175592

Position: 1.38896 0.181871 -3.69946
Normal: -0 -0.500007 -0.866021
UV: 0.471569 0.0409756

Position: 1.15673 0.049455 -3.56704
Normal: -0 -0.866026 -0.499999
UV: 0.473665 0.0175575

Position: 1.38896 0.049455 -3.56704
Normal: -0 -0.866026 -0.499999
UV: 0.473665 0.040974

Position: 1.15673 0.000987755 -3.38616
Normal: -0 -1 -5.0812e-007
UV: 0.475761 0.0175606

Position: 1.38896 0.000987755 -3.38616
Normal: -0 -1 -5.0812e-007
UV: 0.475761 0.0409727

Position: 1.15673 0.0494548 -3.20527
Normal: -0 -0.866027 0.499998
UV: 0.477858 0.0175636

Position: 1.38896 0.0494548 -3.20527
Normal: -0 -0.866027 0.499998
UV: 0.477858 0.0409756

Position: 1.15673 0.181871 -3.07286
Normal: -0 -0.500004 0.866023
UV: 0.467383 0.018232

Position: 1.38896 0.181871 -3.07286
Normal: -0 -0.500004 0.866023
UV: 0.467384 0.0416439

Position: 1.38896 0.0494548 -3.20527
Normal: -0 -0.866027 0.499998
UV: 0.465287 0.0416454

Position: 1.15673 0.0494548 -3.20527
Normal: -0 -0.866027 0.499998
UV: 0.465287 0.0182334

Position: 1.15673 0.362755 -3.02439
Normal: -0 1.94777e-006 1
UV: 0.46948 0.0182275

Position: 1.38896 0.362755 -3.02439
Normal: -0 1.94777e-006 1
UV: 0.46948 0.0416396

Position: 1.15673 0.54364 -3.07286
Normal: -0 0.500007 0.866022
UV: 0.471576 0.0182245

Position: 1.38896 0.54364 -3.07286
Normal: -0 0.500007 0.866022
UV: 0.471576 0.0416379

Position: 1.15673 0.676055 -3.20527
Normal: -0 0.866026 0.499999
UV: 0.473673 0.0182245

Position: 1.38896 0.676055 -3.20527
Normal: -0 0.866026 0.499999
UV: 0.473673 0.0416396

Position: 1.15673 0.724523 -3.38616
Normal: -0 1 2.11717e-006
UV: 0.475769 0.0182214

Position: 1.38896 0.724523 -3.38616
Normal: -0 1 2.11717e-006
UV: 0.475769 0.0416335

Position: 1.15673 0.676056 -3.56704
Normal: -0 0.866026 -0.5
UV: 0.477866 0.0182201

Position: 1.38896 0.676056 -3.56704
Normal: -0 0.866026 -0.5
UV: 0.477866 0.041635

Position: 1.38896 0.543639 -3.69946
Normal: 1 -3.4157e-007 0
UV: 0.569105 0.340653

Position: 1.38896 0.362755 -3.38616
Normal: 1 -1.1449e-013 0
UV: 0.532141 0.276648

Position: 1.38896 0.676056 -3.56704
Normal: 1 0 0
UV: 0.596159 0.313591

Position: 1.38896 0.362755 -3.74793
Normal: 1 1.13856e-007 0
UV: 0.532146 0.350559

Position: 1.38896 0.181871 -3.69946
Normal: 1 4.5543e-007 0
UV: 0.495179 0.340651

Position: 1.38896 0.049455 -3.56704
Normal: 1 0 0
UV: 0.468126 0.313593

Position: 1.38896 0.000987755 -3.38616
Normal: 1 0 0
UV: 0.458228 0.276629

Position: 1.38896 0.0494548 -3.20527
Normal: 1 0 0
UV: 0.468139 0.239684

Position: 1.38896 0.181871 -3.07286
Normal: 1 -2.27714e-007 0
UV: 0.49519 0.212637

Position: 1.38896 0.362755 -3.02439
Normal: 1 -1.13857e-007 0
UV: 0.532143 0.202736

Position: 1.38896 0.54364 -3.07286
Normal: 1 1.13857e-007 0
UV: 0.569094 0.212637

Position: 1.38896 0.676055 -3.20527
Normal: 1 0 0
UV: 0.596143 0.239684

Position: 1.38896 0.724523 -3.38616
Normal: 1 0 0
UV: 0.606054 0.276631

Position: 1.15673 0.676056 -3.56704
Normal: -1 1.69969e-006 0
UV: 0.465279 0.0175667

Position: 1.15673 0.724523 -3.38616
Normal: -1 1.89764e-008 0
UV: 0.475769 0.0182214

Position: 1.15673 0.543639 -3.69946
Normal: -1 -6.80847e-007 0
UV: 0.467376 0.0175651

Position: 1.15673 0.362755 -3.74793
Normal: -1 -1.96168e-008 0
UV: 0.469472 0.0175636

Position: 1.15673 0.181871 -3.69946
Normal: -1 2.14445e-008 0
UV: 0.471569 0.0175592

Position: 1.15673 0.049455 -3.56704
Normal: -1 0 0
UV: 0.473665 0.0175575

Position: 1.15673 0.000987755 -3.38616
Normal: -1 0 0
UV: 0.475761 0.0175606

Position: 1.15673 0.0494548 -3.20527
Normal: -1 9.62439e-008 0
UV: 0.465287 0.0182334

Position: 1.15673 0.181871 -3.07286
Normal: -1 5.00356e-008 0
UV: 0.467383 0.018232

Position: 1.15673 0.362755 -3.02439
Normal: -1 -4.51199e-007 0
UV: 0.46948 0.0182275

Position: 1.15673 0.54364 -3.07286
Normal: -1 7.47271e-007 0
UV: 0.471576 0.0182245

Position: 1.15673 0.676055 -3.20527
Normal: -1 0 0
UV: 0.473673 0.0182245


[INDEX_DATA]
0 2 1
0 3 2
4 3 5
4 2 3
6 5 7
6 4 5
8 7 9
8 6 7
10 9 11
10 8 9
12 11 13
12 10 11
14 16 15
14 17 16
18 15 19
18 14 15
20 19 21
20 18 19
21 22 20
21 23 22
22 23 24
23 25 24
24 25 26
25 27 26
28 30 29
31 28 29
32 31 29
33 32 29
34 33 29
35 34 29
36 35 29
37 36 29
38 37 29
39 38 29
40 39 29
30 40 29
41 43 42
43 44 42
44 45 42
45 46 42
46 47 42
47 48 42
48 49 42
49 50 42
50 51 42
51 52 42

