[FBX_META_DATA]
MeshCount: 1

[MESH_DATA]
VertexCount: 48
IndexCount: 72
BoneCount: 0
AnimationClips: 1

[VERTEX_DATA]
Position: -0.341496 0.657018 0.360721
Normal: -0 1 0
UV: 0.174574 0.225747

Position: -0.341496 0.657018 -0.36072
Normal: -0 1 0
UV: 0.174574 0.100793

Position: 0.341499 0.657018 0.360721
Normal: -0 1 0
UV: 0.0562786 0.225747

Position: 0.341499 0.657018 -0.36072
Normal: -0 1 0
UV: 0.0562786 0.100793

Position: 0.341499 0.30607 0.360721
Normal: -0 -1 0
UV: 0.657214 0.385675

Position: -0.341496 0.30607 -0.36072
Normal: -0 -1 0
UV: 0.69805 0.591101

Position: -0.341496 0.30607 0.360721
Normal: -0 -1 0
UV: 0.69805 0.385675

Position: 0.341499 0.30607 -0.36072
Normal: -0 -1 0
UV: 0.657214 0.591101

Position: -0.341496 0.657018 0.360721
Normal: -0 0 1
UV: 0.294679 0.480881

Position: 0.341499 0.657018 0.360721
Normal: -0 0 1
UV: 0.257646 0.480881

Position: 0.341499 0.30607 0.360721
Normal: -0 0 1
UV: 0.257646 0.521261

Position: -0.341496 0.30607 0.360721
Normal: -0 0 1
UV: 0.294679 0.521261

Position: -0.341496 0.657018 -0.36072
Normal: -1 0 0
UV: 0.841574 0.157616

Position: -0.341496 0.657018 0.360721
Normal: -1 0 0
UV: 0.808104 0.157616

Position: -0.341496 0.30607 0.360721
Normal: -1 0 0
UV: 0.808104 0.192166

Position: -0.341496 0.30607 -0.36072
Normal: -1 0 0
UV: 0.841574 0.192166

Position: -0.341496 0.30607 -0.36072
Normal: -0 0 -1
UV: 0.144975 0.390666

Position: 0.341499 0.30607 -0.36072
Normal: -0 0 -1
UV: 0.0809791 0.390666

Position: 0.341499 0.657018 -0.36072
Normal: -0 0 -1
UV: 0.0809791 0.460446

Position: -0.341496 0.657018 -0.36072
Normal: -0 0 -1
UV: 0.144975 0.460446

Position: 0.341499 0.657018 0.360721
Normal: 1 0 0
UV: 0.547903 0.484199

Position: 0.341499 0.30607 -0.36072
Normal: 1 0 0
UV: 0.459608 0.575344

Position: 0.341499 0.30607 0.360721
Normal: 1 0 0
UV: 0.547903 0.575344

Position: 0.341499 0.657018 -0.36072
Normal: 1 0 0
UV: 0.459608 0.484199

Position: -0.584236 0.34125 0.617124
Normal: -0 1 0
UV: 0.174574 0.225747

Position: -0.584236 0.34125 -0.617124
Normal: -0 1 0
UV: 0.174574 0.100793

Position: 0.584236 0.34125 0.617124
Normal: -0 1 0
UV: 0.0562786 0.225747

Position: 0.584236 0.34125 -0.617124
Normal: -0 1 0
UV: 0.0562786 0.100793

Position: 0.584236 -0.00969774 0.617124
Normal: -0 -1 0
UV: 0.657214 0.385675

Position: -0.584236 -0.00969774 -0.617124
Normal: -0 -1 0
UV: 0.69805 0.591101

Position: -0.584236 -0.00969774 0.617124
Normal: -0 -1 0
UV: 0.69805 0.385675

Position: 0.584236 -0.00969774 -0.617124
Normal: -0 -1 0
UV: 0.657214 0.591101

Position: -0.584236 0.34125 0.617124
Normal: -0 0 1
UV: 0.294679 0.480881

Position: 0.584236 0.34125 0.617124
Normal: -0 0 1
UV: 0.257646 0.480881

Position: 0.584236 -0.00969774 0.617124
Normal: -0 0 1
UV: 0.257646 0.521261

Position: -0.584236 -0.00969774 0.617124
Normal: -0 0 1
UV: 0.294679 0.521261

Position: -0.584236 0.34125 -0.617124
Normal: -1 0 0
UV: 0.841574 0.157616

Position: -0.584236 0.34125 0.617124
Normal: -1 0 0
UV: 0.808104 0.157616

Position: -0.584236 -0.00969774 0.617124
Normal: -1 0 0
UV: 0.808104 0.192166

Position: -0.584236 -0.00969774 -0.617124
Normal: -1 0 0
UV: 0.841574 0.192166

Position: 0.584236 0.34125 -0.617124
Normal: -0 0 -1
UV: 0.0809791 0.460446

Position: -0.584236 -0.00969774 -0.617124
Normal: -0 0 -1
UV: 0.144975 0.390666

Position: 0.584236 -0.00969774 -0.617124
Normal: -0 0 -1
UV: 0.0809791 0.390666

Position: -0.584236 0.34125 -0.617124
Normal: -0 0 -1
UV: 0.144975 0.460446

Position: 0.584236 0.34125 0.617124
Normal: 1 0 0
UV: 0.547903 0.484199

Position: 0.584236 -0.00969774 -0.617124
Normal: 1 0 0
UV: 0.459608 0.575344

Position: 0.584236 -0.00969774 0.617124
Normal: 1 0 0
UV: 0.547903 0.575344

Position: 0.584236 0.34125 -0.617124
Normal: 1 0 0
UV: 0.459608 0.484199


[INDEX_DATA]
0 2 1
2 3 1
4 6 5
5 7 4
8 10 9
8 11 10
12 14 13
14 12 15
16 18 17
16 19 18
20 22 21
21 23 20
24 26 25
26 27 25
28 30 29
29 31 28
32 34 33
32 35 34
36 38 37
38 36 39
40 42 41
41 43 40
44 46 45
45 47 44

