[FBX_META_DATA]
MeshCount: 1

[MESH_DATA]
VertexCount: 144
IndexCount: 216
BoneCount: 0
AnimationClips: 1

[VERTEX_DATA]
Position: 0.244856 0.514488 0.922295
Normal: -0 1 0
UV: 0.174574 0.100793

Position: -0.488215 0.514488 0.922295
Normal: -0 1 0
UV: 0.0562786 0.100793

Position: -0.488215 0.514488 0.252739
Normal: -0 1 0
UV: 0.0562786 0.225747

Position: 0.244856 0.514488 0.252739
Normal: -0 1 0
UV: 0.174574 0.225747

Position: -0.488215 -0.00663662 0.922295
Normal: -0 -1 0
UV: 0.849032 0.528157

Position: 0.244856 -0.00663662 0.922295
Normal: -0 -1 0
UV: 0.938547 0.528157

Position: -0.488215 -0.00663662 0.252739
Normal: -0 -1 0
UV: 0.849032 0.433603

Position: 0.244856 -0.00663662 0.252739
Normal: -0 -1 0
UV: 0.938547 0.433603

Position: 0.244856 -0.00663662 0.252739
Normal: -0 0 -1
UV: 0.9283 0.569255

Position: 0.244856 0.514488 0.252739
Normal: -0 0 -1
UV: 0.9283 0.515953

Position: -0.488215 -0.00663662 0.252739
Normal: -0 0 -1
UV: 0.879416 0.569255

Position: -0.488215 0.514488 0.252739
Normal: -0 0 -1
UV: 0.879416 0.515953

Position: 0.244856 0.514488 0.922295
Normal: 1 0 0
UV: 0.49052 0.385377

Position: 0.244856 -0.00663662 0.252739
Normal: 1 0 0
UV: 0.479812 0.396431

Position: 0.244856 -0.00663662 0.922295
Normal: 1 0 0
UV: 0.49052 0.396431

Position: 0.244856 0.514488 0.252739
Normal: 1 0 0
UV: 0.479812 0.385377

Position: -0.488215 0.514488 0.922295
Normal: -0 0 1
UV: 0.334419 0.480424

Position: 0.244856 0.514488 0.922295
Normal: -0 0 1
UV: 0.371453 0.480424

Position: 0.244856 -0.00663662 0.922295
Normal: -0 0 1
UV: 0.371453 0.440044

Position: -0.488215 -0.00663662 0.922295
Normal: -0 0 1
UV: 0.334419 0.440044

Position: -0.488215 0.514488 0.922295
Normal: -1 0 0
UV: 0.102891 0.43274

Position: -0.488215 -0.00663662 0.922295
Normal: -1 0 0
UV: 0.102891 0.467291

Position: -0.488215 0.514488 0.252739
Normal: -1 0 0
UV: 0.136361 0.43274

Position: -0.488215 -0.00663662 0.252739
Normal: -1 0 0
UV: 0.136361 0.467291

Position: 0.160074 0.649893 0.625313
Normal: -0 1 0
UV: 0.174574 0.225747

Position: 0.160074 0.649893 -0.0181065
Normal: -0 1 0
UV: 0.174574 0.100793

Position: 0.769207 0.649893 0.625313
Normal: -0 1 0
UV: 0.0562786 0.225747

Position: 0.769207 0.649893 -0.0181065
Normal: -0 1 0
UV: 0.0562786 0.100793

Position: 0.769207 -0.00702524 0.625313
Normal: -0 -1 0
UV: 0.84355 0.550413

Position: 0.160074 -0.00702524 -0.0181065
Normal: -0 -1 0
UV: 0.854406 0.56188

Position: 0.160074 -0.00702524 0.625313
Normal: -0 -1 0
UV: 0.854406 0.550413

Position: 0.769207 -0.00702524 -0.0181065
Normal: -0 -1 0
UV: 0.84355 0.56188

Position: 0.160074 0.649893 0.625313
Normal: -0 0 1
UV: 0.135131 0.486901

Position: 0.769207 0.649893 0.625313
Normal: -0 0 1
UV: 0.0980974 0.486901

Position: 0.769207 -0.00702524 0.625313
Normal: -0 0 1
UV: 0.0980974 0.527282

Position: 0.160074 -0.00702524 0.625313
Normal: -0 0 1
UV: 0.135131 0.527282

Position: 0.160074 0.649893 0.625313
Normal: -1 0 0
UV: 0.295526 0.480881

Position: 0.160074 -0.00702524 0.625313
Normal: -1 0 0
UV: 0.295526 0.521261

Position: 0.160074 0.649893 -0.0181065
Normal: -1 0 0
UV: 0.334644 0.480881

Position: 0.160074 -0.00702524 -0.0181065
Normal: -1 0 0
UV: 0.334644 0.521261

Position: 0.769207 -0.00702524 -0.0181065
Normal: -0 0 -1
UV: 0.493968 0.452085

Position: 0.769207 0.649893 -0.0181065
Normal: -0 0 -1
UV: 0.493968 0.492466

Position: 0.160074 -0.00702524 -0.0181065
Normal: -0 0 -1
UV: 0.531001 0.452085

Position: 0.160074 0.649893 -0.0181065
Normal: -0 0 -1
UV: 0.531001 0.492466

Position: 0.769207 0.649893 0.625313
Normal: 1 0 0
UV: 0.315667 0.374198

Position: 0.769207 -0.00702524 -0.0181065
Normal: 1 0 0
UV: 0.304959 0.385252

Position: 0.769207 -0.00702524 0.625313
Normal: 1 0 0
UV: 0.315667 0.385252

Position: 0.769207 0.649893 -0.0181065
Normal: 1 0 0
UV: 0.304959 0.374198

Position: -0.487936 0.611924 -0.27227
Normal: -0 1 0
UV: 0.174574 0.225747

Position: -0.487936 0.611924 -0.922295
Normal: -0 1 0
UV: 0.174574 0.100793

Position: 0.272737 0.611924 -0.27227
Normal: -0 1 0
UV: 0.0562786 0.225747

Position: 0.272737 0.611924 -0.922295
Normal: -0 1 0
UV: 0.0562786 0.100793

Position: 0.272737 -0.00691819 -0.27227
Normal: -0 -1 0
UV: 0.849032 0.433603

Position: -0.487936 -0.00691819 -0.922295
Normal: -0 -1 0
UV: 0.938547 0.528157

Position: -0.487936 -0.00691819 -0.27227
Normal: -0 -1 0
UV: 0.938547 0.433603

Position: 0.272737 -0.00691819 -0.922295
Normal: -0 -1 0
UV: 0.849032 0.528157

Position: -0.487936 0.611924 -0.27227
Normal: -0 0 1
UV: 0.9283 0.515953

Position: 0.272737 0.611924 -0.27227
Normal: -0 0 1
UV: 0.879416 0.515953

Position: 0.272737 -0.00691819 -0.27227
Normal: -0 0 1
UV: 0.879416 0.569255

Position: -0.487936 -0.00691819 -0.27227
Normal: -0 0 1
UV: 0.9283 0.569255

Position: -0.487936 0.611924 -0.27227
Normal: -1 0 0
UV: 0.808104 0.157616

Position: -0.487936 -0.00691819 -0.27227
Normal: -1 0 0
UV: 0.808104 0.192166

Position: -0.487936 0.611924 -0.922295
Normal: -1 0 0
UV: 0.841574 0.157616

Position: -0.487936 -0.00691819 -0.922295
Normal: -1 0 0
UV: 0.841574 0.192166

Position: 0.272737 -0.00691819 -0.922295
Normal: -0 0 -1
UV: 0.0960309 0.526132

Position: 0.272737 0.611924 -0.922295
Normal: -0 0 -1
UV: 0.0960309 0.595911

Position: -0.487936 -0.00691819 -0.922295
Normal: -0 0 -1
UV: 0.160026 0.526132

Position: -0.487936 0.611924 -0.922295
Normal: -0 0 -1
UV: 0.160026 0.595911

Position: 0.272737 0.611924 -0.27227
Normal: 1 0 0
UV: 0.489145 0.609555

Position: 0.272737 -0.00691819 -0.922295
Normal: 1 0 0
UV: 0.437509 0.662858

Position: 0.272737 -0.00691819 -0.27227
Normal: 1 0 0
UV: 0.489145 0.662858

Position: 0.272737 0.611924 -0.922295
Normal: 1 0 0
UV: 0.437509 0.609555

Position: 0.0416737 0.516794 -0.688831
Normal: -0 1 0
UV: 0.174574 0.100793

Position: 0.695945 0.516794 0.00226498
Normal: -0 1 0
UV: 0.0562786 0.225747

Position: 0.0416737 0.516794 0.00226498
Normal: -0 1 0
UV: 0.174574 0.225747

Position: 0.695945 0.516794 -0.688831
Normal: -0 1 0
UV: 0.0562786 0.100793

Position: 0.695945 -0.0065887 0.00226498
Normal: -0 -1 0
UV: 0.849032 0.433603

Position: 0.0416737 -0.0065887 -0.688831
Normal: -0 -1 0
UV: 0.938547 0.528157

Position: 0.0416737 -0.0065887 0.00226498
Normal: -0 -1 0
UV: 0.938547 0.433603

Position: 0.695945 -0.0065887 -0.688831
Normal: -0 -1 0
UV: 0.849032 0.528157

Position: 0.0416737 0.516794 0.00226498
Normal: -0 0 1
UV: 0.344674 0.544783

Position: 0.695945 0.516794 0.00226498
Normal: -0 0 1
UV: 0.271504 0.544783

Position: 0.695945 -0.0065887 0.00226498
Normal: -0 0 1
UV: 0.271504 0.624567

Position: 0.0416737 -0.0065887 0.00226498
Normal: -0 0 1
UV: 0.344674 0.624567

Position: 0.0416737 0.516794 0.00226498
Normal: -1 0 0
UV: 0.808104 0.157616

Position: 0.0416737 -0.0065887 0.00226498
Normal: -1 0 0
UV: 0.808104 0.192166

Position: 0.0416737 0.516794 -0.688831
Normal: -1 0 0
UV: 0.841574 0.157616

Position: 0.0416737 -0.0065887 -0.688831
Normal: -1 0 0
UV: 0.841574 0.192166

Position: 0.695945 -0.0065887 -0.688831
Normal: -0 0 -1
UV: 0.0960309 0.526132

Position: 0.695945 0.516794 -0.688831
Normal: -0 0 -1
UV: 0.0960309 0.595911

Position: 0.0416737 -0.0065887 -0.688831
Normal: -0 0 -1
UV: 0.160026 0.526132

Position: 0.0416737 0.516794 -0.688831
Normal: -0 0 -1
UV: 0.160026 0.595911

Position: 0.695945 0.516794 0.00226498
Normal: 1 0 0
UV: 0.34577 0.449457

Position: 0.695945 -0.0065887 -0.688831
Normal: 1 0 0
UV: 0.335062 0.460511

Position: 0.695945 -0.0065887 0.00226498
Normal: 1 0 0
UV: 0.34577 0.460511

Position: 0.695945 0.516794 -0.688831
Normal: 1 0 0
UV: 0.335062 0.449457

Position: -0.237525 1.0367 0.272379
Normal: -0 1 0
UV: 0.174574 0.225747

Position: -0.237525 1.0367 -0.379036
Normal: -0 1 0
UV: 0.174574 0.100793

Position: 0.379178 1.0367 0.272379
Normal: -0 1 0
UV: 0.0562786 0.225747

Position: 0.379178 1.0367 -0.379036
Normal: -0 1 0
UV: 0.0562786 0.100793

Position: 0.379178 -0.0412915 0.272379
Normal: -0 -1 0
UV: 0.657214 0.385675

Position: -0.237525 -0.0412915 -0.379036
Normal: -0 -1 0
UV: 0.69805 0.591101

Position: -0.237525 -0.0412915 0.272379
Normal: -0 -1 0
UV: 0.69805 0.385675

Position: 0.379178 -0.0412915 -0.379036
Normal: -0 -1 0
UV: 0.657214 0.591101

Position: 0.379178 1.0367 0.272379
Normal: -0 0 1
UV: 0.257646 0.480881

Position: 0.379178 -0.0412915 0.272379
Normal: -0 0 1
UV: 0.257646 0.521261

Position: -0.237525 1.0367 0.272379
Normal: -0 0 1
UV: 0.294679 0.480881

Position: -0.237525 -0.0412915 0.272379
Normal: -0 0 1
UV: 0.294679 0.521261

Position: -0.237525 1.0367 0.272379
Normal: -1 0 0
UV: 0.808104 0.157616

Position: -0.237525 -0.0412915 0.272379
Normal: -1 0 0
UV: 0.808104 0.192166

Position: -0.237525 1.0367 -0.379036
Normal: -1 0 0
UV: 0.841574 0.157616

Position: -0.237525 -0.0412915 -0.379036
Normal: -1 0 0
UV: 0.841574 0.192166

Position: 0.379178 -0.0412915 -0.379036
Normal: -0 0 -1
UV: 0.0809791 0.390666

Position: 0.379178 1.0367 -0.379036
Normal: -0 0 -1
UV: 0.0809791 0.460446

Position: -0.237525 -0.0412915 -0.379036
Normal: -0 0 -1
UV: 0.144975 0.390666

Position: -0.237525 1.0367 -0.379036
Normal: -0 0 -1
UV: 0.144975 0.460446

Position: 0.379178 1.0367 0.272379
Normal: 1 0 0
UV: 0.331158 0.484199

Position: 0.379178 -0.0412915 -0.379036
Normal: 1 0 0
UV: 0.242863 0.575344

Position: 0.379178 -0.0412915 0.272379
Normal: 1 0 0
UV: 0.331158 0.575344

Position: 0.379178 1.0367 -0.379036
Normal: 1 0 0
UV: 0.242863 0.484199

Position: -0.769207 0.522283 0.321113
Normal: -0 1 0
UV: 0.174574 0.100793

Position: -0.119183 0.522283 -0.294274
Normal: -0 1 0
UV: 0.0562786 0.225747

Position: -0.119183 0.522283 0.321113
Normal: -0 1 0
UV: 0.174574 0.225747

Position: -0.769207 0.522283 -0.294274
Normal: -0 1 0
UV: 0.0562786 0.100793

Position: -0.119183 -0.00670338 0.321113
Normal: -0 -1 0
UV: 0.938547 0.433603

Position: -0.119183 -0.00670338 -0.294274
Normal: -0 -1 0
UV: 0.849032 0.433603

Position: -0.769207 -0.00670338 0.321113
Normal: -0 -1 0
UV: 0.938547 0.528157

Position: -0.769207 -0.00670338 -0.294274
Normal: -0 -1 0
UV: 0.849032 0.528157

Position: -0.119183 0.522283 0.321113
Normal: 1 0 0
UV: 0.9283 0.515953

Position: -0.119183 -0.00670338 -0.294274
Normal: 1 0 0
UV: 0.879416 0.569255

Position: -0.119183 -0.00670338 0.321113
Normal: 1 0 0
UV: 0.9283 0.569255

Position: -0.119183 0.522283 -0.294274
Normal: 1 0 0
UV: 0.879416 0.515953

Position: -0.769207 0.522283 0.321113
Normal: -0 0 1
UV: 0.334644 0.480881

Position: -0.119183 0.522283 0.321113
Normal: -0 0 1
UV: 0.295526 0.480881

Position: -0.119183 -0.00670338 0.321113
Normal: -0 0 1
UV: 0.295526 0.521261

Position: -0.769207 -0.00670338 0.321113
Normal: -0 0 1
UV: 0.334644 0.521261

Position: -0.769207 0.522283 0.321113
Normal: -1 0 0
UV: 0.873068 0.157225

Position: -0.769207 -0.00670338 0.321113
Normal: -1 0 0
UV: 0.873068 0.122675

Position: -0.769207 0.522283 -0.294274
Normal: -1 0 0
UV: 0.841382 0.157225

Position: -0.769207 -0.00670338 -0.294274
Normal: -1 0 0
UV: 0.841382 0.122675

Position: -0.119183 -0.00670338 -0.294274
Normal: -0 0 -1
UV: 0.413916 0.595911

Position: -0.119183 0.522283 -0.294274
Normal: -0 0 -1
UV: 0.413916 0.526132

Position: -0.769207 -0.00670338 -0.294274
Normal: -0 0 -1
UV: 0.346319 0.595911

Position: -0.769207 0.522283 -0.294274
Normal: -0 0 -1
UV: 0.346319 0.526132


[INDEX_DATA]
0 2 1
0 3 2
4 6 5
5 6 7
8 10 9
10 11 9
12 14 13
13 15 12
16 18 17
16 19 18
20 22 21
21 22 23
24 26 25
26 27 25
28 30 29
29 31 28
32 34 33
32 35 34
36 38 37
37 38 39
40 42 41
42 43 41
44 46 45
45 47 44
48 50 49
50 51 49
52 54 53
53 55 52
56 58 57
56 59 58
60 62 61
61 62 63
64 66 65
66 67 65
68 70 69
69 71 68
72 74 73
73 75 72
76 78 77
77 79 76
80 82 81
80 83 82
84 86 85
85 86 87
88 90 89
90 91 89
92 94 93
93 95 92
96 98 97
98 99 97
100 102 101
101 103 100
104 106 105
106 107 105
108 110 109
109 110 111
112 114 113
114 115 113
116 118 117
117 119 116
120 122 121
121 123 120
124 126 125
126 127 125
128 130 129
129 131 128
132 134 133
132 135 134
136 138 137
137 138 139
140 142 141
142 143 141

