[FBX_META_DATA]
MeshCount: 1

[MESH_DATA]
VertexCount: 565
IndexCount: 1200
BoneCount: 0
AnimationClips: 1

[VERTEX_DATA]
Position: -1.52156 1.50878 -1.09502
Normal: -0 0.938583 -0.345053
UV: 0.685353 0.288081

Position: -1.19744 1.55432 -0.971153
Normal: -0 0.938583 -0.345053
UV: 0.736051 0.308724

Position: -1.5797 1.55432 -0.971153
Normal: -0 0.938583 -0.345053
UV: 0.676259 0.308724

Position: -1.25558 1.50878 -1.09502
Normal: -0 0.938583 -0.345053
UV: 0.726956 0.288081

Position: -1.25558 1.30044 -1.09502
Normal: -0 0 -1
UV: 0.518609 0.717782

Position: -1.52156 1.50878 -1.09502
Normal: -0 0 -1
UV: 0.560213 0.685195

Position: -1.52156 1.30044 -1.09502
Normal: -0 0 -1
UV: 0.560213 0.717782

Position: -1.25558 1.50878 -1.09502
Normal: -0 0 -1
UV: 0.518609 0.685195

Position: -1.5797 1.25491 -0.971153
Normal: -0 -0.938584 -0.345051
UV: 0.533795 0.74008

Position: -1.19744 1.25491 -0.971153
Normal: -0 -0.938584 -0.345051
UV: 0.474003 0.74008

Position: -1.52156 1.30044 -1.09502
Normal: -0 -0.938584 -0.345051
UV: 0.5247 0.719438

Position: -1.25558 1.30044 -1.09502
Normal: -0 -0.938584 -0.345051
UV: 0.483097 0.719438

Position: -1.19744 1.55432 -0.971153
Normal: -0 0 1
UV: 0.549489 0.340527

Position: -1.5797 1.25491 -0.971153
Normal: -0 0 1
UV: 0.512522 0.369482

Position: -1.5797 1.55432 -0.971153
Normal: -0 0 1
UV: 0.512522 0.340527

Position: -1.19744 1.25491 -0.971153
Normal: -0 0 1
UV: 0.549489 0.369482

Position: -1.25558 1.50878 -1.09502
Normal: 0.905248 0 -0.424883
UV: 0.462004 0.703805

Position: -1.19744 1.25491 -0.971153
Normal: 0.905248 0 -0.424883
UV: 0.501714 0.725208

Position: -1.19744 1.55432 -0.971153
Normal: 0.905248 0 -0.424883
UV: 0.454881 0.725208

Position: -1.25558 1.30044 -1.09502
Normal: 0.905248 0 -0.424883
UV: 0.494591 0.703805

Position: -1.52156 1.30044 -1.09502
Normal: -0.905247 0 -0.424886
UV: 0.493818 0.694198

Position: -1.52156 1.50878 -1.09502
Normal: -0.905247 0 -0.424886
UV: 0.526405 0.694197

Position: -1.5797 1.25491 -0.971153
Normal: -0.905247 0 -0.424886
UV: 0.486695 0.7156

Position: -1.5797 1.55432 -0.971153
Normal: -0.905247 0 -0.424886
UV: 0.533528 0.715601

Position: -1.1643 0.363955 -2.66183
Normal: -0 0 -1
UV: 0.354077 0.370422

Position: -0.722378 0.363955 -2.66183
Normal: -0 0 -1
UV: 0.427908 0.370422

Position: -0.722378 0.554255 -2.66183
Normal: -0 0 -1
UV: 0.427908 0.338627

Position: -1.1643 0.554255 -2.66183
Normal: -0 0 -1
UV: 0.354073 0.338627

Position: -1.1643 2.3693 0.175271
Normal: -1 1.29506e-008 0
UV: 0.0439042 0.0390904

Position: -1.1643 1.4609 0.167261
Normal: -1 1.37052e-007 0
UV: 0.0452426 0.190862

Position: -1.1643 2.3693 -0.88724
Normal: -1 2.82388e-008 0
UV: 0.221426 0.0390904

Position: -1.1643 1.4609 -0.967024
Normal: -1 6.8169e-009 0
UV: 0.234757 0.190862

Position: 0.00170309 1.4827 -1.11233
Normal: -0 0.0917063 -0.995786
UV: 0.2283 0.191702

Position: -1.05283 2.42498 -1.02303
Normal: -0.00254317 0.0966205 -0.995318
UV: 0.0523975 0.0335637

Position: -1.05283 1.4827 -1.11233
Normal: -0.00256026 0.0909637 -0.995851
UV: 0.0523975 0.191702

Position: 0.00170309 2.42498 -1.02303
Normal: -0 0.0961571 -0.995366
UV: 0.2283 0.0335637

Position: -0.722378 0.363955 -1.11941
Normal: -0 -1 0
UV: 0.917188 0.473232

Position: 0.00170309 0.363955 -1.11941
Normal: -0 -1 0
UV: 0.974038 0.473232

Position: -0.722378 0.363955 -2.16238
Normal: -0 -1 0
UV: 0.917188 0.391153

Position: 0.00170309 0.363955 -2.16238
Normal: -0 -1 0
UV: 0.974038 0.391153

Position: -1.1643 1.3798 -2.16238
Normal: -0 1 0
UV: 0.776156 0.596556

Position: 0.00170309 1.3798 -2.5617
Normal: -0 1 0
UV: 0.842873 0.402031

Position: 0.00170309 1.3798 -2.16238
Normal: -0 1 0
UV: 0.776156 0.40203

Position: -1.1643 1.3798 -2.5617
Normal: -0 1 0
UV: 0.842872 0.596558

Position: -1.1643 0.363955 -1.11941
Normal: -1 6.94608e-008 0
UV: 0.649183 0.980806

Position: -1.1643 0.363955 -2.16238
Normal: -1 0 0
UV: 0.823425 0.980858

Position: -1.1643 0.555682 -2.16238
Normal: -1 0 0
UV: 0.82344 0.948821

Position: 0.00170309 1.4827 -1.11233
Normal: -0 0.0917063 -0.995786
UV: 0.804076 0.244733

Position: -1.05283 1.4827 -1.11233
Normal: -0.00256026 0.0909637 -0.995851
UV: 0.628174 0.244732

Position: 0.00170309 1.3798 -1.11941
Normal: -0 0.068669 -0.99764
UV: 0.804076 0.261967

Position: -1.1643 1.3798 -1.11941
Normal: -0.0105944 0.0820456 -0.996572
UV: 0.609548 0.261962

Position: -1.05283 2.42498 -1.02303
Normal: -0.00254317 0.0966205 -0.995318
UV: 0.628169 0.0865961

Position: 0.00170309 2.42498 -1.02303
Normal: -0 0.0961571 -0.995366
UV: 0.804071 0.0865982

Position: 0.00170309 2.5199 -1.01221
Normal: -0 0.11318 -0.993575
UV: 0.804071 0.0706357

Position: -1.1643 2.5199 -1.01221
Normal: -0.0114546 0.102171 -0.994701
UV: 0.609543 0.0706346

Position: -1.1643 1.3798 -1.11941
Normal: -1 0 0
UV: 0.649215 0.811057

Position: -1.1643 2.3693 -0.88724
Normal: -1 2.82388e-008 0
UV: 0.610113 0.645757

Position: -1.1643 1.4609 -0.967024
Normal: -1 6.8169e-009 0
UV: 0.623729 0.797523

Position: -1.1643 2.5199 -1.01221
Normal: -1 5.40579e-008 0
UV: 0.630968 0.620556

Position: -1.1643 1.4609 0.167261
Normal: -1 1.37052e-007 0
UV: 0.434193 0.797538

Position: -1.1643 2.3693 0.175271
Normal: -1 1.29506e-008 0
UV: 0.432581 0.645769

Position: -1.1643 1.4609 0.361233
Normal: -1 7.83143e-008 0
UV: 0.401769 0.797576

Position: -1.1643 2.3693 0.353912
Normal: -1 -9.04281e-008 0
UV: 0.402735 0.645799

Position: -1.1643 1.46102 2.45972
Normal: -1 -8.07769e-008 0
UV: 0.0201353 0.192307

Position: -1.1643 1.4609 0.361233
Normal: -1 7.83143e-008 0
UV: 0.370733 0.18973

Position: -1.1643 2.38214 2.16911
Normal: -1 2.81989e-008 0
UV: 0.0675491 0.0380538

Position: -1.1643 2.3693 0.353912
Normal: -1 -9.04281e-008 0
UV: 0.370835 0.0379533

Position: -1.1643 1.0976 -2.16238
Normal: -1 0 0
UV: 0.823463 0.85828

Position: -1.1643 1.3798 -2.16238
Normal: -1 0 0
UV: 0.823483 0.811131

Position: 0.00170309 0.554255 -2.5617
Normal: -2.73906e-007 0 -1
UV: 0.236473 0.377272

Position: -0.722378 0.769573 -2.5617
Normal: -1.76826e-007 0 -1
UV: 0.115779 0.341303

Position: -0.722378 0.554255 -2.5617
Normal: -0 0 -1
UV: 0.115781 0.37728

Position: -1.1643 0.363955 -2.66183
Normal: -1 0 0
UV: 0.354077 0.370422

Position: -1.1643 0.554255 -2.66183
Normal: -1 0 0
UV: 0.354073 0.338627

Position: -1.1643 0.363955 -2.5617
Normal: -1 0 0
UV: 0.33735 0.370426

Position: -1.1643 0.554255 -2.5617
Normal: -1 0 0
UV: 0.337341 0.33863

Position: -1.1643 0.554255 -2.66183
Normal: -0 1 0
UV: 0.457559 0.344323

Position: -0.722378 0.554255 -2.66183
Normal: -0 1 0
UV: 0.383724 0.344323

Position: -1.1643 0.554255 -2.5617
Normal: -0 1 0
UV: 0.457559 0.361053

Position: -0.722378 0.554255 -2.5617
Normal: -0 1 0
UV: 0.383724 0.361053

Position: 0.00170309 0.363955 -2.66183
Normal: -0 -1 0
UV: 0.974038 0.351848

Position: -0.722378 0.363955 -2.5617
Normal: -0 -1 0
UV: 0.917188 0.359729

Position: 0.00170309 0.363955 -2.5617
Normal: -0 -1 0
UV: 0.974038 0.359729

Position: -0.722378 0.363955 -2.66183
Normal: -0 -1 0
UV: 0.917188 0.351849

Position: -1.1643 2.5199 2.2684
Normal: -0 1 0
UV: 0.0343725 0.585992

Position: -1.1643 2.5199 -1.01221
Normal: -0 1 0
UV: 0.582487 0.585992

Position: 0.00170309 2.5199 2.2684
Normal: -0 1 0
UV: 0.0343725 0.413369

Position: 0.00170309 2.5199 -1.01221
Normal: -0 1 0
UV: 0.582487 0.413369

Position: -1.1643 0.549696 2.4781
Normal: -1 -2.10945e-009 0
UV: 0.0481198 0.949843

Position: -1.1643 0.363955 2.47818
Normal: -1 -2.91114e-008 0
UV: 0.0481166 0.980862

Position: -1.1643 0.363955 2.47818
Normal: -0 -1 0
UV: 0.88241 0.756356

Position: -1.1643 0.363955 -1.11941
Normal: -0 -1 0
UV: 0.88241 0.473232

Position: -0.722378 0.363955 2.5467
Normal: -0 -1 0
UV: 0.917188 0.761747

Position: 0.00170309 0.363955 2.6587
Normal: -0.000245612 -0.00212755 0.999998
UV: 0.561628 0.339781

Position: -0.722378 0.549275 2.65891
Normal: -0.000393291 -0.00169469 0.999998
UV: 0.440946 0.370782

Position: 0.00170309 0.549561 2.65927
Normal: -0.000810016 -0.00258826 0.999996
UV: 0.56164 0.370784

Position: -0.722378 0.363955 2.6587
Normal: -0.000245271 -0.00154313 0.999999
UV: 0.440933 0.339818

Position: -1.03412 2.39243 2.31239
Normal: -0.000822302 0.325605 0.945506
UV: 0.227001 0.0347635

Position: 0.00171794 1.50826 2.61784
Normal: -5.18096e-009 0.325684 0.945478
UV: 0.0542951 0.191075

Position: -1.03412 1.50727 2.61633
Normal: -0.00110886 0.325558 0.945521
UV: 0.227018 0.19113

Position: 0.00171794 2.39243 2.31239
Normal: -3.32102e-011 0.325723 0.945465
UV: 0.0542791 0.0347828

Position: 0.00170309 1.38108 2.66183
Normal: -0.00133437 0.0944037 0.995533
UV: 0.670671 0.618592

Position: -0.722378 1.0976 2.66004
Normal: -0.00120452 -0.00240946 0.999996
UV: 0.791376 0.665922

Position: -1.1643 1.3798 2.65989
Normal: -0.00164779 0.19416 0.980968
UV: 0.865192 0.618745

Position: -1.1643 2.5199 2.2684
Normal: -1 7.75843e-007 0
UV: 0.0828587 0.620736

Position: -1.1643 2.38214 2.16911
Normal: -1 2.81989e-008 0
UV: 0.0994677 0.643723

Position: -1.1643 1.46102 2.45972
Normal: -1 -8.07769e-008 0
UV: 0.0511417 0.797657

Position: -1.1643 1.3798 2.65989
Normal: -1 4.82885e-008 0
UV: 0.0177049 0.811265

Position: -1.1643 0.5491 2.6587
Normal: -1 -2.54926e-008 0
UV: 0.367113 0.3708

Position: -1.1643 0.363955 2.47818
Normal: -1 -2.91114e-008 0
UV: 0.336942 0.3399

Position: -1.1643 0.549696 2.4781
Normal: -1 -2.10945e-009 0
UV: 0.336939 0.370918

Position: -1.1643 0.363955 2.6587
Normal: -1 -3.19444e-007 0
UV: 0.367095 0.339868

Position: -1.1643 1.0976 2.46705
Normal: -1 5.50617e-008 0
UV: 0.0499485 0.858356

Position: -1.1643 1.0976 2.65948
Normal: -1 -2.97301e-008 0
UV: 0.0177978 0.85837

Position: 0.00170309 0.363955 2.6587
Normal: -0 -1 0
UV: 0.974038 0.770562

Position: -0.722378 0.363955 2.6587
Normal: -0 -1 0
UV: 0.917188 0.770562

Position: -1.03412 1.50727 2.61633
Normal: -0.00110886 0.325558 0.945521
UV: 0.830303 0.333649

Position: 0.00171794 1.50826 2.61784
Normal: -5.18096e-009 0.325684 0.945478
UV: 0.65757 0.333893

Position: 0.00170309 1.38108 2.66183
Normal: -0.00133437 0.0944037 0.995533
UV: 0.657554 0.356378

Position: -1.1643 1.3798 2.65989
Normal: -0.00164779 0.19416 0.980968
UV: 0.852069 0.35614

Position: -1.1643 2.5199 2.2684
Normal: -0.000752019 0.325529 0.945532
UV: 0.852117 0.154746

Position: -1.03412 2.39243 2.31239
Normal: -0.000822302 0.325605 0.945506
UV: 0.830368 0.177276

Position: 0.00170309 2.5199 2.2684
Normal: -0 0.326214 0.945296
UV: 0.657587 0.154811

Position: 0.00171794 2.39243 2.31239
Normal: -3.32102e-011 0.325723 0.945465
UV: 0.657651 0.177339

Position: -1.1643 0.769573 -2.16238
Normal: -1 0 0
UV: 0.959194 0.304103

Position: -1.1643 1.0976 -2.5617
Normal: -1 0 0
UV: 0.904419 0.237368

Position: -1.1643 1.0976 -2.16238
Normal: -1 0 0
UV: 0.90439 0.304086

Position: -1.1643 0.769573 -2.5617
Normal: -1 0 0
UV: 0.959228 0.237386

Position: -1.1643 1.0976 -2.5617
Normal: -0 0 -1
UV: 0.0419451 0.286494

Position: -0.722378 1.0976 -2.5617
Normal: -1.61183e-007 0 -1
UV: 0.115779 0.286492

Position: -1.1643 1.3798 -2.5617
Normal: -0 0 -1
UV: 0.0419451 0.239339

Position: -0.722378 1.0976 2.66004
Normal: -0.00120452 -0.00240946 0.999996
UV: 0.968901 0.169602

Position: -1.1643 0.769573 2.65901
Normal: -0.000874313 -0.00174678 0.999998
UV: 0.91422 0.277182

Position: -1.1643 1.0976 2.65948
Normal: -0.00110172 -0.00165475 0.999998
UV: 0.969013 0.277056

Position: -0.722378 0.769573 2.65936
Normal: -0.000949943 -0.00241868 0.999997
UV: 0.914091 0.169727

Position: -1.1643 0.769573 2.47367
Normal: -1 4.50763e-009 0
UV: 0.0488526 0.913132

Position: -1.1643 1.0976 2.65948
Normal: -1 -2.97301e-008 0
UV: 0.908127 0.11088

Position: -1.1643 0.769573 2.47367
Normal: -1 4.50763e-009 0
UV: 0.962899 0.0656844

Position: -1.1643 1.0976 2.46705
Normal: -1 5.50617e-008 0
UV: 0.908122 0.0640898

Position: -1.1643 0.769573 2.65901
Normal: -1 4.99754e-008 0
UV: 0.96292 0.110754

Position: -0.722378 1.0976 -2.5617
Normal: -1.61183e-007 0 -1
UV: 0.904439 0.163535

Position: -1.1643 0.769573 -2.5617
Normal: -0 0 -1
UV: 0.959228 0.237386

Position: -0.722378 0.769573 -2.5617
Normal: -1.76826e-007 0 -1
UV: 0.95925 0.163552

Position: -1.1643 1.0976 -2.5617
Normal: -0 0 -1
UV: 0.904419 0.237368

Position: -1.1643 0.769573 -2.5617
Normal: -1 0 0
UV: 0.890163 0.913117

Position: -1.1643 0.769573 -2.16238
Normal: -1 0 0
UV: 0.823446 0.913083

Position: -1.1643 0.554255 -2.5617
Normal: -1 0 0
UV: 0.890153 0.949096

Position: -0.722378 0.549275 2.65891
Normal: -0.000393291 -0.00169469 0.999998
UV: 0.791402 0.757544

Position: -1.1643 0.769573 2.65901
Normal: -0.000874313 -0.00174678 0.999998
UV: 0.865227 0.720705

Position: -0.722378 0.769573 2.65936
Normal: -0.000949943 -0.00241868 0.999997
UV: 0.791393 0.720732

Position: -1.1643 0.5491 2.6587
Normal: -0.000460185 -0.00121305 0.999999
UV: 0.865236 0.75755

Position: -1.1643 0.769573 2.65901
Normal: -1 4.99754e-008 0
UV: 0.0178843 0.913145

Position: -1.1643 0.5491 2.6587
Normal: -1 -2.54926e-008 0
UV: 0.0179463 0.949964

Position: -1.1643 0.363955 -2.5617
Normal: -0 -1 0
UV: 0.88241 0.359729

Position: -1.1643 0.363955 -2.16238
Normal: -0 -1 0
UV: 0.88241 0.391153

Position: -1.1643 1.3798 -1.11941
Normal: -0 1 0
UV: 0.601901 0.596558

Position: 0.00170309 1.3798 -1.11941
Normal: -0 1 0
UV: 0.601899 0.402031

Position: -1.1643 0.363955 -2.16238
Normal: -1 0 0
UV: 0.270637 0.370444

Position: -1.1643 0.555682 -2.16238
Normal: -1 0 0
UV: 0.270627 0.338406

Position: -1.1643 1.0976 -2.5617
Normal: -1 0 0
UV: 0.890182 0.858309

Position: -1.1643 1.3798 -2.5617
Normal: -1 0 0
UV: 0.8902 0.811161

Position: 0.00170309 0.363955 -2.66183
Normal: -0 0 -1
UV: 0.548601 0.370422

Position: 0.00170309 0.554255 -2.66183
Normal: -0 0 -1
UV: 0.548601 0.338627

Position: -1.1643 0.769573 -2.5617
Normal: -0 0 -1
UV: 0.0419451 0.341304

Position: -1.1643 0.554255 -2.5617
Normal: -0 0 -1
UV: 0.0419461 0.37728

Position: 0.00170309 0.554255 -2.66183
Normal: -0 1 0
UV: 0.263031 0.344323

Position: 0.00170309 0.554255 -2.5617
Normal: -0 1 0
UV: 0.263031 0.361053

Position: -1.1643 0.363955 -2.66183
Normal: -0 -1 0
UV: 0.88241 0.351848

Position: -1.1643 0.5491 2.6587
Normal: -0.000460185 -0.00121305 0.999999
UV: 0.367113 0.3708

Position: -1.1643 0.363955 2.6587
Normal: -0.00024471 -0.000584358 1
UV: 0.367095 0.339868

Position: -1.1643 1.0976 2.65948
Normal: -0.00110172 -0.00165475 0.999998
UV: 0.865209 0.665894

Position: -1.1643 0.363955 2.6587
Normal: -0 -1 0
UV: 0.88241 0.770562

Position: 0.00170309 1.3798 -2.5617
Normal: -2.54381e-007 0 -1
UV: 0.236473 0.239351

Position: 0.00170309 0.549561 2.65927
Normal: -0.000810016 -0.00258826 0.999996
UV: 0.670708 0.757508

Position: -1.24967 0.544323 -1.93549
Normal: -0 0.707105 -0.707108
UV: 0.314237 0.225609

Position: -1.082 0.544323 -1.93549
Normal: -0 0.707105 -0.707108
UV: 0.314237 0.253623

Position: -1.082 0.676698 -1.80312
Normal: -0 0.707105 -0.707108
UV: 0.28296 0.253623

Position: -1.24967 0.676698 -1.80312
Normal: -0 0.707105 -0.707108
UV: 0.28296 0.225609

Position: -1.24967 0.363496 -1.98395
Normal: -0 0.258824 -0.965924
UV: 0.345514 0.225609

Position: -1.082 0.363496 -1.98395
Normal: -0 0.258824 -0.965924
UV: 0.345514 0.253623

Position: -1.082 0.544323 -1.93549
Normal: -0 0.258824 -0.965924
UV: 0.314237 0.253623

Position: -1.24967 0.544323 -1.93549
Normal: -0 0.258824 -0.965924
UV: 0.314237 0.225609

Position: -1.24967 0.182669 -1.93549
Normal: -0 -0.258824 -0.965924
UV: 0.37679 0.225609

Position: -1.082 0.182669 -1.93549
Normal: -0 -0.258824 -0.965924
UV: 0.37679 0.253623

Position: -1.082 0.363496 -1.98395
Normal: -0 -0.258824 -0.965924
UV: 0.345514 0.253623

Position: -1.24967 0.363496 -1.98395
Normal: -0 -0.258824 -0.965924
UV: 0.345514 0.225609

Position: -1.24967 0.0502942 -1.80312
Normal: -0 -0.707106 -0.707108
UV: 0.408067 0.225609

Position: -1.082 0.0502942 -1.80312
Normal: -0 -0.707106 -0.707108
UV: 0.408067 0.253623

Position: -1.082 0.182669 -1.93549
Normal: -0 -0.707106 -0.707108
UV: 0.37679 0.253623

Position: -1.24967 0.182669 -1.93549
Normal: -0 -0.707106 -0.707108
UV: 0.37679 0.225609

Position: -1.24967 0.00184151 -1.62229
Normal: -0 -0.965926 -0.258819
UV: 0.365332 0.261916

Position: -1.082 0.00184151 -1.62229
Normal: -0 -0.965926 -0.258819
UV: 0.365332 0.233902

Position: -1.082 0.0502942 -1.80312
Normal: -0 -0.965926 -0.258819
UV: 0.39661 0.233903

Position: -1.24967 0.0502942 -1.80312
Normal: -0 -0.965926 -0.258819
UV: 0.39661 0.261917

Position: -1.24967 0.0502942 -1.44147
Normal: -0 -0.965925 0.258823
UV: 0.334055 0.261916

Position: -1.082 0.0502942 -1.44147
Normal: -0 -0.965925 0.258823
UV: 0.334055 0.233902

Position: -1.082 0.00184151 -1.62229
Normal: -0 -0.965925 0.258823
UV: 0.365332 0.233902

Position: -1.24967 0.00184151 -1.62229
Normal: -0 -0.965925 0.258823
UV: 0.365332 0.261916

Position: -1.24967 0.182669 -1.30909
Normal: -0 -0.707113 0.7071
UV: 0.302777 0.261916

Position: -1.082 0.182669 -1.30909
Normal: -0 -0.707113 0.7071
UV: 0.302777 0.233902

Position: -1.082 0.0502942 -1.44147
Normal: -0 -0.707113 0.7071
UV: 0.334055 0.233902

Position: -1.24967 0.0502942 -1.44147
Normal: -0 -0.707113 0.7071
UV: 0.334055 0.261916

Position: -1.24967 0.363496 -1.26064
Normal: -0 -0.25881 0.965928
UV: 0.358616 0.254274

Position: -1.082 0.363496 -1.26064
Normal: -0 -0.25881 0.965928
UV: 0.358616 0.22626

Position: -1.082 0.182669 -1.30909
Normal: -0 -0.25881 0.965928
UV: 0.389894 0.22626

Position: -1.24967 0.182669 -1.30909
Normal: -0 -0.25881 0.965928
UV: 0.389894 0.254274

Position: -1.24967 0.544323 -1.30909
Normal: -0 0.25881 0.965928
UV: 0.32734 0.254274

Position: -1.082 0.544323 -1.30909
Normal: -0 0.25881 0.965928
UV: 0.32734 0.22626

Position: -1.082 0.363496 -1.26064
Normal: -0 0.25881 0.965928
UV: 0.358616 0.22626

Position: -1.24967 0.363496 -1.26064
Normal: -0 0.25881 0.965928
UV: 0.358616 0.254274

Position: -1.24967 0.676698 -1.44147
Normal: -0 0.707113 0.707101
UV: 0.296062 0.254274

Position: -1.082 0.544323 -1.30909
Normal: -0 0.707113 0.707101
UV: 0.32734 0.22626

Position: -1.24967 0.544323 -1.30909
Normal: -0 0.707113 0.707101
UV: 0.32734 0.254274

Position: -1.082 0.676698 -1.44147
Normal: -0 0.707113 0.707101
UV: 0.296062 0.22626

Position: -1.24967 0.676698 -1.44147
Normal: -0 0.965926 0.25882
UV: 0.322679 0.225136

Position: -1.24967 0.72515 -1.62229
Normal: -0 0.965926 0.25882
UV: 0.353957 0.225136

Position: -1.082 0.676698 -1.44147
Normal: -0 0.965926 0.25882
UV: 0.322679 0.253151

Position: -1.082 0.72515 -1.62229
Normal: -0 0.965926 0.25882
UV: 0.353957 0.253151

Position: -1.24967 0.676698 -1.80312
Normal: -0 0.965926 -0.258817
UV: 0.385235 0.225136

Position: -1.082 0.72515 -1.62229
Normal: -0 0.965926 -0.258817
UV: 0.353957 0.253151

Position: -1.24967 0.72515 -1.62229
Normal: -0 0.965926 -0.258817
UV: 0.353957 0.225136

Position: -1.082 0.676698 -1.80312
Normal: -0 0.965926 -0.258817
UV: 0.385235 0.253151

Position: -1.24967 0.676698 -1.80312
Normal: -1 2.27857e-007 0
UV: 0.494896 0.21636

Position: -1.24967 0.363496 -1.62229
Normal: -1 2.16154e-014 0
UV: 0.494896 0.122657

Position: -1.24967 0.544323 -1.93549
Normal: -1 -3.32011e-013 0
UV: 0.541747 0.203807

Position: -1.24967 0.363496 -1.98395
Normal: -1 0 0
UV: 0.576046 0.169508

Position: -1.24967 0.182669 -1.93549
Normal: -1 5.60269e-013 0
UV: 0.588599 0.122654

Position: -1.24967 0.0502942 -1.80312
Normal: -1 -2.27857e-007 0
UV: 0.576046 0.0758036

Position: -1.24967 0.00184151 -1.62229
Normal: -1 0 0
UV: 0.541749 0.0415074

Position: -1.24967 0.0502942 -1.44147
Normal: -1 -2.27858e-007 0
UV: 0.494896 0.0289512

Position: -1.24967 0.182669 -1.30909
Normal: -1 -1.03754e-013 0
UV: 0.448044 0.0415043

Position: -1.24967 0.363496 -1.26064
Normal: -1 0 0
UV: 0.413744 0.075802

Position: -1.24967 0.544323 -1.30909
Normal: -1 1.24505e-013 0
UV: 0.40119 0.122654

Position: -1.24967 0.676698 -1.44147
Normal: -1 2.27858e-007 0
UV: 0.413744 0.169508

Position: -1.24967 0.72515 -1.62229
Normal: -1 0 0
UV: 0.448044 0.203806

Position: -1.24967 0.544323 1.42097
Normal: -0 0.707113 -0.707101
UV: 0.314237 0.225609

Position: -1.082 0.676698 1.55335
Normal: -0 0.707113 -0.707101
UV: 0.28296 0.253623

Position: -1.24967 0.676698 1.55335
Normal: -0 0.707113 -0.707101
UV: 0.28296 0.225609

Position: -1.082 0.544323 1.42097
Normal: -0 0.707113 -0.707101
UV: 0.314237 0.253623

Position: -1.24967 0.363496 1.37252
Normal: -0 0.258811 -0.965928
UV: 0.345514 0.225609

Position: -1.082 0.363496 1.37252
Normal: -0 0.258811 -0.965928
UV: 0.345514 0.253623

Position: -1.082 0.544323 1.42097
Normal: -0 0.258811 -0.965928
UV: 0.314237 0.253623

Position: -1.24967 0.544323 1.42097
Normal: -0 0.258811 -0.965928
UV: 0.314237 0.225609

Position: -1.24967 0.182669 1.42097
Normal: -0 -0.258811 -0.965928
UV: 0.37679 0.225609

Position: -1.082 0.182669 1.42097
Normal: -0 -0.258811 -0.965928
UV: 0.37679 0.253623

Position: -1.082 0.363496 1.37252
Normal: -0 -0.258811 -0.965928
UV: 0.345514 0.253623

Position: -1.24967 0.363496 1.37252
Normal: -0 -0.258811 -0.965928
UV: 0.345514 0.225609

Position: -1.24967 0.0502942 1.55335
Normal: -0 -0.707113 -0.7071
UV: 0.408067 0.225609

Position: -1.082 0.0502942 1.55335
Normal: -0 -0.707113 -0.7071
UV: 0.408067 0.253623

Position: -1.082 0.182669 1.42097
Normal: -0 -0.707113 -0.7071
UV: 0.37679 0.253623

Position: -1.24967 0.182669 1.42097
Normal: -0 -0.707113 -0.7071
UV: 0.37679 0.225609

Position: -1.24967 0.00184151 1.73417
Normal: -0 -0.965925 -0.258823
UV: 0.365332 0.261916

Position: -1.082 0.00184151 1.73417
Normal: -0 -0.965925 -0.258823
UV: 0.365332 0.233902

Position: -1.082 0.0502942 1.55335
Normal: -0 -0.965925 -0.258823
UV: 0.39661 0.233903

Position: -1.24967 0.0502942 1.55335
Normal: -0 -0.965925 -0.258823
UV: 0.39661 0.261917

Position: -1.24967 0.0502942 1.915
Normal: -0 -0.965927 0.258816
UV: 0.334055 0.261916

Position: -1.082 0.0502942 1.915
Normal: -0 -0.965927 0.258816
UV: 0.334055 0.233902

Position: -1.082 0.00184151 1.73417
Normal: -0 -0.965927 0.258816
UV: 0.365332 0.233902

Position: -1.24967 0.00184151 1.73417
Normal: -0 -0.965927 0.258816
UV: 0.365332 0.261916

Position: -1.24967 0.182669 2.04738
Normal: -0 -0.707106 0.707108
UV: 0.302777 0.261916

Position: -1.082 0.182669 2.04738
Normal: -0 -0.707106 0.707108
UV: 0.302777 0.233902

Position: -1.082 0.0502942 1.915
Normal: -0 -0.707106 0.707108
UV: 0.334055 0.233902

Position: -1.24967 0.0502942 1.915
Normal: -0 -0.707106 0.707108
UV: 0.334055 0.261916

Position: -1.24967 0.363496 2.09583
Normal: -0 -0.258811 0.965928
UV: 0.358616 0.254274

Position: -1.082 0.363496 2.09583
Normal: -0 -0.258811 0.965928
UV: 0.358616 0.22626

Position: -1.082 0.182669 2.04738
Normal: -0 -0.258811 0.965928
UV: 0.389894 0.22626

Position: -1.24967 0.182669 2.04738
Normal: -0 -0.258811 0.965928
UV: 0.389894 0.254274

Position: -1.24967 0.544323 2.04738
Normal: -0 0.258811 0.965928
UV: 0.32734 0.254274

Position: -1.082 0.544323 2.04738
Normal: -0 0.258811 0.965928
UV: 0.32734 0.22626

Position: -1.082 0.363496 2.09583
Normal: -0 0.258811 0.965928
UV: 0.358616 0.22626

Position: -1.24967 0.363496 2.09583
Normal: -0 0.258811 0.965928
UV: 0.358616 0.254274

Position: -1.24967 0.676698 1.915
Normal: -0 0.707105 0.707108
UV: 0.296062 0.254274

Position: -1.082 0.676698 1.915
Normal: -0 0.707105 0.707108
UV: 0.296062 0.22626

Position: -1.082 0.544323 2.04738
Normal: -0 0.707105 0.707108
UV: 0.32734 0.22626

Position: -1.24967 0.544323 2.04738
Normal: -0 0.707105 0.707108
UV: 0.32734 0.254274

Position: -1.24967 0.72515 1.73417
Normal: -0 0.965928 0.258813
UV: 0.353957 0.225136

Position: -1.082 0.676698 1.915
Normal: -0 0.965928 0.258813
UV: 0.322679 0.253151

Position: -1.24967 0.676698 1.915
Normal: -0 0.965928 0.258813
UV: 0.322679 0.225136

Position: -1.082 0.72515 1.73417
Normal: -0 0.965928 0.258813
UV: 0.353957 0.253151

Position: -1.24967 0.72515 1.73417
Normal: -0 0.965925 -0.25882
UV: 0.353957 0.225136

Position: -1.24967 0.676698 1.55335
Normal: -0 0.965925 -0.25882
UV: 0.385235 0.225136

Position: -1.082 0.72515 1.73417
Normal: -0 0.965925 -0.25882
UV: 0.353957 0.253151

Position: -1.082 0.676698 1.55335
Normal: -0 0.965925 -0.25882
UV: 0.385235 0.253151

Position: -1.24967 0.676698 1.55335
Normal: -1 2.27858e-007 0
UV: 0.494896 0.21636

Position: -1.24967 0.363496 1.73417
Normal: -1 8.64614e-015 0
UV: 0.494896 0.122657

Position: -1.24967 0.544323 1.42097
Normal: -1 -8.30036e-014 0
UV: 0.541747 0.203807

Position: -1.24967 0.363496 1.37252
Normal: -1 0 0
UV: 0.576046 0.169508

Position: -1.24967 0.182669 1.42097
Normal: -1 8.30036e-014 0
UV: 0.588599 0.122654

Position: -1.24967 0.0502942 1.55335
Normal: -1 -2.27858e-007 0
UV: 0.576046 0.0758036

Position: -1.24967 0.00184151 1.73417
Normal: -1 0 0
UV: 0.541749 0.0415074

Position: -1.24967 0.0502942 1.915
Normal: -1 -2.27856e-007 0
UV: 0.494896 0.0289512

Position: -1.24967 0.182669 2.04738
Normal: -1 -4.15015e-013 0
UV: 0.448044 0.0415043

Position: -1.24967 0.363496 2.09583
Normal: -1 0 0
UV: 0.413744 0.075802

Position: -1.24967 0.544323 2.04738
Normal: -1 7.47027e-013 0
UV: 0.40119 0.122654

Position: -1.24967 0.676698 1.915
Normal: -1 2.27857e-007 0
UV: 0.413744 0.169508

Position: -1.24967 0.72515 1.73417
Normal: -1 0 0
UV: 0.448044 0.203806

Position: 1.19744 1.55432 -0.971153
Normal: -0 0.938583 -0.345053
UV: 0.736051 0.308724

Position: 1.52156 1.50878 -1.09502
Normal: -0 0.938583 -0.345053
UV: 0.685353 0.288081

Position: 1.5797 1.55432 -0.971153
Normal: -0 0.938583 -0.345053
UV: 0.676259 0.308724

Position: 1.25558 1.50878 -1.09502
Normal: -0 0.938583 -0.345053
UV: 0.726956 0.288081

Position: 1.25558 1.30044 -1.09502
Normal: -0 0 -1
UV: 0.518609 0.717782

Position: 1.52156 1.30044 -1.09502
Normal: -0 0 -1
UV: 0.560213 0.717782

Position: 1.52156 1.50878 -1.09502
Normal: -0 0 -1
UV: 0.560213 0.685195

Position: 1.25558 1.50878 -1.09502
Normal: -0 0 -1
UV: 0.518609 0.685195

Position: 1.19744 1.25491 -0.971153
Normal: -0 -0.938584 -0.345051
UV: 0.474003 0.74008

Position: 1.5797 1.25491 -0.971153
Normal: -0 -0.938584 -0.345051
UV: 0.533795 0.74008

Position: 1.52156 1.30044 -1.09502
Normal: -0 -0.938584 -0.345051
UV: 0.5247 0.719438

Position: 1.25558 1.30044 -1.09502
Normal: -0 -0.938584 -0.345051
UV: 0.483097 0.719438

Position: 1.19744 1.55432 -0.971153
Normal: -0 0 1
UV: 0.549489 0.340527

Position: 1.5797 1.55432 -0.971153
Normal: -0 0 1
UV: 0.512522 0.340527

Position: 1.5797 1.25491 -0.971153
Normal: -0 0 1
UV: 0.512522 0.369482

Position: 1.19744 1.25491 -0.971153
Normal: -0 0 1
UV: 0.549489 0.369482

Position: 1.19744 1.25491 -0.971153
Normal: -0.905249 0 -0.424881
UV: 0.501714 0.725208

Position: 1.25558 1.50878 -1.09502
Normal: -0.905249 0 -0.424881
UV: 0.462004 0.703805

Position: 1.19744 1.55432 -0.971153
Normal: -0.905249 0 -0.424881
UV: 0.454881 0.725208

Position: 1.25558 1.30044 -1.09502
Normal: -0.905249 0 -0.424881
UV: 0.494591 0.703805

Position: 1.5797 1.25491 -0.971153
Normal: 0.905247 0 -0.424886
UV: 0.486695 0.7156

Position: 1.5797 1.55432 -0.971153
Normal: 0.905247 0 -0.424886
UV: 0.533528 0.715601

Position: 1.52156 1.50878 -1.09502
Normal: 0.905247 0 -0.424886
UV: 0.526405 0.694197

Position: 1.52156 1.30044 -1.09502
Normal: 0.905247 0 -0.424886
UV: 0.493818 0.694198

Position: 1.1643 0.554255 -2.66183
Normal: -0 0 -1
UV: 0.354073 0.338627

Position: 0.722378 0.554255 -2.66183
Normal: -0 0 -1
UV: 0.427908 0.338627

Position: 1.1643 0.363955 -2.66183
Normal: -0 0 -1
UV: 0.354077 0.370422

Position: 0.722378 0.363955 -2.66183
Normal: -0 0 -1
UV: 0.427908 0.370422

Position: 1.1643 2.3693 0.175271
Normal: 1 0 0
UV: 0.0439042 0.0390904

Position: 1.1643 2.3693 -0.88724
Normal: 1 0 0
UV: 0.221426 0.0390904

Position: 1.1643 1.4609 0.167261
Normal: 1 9.57992e-008 0
UV: 0.0452426 0.190862

Position: 1.1643 1.4609 -0.967024
Normal: 1 0 0
UV: 0.234757 0.190862

Position: 1.05283 1.4827 -1.11233
Normal: 0.00256755 0.0909645 -0.995851
UV: 0.0523975 0.191702

Position: 1.05283 2.42498 -1.02303
Normal: 0.00255042 0.0966197 -0.995318
UV: 0.0523975 0.0335637

Position: 0.722378 0.363955 -1.11941
Normal: -0 -1 0
UV: 0.917188 0.473232

Position: 0.722378 0.363955 -2.16238
Normal: -0 -1 0
UV: 0.917188 0.391153

Position: 1.1643 1.3798 -2.16238
Normal: -0 1 0
UV: 0.776156 0.596556

Position: 1.1643 1.3798 -2.5617
Normal: -0 1 0
UV: 0.842872 0.596558

Position: 1.1643 0.363955 -1.11941
Normal: 1 5.05169e-008 0
UV: 0.649183 0.980806

Position: 1.1643 0.555682 -2.16238
Normal: 1 0 0
UV: 0.82344 0.948821

Position: 1.1643 0.363955 -2.16238
Normal: 1 0 0
UV: 0.823425 0.980858

Position: 1.1643 1.3798 -1.11941
Normal: 0.0106101 0.0820651 -0.99657
UV: 0.609548 0.261962

Position: 1.05283 1.4827 -1.11233
Normal: 0.00256755 0.0909645 -0.995851
UV: 0.628174 0.244732

Position: 1.1643 2.5199 -1.01221
Normal: 0.01147 0.102156 -0.994702
UV: 0.609543 0.0706346

Position: 1.05283 2.42498 -1.02303
Normal: 0.00255042 0.0966197 -0.995318
UV: 0.628169 0.0865961

Position: 1.1643 2.3693 -0.88724
Normal: 1 0 0
UV: 0.610113 0.645757

Position: 1.1643 1.3798 -1.11941
Normal: 1 0 0
UV: 0.649215 0.811057

Position: 1.1643 1.4609 -0.967024
Normal: 1 0 0
UV: 0.623729 0.797523

Position: 1.1643 2.5199 -1.01221
Normal: 1 0 0
UV: 0.630968 0.620556

Position: 1.1643 2.3693 0.175271
Normal: 1 0 0
UV: 0.432581 0.645769

Position: 1.1643 1.4609 0.361233
Normal: 1 4.78252e-008 0
UV: 0.401769 0.797576

Position: 1.1643 2.3693 0.353912
Normal: 1 -8.14063e-008 0
UV: 0.402735 0.645799

Position: 1.1643 1.4609 0.167261
Normal: 1 9.57992e-008 0
UV: 0.434193 0.797538

Position: 1.1643 2.38214 2.16911
Normal: 1 4.87033e-008 0
UV: 0.0675491 0.0380538

Position: 1.1643 1.4609 0.361233
Normal: 1 4.78252e-008 0
UV: 0.370733 0.18973

Position: 1.1643 1.46102 2.45972
Normal: 1 -7.19466e-008 0
UV: 0.0201353 0.192307

Position: 1.1643 2.3693 0.353912
Normal: 1 -8.14063e-008 0
UV: 0.370835 0.0379533

Position: 1.1643 1.3798 -2.16238
Normal: 1 0 0
UV: 0.823483 0.811131

Position: 1.1643 1.0976 -2.16238
Normal: 1 0 0
UV: 0.823463 0.85828

Position: 0.722378 0.554255 -2.5617
Normal: -0 0 -1
UV: 0.115781 0.37728

Position: 0.722378 0.769573 -2.5617
Normal: 8.87385e-008 0 -1
UV: 0.115779 0.341303

Position: 1.1643 0.363955 -2.5617
Normal: 1 0 0
UV: 0.33735 0.370426

Position: 1.1643 0.554255 -2.5617
Normal: 1 0 0
UV: 0.337341 0.33863

Position: 1.1643 0.554255 -2.66183
Normal: 1 0 0
UV: 0.354073 0.338627

Position: 1.1643 0.363955 -2.66183
Normal: 1 0 0
UV: 0.354077 0.370422

Position: 1.1643 0.554255 -2.5617
Normal: -0 1 0
UV: 0.457559 0.361053

Position: 0.722378 0.554255 -2.5617
Normal: -0 1 0
UV: 0.383724 0.361053

Position: 0.722378 0.554255 -2.66183
Normal: -0 1 0
UV: 0.383724 0.344323

Position: 1.1643 0.554255 -2.66183
Normal: -0 1 0
UV: 0.457559 0.344323

Position: 0.722378 0.363955 -2.5617
Normal: -0 -1 0
UV: 0.917188 0.359729

Position: 0.722378 0.363955 -2.66183
Normal: -0 -1 0
UV: 0.917188 0.351849

Position: 1.1643 2.5199 -1.01221
Normal: -0 1 0
UV: 0.582487 0.585992

Position: 1.1643 2.5199 2.2684
Normal: -0 1 0
UV: 0.0343725 0.585992

Position: 1.1643 0.363955 2.47818
Normal: 1 -4.05579e-008 0
UV: 0.0481166 0.980862

Position: 1.1643 0.549696 2.4781
Normal: 1 3.22133e-010 0
UV: 0.0481198 0.949843

Position: 1.1643 0.363955 2.47818
Normal: -0 -1 0
UV: 0.88241 0.756356

Position: 0.722378 0.363955 2.5467
Normal: -0 -1 0
UV: 0.917188 0.761747

Position: 1.1643 0.363955 -1.11941
Normal: -0 -1 0
UV: 0.88241 0.473232

Position: 0.722378 0.549275 2.65891
Normal: 0.000392933 -0.00169102 0.999999
UV: 0.440946 0.370782

Position: 0.00173873 0.363955 2.6587
Normal: 0.000244837 -0.00211984 0.999998
UV: 0.561628 0.339781

Position: 0.00173873 0.549561 2.65927
Normal: 0.00081283 -0.00258621 0.999996
UV: 0.56164 0.370784

Position: 0.722378 0.363955 2.6587
Normal: 0.000244769 -0.00153661 0.999999
UV: 0.440933 0.339818

Position: 1.03412 2.39243 2.31239
Normal: 0.000824504 0.325604 0.945506
UV: 0.227001 0.0347635

Position: 1.03412 1.50727 2.61633
Normal: 0.00111186 0.325558 0.945521
UV: 0.227018 0.19113

Position: 0.00173873 1.38108 2.66183
Normal: 0.00134009 0.0945556 0.995519
UV: 0.670671 0.618592

Position: 1.1643 1.3798 2.65989
Normal: 0.00164943 0.194166 0.980967
UV: 0.865192 0.618745

Position: 0.722378 1.0976 2.66004
Normal: 0.00120771 -0.00241264 0.999996
UV: 0.791376 0.665922

Position: 1.1643 2.38214 2.16911
Normal: 1 4.87033e-008 0
UV: 0.0994677 0.643723

Position: 1.1643 2.5199 2.2684
Normal: 1 8.25786e-007 0
UV: 0.0828587 0.620736

Position: 1.1643 1.46102 2.45972
Normal: 1 -7.19466e-008 0
UV: 0.0511417 0.797657

Position: 1.1643 1.3798 2.65989
Normal: 1 1.31959e-007 0
UV: 0.0177049 0.811265

Position: 1.1643 0.5491 2.6587
Normal: 1 -6.6415e-010 0
UV: 0.367113 0.3708

Position: 1.1643 0.363955 2.47818
Normal: 1 -4.05579e-008 0
UV: 0.336942 0.3399

Position: 1.1643 0.363955 2.6587
Normal: 1 -4.45048e-007 0
UV: 0.367095 0.339868

Position: 1.1643 0.549696 2.4781
Normal: 1 3.22133e-010 0
UV: 0.336939 0.370918

Position: 1.1643 1.0976 2.46705
Normal: 1 2.79937e-008 0
UV: 0.0499485 0.858356

Position: 1.1643 1.0976 2.65948
Normal: 1 3.81612e-008 0
UV: 0.0177978 0.85837

Position: 0.722378 0.363955 2.6587
Normal: -0 -1 0
UV: 0.917188 0.770562

Position: 1.1643 1.3798 2.65989
Normal: 0.00164943 0.194166 0.980967
UV: 0.852069 0.35614

Position: 0.00173873 1.38108 2.66183
Normal: 0.00134009 0.0945556 0.995519
UV: 0.657554 0.356378

Position: 1.03412 1.50727 2.61633
Normal: 0.00111186 0.325558 0.945521
UV: 0.830303 0.333649

Position: 1.1643 2.5199 2.2684
Normal: 0.000752956 0.325528 0.945532
UV: 0.852117 0.154746

Position: 1.03412 2.39243 2.31239
Normal: 0.000824504 0.325604 0.945506
UV: 0.830368 0.177276

Position: 1.1643 0.769573 -2.16238
Normal: 1 0 0
UV: 0.959194 0.304103

Position: 1.1643 1.0976 -2.16238
Normal: 1 0 0
UV: 0.90439 0.304086

Position: 1.1643 1.0976 -2.5617
Normal: 1 0 0
UV: 0.904419 0.237368

Position: 1.1643 0.769573 -2.5617
Normal: 1 0 0
UV: 0.959228 0.237386

Position: 1.1643 1.0976 -2.5617
Normal: -7.09548e-008 0 -1
UV: 0.0419451 0.286494

Position: 1.1643 1.3798 -2.5617
Normal: -9.46953e-008 0 -1
UV: 0.0419451 0.239339

Position: 0.722378 1.0976 -2.5617
Normal: 7.50755e-008 0 -1
UV: 0.115779 0.286492

Position: 0.722378 1.0976 2.66004
Normal: 0.00120771 -0.00241264 0.999996
UV: 0.968901 0.169602

Position: 1.1643 0.769573 2.65901
Normal: 0.000872503 -0.00174461 0.999998
UV: 0.91422 0.277182

Position: 0.722378 0.769573 2.65936
Normal: 0.000952191 -0.00241751 0.999997
UV: 0.914091 0.169727

Position: 1.1643 1.0976 2.65948
Normal: 0.00109788 -0.00165221 0.999998
UV: 0.969013 0.277056

Position: 1.1643 0.769573 2.47367
Normal: 1 1.33661e-008 0
UV: 0.0488526 0.913132

Position: 1.1643 1.0976 2.65948
Normal: 1 3.81612e-008 0
UV: 0.908127 0.11088

Position: 1.1643 0.769573 2.47367
Normal: 1 1.33661e-008 0
UV: 0.962899 0.0656844

Position: 1.1643 0.769573 2.65901
Normal: 1 1.45577e-007 0
UV: 0.96292 0.110754

Position: 1.1643 1.0976 2.46705
Normal: 1 2.79937e-008 0
UV: 0.908122 0.0640898

Position: 0.722378 0.769573 -2.5617
Normal: 8.87385e-008 0 -1
UV: 0.95925 0.163552

Position: 1.1643 0.769573 -2.5617
Normal: -0 0 -1
UV: 0.959228 0.237386

Position: 0.722378 1.0976 -2.5617
Normal: 7.50755e-008 0 -1
UV: 0.904439 0.163535

Position: 1.1643 1.0976 -2.5617
Normal: -7.09548e-008 0 -1
UV: 0.904419 0.237368

Position: 1.1643 0.769573 -2.16238
Normal: 1 0 0
UV: 0.823446 0.913083

Position: 1.1643 0.769573 -2.5617
Normal: 1 0 0
UV: 0.890163 0.913117

Position: 1.1643 0.554255 -2.5617
Normal: 1 0 0
UV: 0.890153 0.949096

Position: 1.1643 0.5491 2.6587
Normal: 0.000460162 -0.00121305 0.999999
UV: 0.865236 0.75755

Position: 0.722378 0.549275 2.65891
Normal: 0.000392933 -0.00169102 0.999999
UV: 0.791402 0.757544

Position: 1.1643 0.769573 2.65901
Normal: 0.000872503 -0.00174461 0.999998
UV: 0.865227 0.720705

Position: 0.722378 0.769573 2.65936
Normal: 0.000952191 -0.00241751 0.999997
UV: 0.791393 0.720732

Position: 1.1643 0.769573 2.65901
Normal: 1 1.45577e-007 0
UV: 0.0178843 0.913145

Position: 1.1643 0.5491 2.6587
Normal: 1 -6.6415e-010 0
UV: 0.0179463 0.949964

Position: 1.1643 0.363955 -2.5617
Normal: -0 -1 0
UV: 0.88241 0.359729

Position: 1.1643 0.363955 -2.16238
Normal: -0 -1 0
UV: 0.88241 0.391153

Position: 1.1643 1.3798 -1.11941
Normal: -0 1 0
UV: 0.601901 0.596558

Position: 1.1643 0.363955 -2.16238
Normal: 1 0 0
UV: 0.270637 0.370444

Position: 1.1643 0.555682 -2.16238
Normal: 1 0 0
UV: 0.270627 0.338406

Position: 1.1643 1.0976 -2.5617
Normal: 1 0 0
UV: 0.890182 0.858309

Position: 1.1643 1.3798 -2.5617
Normal: 1 0 0
UV: 0.8902 0.811161

Position: 1.1643 0.554255 -2.5617
Normal: -0 0 -1
UV: 0.0419461 0.37728

Position: 1.1643 0.769573 -2.5617
Normal: -0 0 -1
UV: 0.0419451 0.341304

Position: 1.1643 0.363955 -2.66183
Normal: -0 -1 0
UV: 0.88241 0.351848

Position: 1.1643 0.5491 2.6587
Normal: 0.000460162 -0.00121305 0.999999
UV: 0.367113 0.3708

Position: 1.1643 0.363955 2.6587
Normal: 0.000244659 -0.000584358 1
UV: 0.367095 0.339868

Position: 1.1643 1.0976 2.65948
Normal: 0.00109788 -0.00165221 0.999998
UV: 0.865209 0.665894

Position: 1.1643 0.363955 2.6587
Normal: -0 -1 0
UV: 0.88241 0.770562

Position: 0.00173873 0.549561 2.65927
Normal: 0.00081283 -0.00258621 0.999996
UV: 0.670708 0.757508

Position: 1.24967 0.544323 -1.93549
Normal: -0 0.707105 -0.707108
UV: 0.314237 0.225609

Position: 1.082 0.676698 -1.80312
Normal: -0 0.707105 -0.707108
UV: 0.28296 0.253623

Position: 1.082 0.544323 -1.93549
Normal: -0 0.707105 -0.707108
UV: 0.314237 0.253623

Position: 1.24967 0.676698 -1.80312
Normal: -0 0.707105 -0.707108
UV: 0.28296 0.225609

Position: 1.24967 0.363496 -1.98395
Normal: -0 0.258824 -0.965924
UV: 0.345514 0.225609

Position: 1.082 0.544323 -1.93549
Normal: -0 0.258824 -0.965924
UV: 0.314237 0.253623

Position: 1.082 0.363496 -1.98395
Normal: -0 0.258824 -0.965924
UV: 0.345514 0.253623

Position: 1.24967 0.544323 -1.93549
Normal: -0 0.258824 -0.965924
UV: 0.314237 0.225609

Position: 1.24967 0.182669 -1.93549
Normal: -0 -0.258824 -0.965924
UV: 0.37679 0.225609

Position: 1.082 0.363496 -1.98395
Normal: -0 -0.258824 -0.965924
UV: 0.345514 0.253623

Position: 1.082 0.182669 -1.93549
Normal: -0 -0.258824 -0.965924
UV: 0.37679 0.253623

Position: 1.24967 0.363496 -1.98395
Normal: -0 -0.258824 -0.965924
UV: 0.345514 0.225609

Position: 1.24967 0.0502942 -1.80312
Normal: -0 -0.707106 -0.707108
UV: 0.408067 0.225609

Position: 1.082 0.182669 -1.93549
Normal: -0 -0.707106 -0.707108
UV: 0.37679 0.253623

Position: 1.082 0.0502942 -1.80312
Normal: -0 -0.707106 -0.707108
UV: 0.408067 0.253623

Position: 1.24967 0.182669 -1.93549
Normal: -0 -0.707106 -0.707108
UV: 0.37679 0.225609

Position: 1.24967 0.00184151 -1.62229
Normal: -0 -0.965926 -0.258819
UV: 0.365332 0.261916

Position: 1.082 0.0502942 -1.80312
Normal: -0 -0.965926 -0.258819
UV: 0.39661 0.233903

Position: 1.082 0.00184151 -1.62229
Normal: -0 -0.965926 -0.258819
UV: 0.365332 0.233902

Position: 1.24967 0.0502942 -1.80312
Normal: -0 -0.965926 -0.258819
UV: 0.39661 0.261917

Position: 1.24967 0.0502942 -1.44147
Normal: -0 -0.965925 0.258823
UV: 0.334055 0.261916

Position: 1.082 0.00184151 -1.62229
Normal: -0 -0.965925 0.258823
UV: 0.365332 0.233902

Position: 1.082 0.0502942 -1.44147
Normal: -0 -0.965925 0.258823
UV: 0.334055 0.233902

Position: 1.24967 0.00184151 -1.62229
Normal: -0 -0.965925 0.258823
UV: 0.365332 0.261916

Position: 1.24967 0.182669 -1.30909
Normal: -0 -0.707113 0.7071
UV: 0.302777 0.261916

Position: 1.082 0.0502942 -1.44147
Normal: -0 -0.707113 0.7071
UV: 0.334055 0.233902

Position: 1.082 0.182669 -1.30909
Normal: -0 -0.707113 0.7071
UV: 0.302777 0.233902

Position: 1.24967 0.0502942 -1.44147
Normal: -0 -0.707113 0.7071
UV: 0.334055 0.261916

Position: 1.24967 0.363496 -1.26064
Normal: -0 -0.25881 0.965928
UV: 0.358616 0.254274

Position: 1.082 0.182669 -1.30909
Normal: -0 -0.25881 0.965928
UV: 0.389894 0.22626

Position: 1.082 0.363496 -1.26064
Normal: -0 -0.25881 0.965928
UV: 0.358616 0.22626

Position: 1.24967 0.182669 -1.30909
Normal: -0 -0.25881 0.965928
UV: 0.389894 0.254274

Position: 1.24967 0.544323 -1.30909
Normal: -0 0.25881 0.965928
UV: 0.32734 0.254274

Position: 1.082 0.363496 -1.26064
Normal: -0 0.25881 0.965928
UV: 0.358616 0.22626

Position: 1.082 0.544323 -1.30909
Normal: -0 0.25881 0.965928
UV: 0.32734 0.22626

Position: 1.24967 0.363496 -1.26064
Normal: -0 0.25881 0.965928
UV: 0.358616 0.254274

Position: 1.24967 0.544323 -1.30909
Normal: -0 0.707113 0.707101
UV: 0.32734 0.254274

Position: 1.082 0.544323 -1.30909
Normal: -0 0.707113 0.707101
UV: 0.32734 0.22626

Position: 1.24967 0.676698 -1.44147
Normal: -0 0.707113 0.707101
UV: 0.296062 0.254274

Position: 1.082 0.676698 -1.44147
Normal: -0 0.707113 0.707101
UV: 0.296062 0.22626

Position: 1.24967 0.676698 -1.44147
Normal: -0 0.965926 0.25882
UV: 0.322679 0.225136

Position: 1.082 0.676698 -1.44147
Normal: -0 0.965926 0.25882
UV: 0.322679 0.253151

Position: 1.24967 0.72515 -1.62229
Normal: -0 0.965926 0.25882
UV: 0.353957 0.225136

Position: 1.082 0.72515 -1.62229
Normal: -0 0.965926 0.25882
UV: 0.353957 0.253151

Position: 1.24967 0.72515 -1.62229
Normal: -0 0.965926 -0.258817
UV: 0.353957 0.225136

Position: 1.082 0.72515 -1.62229
Normal: -0 0.965926 -0.258817
UV: 0.353957 0.253151

Position: 1.24967 0.676698 -1.80312
Normal: -0 0.965926 -0.258817
UV: 0.385235 0.225136

Position: 1.082 0.676698 -1.80312
Normal: -0 0.965926 -0.258817
UV: 0.385235 0.253151

Position: 1.24967 0.676698 -1.80312
Normal: 1 2.27857e-007 0
UV: 0.494896 0.21636

Position: 1.24967 0.544323 -1.93549
Normal: 1 2.27857e-007 0
UV: 0.541747 0.203807

Position: 1.24967 0.363496 -1.62229
Normal: 1 -5.01478e-013 0
UV: 0.494896 0.122657

Position: 1.24967 0.363496 -1.98395
Normal: 1 0 0
UV: 0.576046 0.169508

Position: 1.24967 0.182669 -1.93549
Normal: 1 0 0
UV: 0.588599 0.122654

Position: 1.24967 0.0502942 -1.80312
Normal: 1 0 0
UV: 0.576046 0.0758036

Position: 1.24967 0.00184151 -1.62229
Normal: 1 0 0
UV: 0.541749 0.0415074

Position: 1.24967 0.0502942 -1.44147
Normal: 1 -2.27858e-007 0
UV: 0.494896 0.0289512

Position: 1.24967 0.182669 -1.30909
Normal: 1 -2.27857e-007 0
UV: 0.448044 0.0415043

Position: 1.24967 0.363496 -1.26064
Normal: 1 0 0
UV: 0.413744 0.075802

Position: 1.24967 0.544323 -1.30909
Normal: 1 0 0
UV: 0.40119 0.122654

Position: 1.24967 0.676698 -1.44147
Normal: 1 0 0
UV: 0.413744 0.169508

Position: 1.24967 0.72515 -1.62229
Normal: 1 0 0
UV: 0.448044 0.203806

Position: 1.24967 0.676698 1.55335
Normal: -0 0.707113 -0.707101
UV: 0.28296 0.225609

Position: 1.082 0.676698 1.55335
Normal: -0 0.707113 -0.707101
UV: 0.28296 0.253623

Position: 1.24967 0.544323 1.42097
Normal: -0 0.707113 -0.707101
UV: 0.314237 0.225609

Position: 1.082 0.544323 1.42097
Normal: -0 0.707113 -0.707101
UV: 0.314237 0.253623

Position: 1.24967 0.363496 1.37252
Normal: -0 0.258811 -0.965928
UV: 0.345514 0.225609

Position: 1.082 0.544323 1.42097
Normal: -0 0.258811 -0.965928
UV: 0.314237 0.253623

Position: 1.082 0.363496 1.37252
Normal: -0 0.258811 -0.965928
UV: 0.345514 0.253623

Position: 1.24967 0.544323 1.42097
Normal: -0 0.258811 -0.965928
UV: 0.314237 0.225609

Position: 1.24967 0.182669 1.42097
Normal: -0 -0.258811 -0.965928
UV: 0.37679 0.225609

Position: 1.082 0.363496 1.37252
Normal: -0 -0.258811 -0.965928
UV: 0.345514 0.253623

Position: 1.082 0.182669 1.42097
Normal: -0 -0.258811 -0.965928
UV: 0.37679 0.253623

Position: 1.24967 0.363496 1.37252
Normal: -0 -0.258811 -0.965928
UV: 0.345514 0.225609

Position: 1.24967 0.0502942 1.55335
Normal: -0 -0.707113 -0.7071
UV: 0.408067 0.225609

Position: 1.082 0.182669 1.42097
Normal: -0 -0.707113 -0.7071
UV: 0.37679 0.253623

Position: 1.082 0.0502942 1.55335
Normal: -0 -0.707113 -0.7071
UV: 0.408067 0.253623

Position: 1.24967 0.182669 1.42097
Normal: -0 -0.707113 -0.7071
UV: 0.37679 0.225609

Position: 1.24967 0.00184151 1.73417
Normal: -0 -0.965925 -0.258823
UV: 0.365332 0.261916

Position: 1.082 0.0502942 1.55335
Normal: -0 -0.965925 -0.258823
UV: 0.39661 0.233903

Position: 1.082 0.00184151 1.73417
Normal: -0 -0.965925 -0.258823
UV: 0.365332 0.233902

Position: 1.24967 0.0502942 1.55335
Normal: -0 -0.965925 -0.258823
UV: 0.39661 0.261917

Position: 1.24967 0.0502942 1.915
Normal: -0 -0.965927 0.258816
UV: 0.334055 0.261916

Position: 1.082 0.00184151 1.73417
Normal: -0 -0.965927 0.258816
UV: 0.365332 0.233902

Position: 1.082 0.0502942 1.915
Normal: -0 -0.965927 0.258816
UV: 0.334055 0.233902

Position: 1.24967 0.00184151 1.73417
Normal: -0 -0.965927 0.258816
UV: 0.365332 0.261916

Position: 1.24967 0.182669 2.04738
Normal: -0 -0.707106 0.707108
UV: 0.302777 0.261916

Position: 1.082 0.0502942 1.915
Normal: -0 -0.707106 0.707108
UV: 0.334055 0.233902

Position: 1.082 0.182669 2.04738
Normal: -0 -0.707106 0.707108
UV: 0.302777 0.233902

Position: 1.24967 0.0502942 1.915
Normal: -0 -0.707106 0.707108
UV: 0.334055 0.261916

Position: 1.24967 0.363496 2.09583
Normal: -0 -0.258811 0.965928
UV: 0.358616 0.254274

Position: 1.082 0.182669 2.04738
Normal: -0 -0.258811 0.965928
UV: 0.389894 0.22626

Position: 1.082 0.363496 2.09583
Normal: -0 -0.258811 0.965928
UV: 0.358616 0.22626

Position: 1.24967 0.182669 2.04738
Normal: -0 -0.258811 0.965928
UV: 0.389894 0.254274

Position: 1.24967 0.544323 2.04738
Normal: -0 0.258811 0.965928
UV: 0.32734 0.254274

Position: 1.082 0.363496 2.09583
Normal: -0 0.258811 0.965928
UV: 0.358616 0.22626

Position: 1.082 0.544323 2.04738
Normal: -0 0.258811 0.965928
UV: 0.32734 0.22626

Position: 1.24967 0.363496 2.09583
Normal: -0 0.258811 0.965928
UV: 0.358616 0.254274

Position: 1.24967 0.676698 1.915
Normal: -0 0.707105 0.707108
UV: 0.296062 0.254274

Position: 1.082 0.544323 2.04738
Normal: -0 0.707105 0.707108
UV: 0.32734 0.22626

Position: 1.082 0.676698 1.915
Normal: -0 0.707105 0.707108
UV: 0.296062 0.22626

Position: 1.24967 0.544323 2.04738
Normal: -0 0.707105 0.707108
UV: 0.32734 0.254274

Position: 1.24967 0.676698 1.915
Normal: -0 0.965928 0.258813
UV: 0.322679 0.225136

Position: 1.082 0.676698 1.915
Normal: -0 0.965928 0.258813
UV: 0.322679 0.253151

Position: 1.24967 0.72515 1.73417
Normal: -0 0.965928 0.258813
UV: 0.353957 0.225136

Position: 1.082 0.72515 1.73417
Normal: -0 0.965928 0.258813
UV: 0.353957 0.253151

Position: 1.24967 0.72515 1.73417
Normal: -0 0.965925 -0.25882
UV: 0.353957 0.225136

Position: 1.082 0.72515 1.73417
Normal: -0 0.965925 -0.25882
UV: 0.353957 0.253151

Position: 1.24967 0.676698 1.55335
Normal: -0 0.965925 -0.25882
UV: 0.385235 0.225136

Position: 1.082 0.676698 1.55335
Normal: -0 0.965925 -0.25882
UV: 0.385235 0.253151

Position: 1.24967 0.676698 1.55335
Normal: 1 2.27858e-007 0
UV: 0.494896 0.21636

Position: 1.24967 0.544323 1.42097
Normal: 1 2.27857e-007 0
UV: 0.541747 0.203807

Position: 1.24967 0.363496 1.73417
Normal: 1 6.65753e-013 0
UV: 0.494896 0.122657

Position: 1.24967 0.363496 1.37252
Normal: 1 0 0
UV: 0.576046 0.169508

Position: 1.24967 0.182669 1.42097
Normal: 1 0 0
UV: 0.588599 0.122654

Position: 1.24967 0.0502942 1.55335
Normal: 1 0 0
UV: 0.576046 0.0758036

Position: 1.24967 0.00184151 1.73417
Normal: 1 0 0
UV: 0.541749 0.0415074

Position: 1.24967 0.0502942 1.915
Normal: 1 -2.27856e-007 0
UV: 0.494896 0.0289512

Position: 1.24967 0.182669 2.04738
Normal: 1 -2.27857e-007 0
UV: 0.448044 0.0415043

Position: 1.24967 0.363496 2.09583
Normal: 1 0 0
UV: 0.413744 0.075802

Position: 1.24967 0.544323 2.04738
Normal: 1 0 0
UV: 0.40119 0.122654

Position: 1.24967 0.676698 1.915
Normal: 1 0 0
UV: 0.413744 0.169508

Position: 1.24967 0.72515 1.73417
Normal: 1 0 0
UV: 0.448044 0.203806


[INDEX_DATA]
0 2 1
1 3 0
4 6 5
5 7 4
8 10 9
10 11 9
12 14 13
13 15 12
16 18 17
17 19 16
20 22 21
23 21 22
24 26 25
24 27 26
28 30 29
29 30 31
32 34 33
33 35 32
36 38 37
37 38 39
40 42 41
41 43 40
44 46 45
47 49 48
50 48 49
51 53 52
51 54 53
48 50 54
54 51 48
55 57 56
56 58 55
59 61 60
62 60 61
63 65 64
65 66 64
55 68 67
69 71 70
72 74 73
75 73 74
76 78 77
79 77 78
80 82 81
81 83 80
84 86 85
86 87 85
44 89 88
90 91 36
36 92 90
93 95 94
94 96 93
97 99 98
98 100 97
101 103 102
62 105 104
106 104 105
104 106 107
108 110 109
109 111 108
106 61 112
112 61 44
61 59 44
58 56 60
62 104 58
58 60 62
113 107 112
107 106 112
44 59 57
57 55 44
114 115 92
116 118 117
116 119 118
119 121 120
119 116 121
122 120 121
121 123 122
124 126 125
125 127 124
128 130 129
131 133 132
132 134 131
44 135 112
136 138 137
137 139 136
140 142 141
141 143 140
46 145 144
144 146 46
147 149 148
148 150 147
44 88 135
151 135 88
88 152 151
38 154 153
153 81 38
155 156 40
156 42 40
157 158 75
75 74 157
67 68 159
68 160 159
145 55 67
44 55 145
145 46 44
161 25 26
26 162 161
154 36 91
36 154 38
70 71 163
164 163 71
77 79 165
166 165 79
83 81 167
153 167 81
92 36 37
37 114 92
96 94 168
168 169 96
103 170 102
92 115 171
171 90 92
130 172 129
102 149 173
173 101 102
69 70 129
129 172 69
147 173 149
38 81 82
82 39 38
174 176 175
174 177 176
178 180 179
178 181 180
182 184 183
182 185 184
186 188 187
186 189 188
190 192 191
190 193 192
194 196 195
194 197 196
198 200 199
198 201 200
202 204 203
202 205 204
206 208 207
206 209 208
210 212 211
211 213 210
214 216 215
216 217 215
218 220 219
219 221 218
222 224 223
224 225 223
225 226 223
226 227 223
227 228 223
228 229 223
229 230 223
230 231 223
231 232 223
232 233 223
233 234 223
234 222 223
235 237 236
236 238 235
239 241 240
239 242 241
243 245 244
243 246 245
247 249 248
247 250 249
251 253 252
251 254 253
255 257 256
255 258 257
259 261 260
259 262 261
263 265 264
263 266 265
267 269 268
267 270 269
271 273 272
271 274 273
275 277 276
276 278 275
279 281 280
281 282 280
283 285 284
285 286 284
286 287 284
287 288 284
288 289 284
289 290 284
290 291 284
291 292 284
292 293 284
293 294 284
294 295 284
295 283 284
296 298 297
297 299 296
300 302 301
300 303 302
304 306 305
304 307 306
308 310 309
308 311 310
312 314 313
313 315 312
316 318 317
316 319 318
320 322 321
323 321 322
324 326 325
326 327 325
32 329 328
32 35 329
330 37 331
37 39 331
332 41 42
332 333 41
334 336 335
49 338 337
49 47 338
339 340 53
52 53 340
339 337 338
338 340 339
341 343 342
342 344 341
345 347 346
346 348 345
349 351 350
350 352 349
342 354 353
69 356 355
357 359 358
357 360 359
361 363 362
361 364 363
365 82 80
80 366 365
86 368 367
367 87 86
334 370 369
371 372 330
330 373 371
374 376 375
375 377 374
378 100 98
98 379 378
380 382 381
347 384 383
385 383 384
386 385 384
387 389 388
388 390 387
385 391 346
334 346 391
334 348 346
344 345 341
344 384 347
347 345 344
392 391 386
386 391 385
334 342 343
343 348 334
114 372 393
394 396 395
117 395 396
397 398 394
398 396 394
122 123 398
398 397 122
399 401 400
399 402 401
403 405 404
406 408 407
407 409 406
334 391 410
411 413 412
412 414 411
415 417 416
416 417 418
419 335 420
335 421 420
422 424 423
425 423 424
334 410 370
426 427 370
370 410 426
331 365 428
428 429 331
430 332 156
156 332 42
431 357 358
358 432 431
354 433 353
353 433 434
419 354 342
334 335 419
419 342 334
161 321 323
161 162 321
429 373 330
330 331 429
355 436 435
355 356 436
165 166 362
362 363 165
365 437 428
365 366 437
372 114 37
37 330 372
438 374 377
377 439 438
381 382 440
441 393 372
372 371 441
404 405 172
382 380 442
442 425 382
69 405 356
69 172 405
423 425 442
331 39 82
82 365 331
443 445 444
444 446 443
447 449 448
448 450 447
451 453 452
452 454 451
455 457 456
456 458 455
459 461 460
460 462 459
463 465 464
464 466 463
467 469 468
468 470 467
471 473 472
472 474 471
475 477 476
476 478 475
479 481 480
480 481 482
483 485 484
484 485 486
487 489 488
488 489 490
491 493 492
492 493 494
494 493 495
495 493 496
496 493 497
497 493 498
498 493 499
499 493 500
500 493 501
501 493 502
502 493 503
503 493 491
504 506 505
505 506 507
508 510 509
509 511 508
512 514 513
513 515 512
516 518 517
517 519 516
520 522 521
521 523 520
524 526 525
525 527 524
528 530 529
529 531 528
532 534 533
533 535 532
536 538 537
537 539 536
540 542 541
541 543 540
544 546 545
545 546 547
548 550 549
549 550 551
552 554 553
553 554 555
555 554 556
556 554 557
557 554 558
558 554 559
559 554 560
560 554 561
561 554 562
562 554 563
563 554 564
564 554 552

