[FBX_META_DATA]
MeshCount: 5

[MESH_DATA]
VertexCount: 522
IndexCount: 1104
BoneCount: 0
AnimationClips: 1

[VERTEX_DATA]
Position: -1.16845 0.457611 1.73758
Normal: -0 0.707107 0.707107
UV: 0.448477 0.183537

Position: 1.16845 0.457611 1.73758
Normal: -0 0.707107 0.707107
UV: 0.449752 0.183537

Position: 1.16845 0.356283 1.83891
Normal: -0 0.707107 0.707107
UV: 0.449752 0.182262

Position: -1.16845 0.356283 1.83891
Normal: -0 0.707107 0.707107
UV: 0.448477 0.182262

Position: -1.16845 0.356283 1.63625
Normal: -0 0.707107 -0.707107
UV: 0.448477 0.184812

Position: 1.16845 0.356283 1.63625
Normal: -0 0.707107 -0.707107
UV: 0.449752 0.184812

Position: 1.16845 0.457611 1.73758
Normal: -0 0.707107 -0.707107
UV: 0.449752 0.183537

Position: -1.16845 0.457611 1.73758
Normal: -0 0.707107 -0.707107
UV: 0.448477 0.183537

Position: -1.16845 0.254954 1.73758
Normal: -0 -0.707107 -0.707107
UV: 0.448477 0.186087

Position: 1.16845 0.254954 1.73758
Normal: -0 -0.707107 -0.707107
UV: 0.449752 0.186087

Position: 1.16845 0.356283 1.63625
Normal: -0 -0.707107 -0.707107
UV: 0.449752 0.184812

Position: -1.16845 0.356283 1.63625
Normal: -0 -0.707107 -0.707107
UV: 0.448477 0.184812

Position: -1.16845 0.356283 1.83891
Normal: -0 -0.707107 0.707107
UV: 0.448477 0.187362

Position: 1.16845 0.356283 1.83891
Normal: -0 -0.707107 0.707107
UV: 0.449752 0.187362

Position: 1.16845 0.254954 1.73758
Normal: -0 -0.707107 0.707107
UV: 0.449752 0.186087

Position: -1.16845 0.254954 1.73758
Normal: -0 -0.707107 0.707107
UV: 0.448477 0.186087

Position: -1.16845 0.457611 -1.62535
Normal: -0 0.707107 0.707107
UV: 0.448477 0.183537

Position: 1.16845 0.457611 -1.62535
Normal: -0 0.707107 0.707107
UV: 0.449752 0.183537

Position: 1.16845 0.356283 -1.52402
Normal: -0 0.707107 0.707107
UV: 0.449752 0.182262

Position: -1.16845 0.356283 -1.52402
Normal: -0 0.707107 0.707107
UV: 0.448477 0.182262

Position: -1.16845 0.356283 -1.72668
Normal: -0 0.707107 -0.707107
UV: 0.448477 0.184812

Position: 1.16845 0.356283 -1.72668
Normal: -0 0.707107 -0.707107
UV: 0.449752 0.184812

Position: 1.16845 0.457611 -1.62535
Normal: -0 0.707107 -0.707107
UV: 0.449752 0.183537

Position: -1.16845 0.457611 -1.62535
Normal: -0 0.707107 -0.707107
UV: 0.448477 0.183537

Position: -1.16845 0.254954 -1.62535
Normal: -0 -0.707107 -0.707107
UV: 0.448477 0.186087

Position: 1.16845 0.254954 -1.62535
Normal: -0 -0.707107 -0.707107
UV: 0.449752 0.186087

Position: 1.16845 0.356283 -1.72668
Normal: -0 -0.707107 -0.707107
UV: 0.449752 0.184812

Position: -1.16845 0.356283 -1.72668
Normal: -0 -0.707107 -0.707107
UV: 0.448477 0.184812

Position: -1.16845 0.356283 -1.52402
Normal: -0 -0.707107 0.707107
UV: 0.448477 0.187362

Position: 1.16845 0.356283 -1.52402
Normal: -0 -0.707107 0.707107
UV: 0.449752 0.187362

Position: 1.16845 0.254954 -1.62535
Normal: -0 -0.707107 0.707107
UV: 0.449752 0.186087

Position: -1.16845 0.254954 -1.62535
Normal: -0 -0.707107 0.707107
UV: 0.448477 0.186087

Position: 1.19744 1.55432 -0.971153
Normal: -0 0.938583 -0.345053
UV: 0.736051 0.308724

Position: 1.52156 1.50878 -1.09502
Normal: -0 0.938583 -0.345053
UV: 0.685353 0.288081

Position: 1.5797 1.55432 -0.971153
Normal: -0 0.938583 -0.345053
UV: 0.676259 0.308724

Position: 1.25558 1.50878 -1.09502
Normal: -0 0.938583 -0.345053
UV: 0.726956 0.288081

Position: 1.25558 1.30044 -1.09502
Normal: -0 0 -1
UV: 0.229778 0.738259

Position: 1.52156 1.30044 -1.09502
Normal: -0 0 -1
UV: 0.263821 0.738259

Position: 1.52156 1.50878 -1.09502
Normal: -0 0 -1
UV: 0.263821 0.711594

Position: 1.25558 1.50878 -1.09502
Normal: -0 0 -1
UV: 0.229778 0.711594

Position: 1.19744 1.25491 -0.971153
Normal: -0 -0.938584 -0.345051
UV: 0.660386 0.0370995

Position: 1.5797 1.25491 -0.971153
Normal: -0 -0.938584 -0.345051
UV: 0.696893 0.0370995

Position: 1.52156 1.30044 -1.09502
Normal: -0 -0.938584 -0.345051
UV: 0.69134 0.024496

Position: 1.25558 1.30044 -1.09502
Normal: -0 -0.938584 -0.345051
UV: 0.665938 0.024496

Position: 1.19744 1.55432 -0.971153
Normal: -0 0 1
UV: 0.549489 0.340527

Position: 1.5797 1.55432 -0.971153
Normal: -0 0 1
UV: 0.512522 0.340527

Position: 1.5797 1.25491 -0.971153
Normal: -0 0 1
UV: 0.512522 0.369482

Position: 1.19744 1.25491 -0.971153
Normal: -0 0 1
UV: 0.549489 0.369482

Position: 1.19744 1.25491 -0.971153
Normal: -0.905248 0 -0.424883
UV: 0.215954 0.744336

Position: 1.25558 1.50878 -1.09502
Normal: -0.905248 0 -0.424883
UV: 0.183461 0.726822

Position: 1.19744 1.55432 -0.971153
Normal: -0.905248 0 -0.424883
UV: 0.177632 0.744336

Position: 1.25558 1.30044 -1.09502
Normal: -0.905248 0 -0.424883
UV: 0.210125 0.726822

Position: 1.5797 1.25491 -0.971153
Normal: 0.905247 0 -0.424886
UV: 0.203664 0.736474

Position: 1.5797 1.55432 -0.971153
Normal: 0.905247 0 -0.424886
UV: 0.241986 0.736474

Position: 1.52156 1.50878 -1.09502
Normal: 0.905247 0 -0.424886
UV: 0.236158 0.71896

Position: 1.52156 1.30044 -1.09502
Normal: 0.905247 0 -0.424886
UV: 0.209493 0.718961

Position: 1.1643 0.554255 -2.66183
Normal: -0 0 -1
UV: 0.354073 0.338627

Position: 0.722378 0.554255 -2.66183
Normal: -0 0 -1
UV: 0.427908 0.338627

Position: 1.1643 0.363955 -2.66183
Normal: -0 0 -1
UV: 0.354077 0.370422

Position: 0.722378 0.363955 -2.66183
Normal: -0 0 -1
UV: 0.427908 0.370422

Position: 1.1643 2.3693 0.175271
Normal: 1 0 0
UV: 0.0439042 0.0390904

Position: 1.1643 2.3693 -0.88724
Normal: 1 0 0
UV: 0.221426 0.0390904

Position: 1.1643 1.4609 0.167261
Normal: 1 1.97531e-007 8.77853e-008
UV: 0.0452426 0.190862

Position: 1.1643 1.4609 -0.967024
Normal: 1 0 0
UV: 0.234757 0.190862

Position: 0.942738 0.363955 -2.03738
Normal: 1 -2.91371e-007 0
UV: 0.647271 0.0373102

Position: 0.942738 0.363955 -1.20818
Normal: 1 1.16422e-006 3.35984e-007
UV: 0.647271 0.0280333

Position: 0.942738 0.571147 -2.03663
Normal: 1 1.05259e-006 2.50872e-007
UV: 0.653765 0.0373018

Position: 0.942738 0.747452 -1.87306
Normal: 1 2.06733e-006 3.22694e-007
UV: 0.660198 0.0355583

Position: 0.942738 0.828878 -1.61506
Normal: 1 6.9398e-007 -1.62485e-007
UV: 0.664029 0.0325456

Position: 0.942738 0.746456 -1.36939
Normal: 1 1.49356e-006 6.06181e-007
UV: 0.660812 0.0291413

Position: 0.942738 0.571997 -1.20626
Normal: 1 1.73905e-006 2.42714e-006
UV: 0.655222 0.0280117

Position: 1.1643 2.5199 -1.01221
Normal: 0.00803023 0.105465 -0.994391
UV: 0.609543 0.0706346

Position: 1.05283 1.4827 -1.11233
Normal: 0.00136965 0.0907605 -0.995872
UV: 0.628174 0.244732

Position: 1.1643 1.3798 -1.11941
Normal: 0.0072105 0.077775 -0.996945
UV: 0.609548 0.261962

Position: 1.05283 2.42498 -1.02303
Normal: 0.00135989 0.0968022 -0.995303
UV: 0.628169 0.0865961

Position: 1.1643 2.3693 -0.88724
Normal: 1 0 0
UV: 0.610113 0.645757

Position: 1.1643 1.3798 -1.11941
Normal: 1 -8.64335e-008 3.78907e-009
UV: 0.649215 0.811057

Position: 1.1643 1.4609 -0.967024
Normal: 1 0 0
UV: 0.623729 0.797523

Position: 1.1643 2.5199 -1.01221
Normal: 1 0 0
UV: 0.630968 0.620556

Position: 1.1643 2.3693 0.175271
Normal: 1 0 0
UV: 0.432581 0.645769

Position: 1.1643 1.4609 0.361233
Normal: 1 1.1576e-007 7.49178e-008
UV: 0.401769 0.797576

Position: 1.1643 2.3693 0.353912
Normal: 1 -8.14063e-008 0
UV: 0.402735 0.645799

Position: 1.1643 1.4609 0.167261
Normal: 1 1.97531e-007 8.77853e-008
UV: 0.434193 0.797538

Position: 1.1643 2.38214 2.16911
Normal: 1 4.87033e-008 0
UV: 0.0675491 0.0380538

Position: 1.1643 1.4609 0.361233
Normal: 1 1.1576e-007 7.49178e-008
UV: 0.370733 0.18973

Position: 1.1643 1.46102 2.45972
Normal: 1 -7.19466e-008 0
UV: 0.0201353 0.192307

Position: 1.1643 2.3693 0.353912
Normal: 1 -8.14063e-008 0
UV: 0.370835 0.0379533

Position: 1.1643 1.3798 -2.16238
Normal: 1 0 0
UV: 0.823483 0.811131

Position: 1.1643 1.0976 -2.16238
Normal: 1 0 0
UV: 0.823463 0.85828

Position: -0 0.554255 -2.5617
Normal: 1.37261e-007 0 -1
UV: 0.236473 0.377272

Position: 0.722378 0.554255 -2.5617
Normal: -0 0 -1
UV: 0.115781 0.37728

Position: 0.722378 0.769573 -2.5617
Normal: 8.85736e-008 0 -1
UV: 0.115779 0.341303

Position: 1.1643 0.363955 -2.5617
Normal: 1 0 0
UV: 0.33735 0.370426

Position: 1.1643 0.554255 -2.5617
Normal: 1 0 0
UV: 0.337341 0.33863

Position: 1.1643 0.554255 -2.66183
Normal: 1 0 0
UV: 0.354073 0.338627

Position: 1.1643 0.363955 -2.66183
Normal: 1 0 0
UV: 0.354077 0.370422

Position: 0.722378 0.554255 -2.66183
Normal: -0 1 0
UV: 0.383724 0.344323

Position: 1.1643 0.554255 -2.5617
Normal: -0 1 0
UV: 0.457559 0.361053

Position: 0.722378 0.554255 -2.5617
Normal: -0 1 0
UV: 0.383724 0.361053

Position: 1.1643 0.554255 -2.66183
Normal: -0 1 0
UV: 0.457559 0.344323

Position: 0.722378 0.363955 -2.5617
Normal: -0 -1 0
UV: 0.917188 0.359729

Position: -0 0.363955 -2.66183
Normal: -0 -1 0
UV: 0.974038 0.351848

Position: -0 0.363955 -2.5617
Normal: -0 -1 0
UV: 0.974038 0.359729

Position: 0.722378 0.363955 -2.66183
Normal: -0 -1 0
UV: 0.917188 0.351849

Position: 0.942738 0.363955 2.15999
Normal: 1 -8.87682e-008 0
UV: 0.628746 0.0279551

Position: 0.942738 0.490962 1.32712
Normal: 1 5.2789e-008 0
UV: 0.633619 0.0372732

Position: 0.942738 0.363955 1.32381
Normal: 1 -8.87682e-008 0
UV: 0.628746 0.0373102

Position: 0.942738 0.571152 2.15415
Normal: 1 2.8115e-008 0
UV: 0.635257 0.0280205

Position: 0.722378 0.549275 2.65891
Normal: 0.00039386 -0.00169418 0.999998
UV: 0.440946 0.370782

Position: -0 0.363955 2.6587
Normal: 0.000246249 -0.00212755 0.999998
UV: 0.561628 0.339781

Position: -0 0.549561 2.65927
Normal: 0.000811943 -0.00258815 0.999996
UV: 0.56164 0.370784

Position: 0.722378 0.363955 2.6587
Normal: 0.000245646 -0.00154227 0.999999
UV: 0.440933 0.339818

Position: -0 1.38108 2.66183
Normal: 0.00111619 -0.00271329 0.999996
UV: 0.670671 0.618592

Position: 1.1643 1.3798 2.65989
Normal: 0.00150624 -0.00180815 0.999997
UV: 0.865192 0.618745

Position: 0.722378 1.0976 2.66004
Normal: 0.00120654 -0.00241015 0.999996
UV: 0.791376 0.665922

Position: 1.1643 2.38214 2.16911
Normal: 1 4.87033e-008 0
UV: 0.0994677 0.643723

Position: 1.1643 2.5199 2.2684
Normal: 1 8.25786e-007 0
UV: 0.0828587 0.620736

Position: 1.1643 1.46102 2.45972
Normal: 1 -7.19466e-008 0
UV: 0.0511417 0.797657

Position: 1.1643 1.3798 2.65989
Normal: 1 1.31959e-007 0
UV: 0.0177049 0.811265

Position: 1.1643 0.5491 2.6587
Normal: 1 -6.6415e-010 0
UV: 0.367113 0.3708

Position: 1.1643 0.363955 2.47818
Normal: 1 -2.55705e-007 0
UV: 0.336942 0.3399

Position: 1.1643 0.363955 2.6587
Normal: 1 -4.45048e-007 0
UV: 0.367095 0.339868

Position: 1.1643 0.549696 2.4781
Normal: 1 8.5219e-008 0
UV: 0.336939 0.370918

Position: 1.1643 1.0976 2.46705
Normal: 1 -7.21494e-008 -1.34157e-007
UV: 0.0499485 0.858356

Position: 1.16429 0.82981 1.73941
Normal: 1 -5.21176e-007 -2.12279e-007
UV: 0.166266 0.901914

Position: 1.1643 1.0976 2.65948
Normal: 1 3.81612e-008 0
UV: 0.0177978 0.85837

Position: 1.1643 0.363955 -1.11586
Normal: 1 2.06148e-007 -1.5386e-007
UV: 0.649183 0.980806

Position: -0 0.363955 2.6587
Normal: -0 -1 0
UV: 0.974038 0.770562

Position: 0.722378 0.363955 2.6587
Normal: -0 -1 0
UV: 0.917188 0.770562

Position: 0.722378 0.363955 2.5467
Normal: -0 -1 0
UV: 0.917188 0.761747

Position: 1.1643 2.5199 2.2684
Normal: 0.000492819 0.325766 0.94545
UV: 0.852117 0.154746

Position: 1.1643 1.3798 2.65989
Normal: 0.00171719 0.324881 0.945753
UV: 0.852069 0.35614

Position: 1.03412 2.39243 2.31239
Normal: 0.000129355 0.325013 0.94571
UV: 0.830368 0.177276

Position: 1.03412 1.50727 2.61633
Normal: 0.000241663 0.324853 0.945764
UV: 0.830303 0.333649

Position: 1.1643 0.769573 -2.16238
Normal: 1 -2.55576e-007 2.53727e-007
UV: 0.959194 0.304103

Position: 1.1643 1.0976 -2.16238
Normal: 1 0 0
UV: 0.90439 0.304086

Position: 1.1643 1.0976 -2.5617
Normal: 1 0 0
UV: 0.904419 0.237368

Position: 1.1643 0.769573 -2.5617
Normal: 1 0 0
UV: 0.959228 0.237386

Position: 1.1643 1.0976 -2.5617
Normal: -7.09548e-008 0 -1
UV: 0.0419451 0.286494

Position: 1.1643 1.3798 -2.5617
Normal: -9.46106e-008 0 -1
UV: 0.0419451 0.239339

Position: 0.722378 1.0976 -2.5617
Normal: 7.4922e-008 0 -1
UV: 0.115779 0.286492

Position: 0.722378 1.0976 2.66004
Normal: 0.00120654 -0.00241015 0.999996
UV: 0.968901 0.169602

Position: 1.1643 0.769573 2.65901
Normal: 0.000874224 -0.00174678 0.999998
UV: 0.91422 0.277182

Position: 0.722378 0.769573 2.65936
Normal: 0.000951631 -0.0024183 0.999997
UV: 0.914091 0.169727

Position: 1.1643 1.0976 2.65948
Normal: 0.00110162 -0.00165475 0.999998
UV: 0.969013 0.277056

Position: 1.1643 0.74311 2.00131
Normal: 1 4.08577e-007 -4.98272e-007
UV: 0.123495 0.921547

Position: 1.1643 0.769573 2.47367
Normal: 1 3.21064e-007 -2.64838e-007
UV: 0.0488526 0.913132

Position: 1.1643 1.0976 2.65948
Normal: 1 3.81612e-008 0
UV: 0.908127 0.11088

Position: 1.1643 0.769573 2.47367
Normal: 1 3.21064e-007 -2.64838e-007
UV: 0.962899 0.0656844

Position: 1.1643 0.769573 2.65901
Normal: 1 1.45577e-007 0
UV: 0.96292 0.110754

Position: 1.1643 1.0976 2.46705
Normal: 1 -7.21494e-008 -1.34157e-007
UV: 0.908122 0.0640898

Position: 0.722378 0.769573 -2.5617
Normal: 8.85736e-008 0 -1
UV: 0.95925 0.163552

Position: 1.1643 0.769573 -2.5617
Normal: -0 0 -1
UV: 0.959228 0.237386

Position: 0.722378 1.0976 -2.5617
Normal: 7.4922e-008 0 -1
UV: 0.904439 0.163535

Position: 1.1643 1.0976 -2.5617
Normal: -7.09548e-008 0 -1
UV: 0.904419 0.237368

Position: 1.1643 0.769573 -2.16238
Normal: 1 -2.55576e-007 2.53727e-007
UV: 0.823446 0.913083

Position: 1.1643 0.769573 -2.5617
Normal: 1 0 0
UV: 0.890163 0.913117

Position: 1.1643 0.555682 -2.16238
Normal: 1 1.19479e-007 1.92297e-007
UV: 0.82344 0.948821

Position: 1.1643 0.554255 -2.5617
Normal: 1 0 0
UV: 0.890153 0.949096

Position: 1.1643 0.5491 2.6587
Normal: 0.000460161 -0.00121305 0.999999
UV: 0.865236 0.75755

Position: 0.722378 0.549275 2.65891
Normal: 0.00039386 -0.00169418 0.999998
UV: 0.791402 0.757544

Position: 1.1643 0.769573 2.65901
Normal: 0.000874224 -0.00174678 0.999998
UV: 0.865227 0.720705

Position: 0.722378 0.769573 2.65936
Normal: 0.000951631 -0.0024183 0.999997
UV: 0.791393 0.720732

Position: 0.942738 0.74311 2.00131
Normal: 1 6.39318e-007 -1.33077e-007
UV: 0.642373 0.0295938

Position: 0.942738 0.572079 1.33106
Normal: 1 6.83409e-007 -1.49289e-007
UV: 0.639417 0.0372291

Position: 1.1643 0.769573 2.65901
Normal: 1 1.45577e-007 0
UV: 0.0178843 0.913145

Position: 1.1643 0.549696 2.4781
Normal: 1 8.5219e-008 0
UV: 0.0481198 0.949843

Position: 1.1643 0.5491 2.6587
Normal: 1 -6.6415e-010 0
UV: 0.0179463 0.949964

Position: 0.722378 0.363955 -2.16238
Normal: -0 -1 0
UV: 0.917188 0.391153

Position: 1.1643 0.363955 -2.5617
Normal: -0 -1 0
UV: 0.88241 0.359729

Position: 1.1643 0.363955 -2.16238
Normal: -0 -1 0
UV: 0.88241 0.391153

Position: 1.1643 0.363955 -2.16238
Normal: 1 -3.44836e-009 0
UV: 0.270637 0.370444

Position: 1.1643 0.555682 -2.16238
Normal: 1 1.19479e-007 1.92297e-007
UV: 0.270627 0.338406

Position: 1.1643 1.0976 -2.5617
Normal: 1 0 0
UV: 0.890182 0.858309

Position: 1.1643 1.3798 -2.5617
Normal: 1 0 0
UV: 0.8902 0.811161

Position: -0 0.363955 -2.66183
Normal: -0 0 -1
UV: 0.548601 0.370422

Position: -0 0.554255 -2.66183
Normal: -0 0 -1
UV: 0.548601 0.338627

Position: 1.1643 0.554255 -2.5617
Normal: -0 0 -1
UV: 0.0419461 0.37728

Position: 1.1643 0.769573 -2.5617
Normal: -0 0 -1
UV: 0.0419451 0.341304

Position: -0 0.554255 -2.5617
Normal: -0 1 0
UV: 0.263031 0.361053

Position: -0 0.554255 -2.66183
Normal: -0 1 0
UV: 0.263031 0.344323

Position: 1.1643 0.363955 -2.66183
Normal: -0 -1 0
UV: 0.88241 0.351848

Position: 1.1643 0.5491 2.6587
Normal: 0.000460161 -0.00121305 0.999999
UV: 0.367113 0.3708

Position: 1.1643 0.363955 2.6587
Normal: 0.000244659 -0.000584358 1
UV: 0.367095 0.339868

Position: 1.1643 1.0976 2.65948
Normal: 0.00110162 -0.00165475 0.999998
UV: 0.865209 0.665894

Position: 1.1643 0.363955 2.6587
Normal: -0 -1 0
UV: 0.88241 0.770562

Position: 1.1643 0.363955 2.47818
Normal: -0 -1 0
UV: 0.88241 0.756356

Position: -0 1.3798 -2.5617
Normal: 1.27439e-007 0 -1
UV: 0.236473 0.239351

Position: -0 0.549561 2.65927
Normal: 0.000811943 -0.00258815 0.999996
UV: 0.670708 0.757508

Position: -0 0.363955 -2.16238
Normal: -0 -1 0
UV: 0.974038 0.391153

Position: 1.1643 0.363955 -2.03738
Normal: 1 -1.39674e-008 0
UV: 0.803135 0.980852

Position: 1.1643 0.363955 -2.16238
Normal: 1 -3.44836e-009 0
UV: 0.823425 0.980858

Position: 1.1643 0.571147 -2.03663
Normal: 1 5.29941e-007 8.47087e-007
UV: 0.803023 0.952568

Position: 1.16429 0.571997 -1.20626
Normal: 1 1.31587e-007 -3.37411e-006
UV: 0.664292 0.946179

Position: 1.1643 0.363955 -1.20818
Normal: 1 4.0531e-007 -4.3918e-006
UV: 0.664607 0.980811

Position: 1.1643 0.363955 1.32381
Normal: 1 0 0
UV: 0.238746 0.980844

Position: 1.1643 0.490962 1.32712
Normal: 1 0 0
UV: 0.238186 0.959634

Position: 1.1643 0.572079 1.33106
Normal: 1 3.14889e-007 1.39941e-007
UV: 0.237522 0.9344

Position: 0.942738 0.754104 1.49217
Normal: 1 2.63519e-006 -8.66932e-007
UV: 0.644834 0.0348599

Position: 0.942738 0.82981 1.73941
Normal: 1 2.63519e-006 -8.66932e-007
UV: 0.646882 0.0324581

Position: 1.1643 0.571152 2.15415
Normal: 1 2.01495e-007 0
UV: 0.100007 0.952516

Position: 1.1643 0.363955 2.15999
Normal: 1 -1.55099e-007 0
UV: 0.0990404 0.980857

Position: 1.1643 0.363955 2.47818
Normal: 1 -2.55705e-007 0
UV: 0.0481166 0.980862

Position: 0.942738 0.571147 -2.03663
Normal: -0 -0.00362013 0.999994
UV: 0.644147 0.0260026

Position: 1.1643 0.571147 -2.03663
Normal: -0 -0.00362013 0.999994
UV: 0.652647 0.0260026

Position: 1.1643 0.363955 -2.03738
Normal: -0 -0.00362013 0.999994
UV: 0.652647 0.0278963

Position: 0.942738 0.363955 -2.03738
Normal: -0 -0.00362013 0.999994
UV: 0.644147 0.0278963

Position: 1.16429 0.747452 -1.86952
Normal: -0.00584051 -0.684057 0.729405
UV: 0.652647 0.0241268

Position: 0.942738 0.571147 -2.03663
Normal: -0.00584051 -0.684057 0.729405
UV: 0.644147 0.0260026

Position: 0.942738 0.747452 -1.87306
Normal: -0.00584051 -0.684057 0.729405
UV: 0.644147 0.0241268

Position: 1.1643 0.571147 -2.03663
Normal: -0.00584051 -0.684057 0.729405
UV: 0.652647 0.0260026

Position: 0.942738 0.828878 -1.61506
Normal: -0.00481938 -0.953625 0.30096
UV: 0.664408 0.0342974

Position: 1.16429 0.828878 -1.61151
Normal: -0.00481938 -0.953625 0.30096
UV: 0.672908 0.0342974

Position: 1.16429 0.747452 -1.86952
Normal: -0.00481938 -0.953625 0.30096
UV: 0.672908 0.0373102

Position: 0.942738 0.747452 -1.87306
Normal: -0.00481938 -0.953625 0.30096
UV: 0.664408 0.0373102

Position: 0.942738 0.746456 -1.36939
Normal: 0.00509331 -0.948054 -0.318069
UV: 0.664408 0.0308931

Position: 1.16429 0.746456 -1.36584
Normal: 0.00509331 -0.948054 -0.318068
UV: 0.672908 0.0308931

Position: 1.16429 0.828878 -1.61151
Normal: 0.00509331 -0.948054 -0.318069
UV: 0.672908 0.0342974

Position: 0.942738 0.828878 -1.61506
Normal: 0.00509331 -0.948054 -0.318068
UV: 0.664408 0.0342974

Position: 0.942738 0.571997 -1.20626
Normal: 0.00587797 -0.67899 -0.734125
UV: 0.664408 0.0297635

Position: 1.16429 0.571997 -1.20626
Normal: 0.00587797 -0.67899 -0.734125
UV: 0.672908 0.0297635

Position: 1.16429 0.746456 -1.36584
Normal: 0.00587797 -0.678989 -0.734124
UV: 0.672908 0.0308931

Position: 0.942738 0.746456 -1.36939
Normal: 0.00587797 -0.678989 -0.734125
UV: 0.664408 0.0308931

Position: 1.1643 0.363955 -1.20818
Normal: -0 0.00926282 -0.999957
UV: 0.712198 0.0369235

Position: 1.16429 0.571997 -1.20626
Normal: -0 0.00926282 -0.999957
UV: 0.636535 0.0278963

Position: 0.942738 0.363955 -1.20818
Normal: -0 0.00926282 -0.999957
UV: 0.712198 0.0369235

Position: 0.942738 0.571997 -1.20626
Normal: -0 0.00926282 -0.999957
UV: 0.636535 0.0254176

Position: 0.942738 0.490962 1.32712
Normal: -0 -0.0260356 0.999661
UV: 0.661767 0.0265319

Position: 1.1643 0.490962 1.32712
Normal: -0 -0.0260356 0.999661
UV: 0.670267 0.0265319

Position: 1.1643 0.363955 1.32381
Normal: -0 -0.0260356 0.999661
UV: 0.670267 0.0279529

Position: 0.942738 0.363955 1.32381
Normal: -0 -0.0260356 0.999661
UV: 0.661767 0.0279529

Position: 0.942738 0.363955 2.15999
Normal: -0 -0.0281944 -0.999602
UV: 0.652957 0.0239791

Position: 1.1643 0.363955 2.15999
Normal: -0 -0.0281944 -0.999602
UV: 0.661457 0.0239791

Position: 1.1643 0.571152 2.15415
Normal: -0 -0.0281944 -0.999602
UV: 0.661457 0.0258777

Position: 0.942738 0.571152 2.15415
Normal: -0 -0.0281944 -0.999602
UV: 0.652957 0.0258777

Position: 0.942738 0.572079 1.33106
Normal: -0 -0.0485323 0.998822
UV: 0.661767 0.024841

Position: 1.1643 0.572079 1.33106
Normal: -0 -0.0485323 0.998822
UV: 0.670267 0.024841

Position: 1.1643 0.490962 1.32712
Normal: -0 -0.0485323 0.998822
UV: 0.670267 0.0265319

Position: 0.942738 0.490962 1.32712
Normal: -0 -0.0485323 0.998822
UV: 0.661767 0.0265319

Position: 0.942738 0.571152 2.15415
Normal: -0 -0.664323 -0.747446
UV: 0.652957 0.0258777

Position: 1.1643 0.571152 2.15415
Normal: -0 -0.664323 -0.747446
UV: 0.661457 0.0258777

Position: 1.1643 0.74311 2.00131
Normal: -0 -0.664323 -0.747446
UV: 0.661457 0.0279529

Position: 0.942738 0.74311 2.00131
Normal: -0 -0.664323 -0.747446
UV: 0.652957 0.0279529

Position: 1.16429 0.754104 1.49217
Normal: -0 -0.662777 0.748817
UV: 0.670267 0.0232613

Position: 0.942738 0.572079 1.33106
Normal: -0 -0.662777 0.748817
UV: 0.661767 0.024841

Position: 0.942738 0.754104 1.49217
Normal: -0 -0.662777 0.748817
UV: 0.661767 0.0232613

Position: 1.1643 0.572079 1.33106
Normal: -0 -0.662777 0.748817
UV: 0.670267 0.024841

Position: 0.942738 0.82981 1.73941
Normal: -0 -0.956181 0.292777
UV: 0.670577 0.0273029

Position: 1.16429 0.82981 1.73941
Normal: -0 -0.956181 0.292777
UV: 0.679078 0.0273029

Position: 1.16429 0.754104 1.49217
Normal: -0 -0.956181 0.292777
UV: 0.679078 0.0297047

Position: 0.942738 0.754104 1.49217
Normal: -0 -0.956181 0.292777
UV: 0.670577 0.0297047

Position: 0.942738 0.74311 2.00131
Normal: -0 -0.949333 -0.314271
UV: 0.670577 0.0244386

Position: 1.1643 0.74311 2.00131
Normal: -0 -0.949333 -0.314271
UV: 0.679078 0.0244386

Position: 1.16429 0.82981 1.73941
Normal: -0 -0.949333 -0.314271
UV: 0.679078 0.0273029

Position: 0.942738 0.82981 1.73941
Normal: -0 -0.949333 -0.314271
UV: 0.670577 0.0273029

Position: 0.722378 0.363955 2.5467
Normal: -0 -1 0
UV: 0.144515 0.0672764

Position: 1.1643 0.363955 2.47818
Normal: -0 -1 0
UV: 0.151837 0.0684116

Position: 0.942738 0.363955 2.15999
Normal: -0 -1 0
UV: 0.148166 0.073462

Position: 1.1643 0.363955 2.15999
Normal: -0 -1 0
UV: 0.151837 0.073462

Position: -0 0.363955 2.6587
Normal: -0 -1 0
UV: 0.132517 0.0654206

Position: 0.942738 0.363955 -1.20818
Normal: -0 -1 0
UV: 0.148166 0.129553

Position: 0.942738 0.363955 1.32381
Normal: -0 -1 0
UV: 0.148166 0.0873175

Position: 1.1643 0.363955 1.32381
Normal: -0 -1 0
UV: 0.151837 0.0873175

Position: 1.1643 0.363955 -1.20818
Normal: -0 -1 0
UV: 0.151837 0.129553

Position: 1.1643 0.363955 -2.16238
Normal: -0 -1 0
UV: 0.151837 0.145305

Position: 0.942738 0.363955 -2.03738
Normal: -0 -1 0
UV: 0.148166 0.143293

Position: 1.1643 0.363955 -2.03738
Normal: -0 -1 0
UV: 0.151837 0.143293

Position: 0.722378 0.363955 -2.16238
Normal: -0 -1 0
UV: 0.144515 0.145305

Position: -0 0.363955 -2.16238
Normal: -0 -1 0
UV: 0.132517 0.145305

Position: 1.16429 0.746456 -1.36584
Normal: 1 -8.15917e-007 -4.02814e-007
UV: 0.681165 0.921839

Position: 1.16429 0.828878 -1.61151
Normal: 1 -2.07883e-006 8.16191e-007
UV: 0.732005 0.907843

Position: 1.16429 0.747452 -1.86952
Normal: 1 -2.10747e-006 1.09061e-006
UV: 0.776993 0.924543

Position: 1.16429 0.754104 1.49217
Normal: 1 1.69743e-007 1.44788e-007
UV: 0.202136 0.910825

Position: -1.52156 1.50878 -1.09502
Normal: -0 0.938583 -0.345053
UV: 0.685353 0.288081

Position: -1.19744 1.55432 -0.971153
Normal: -0 0.938583 -0.345053
UV: 0.736051 0.308724

Position: -1.5797 1.55432 -0.971153
Normal: -0 0.938583 -0.345053
UV: 0.676259 0.308724

Position: -1.25558 1.50878 -1.09502
Normal: -0 0.938583 -0.345053
UV: 0.726956 0.288081

Position: -1.25558 1.30044 -1.09502
Normal: -0 0 -1
UV: 0.229778 0.738259

Position: -1.52156 1.50878 -1.09502
Normal: -0 0 -1
UV: 0.263821 0.711594

Position: -1.52156 1.30044 -1.09502
Normal: -0 0 -1
UV: 0.263821 0.738259

Position: -1.25558 1.50878 -1.09502
Normal: -0 0 -1
UV: 0.229778 0.711594

Position: -1.5797 1.25491 -0.971153
Normal: -0 -0.938584 -0.345051
UV: 0.696893 0.0370995

Position: -1.19744 1.25491 -0.971153
Normal: -0 -0.938584 -0.345051
UV: 0.660386 0.0370995

Position: -1.52156 1.30044 -1.09502
Normal: -0 -0.938584 -0.345051
UV: 0.69134 0.024496

Position: -1.25558 1.30044 -1.09502
Normal: -0 -0.938584 -0.345051
UV: 0.665938 0.024496

Position: -1.19744 1.55432 -0.971153
Normal: -0 0 1
UV: 0.549489 0.340527

Position: -1.5797 1.25491 -0.971153
Normal: -0 0 1
UV: 0.512522 0.369482

Position: -1.5797 1.55432 -0.971153
Normal: -0 0 1
UV: 0.512522 0.340527

Position: -1.19744 1.25491 -0.971153
Normal: -0 0 1
UV: 0.549489 0.369482

Position: -1.25558 1.50878 -1.09502
Normal: 0.905248 0 -0.424883
UV: 0.183461 0.726822

Position: -1.19744 1.25491 -0.971153
Normal: 0.905248 0 -0.424883
UV: 0.215954 0.744336

Position: -1.19744 1.55432 -0.971153
Normal: 0.905248 0 -0.424883
UV: 0.177632 0.744336

Position: -1.25558 1.30044 -1.09502
Normal: 0.905248 0 -0.424883
UV: 0.210125 0.726822

Position: -1.52156 1.30044 -1.09502
Normal: -0.905247 0 -0.424886
UV: 0.209493 0.718961

Position: -1.52156 1.50878 -1.09502
Normal: -0.905247 0 -0.424886
UV: 0.236158 0.71896

Position: -1.5797 1.25491 -0.971153
Normal: -0.905247 0 -0.424886
UV: 0.203664 0.736474

Position: -1.5797 1.55432 -0.971153
Normal: -0.905247 0 -0.424886
UV: 0.241986 0.736474

Position: -1.1643 0.363955 -2.66183
Normal: -0 0 -1
UV: 0.354077 0.370422

Position: -0.722378 0.363955 -2.66183
Normal: -0 0 -1
UV: 0.427908 0.370422

Position: -0.722378 0.554255 -2.66183
Normal: -0 0 -1
UV: 0.427908 0.338627

Position: -1.1643 0.554255 -2.66183
Normal: -0 0 -1
UV: 0.354073 0.338627

Position: -1.1643 2.3693 0.175271
Normal: -1 1.29506e-008 0
UV: 0.0439042 0.0390904

Position: -1.1643 1.4609 0.167261
Normal: -1 2.03027e-007 8.77853e-008
UV: 0.0452426 0.190862

Position: -1.1643 2.3693 -0.88724
Normal: -1 2.82388e-008 0
UV: 0.221426 0.0390904

Position: -1.1643 1.4609 -0.967024
Normal: -1 6.81619e-009 0
UV: 0.234757 0.190862

Position: -1.05283 1.4827 -1.11233
Normal: -0.00136963 0.0907605 -0.995872
UV: 0.0523975 0.191702

Position: 1.05283 1.4827 -1.11233
Normal: 0.00136965 0.0907605 -0.995872
UV: 0.0523975 0.191702

Position: 1.05283 2.42498 -1.02303
Normal: 0.00135989 0.0968022 -0.995303
UV: 0.0523975 0.0335637

Position: -1.05283 2.42498 -1.02303
Normal: -0.00135986 0.0968022 -0.995303
UV: 0.0523975 0.0335637

Position: 1.1643 1.3798 -2.16238
Normal: -0 1 0
UV: 0.776156 0.596556

Position: -1.1643 1.3798 -2.16238
Normal: -0 1 0
UV: 0.776156 0.596556

Position: -0 1.3798 -2.5617
Normal: -0 1 0
UV: 0.842873 0.402031

Position: -0.942738 0.363955 -2.03738
Normal: -1 0 0
UV: 0.647271 0.0373102

Position: -0.942738 0.571147 -2.03663
Normal: -1 1.21082e-006 2.50872e-007
UV: 0.653765 0.0373018

Position: -0.942738 0.363955 -1.20818
Normal: -1 1.31445e-006 3.35984e-007
UV: 0.647271 0.0280333

Position: -0.942738 0.747452 -1.87306
Normal: -1 2.12222e-006 3.22694e-007
UV: 0.660198 0.0355583

Position: -0.942738 0.828878 -1.61506
Normal: -1 8.64705e-007 -1.62485e-007
UV: 0.664029 0.0325456

Position: -0.942738 0.746456 -1.36939
Normal: -1 1.5169e-006 6.06181e-007
UV: 0.660812 0.0291413

Position: -0.942738 0.571997 -1.20626
Normal: -1 2.11947e-006 2.42714e-006
UV: 0.655222 0.0280117

Position: -1.1643 1.3798 -1.11941
Normal: -0.00721038 0.077775 -0.996945
UV: 0.609548 0.261962

Position: -1.05283 1.4827 -1.11233
Normal: -0.00136963 0.0907605 -0.995872
UV: 0.628174 0.244732

Position: -1.1643 2.5199 -1.01221
Normal: -0.0080301 0.105465 -0.994391
UV: 0.609543 0.0706346

Position: -1.05283 2.42498 -1.02303
Normal: -0.00135986 0.0968022 -0.995303
UV: 0.628169 0.0865961

Position: -1.1643 1.3798 -1.11941
Normal: -1 -9.03248e-008 3.78908e-009
UV: 0.649215 0.811057

Position: -1.1643 2.3693 -0.88724
Normal: -1 2.82388e-008 0
UV: 0.610113 0.645757

Position: -1.1643 1.4609 -0.967024
Normal: -1 6.81619e-009 0
UV: 0.623729 0.797523

Position: -1.1643 2.5199 -1.01221
Normal: -1 5.40579e-008 0
UV: 0.630968 0.620556

Position: -1.1643 1.4609 0.167261
Normal: -1 2.03027e-007 8.77853e-008
UV: 0.434193 0.797538

Position: -1.1643 2.3693 0.175271
Normal: -1 1.29506e-008 0
UV: 0.432581 0.645769

Position: -1.1643 1.4609 0.361233
Normal: -1 1.09203e-007 7.49178e-008
UV: 0.401769 0.797576

Position: -1.1643 2.3693 0.353912
Normal: -1 -9.04281e-008 0
UV: 0.402735 0.645799

Position: -1.1643 1.46102 2.45972
Normal: -1 -8.07769e-008 0
UV: 0.0201353 0.192307

Position: -1.1643 1.4609 0.361233
Normal: -1 1.09203e-007 7.49178e-008
UV: 0.370733 0.18973

Position: -1.1643 2.38214 2.16911
Normal: -1 2.81989e-008 0
UV: 0.0675491 0.0380538

Position: -1.1643 2.3693 0.353912
Normal: -1 -9.04281e-008 0
UV: 0.370835 0.0379533

Position: -1.1643 1.0976 -2.16238
Normal: -1 0 0
UV: 0.823463 0.85828

Position: -1.1643 1.3798 -2.16238
Normal: -1 0 0
UV: 0.823483 0.811131

Position: -0.722378 0.769573 -2.5617
Normal: -1.77147e-007 0 -1
UV: 0.115779 0.341303

Position: -0.722378 0.554255 -2.5617
Normal: -0 0 -1
UV: 0.115781 0.37728

Position: -1.1643 0.363955 -2.66183
Normal: -1 0 0
UV: 0.354077 0.370422

Position: -1.1643 0.554255 -2.66183
Normal: -1 0 0
UV: 0.354073 0.338627

Position: -1.1643 0.363955 -2.5617
Normal: -1 0 0
UV: 0.33735 0.370426

Position: -1.1643 0.554255 -2.5617
Normal: -1 0 0
UV: 0.337341 0.33863

Position: -1.1643 0.554255 -2.66183
Normal: -0 1 0
UV: 0.457559 0.344323

Position: -0.722378 0.554255 -2.66183
Normal: -0 1 0
UV: 0.383724 0.344323

Position: -1.1643 0.554255 -2.5617
Normal: -0 1 0
UV: 0.457559 0.361053

Position: -0.722378 0.554255 -2.5617
Normal: -0 1 0
UV: 0.383724 0.361053

Position: -0.722378 0.363955 -2.5617
Normal: -0 -1 0
UV: 0.917188 0.359729

Position: -0.722378 0.363955 -2.66183
Normal: -0 -1 0
UV: 0.917188 0.351849

Position: -1.1643 2.5199 2.2684
Normal: -0 1 0
UV: 0.0343725 0.585992

Position: -1.1643 2.5199 -1.01221
Normal: -0 1 0
UV: 0.582487 0.585992

Position: 1.1643 2.5199 2.2684
Normal: -0 1 0
UV: 0.0343725 0.585992

Position: 1.1643 2.5199 -1.01221
Normal: -0 1 0
UV: 0.582487 0.585992

Position: -0.942738 0.363955 2.15999
Normal: -1 0 0
UV: 0.628746 0.0279551

Position: -0.942738 0.490962 1.32712
Normal: -1 0 0
UV: 0.633619 0.0372732

Position: -0.942738 0.571152 2.15415
Normal: -1 0 0
UV: 0.635257 0.0280205

Position: -0.942738 0.363955 1.32381
Normal: -1 0 0
UV: 0.628746 0.0373102

Position: -0 0.363955 2.6587
Normal: -0.000246191 -0.00212755 0.999998
UV: 0.561628 0.339781

Position: -0.722378 0.549275 2.65891
Normal: -0.000393795 -0.00169418 0.999998
UV: 0.440946 0.370782

Position: -0 0.549561 2.65927
Normal: -0.00081182 -0.00258815 0.999996
UV: 0.56164 0.370784

Position: -0.722378 0.363955 2.6587
Normal: -0.00024563 -0.00154227 0.999999
UV: 0.440933 0.339818

Position: -1.03412 2.39243 2.31239
Normal: -0.000129407 0.325013 0.94571
UV: 0.227001 0.0347635

Position: 1.03412 2.39243 2.31239
Normal: 0.000129355 0.325013 0.94571
UV: 0.227001 0.0347635

Position: 1.03412 1.50727 2.61633
Normal: 0.000241663 0.324853 0.945764
UV: 0.227018 0.19113

Position: -1.03412 1.50727 2.61633
Normal: -0.000241728 0.324853 0.945764
UV: 0.227018 0.19113

Position: -0 1.38108 2.66183
Normal: -0.00111607 -0.00271329 0.999996
UV: 0.670671 0.618592

Position: -0.722378 1.0976 2.66004
Normal: -0.00120649 -0.00241015 0.999996
UV: 0.791376 0.665922

Position: -1.1643 1.3798 2.65989
Normal: -0.00150628 -0.00180815 0.999997
UV: 0.865192 0.618745

Position: -1.1643 2.5199 2.2684
Normal: -1 7.75843e-007 0
UV: 0.0828587 0.620736

Position: -1.1643 2.38214 2.16911
Normal: -1 2.81989e-008 0
UV: 0.0994677 0.643723

Position: -1.1643 1.46102 2.45972
Normal: -1 -8.07769e-008 0
UV: 0.0511417 0.797657

Position: -1.1643 1.3798 2.65989
Normal: -1 4.82885e-008 0
UV: 0.0177049 0.811265

Position: -1.1643 0.5491 2.6587
Normal: -1 -2.54926e-008 0
UV: 0.367113 0.3708

Position: -1.1643 0.363955 2.47818
Normal: -1 -1.1084e-007 0
UV: 0.336942 0.3399

Position: -1.1643 0.549696 2.4781
Normal: -1 1.23761e-007 0
UV: 0.336939 0.370918

Position: -1.1643 0.363955 2.6587
Normal: -1 -3.19444e-007 0
UV: 0.367095 0.339868

Position: -1.1643 1.0976 2.46705
Normal: -1 -4.56783e-008 -1.34157e-007
UV: 0.0499485 0.858356

Position: -1.16429 0.82981 1.73941
Normal: -1 -6.2437e-007 -2.12279e-007
UV: 0.166266 0.901914

Position: -1.1643 1.0976 2.65948
Normal: -1 -2.97301e-008 0
UV: 0.0177978 0.85837

Position: -1.1643 0.363955 -1.11586
Normal: -1 2.04788e-007 -1.5386e-007
UV: 0.649183 0.980806

Position: -0.722378 0.363955 2.5467
Normal: -0 -1 0
UV: 0.917188 0.761747

Position: -0.722378 0.363955 2.6587
Normal: -0 -1 0
UV: 0.917188 0.770562

Position: -0 1.38108 2.66183
Normal: -2.65296e-009 0.338476 0.940975
UV: 0.657554 0.356378

Position: -1.03412 1.50727 2.61633
Normal: -0.000241728 0.324853 0.945764
UV: 0.830303 0.333649

Position: -1.1643 1.3798 2.65989
Normal: -0.00171763 0.324881 0.945753
UV: 0.852069 0.35614

Position: -1.1643 2.5199 2.2684
Normal: -0.000493018 0.325766 0.94545
UV: 0.852117 0.154746

Position: -1.03412 2.39243 2.31239
Normal: -0.000129407 0.325013 0.94571
UV: 0.830368 0.177276

Position: -1.1643 0.769573 -2.16238
Normal: -1 -2.2241e-007 2.53727e-007
UV: 0.959194 0.304103

Position: -1.1643 1.0976 -2.5617
Normal: -1 0 0
UV: 0.904419 0.237368

Position: -1.1643 1.0976 -2.16238
Normal: -1 0 0
UV: 0.90439 0.304086

Position: -1.1643 0.769573 -2.5617
Normal: -1 0 0
UV: 0.959228 0.237386

Position: -1.1643 1.0976 -2.5617
Normal: -0 0 -1
UV: 0.0419451 0.286494

Position: -0.722378 1.0976 -2.5617
Normal: -1.615e-007 0 -1
UV: 0.115779 0.286492

Position: -1.1643 1.3798 -2.5617
Normal: -0 0 -1
UV: 0.0419451 0.239339

Position: -0.722378 1.0976 2.66004
Normal: -0.00120649 -0.00241015 0.999996
UV: 0.968901 0.169602

Position: -1.1643 0.769573 2.65901
Normal: -0.000874313 -0.00174678 0.999998
UV: 0.91422 0.277182

Position: -1.1643 1.0976 2.65948
Normal: -0.00110172 -0.00165475 0.999998
UV: 0.969013 0.277056

Position: -0.722378 0.769573 2.65936
Normal: -0.000951548 -0.0024183 0.999997
UV: 0.914091 0.169727

Position: -1.1643 0.74311 2.00131
Normal: -1 5.84275e-007 -4.98272e-007
UV: 0.123495 0.921547

Position: -1.1643 0.769573 2.47367
Normal: -1 3.84581e-007 -2.64838e-007
UV: 0.0488526 0.913132

Position: -1.1643 1.0976 2.65948
Normal: -1 -2.97301e-008 0
UV: 0.908127 0.11088

Position: -1.1643 0.769573 2.47367
Normal: -1 3.84581e-007 -2.64838e-007
UV: 0.962899 0.0656844

Position: -1.1643 1.0976 2.46705
Normal: -1 -4.56783e-008 -1.34157e-007
UV: 0.908122 0.0640898

Position: -1.1643 0.769573 2.65901
Normal: -1 4.99754e-008 0
UV: 0.96292 0.110754

Position: -0.722378 1.0976 -2.5617
Normal: -1.615e-007 0 -1
UV: 0.904439 0.163535

Position: -1.1643 0.769573 -2.5617
Normal: -0 0 -1
UV: 0.959228 0.237386

Position: -0.722378 0.769573 -2.5617
Normal: -1.77147e-007 0 -1
UV: 0.95925 0.163552

Position: -1.1643 1.0976 -2.5617
Normal: -0 0 -1
UV: 0.904419 0.237368

Position: -1.1643 0.555682 -2.16238
Normal: -1 1.81708e-007 1.92297e-007
UV: 0.82344 0.948821

Position: -1.1643 0.769573 -2.5617
Normal: -1 0 0
UV: 0.890163 0.913117

Position: -1.1643 0.769573 -2.16238
Normal: -1 -2.2241e-007 2.53727e-007
UV: 0.823446 0.913083

Position: -1.1643 0.554255 -2.5617
Normal: -1 0 0
UV: 0.890153 0.949096

Position: -0.722378 0.549275 2.65891
Normal: -0.000393795 -0.00169418 0.999998
UV: 0.791402 0.757544

Position: -1.1643 0.769573 2.65901
Normal: -0.000874313 -0.00174678 0.999998
UV: 0.865227 0.720705

Position: -0.722378 0.769573 2.65936
Normal: -0.000951548 -0.0024183 0.999997
UV: 0.791393 0.720732

Position: -1.1643 0.5491 2.6587
Normal: -0.000460185 -0.00121305 0.999999
UV: 0.865236 0.75755

Position: -0.942738 0.74311 2.00131
Normal: -1 4.04512e-007 -1.33077e-007
UV: 0.642373 0.0295938

Position: -0.942738 0.572079 1.33106
Normal: -1 4.5379e-007 -1.49289e-007
UV: 0.639417 0.0372291

Position: -1.1643 0.769573 2.65901
Normal: -1 4.99754e-008 0
UV: 0.0178843 0.913145

Position: -1.1643 0.549696 2.4781
Normal: -1 1.23761e-007 0
UV: 0.0481198 0.949843

Position: -1.1643 0.5491 2.6587
Normal: -1 -2.54926e-008 0
UV: 0.0179463 0.949964

Position: -0.722378 0.363955 -2.16238
Normal: -0 -1 0
UV: 0.917188 0.391153

Position: -1.1643 0.363955 -2.5617
Normal: -0 -1 0
UV: 0.88241 0.359729

Position: -1.1643 0.363955 -2.16238
Normal: -0 -1 0
UV: 0.88241 0.391153

Position: 1.1643 1.3798 -1.11941
Normal: -0 1 0
UV: 0.601901 0.596558

Position: -1.1643 1.3798 -1.11941
Normal: -0 1 0
UV: 0.601901 0.596558

Position: -1.1643 0.363955 -2.16238
Normal: -1 0 0
UV: 0.270637 0.370444

Position: -1.1643 0.555682 -2.16238
Normal: -1 1.81708e-007 1.92297e-007
UV: 0.270627 0.338406

Position: -1.1643 1.0976 -2.5617
Normal: -1 0 0
UV: 0.890182 0.858309

Position: -1.1643 1.3798 -2.5617
Normal: -1 0 0
UV: 0.8902 0.811161

Position: -1.1643 0.769573 -2.5617
Normal: -0 0 -1
UV: 0.0419451 0.341304

Position: -1.1643 0.554255 -2.5617
Normal: -0 0 -1
UV: 0.0419461 0.37728

Position: -1.1643 0.363955 -2.66183
Normal: -0 -1 0
UV: 0.88241 0.351848

Position: -1.1643 0.5491 2.6587
Normal: -0.000460185 -0.00121305 0.999999
UV: 0.367113 0.3708

Position: -1.1643 0.363955 2.6587
Normal: -0.00024471 -0.000584358 1
UV: 0.367095 0.339868

Position: -1.1643 1.0976 2.65948
Normal: -0.00110172 -0.00165475 0.999998
UV: 0.865209 0.665894

Position: -1.1643 0.363955 2.6587
Normal: -0 -1 0
UV: 0.88241 0.770562

Position: -1.1643 0.363955 2.47818
Normal: -0 -1 0
UV: 0.88241 0.756356

Position: -0 0.549561 2.65927
Normal: -0.00081182 -0.00258815 0.999996
UV: 0.670708 0.757508

Position: -1.1643 0.363955 -2.03738
Normal: -1 0 0
UV: 0.803135 0.980852

Position: -1.1643 0.571147 -2.03663
Normal: -1 8.00439e-007 8.47087e-007
UV: 0.803023 0.952568

Position: -1.1643 0.363955 -2.16238
Normal: -1 0 0
UV: 0.823425 0.980858

Position: -1.1643 0.363955 -1.20818
Normal: -1 3.79978e-007 -4.3918e-006
UV: 0.664607 0.980811

Position: -1.16429 0.571997 -1.20626
Normal: -1 1.68209e-007 -3.37411e-006
UV: 0.664292 0.946179

Position: -1.1643 0.490962 1.32712
Normal: -1 0 0
UV: 0.238186 0.959634

Position: -1.1643 0.363955 1.32381
Normal: -1 0 0
UV: 0.238746 0.980844

Position: -1.1643 0.572079 1.33106
Normal: -1 3.14889e-007 1.39941e-007
UV: 0.237522 0.9344

Position: -0.942738 0.754104 1.49217
Normal: -1 2.63519e-006 -8.66932e-007
UV: 0.644834 0.0348599

Position: -0.942738 0.82981 1.73941
Normal: -1 2.63519e-006 -8.66932e-007
UV: 0.646882 0.0324581

Position: -1.1643 0.571152 2.15415
Normal: -1 2.53446e-007 0
UV: 0.100007 0.952516

Position: -1.1643 0.363955 2.47818
Normal: -1 -1.1084e-007 0
UV: 0.0481166 0.980862

Position: -1.1643 0.363955 2.15999
Normal: -1 0 0
UV: 0.0990404 0.980857

Position: -0.942738 0.571147 -2.03663
Normal: -0 -0.00362013 0.999994
UV: 0.644147 0.0260026

Position: -1.1643 0.363955 -2.03738
Normal: -0 -0.00362013 0.999994
UV: 0.652647 0.0278963

Position: -1.1643 0.571147 -2.03663
Normal: -0 -0.00362013 0.999994
UV: 0.652647 0.0260026

Position: -0.942738 0.363955 -2.03738
Normal: -0 -0.00362013 0.999994
UV: 0.644147 0.0278963

Position: -1.16429 0.747452 -1.86952
Normal: 0.00584051 -0.684057 0.729405
UV: 0.652647 0.0241268

Position: -0.942738 0.571147 -2.03663
Normal: 0.00584051 -0.684057 0.729405
UV: 0.644147 0.0260026

Position: -1.1643 0.571147 -2.03663
Normal: 0.00584051 -0.684057 0.729405
UV: 0.652647 0.0260026

Position: -0.942738 0.747452 -1.87306
Normal: 0.00584051 -0.684057 0.729405
UV: 0.644147 0.0241268

Position: -0.942738 0.828878 -1.61506
Normal: 0.00481938 -0.953625 0.30096
UV: 0.664408 0.0342974

Position: -1.16429 0.747452 -1.86952
Normal: 0.00481938 -0.953625 0.30096
UV: 0.672908 0.0373102

Position: -1.16429 0.828878 -1.61151
Normal: 0.00481938 -0.953625 0.30096
UV: 0.672908 0.0342974

Position: -0.942738 0.747452 -1.87306
Normal: 0.00481938 -0.953625 0.30096
UV: 0.664408 0.0373102

Position: -0.942738 0.746456 -1.36939
Normal: -0.00509331 -0.948054 -0.318069
UV: 0.664408 0.0308931

Position: -1.16429 0.828878 -1.61151
Normal: -0.00509331 -0.948054 -0.318069
UV: 0.672908 0.0342974

Position: -1.16429 0.746456 -1.36584
Normal: -0.00509331 -0.948054 -0.318068
UV: 0.672908 0.0308931

Position: -0.942738 0.828878 -1.61506
Normal: -0.00509331 -0.948054 -0.318068
UV: 0.664408 0.0342974

Position: -0.942738 0.571997 -1.20626
Normal: -0.00587797 -0.67899 -0.734125
UV: 0.664408 0.0297635

Position: -1.16429 0.746456 -1.36584
Normal: -0.00587797 -0.678989 -0.734124
UV: 0.672908 0.0308931

Position: -1.16429 0.571997 -1.20626
Normal: -0.00587797 -0.67899 -0.734125
UV: 0.672908 0.0297635

Position: -0.942738 0.746456 -1.36939
Normal: -0.00587797 -0.678989 -0.734125
UV: 0.664408 0.0308931

Position: -1.1643 0.363955 -1.20818
Normal: -0 0.00926282 -0.999957
UV: 0.712198 0.0369235

Position: -0.942738 0.363955 -1.20818
Normal: -0 0.00926282 -0.999957
UV: 0.712198 0.0369235

Position: -1.16429 0.571997 -1.20626
Normal: -0 0.00926282 -0.999957
UV: 0.636535 0.0278963

Position: -0.942738 0.571997 -1.20626
Normal: -0 0.00926282 -0.999957
UV: 0.636535 0.0254176

Position: -0.942738 0.490962 1.32712
Normal: -0 -0.0260356 0.999661
UV: 0.661767 0.0265319

Position: -1.1643 0.363955 1.32381
Normal: -0 -0.0260356 0.999661
UV: 0.670267 0.0279529

Position: -1.1643 0.490962 1.32712
Normal: -0 -0.0260356 0.999661
UV: 0.670267 0.0265319

Position: -0.942738 0.363955 1.32381
Normal: -0 -0.0260356 0.999661
UV: 0.661767 0.0279529

Position: -0.942738 0.363955 2.15999
Normal: -0 -0.0281944 -0.999602
UV: 0.652957 0.0239791

Position: -1.1643 0.571152 2.15415
Normal: -0 -0.0281944 -0.999602
UV: 0.661457 0.0258777

Position: -1.1643 0.363955 2.15999
Normal: -0 -0.0281944 -0.999602
UV: 0.661457 0.0239791

Position: -0.942738 0.571152 2.15415
Normal: -0 -0.0281944 -0.999602
UV: 0.652957 0.0258777

Position: -0.942738 0.572079 1.33106
Normal: -0 -0.0485323 0.998822
UV: 0.661767 0.024841

Position: -1.1643 0.490962 1.32712
Normal: -0 -0.0485323 0.998822
UV: 0.670267 0.0265319

Position: -1.1643 0.572079 1.33106
Normal: -0 -0.0485323 0.998822
UV: 0.670267 0.024841

Position: -0.942738 0.490962 1.32712
Normal: -0 -0.0485323 0.998822
UV: 0.661767 0.0265319

Position: -0.942738 0.571152 2.15415
Normal: -0 -0.664323 -0.747446
UV: 0.652957 0.0258777

Position: -1.1643 0.74311 2.00131
Normal: -0 -0.664323 -0.747446
UV: 0.661457 0.0279529

Position: -1.1643 0.571152 2.15415
Normal: -0 -0.664323 -0.747446
UV: 0.661457 0.0258777

Position: -0.942738 0.74311 2.00131
Normal: -0 -0.664323 -0.747446
UV: 0.652957 0.0279529

Position: -1.16429 0.754104 1.49217
Normal: -0 -0.662777 0.748817
UV: 0.670267 0.0232613

Position: -0.942738 0.572079 1.33106
Normal: -0 -0.662777 0.748817
UV: 0.661767 0.024841

Position: -1.1643 0.572079 1.33106
Normal: -0 -0.662777 0.748817
UV: 0.670267 0.024841

Position: -0.942738 0.754104 1.49217
Normal: -0 -0.662777 0.748817
UV: 0.661767 0.0232613

Position: -0.942738 0.82981 1.73941
Normal: -0 -0.956181 0.292777
UV: 0.670577 0.0273029

Position: -1.16429 0.754104 1.49217
Normal: -0 -0.956181 0.292777
UV: 0.679078 0.0297047

Position: -1.16429 0.82981 1.73941
Normal: -0 -0.956181 0.292777
UV: 0.679078 0.0273029

Position: -0.942738 0.754104 1.49217
Normal: -0 -0.956181 0.292777
UV: 0.670577 0.0297047

Position: -0.942738 0.74311 2.00131
Normal: -0 -0.949333 -0.314271
UV: 0.670577 0.0244386

Position: -1.16429 0.82981 1.73941
Normal: -0 -0.949333 -0.314271
UV: 0.679078 0.0273029

Position: -1.1643 0.74311 2.00131
Normal: -0 -0.949333 -0.314271
UV: 0.679078 0.0244386

Position: -0.942738 0.82981 1.73941
Normal: -0 -0.949333 -0.314271
UV: 0.670577 0.0273029

Position: -1.1643 0.363955 2.47818
Normal: -0 -1 0
UV: 0.151837 0.0684116

Position: -0.722378 0.363955 2.5467
Normal: -0 -1 0
UV: 0.144515 0.0672764

Position: -0.942738 0.363955 2.15999
Normal: -0 -1 0
UV: 0.148166 0.073462

Position: -1.1643 0.363955 2.15999
Normal: -0 -1 0
UV: 0.151837 0.073462

Position: -0.942738 0.363955 1.32381
Normal: -0 -1 0
UV: 0.148166 0.0873175

Position: -0.942738 0.363955 -1.20818
Normal: -0 -1 0
UV: 0.148166 0.129553

Position: -1.1643 0.363955 1.32381
Normal: -0 -1 0
UV: 0.151837 0.0873175

Position: -1.1643 0.363955 -1.20818
Normal: -0 -1 0
UV: 0.151837 0.129553

Position: -1.1643 0.363955 -2.16238
Normal: -0 -1 0
UV: 0.151837 0.145305

Position: -0.942738 0.363955 -2.03738
Normal: -0 -1 0
UV: 0.148166 0.143293

Position: -0.722378 0.363955 -2.16238
Normal: -0 -1 0
UV: 0.144515 0.145305

Position: -1.1643 0.363955 -2.03738
Normal: -0 -1 0
UV: 0.151837 0.143293

Position: -1.16429 0.746456 -1.36584
Normal: -1 -8.78239e-007 -4.02814e-007
UV: 0.681165 0.921839

Position: -1.16429 0.828878 -1.61151
Normal: -1 -2.14853e-006 8.16192e-007
UV: 0.732005 0.907843

Position: -1.16429 0.747452 -1.86952
Normal: -1 -2.07846e-006 1.09061e-006
UV: 0.776993 0.924543

Position: -1.16429 0.754104 1.49217
Normal: -1 1.69743e-007 1.44788e-007
UV: 0.202136 0.910825

Position: -1.1643 1.3798 -2.5617
Normal: -0 1 0
UV: 0.842872 0.596558

Position: 1.1643 1.3798 -2.5617
Normal: -0 1 0
UV: 0.842872 0.596558


[INDEX_DATA]
0 2 1
0 3 2
4 6 5
4 7 6
8 10 9
8 11 10
12 14 13
12 15 14
16 18 17
16 19 18
20 22 21
20 23 22
24 26 25
24 27 26
28 30 29
28 31 30
32 34 33
33 35 32
36 38 37
36 39 38
40 42 41
40 43 42
44 46 45
44 47 46
48 50 49
49 51 48
52 54 53
52 55 54
56 58 57
59 57 58
60 62 61
62 63 61
64 66 65
66 67 65
67 68 65
68 69 65
65 69 70
71 73 72
72 74 71
75 77 76
76 78 75
79 81 80
80 82 79
83 85 84
84 86 83
76 88 87
89 91 90
92 94 93
92 95 94
96 98 97
97 99 96
100 102 101
101 103 100
104 106 105
105 107 104
108 110 109
109 111 108
112 114 113
81 116 115
117 115 116
118 117 116
119 121 120
120 122 119
117 123 80
124 80 123
78 79 75
78 116 81
81 79 78
125 123 118
118 123 117
126 76 77
77 82 126
127 129 128
130 132 131
132 133 131
134 136 135
134 137 136
138 140 139
141 143 142
142 144 141
123 146 145
145 124 123
147 149 148
148 150 147
151 153 152
152 153 154
155 157 156
157 158 156
159 161 160
162 160 161
105 163 107
105 164 163
165 167 166
166 146 165
168 100 169
169 170 168
171 92 93
93 172 171
88 173 87
87 173 174
155 88 76
175 57 59
175 176 57
90 178 177
90 91 178
98 180 179
98 96 180
100 181 169
100 103 181
182 108 111
111 183 182
113 114 184
185 128 129
129 186 185
139 140 187
114 112 188
188 162 114
89 140 91
89 187 140
160 162 188
168 189 102
102 100 168
190 191 157
157 192 190
126 193 76
126 194 193
126 196 195
126 197 196
163 164 198
198 199 163
146 166 200
146 200 145
166 202 201
201 200 166
203 205 204
203 206 205
207 209 208
208 210 207
211 213 212
211 214 213
215 217 216
215 218 217
219 221 220
219 222 221
223 225 224
225 226 224
227 229 228
227 230 229
231 233 232
231 234 233
235 237 236
235 238 237
239 241 240
239 242 241
243 245 244
244 246 243
247 249 248
247 250 249
251 253 252
251 254 253
255 257 256
257 258 256
255 259 257
260 262 261
262 260 263
264 266 265
265 267 264
265 260 267
261 257 259
268 267 260
268 261 259
268 260 261
76 193 269
76 269 270
155 76 270
270 271 155
192 155 271
155 192 157
80 272 197
197 126 82
82 80 197
272 80 124
273 275 274
274 276 273
277 279 278
278 280 277
281 283 282
283 284 282
285 287 286
286 288 285
289 291 290
290 292 289
293 295 294
296 294 295
297 299 298
297 300 299
301 303 302
302 303 304
305 307 306
305 308 307
309 311 310
312 314 313
313 314 315
315 314 316
316 314 317
314 318 317
319 72 73
319 320 72
71 322 321
71 74 322
320 319 321
321 322 320
323 325 324
324 326 323
327 329 328
330 328 329
331 333 332
333 334 332
323 336 335
89 338 337
339 341 340
342 340 341
343 345 344
346 344 345
101 102 347
347 348 101
349 351 350
351 352 350
353 355 354
354 356 353
357 359 358
358 360 357
361 363 362
361 364 363
365 367 366
330 369 368
370 368 369
368 370 371
372 374 373
373 375 372
370 329 376
377 376 329
326 324 328
330 368 326
326 328 330
378 371 376
371 370 376
379 327 325
325 323 379
127 381 380
382 133 383
384 386 385
384 383 386
385 132 130
385 386 132
387 389 388
388 390 387
391 393 392
394 396 395
395 397 394
376 377 398
398 399 376
400 402 401
401 403 400
404 406 405
405 407 404
408 410 409
409 411 408
412 414 413
413 415 412
355 416 354
416 417 354
418 399 419
419 420 418
421 423 422
422 347 421
424 310 425
424 309 310
426 427 342
342 341 426
335 336 428
336 429 428
410 323 335
175 298 299
299 176 175
337 338 430
431 430 338
344 346 180
179 180 346
348 347 432
422 432 347
360 358 433
433 434 360
367 435 366
380 381 436
436 437 380
393 187 392
366 414 438
438 365 366
89 337 392
392 187 89
412 438 414
421 347 102
102 189 421
439 440 408
408 441 439
442 379 443
323 443 379
379 445 444
379 444 446
416 448 447
447 417 416
399 398 449
399 449 419
419 451 450
419 449 451
452 454 453
453 455 452
456 458 457
457 459 456
460 462 461
461 463 460
464 466 465
465 467 464
468 470 469
469 471 468
472 474 473
473 474 475
476 478 477
477 479 476
480 482 481
481 483 480
484 486 485
485 487 484
488 490 489
489 491 488
492 494 493
493 495 492
496 498 497
497 499 496
500 502 501
501 503 500
504 506 505
504 507 506
505 506 259
508 510 509
510 511 509
512 514 513
513 515 512
513 514 509
508 259 506
268 509 514
259 508 268
508 509 268
323 516 443
323 517 516
517 323 410
410 518 517
410 440 518
410 408 440
446 329 327
327 379 446
446 519 329
519 377 329
382 131 133
382 383 384
311 520 310
309 521 311

[MESH_DATA]
VertexCount: 57
IndexCount: 138
BoneCount: 0
AnimationClips: 1

[VERTEX_DATA]
Position: -1.22412 0.544323 -1.9355
Normal: -0 0.500001 -0.866025
UV: 0.912679 0.523163

Position: -0.999308 0.544323 -1.9355
Normal: -0 0.500001 -0.866025
UV: 0.912679 0.53954

Position: -0.999308 0.676698 -1.80312
Normal: -0 0.866026 -0.499999
UV: 0.894394 0.53954

Position: -1.22412 0.676698 -1.80312
Normal: -0 0.866026 -0.499999
UV: 0.894394 0.523163

Position: -1.22412 0.363496 -1.98395
Normal: -0 -6.27145e-007 -1
UV: 0.930964 0.523163

Position: -0.999308 0.363496 -1.98395
Normal: -0 -6.27145e-007 -1
UV: 0.930964 0.53954

Position: -1.22412 0.182669 -1.93549
Normal: -0 -0.500001 -0.866025
UV: 0.949248 0.523163

Position: -0.999308 0.182669 -1.93549
Normal: -0 -0.500001 -0.866025
UV: 0.949248 0.53954

Position: -1.22412 0.0502944 -1.80312
Normal: -0 -0.866025 -0.5
UV: 0.967533 0.523163

Position: -0.999308 0.0502944 -1.80312
Normal: -0 -0.866025 -0.5
UV: 0.967533 0.53954

Position: -1.22412 0.00184122 -1.62229
Normal: -0 -1 -8.1675e-007
UV: 0.94255 0.544389

Position: -0.999308 0.00184122 -1.62229
Normal: -0 -1 -8.1675e-007
UV: 0.94255 0.528011

Position: -0.999308 0.0502944 -1.80312
Normal: -0 -0.866025 -0.5
UV: 0.960835 0.528012

Position: -1.22412 0.0502944 -1.80312
Normal: -0 -0.866025 -0.5
UV: 0.960835 0.544389

Position: -1.22412 0.0502941 -1.44147
Normal: -0 -0.866025 0.500001
UV: 0.924265 0.544388

Position: -0.999308 0.0502941 -1.44147
Normal: -0 -0.866025 0.500001
UV: 0.924265 0.528011

Position: -1.22412 0.182669 -1.30909
Normal: -0 -0.500001 0.866025
UV: 0.90598 0.544389

Position: -0.999308 0.182669 -1.30909
Normal: -0 -0.500001 0.866025
UV: 0.90598 0.528011

Position: -1.22412 0.363496 -1.26064
Normal: -0 0 1
UV: 0.938624 0.539921

Position: -0.999308 0.363496 -1.26064
Normal: -0 0 1
UV: 0.938624 0.523544

Position: -0.999308 0.182669 -1.30909
Normal: -0 -0.500001 0.866025
UV: 0.956909 0.523544

Position: -1.22412 0.182669 -1.30909
Normal: -0 -0.500001 0.866025
UV: 0.956909 0.539921

Position: -1.22412 0.544323 -1.30909
Normal: -0 0.500001 0.866025
UV: 0.920339 0.539921

Position: -0.999308 0.544323 -1.30909
Normal: -0 0.500001 0.866025
UV: 0.920339 0.523544

Position: -1.22412 0.676698 -1.44147
Normal: -0 0.866026 0.499999
UV: 0.902054 0.539921

Position: -0.999308 0.676698 -1.44147
Normal: -0 0.866026 0.499999
UV: 0.902054 0.523544

Position: -1.22412 0.676698 -1.44147
Normal: -0 0.866026 0.499999
UV: 0.917614 0.522887

Position: -1.22412 0.72515 -1.62229
Normal: -0 1 -3.64621e-007
UV: 0.9359 0.522887

Position: -0.999308 0.676698 -1.44147
Normal: -0 0.866026 0.499999
UV: 0.917614 0.539265

Position: -0.999308 0.72515 -1.62229
Normal: -0 1 -3.64621e-007
UV: 0.9359 0.539265

Position: -1.22412 0.676698 -1.80312
Normal: -0 0.866026 -0.499999
UV: 0.954185 0.522887

Position: -0.999308 0.676698 -1.80312
Normal: -0 0.866026 -0.499999
UV: 0.954185 0.539265

Position: -1.22412 0.676698 -1.80312
Normal: -1 0 0
UV: 0.495735 0.211535

Position: -1.22412 0.363496 -1.62229
Normal: -1 1.89871e-008 0
UV: 0.495735 0.117832

Position: -1.22412 0.544323 -1.9355
Normal: -1 -1.13929e-007 0
UV: 0.542585 0.198982

Position: -1.22412 0.363496 -1.98395
Normal: -1 -1.13928e-007 0
UV: 0.576885 0.164682

Position: -1.22412 0.182669 -1.93549
Normal: -1 2.27857e-007 0
UV: 0.589438 0.117828

Position: -1.22412 0.0502944 -1.80312
Normal: -1 2.27857e-007 0
UV: 0.576885 0.070978

Position: -1.22412 0.00184122 -1.62229
Normal: -1 2.27858e-007 0
UV: 0.542587 0.0366817

Position: -1.22412 0.0502941 -1.44147
Normal: -1 1.16204e-012 0
UV: 0.495735 0.0241255

Position: -1.22412 0.182669 -1.30909
Normal: -1 0 0
UV: 0.448882 0.0366786

Position: -1.22412 0.363496 -1.26064
Normal: -1 8.30029e-014 0
UV: 0.414583 0.0709763

Position: -1.22412 0.544323 -1.30909
Normal: -1 -2.27857e-007 0
UV: 0.402029 0.117828

Position: -1.22412 0.676698 -1.44147
Normal: -1 0 0
UV: 0.414583 0.164682

Position: -1.22412 0.72515 -1.62229
Normal: -1 0 0
UV: 0.448882 0.19898

Position: -0.999308 0.676698 -1.80312
Normal: 1 -1.70074e-006 0
UV: 0.894394 0.53954

Position: -0.999308 0.544323 -1.9355
Normal: 1 1.12992e-006 0
UV: 0.912679 0.53954

Position: -0.999308 0.72515 -1.62229
Normal: 1 3.83954e-008 0
UV: 0.9359 0.539265

Position: -0.999308 0.363496 -1.98395
Normal: 1 -4.71113e-007 0
UV: 0.930964 0.53954

Position: -0.999308 0.182669 -1.93549
Normal: 1 2.28884e-007 0
UV: 0.949248 0.53954

Position: -0.999308 0.0502944 -1.80312
Normal: 1 1.92607e-007 0
UV: 0.960835 0.528012

Position: -0.999308 0.00184122 -1.62229
Normal: 1 1.26188e-009 0
UV: 0.94255 0.528011

Position: -0.999308 0.0502941 -1.44147
Normal: 1 1.6e-009 0
UV: 0.924265 0.528011

Position: -0.999308 0.182669 -1.30909
Normal: 1 0 0
UV: 0.956909 0.523544

Position: -0.999308 0.363496 -1.26064
Normal: 1 0 0
UV: 0.938624 0.523544

Position: -0.999308 0.544323 -1.30909
Normal: 1 0 0
UV: 0.920339 0.523544

Position: -0.999308 0.676698 -1.44147
Normal: 1 0 0
UV: 0.917614 0.539265


[INDEX_DATA]
0 2 1
0 3 2
4 1 5
4 0 1
6 5 7
6 4 5
8 7 9
8 6 7
10 12 11
10 13 12
14 11 15
14 10 11
16 15 17
16 14 15
18 20 19
18 21 20
22 19 23
22 18 19
22 23 24
23 25 24
26 28 27
28 29 27
30 27 29
29 31 30
32 34 33
34 35 33
35 36 33
36 37 33
37 38 33
38 39 33
39 40 33
40 41 33
41 42 33
42 43 33
43 44 33
44 32 33
45 47 46
46 47 48
48 47 49
49 47 50
50 47 51
51 47 52
52 47 53
53 47 54
54 47 55
55 47 56

[MESH_DATA]
VertexCount: 57
IndexCount: 138
BoneCount: 0
AnimationClips: 1

[VERTEX_DATA]
Position: -1.22412 0.676698 1.55335
Normal: -0 0.866026 -0.499999
UV: 0.894394 0.523163

Position: -1.22412 0.544323 1.42097
Normal: -0 0.500001 -0.866025
UV: 0.912679 0.523163

Position: -0.999308 0.676698 1.55335
Normal: -0 0.866026 -0.499999
UV: 0.894394 0.53954

Position: -0.999308 0.544323 1.42097
Normal: -0 0.500001 -0.866025
UV: 0.912679 0.53954

Position: -1.22412 0.363496 1.37252
Normal: -0 0 -1
UV: 0.930964 0.523163

Position: -0.999308 0.363496 1.37252
Normal: -0 0 -1
UV: 0.930964 0.53954

Position: -1.22412 0.182669 1.42097
Normal: -0 -0.500002 -0.866024
UV: 0.949248 0.523163

Position: -0.999308 0.182669 1.42097
Normal: -0 -0.500002 -0.866024
UV: 0.949248 0.53954

Position: -1.22412 0.0502942 1.55335
Normal: -0 -0.866025 -0.5
UV: 0.967533 0.523163

Position: -0.999308 0.0502942 1.55335
Normal: -0 -0.866025 -0.5
UV: 0.967533 0.53954

Position: -1.22412 0.00184151 1.73417
Normal: -0 -1 1.45847e-008
UV: 0.94255 0.544389

Position: -0.999308 0.00184151 1.73417
Normal: -0 -1 1.45847e-008
UV: 0.94255 0.528011

Position: -0.999308 0.0502942 1.55335
Normal: -0 -0.866025 -0.5
UV: 0.960835 0.528012

Position: -1.22412 0.0502942 1.55335
Normal: -0 -0.866025 -0.5
UV: 0.960835 0.544389

Position: -1.22412 0.0502942 1.915
Normal: -0 -0.866027 0.499997
UV: 0.924265 0.544388

Position: -0.999308 0.0502942 1.915
Normal: -0 -0.866027 0.499997
UV: 0.924265 0.528011

Position: -1.22412 0.182669 2.04738
Normal: -0 -0.499996 0.866028
UV: 0.90598 0.544389

Position: -0.999308 0.182669 2.04738
Normal: -0 -0.499996 0.866028
UV: 0.90598 0.528011

Position: -1.22412 0.363496 2.09583
Normal: -0 0 1
UV: 0.938624 0.539921

Position: -0.999308 0.363496 2.09583
Normal: -0 0 1
UV: 0.938624 0.523544

Position: -0.999308 0.182669 2.04738
Normal: -0 -0.499996 0.866028
UV: 0.956909 0.523544

Position: -1.22412 0.182669 2.04738
Normal: -0 -0.499996 0.866028
UV: 0.956909 0.539921

Position: -1.22412 0.544323 2.04738
Normal: -0 0.499996 0.866028
UV: 0.920339 0.539921

Position: -0.999308 0.544323 2.04738
Normal: -0 0.499996 0.866028
UV: 0.920339 0.523544

Position: -1.22412 0.676698 1.915
Normal: -0 0.866028 0.499996
UV: 0.902054 0.539921

Position: -0.999308 0.676698 1.915
Normal: -0 0.866028 0.499996
UV: 0.902054 0.523544

Position: -1.22412 0.676698 1.915
Normal: -0 0.866028 0.499996
UV: 0.917614 0.522887

Position: -1.22412 0.72515 1.73417
Normal: -0 1 1.45847e-008
UV: 0.9359 0.522887

Position: -0.999308 0.676698 1.915
Normal: -0 0.866028 0.499996
UV: 0.917614 0.539265

Position: -0.999308 0.72515 1.73417
Normal: -0 1 1.45847e-008
UV: 0.9359 0.539265

Position: -1.22412 0.676698 1.55335
Normal: -0 0.866026 -0.499999
UV: 0.954185 0.522887

Position: -0.999308 0.676698 1.55335
Normal: -0 0.866026 -0.499999
UV: 0.954185 0.539265

Position: -1.22412 0.676698 1.55335
Normal: -1 0 0
UV: 0.495735 0.211535

Position: -1.22412 0.363496 1.73417
Normal: -1 3.45845e-014 0
UV: 0.495735 0.117832

Position: -1.22412 0.544323 1.42097
Normal: -1 -1.13929e-007 0
UV: 0.542585 0.198982

Position: -1.22412 0.363496 1.37252
Normal: -1 0 0
UV: 0.576885 0.164682

Position: -1.22412 0.182669 1.42097
Normal: -1 1.13929e-007 0
UV: 0.589438 0.117828

Position: -1.22412 0.0502942 1.55335
Normal: -1 0 0
UV: 0.576885 0.070978

Position: -1.22412 0.00184151 1.73417
Normal: -1 0 0
UV: 0.542587 0.0366817

Position: -1.22412 0.0502942 1.915
Normal: -1 -2.27856e-007 0
UV: 0.495735 0.0241255

Position: -1.22412 0.182669 2.04738
Normal: -1 -1.13929e-007 0
UV: 0.448882 0.0366786

Position: -1.22412 0.363496 2.09583
Normal: -1 0 0
UV: 0.414583 0.0709763

Position: -1.22412 0.544323 2.04738
Normal: -1 1.13929e-007 0
UV: 0.402029 0.117828

Position: -1.22412 0.676698 1.915
Normal: -1 2.27857e-007 0
UV: 0.414583 0.164682

Position: -1.22412 0.72515 1.73417
Normal: -1 0 0
UV: 0.448882 0.19898

Position: -0.999308 0.676698 1.55335
Normal: 1 0 0
UV: 0.894394 0.53954

Position: -0.999308 0.544323 1.42097
Normal: 1 0 0
UV: 0.912679 0.53954

Position: -0.999308 0.72515 1.73417
Normal: 1 -3.79753e-008 0
UV: 0.9359 0.539265

Position: -0.999308 0.363496 1.37252
Normal: 1 0 0
UV: 0.930964 0.53954

Position: -0.999308 0.182669 1.42097
Normal: 1 0 0
UV: 0.949248 0.53954

Position: -0.999308 0.0502942 1.55335
Normal: 1 0 0
UV: 0.960835 0.528012

Position: -0.999308 0.00184151 1.73417
Normal: 1 0 0
UV: 0.94255 0.528011

Position: -0.999308 0.0502942 1.915
Normal: 1 9.63033e-008 0
UV: 0.924265 0.528011

Position: -0.999308 0.182669 2.04738
Normal: 1 2.86115e-008 0
UV: 0.956909 0.523544

Position: -0.999308 0.363496 2.09583
Normal: 1 -4.71113e-007 0
UV: 0.938624 0.523544

Position: -0.999308 0.544323 2.04738
Normal: 1 1.06342e-006 0
UV: 0.920339 0.523544

Position: -0.999308 0.676698 1.915
Normal: 1 -3.40141e-006 0
UV: 0.917614 0.539265


[INDEX_DATA]
0 2 1
2 3 1
4 3 5
4 1 3
6 5 7
6 4 5
8 7 9
8 6 7
10 12 11
10 13 12
14 11 15
14 10 11
16 15 17
16 14 15
18 20 19
18 21 20
22 19 23
22 18 19
24 23 25
24 22 23
26 28 27
28 29 27
27 29 30
29 31 30
32 34 33
34 35 33
35 36 33
36 37 33
37 38 33
38 39 33
39 40 33
40 41 33
41 42 33
42 43 33
43 44 33
44 32 33
45 47 46
46 47 48
48 47 49
49 47 50
50 47 51
51 47 52
52 47 53
53 47 54
54 47 55
55 47 56

[MESH_DATA]
VertexCount: 57
IndexCount: 138
BoneCount: 0
AnimationClips: 1

[VERTEX_DATA]
Position: 1.22412 0.676698 1.55335
Normal: -0 0.866026 -0.499999
UV: 0.894394 0.523163

Position: 0.999308 0.676698 1.55335
Normal: -0 0.866026 -0.499999
UV: 0.894394 0.53954

Position: 1.22412 0.544323 1.42097
Normal: -0 0.500001 -0.866025
UV: 0.912679 0.523163

Position: 0.999308 0.544323 1.42097
Normal: -0 0.500001 -0.866025
UV: 0.912679 0.53954

Position: 1.22412 0.363496 1.37252
Normal: -0 0 -1
UV: 0.930964 0.523163

Position: 0.999308 0.363496 1.37252
Normal: -0 0 -1
UV: 0.930964 0.53954

Position: 1.22412 0.182669 1.42097
Normal: -0 -0.500002 -0.866024
UV: 0.949248 0.523163

Position: 0.999308 0.182669 1.42097
Normal: -0 -0.500002 -0.866024
UV: 0.949248 0.53954

Position: 1.22412 0.0502942 1.55335
Normal: -0 -0.866025 -0.5
UV: 0.967533 0.523163

Position: 0.999308 0.0502942 1.55335
Normal: -0 -0.866025 -0.5
UV: 0.967533 0.53954

Position: 1.22412 0.00184151 1.73417
Normal: -0 -1 1.45847e-008
UV: 0.94255 0.544389

Position: 0.999308 0.0502942 1.55335
Normal: -0 -0.866025 -0.5
UV: 0.960835 0.528012

Position: 0.999308 0.00184151 1.73417
Normal: -0 -1 1.45847e-008
UV: 0.94255 0.528011

Position: 1.22412 0.0502942 1.55335
Normal: -0 -0.866025 -0.5
UV: 0.960835 0.544389

Position: 1.22412 0.0502942 1.915
Normal: -0 -0.866027 0.499997
UV: 0.924265 0.544388

Position: 0.999308 0.0502942 1.915
Normal: -0 -0.866027 0.499997
UV: 0.924265 0.528011

Position: 1.22412 0.182669 2.04738
Normal: -0 -0.499996 0.866028
UV: 0.90598 0.544389

Position: 0.999308 0.182669 2.04738
Normal: -0 -0.499996 0.866028
UV: 0.90598 0.528011

Position: 1.22412 0.363496 2.09583
Normal: -0 0 1
UV: 0.938624 0.539921

Position: 0.999308 0.182669 2.04738
Normal: -0 -0.499996 0.866028
UV: 0.956909 0.523544

Position: 0.999308 0.363496 2.09583
Normal: -0 0 1
UV: 0.938624 0.523544

Position: 1.22412 0.182669 2.04738
Normal: -0 -0.499996 0.866028
UV: 0.956909 0.539921

Position: 1.22412 0.544323 2.04738
Normal: -0 0.499996 0.866028
UV: 0.920339 0.539921

Position: 0.999308 0.544323 2.04738
Normal: -0 0.499996 0.866028
UV: 0.920339 0.523544

Position: 1.22412 0.676698 1.915
Normal: -0 0.866028 0.499996
UV: 0.902054 0.539921

Position: 0.999308 0.676698 1.915
Normal: -0 0.866028 0.499996
UV: 0.902054 0.523544

Position: 1.22412 0.676698 1.915
Normal: -0 0.866028 0.499996
UV: 0.917614 0.522887

Position: 0.999308 0.676698 1.915
Normal: -0 0.866028 0.499996
UV: 0.917614 0.539265

Position: 1.22412 0.72515 1.73417
Normal: -0 1 1.45847e-008
UV: 0.9359 0.522887

Position: 0.999308 0.72515 1.73417
Normal: -0 1 1.45847e-008
UV: 0.9359 0.539265

Position: 1.22412 0.676698 1.55335
Normal: -0 0.866026 -0.499999
UV: 0.954185 0.522887

Position: 0.999308 0.676698 1.55335
Normal: -0 0.866026 -0.499999
UV: 0.954185 0.539265

Position: 1.22412 0.676698 1.55335
Normal: 1 0 0
UV: 0.495735 0.211328

Position: 1.22412 0.544323 1.42097
Normal: 1 0 0
UV: 0.542585 0.198776

Position: 1.22412 0.363496 1.73417
Normal: 1 3.79758e-008 0
UV: 0.495735 0.117626

Position: 1.22412 0.363496 1.37252
Normal: 1 0 0
UV: 0.576885 0.164476

Position: 1.22412 0.182669 1.42097
Normal: 1 0 0
UV: 0.589438 0.117622

Position: 1.22412 0.0502942 1.55335
Normal: 1 0 0
UV: 0.576885 0.0707719

Position: 1.22412 0.00184151 1.73417
Normal: 1 0 0
UV: 0.542587 0.0364756

Position: 1.22412 0.0502942 1.915
Normal: 1 -2.27856e-007 0
UV: 0.495735 0.0239194

Position: 1.22412 0.182669 2.04738
Normal: 1 -2.27857e-007 0
UV: 0.448882 0.0364725

Position: 1.22412 0.363496 2.09583
Normal: 1 0 0
UV: 0.414583 0.0707702

Position: 1.22412 0.544323 2.04738
Normal: 1 4.55714e-007 0
UV: 0.402029 0.117622

Position: 1.22412 0.676698 1.915
Normal: 1 4.55713e-007 0
UV: 0.414583 0.164476

Position: 1.22412 0.72515 1.73417
Normal: 1 0 0
UV: 0.448882 0.198774

Position: 0.999308 0.676698 1.55335
Normal: -1 0 0
UV: 0.894394 0.53954

Position: 0.999308 0.72515 1.73417
Normal: -1 -3.45845e-014 0
UV: 0.9359 0.539265

Position: 0.999308 0.544323 1.42097
Normal: -1 -4.4864e-007 0
UV: 0.912679 0.53954

Position: 0.999308 0.363496 1.37252
Normal: -1 1.7667e-007 0
UV: 0.930964 0.53954

Position: 0.999308 0.182669 1.42097
Normal: -1 6.43732e-008 0
UV: 0.949248 0.53954

Position: 0.999308 0.0502942 1.55335
Normal: -1 0 0
UV: 0.960835 0.528012

Position: 0.999308 0.00184151 1.73417
Normal: -1 0 0
UV: 0.94255 0.528011

Position: 0.999308 0.0502942 1.915
Normal: -1 9.63033e-008 0
UV: 0.924265 0.528011

Position: 0.999308 0.182669 2.04738
Normal: -1 9.29848e-008 0
UV: 0.956909 0.523544

Position: 0.999308 0.363496 2.09583
Normal: -1 -2.94446e-007 0
UV: 0.938624 0.523544

Position: 0.999308 0.544323 2.04738
Normal: -1 6.81256e-007 0
UV: 0.920339 0.523544

Position: 0.999308 0.676698 1.915
Normal: -1 -1.7007e-006 0
UV: 0.917614 0.539265


[INDEX_DATA]
0 2 1
1 2 3
4 5 3
3 2 4
6 7 5
5 4 6
8 9 7
7 6 8
10 12 11
11 13 10
14 15 12
12 10 14
16 17 15
15 14 16
18 20 19
19 21 18
22 23 20
20 18 22
24 25 23
23 22 24
26 28 27
27 28 29
28 30 29
29 30 31
32 34 33
33 34 35
35 34 36
36 34 37
37 34 38
38 34 39
39 34 40
40 34 41
41 34 42
42 34 43
43 34 44
44 34 32
45 47 46
47 48 46
48 49 46
49 50 46
50 51 46
51 52 46
52 53 46
53 54 46
54 55 46
55 56 46

[MESH_DATA]
VertexCount: 57
IndexCount: 138
BoneCount: 0
AnimationClips: 1

[VERTEX_DATA]
Position: 1.22412 0.544323 -1.93549
Normal: -0 0.500001 -0.866025
UV: 0.912679 0.523163

Position: 0.999308 0.676698 -1.80312
Normal: -0 0.866026 -0.499999
UV: 0.894394 0.53954

Position: 0.999308 0.544323 -1.93549
Normal: -0 0.500001 -0.866025
UV: 0.912679 0.53954

Position: 1.22412 0.676698 -1.80312
Normal: -0 0.866026 -0.499999
UV: 0.894394 0.523163

Position: 1.22412 0.363496 -1.98395
Normal: -0 0 -1
UV: 0.930964 0.523163

Position: 0.999308 0.363496 -1.98395
Normal: -0 0 -1
UV: 0.930964 0.53954

Position: 1.22412 0.182669 -1.93549
Normal: -0 -0.500001 -0.866025
UV: 0.949248 0.523163

Position: 0.999308 0.182669 -1.93549
Normal: -0 -0.500001 -0.866025
UV: 0.949248 0.53954

Position: 1.22412 0.0502942 -1.80312
Normal: -0 -0.866025 -0.5
UV: 0.967533 0.523163

Position: 0.999308 0.0502942 -1.80312
Normal: -0 -0.866025 -0.5
UV: 0.967533 0.53954

Position: 1.22412 0.00184151 -1.62229
Normal: -0 -1 0
UV: 0.94255 0.544389

Position: 0.999308 0.0502942 -1.80312
Normal: -0 -0.866025 -0.5
UV: 0.960835 0.528012

Position: 0.999308 0.00184151 -1.62229
Normal: -0 -1 0
UV: 0.94255 0.528011

Position: 1.22412 0.0502942 -1.80312
Normal: -0 -0.866025 -0.5
UV: 0.960835 0.544389

Position: 1.22412 0.0502942 -1.44147
Normal: -0 -0.866025 0.5
UV: 0.924265 0.544388

Position: 0.999308 0.0502942 -1.44147
Normal: -0 -0.866025 0.5
UV: 0.924265 0.528011

Position: 1.22412 0.182669 -1.30909
Normal: -0 -0.500001 0.866025
UV: 0.90598 0.544389

Position: 0.999308 0.182669 -1.30909
Normal: -0 -0.500001 0.866025
UV: 0.90598 0.528011

Position: 1.22412 0.363496 -1.26064
Normal: -0 -1.45848e-008 1
UV: 0.938624 0.539921

Position: 0.999308 0.182669 -1.30909
Normal: -0 -0.500001 0.866025
UV: 0.956909 0.523544

Position: 0.999308 0.363496 -1.26064
Normal: -0 -1.45848e-008 1
UV: 0.938624 0.523544

Position: 1.22412 0.182669 -1.30909
Normal: -0 -0.500001 0.866025
UV: 0.956909 0.539921

Position: 1.22412 0.544323 -1.30909
Normal: -0 0.500001 0.866025
UV: 0.920339 0.539921

Position: 0.999308 0.544323 -1.30909
Normal: -0 0.500001 0.866025
UV: 0.920339 0.523544

Position: 1.22412 0.676698 -1.44147
Normal: -0 0.866026 0.499999
UV: 0.902054 0.539921

Position: 0.999308 0.676698 -1.44147
Normal: -0 0.866026 0.499999
UV: 0.902054 0.523544

Position: 1.22412 0.676698 -1.44147
Normal: -0 0.866026 0.499999
UV: 0.917614 0.522887

Position: 0.999308 0.676698 -1.44147
Normal: -0 0.866026 0.499999
UV: 0.917614 0.539265

Position: 1.22412 0.72515 -1.62229
Normal: -0 1 0
UV: 0.9359 0.522887

Position: 0.999308 0.72515 -1.62229
Normal: -0 1 0
UV: 0.9359 0.539265

Position: 1.22412 0.676698 -1.80312
Normal: -0 0.866026 -0.499999
UV: 0.954185 0.522887

Position: 0.999308 0.676698 -1.80312
Normal: -0 0.866026 -0.499999
UV: 0.954185 0.539265

Position: 1.22412 0.676698 -1.80312
Normal: 1 0 0
UV: 0.495735 0.211328

Position: 1.22412 0.544323 -1.93549
Normal: 1 0 0
UV: 0.542585 0.198776

Position: 1.22412 0.363496 -1.62229
Normal: 1 7.59525e-008 0
UV: 0.495735 0.117626

Position: 1.22412 0.363496 -1.98395
Normal: 1 0 0
UV: 0.576885 0.164476

Position: 1.22412 0.182669 -1.93549
Normal: 1 0 0
UV: 0.589438 0.117622

Position: 1.22412 0.0502942 -1.80312
Normal: 1 0 0
UV: 0.576885 0.0707719

Position: 1.22412 0.00184151 -1.62229
Normal: 1 0 0
UV: 0.542587 0.0364756

Position: 1.22412 0.0502942 -1.44147
Normal: 1 0 0
UV: 0.495735 0.0239194

Position: 1.22412 0.182669 -1.30909
Normal: 1 4.55714e-007 0
UV: 0.448882 0.0364725

Position: 1.22412 0.363496 -1.26064
Normal: 1 4.55716e-007 0
UV: 0.414583 0.0707702

Position: 1.22412 0.544323 -1.30909
Normal: 1 0 0
UV: 0.402029 0.117622

Position: 1.22412 0.676698 -1.44147
Normal: 1 0 0
UV: 0.414583 0.164476

Position: 1.22412 0.72515 -1.62229
Normal: 1 0 0
UV: 0.448882 0.198774

Position: 0.999308 0.676698 -1.80312
Normal: -1 -1.70074e-006 0
UV: 0.894394 0.53954

Position: 0.999308 0.72515 -1.62229
Normal: -1 -1.21046e-012 0
UV: 0.9359 0.539265

Position: 0.999308 0.544323 -1.93549
Normal: -1 5.31726e-007 0
UV: 0.912679 0.53954

Position: 0.999308 0.363496 -1.98395
Normal: -1 -2.35557e-007 0
UV: 0.930964 0.53954

Position: 0.999308 0.182669 -1.93549
Normal: -1 1.14442e-007 0
UV: 0.949248 0.53954

Position: 0.999308 0.0502942 -1.80312
Normal: -1 9.63039e-008 0
UV: 0.960835 0.528012

Position: 0.999308 0.00184151 -1.62229
Normal: -1 0 0
UV: 0.94255 0.528011

Position: 0.999308 0.0502942 -1.44147
Normal: -1 0 0
UV: 0.924265 0.528011

Position: 0.999308 0.182669 -1.30909
Normal: -1 6.43731e-008 0
UV: 0.956909 0.523544

Position: 0.999308 0.363496 -1.26064
Normal: -1 1.7667e-007 0
UV: 0.938624 0.523544

Position: 0.999308 0.544323 -1.30909
Normal: -1 -4.4864e-007 0
UV: 0.920339 0.523544

Position: 0.999308 0.676698 -1.44147
Normal: -1 0 0
UV: 0.917614 0.539265


[INDEX_DATA]
0 2 1
1 3 0
4 5 2
2 0 4
6 7 5
5 4 6
8 9 7
7 6 8
10 12 11
11 13 10
14 15 12
12 10 14
16 17 15
15 14 16
18 20 19
19 21 18
22 23 20
20 18 22
22 24 23
23 24 25
26 28 27
27 28 29
28 30 29
29 30 31
32 34 33
33 34 35
35 34 36
36 34 37
37 34 38
38 34 39
39 34 40
40 34 41
41 34 42
42 34 43
43 34 44
44 34 32
45 47 46
47 48 46
48 49 46
49 50 46
50 51 46
51 52 46
52 53 46
53 54 46
54 55 46
55 56 46

