[FBX_META_DATA]
MeshCount: 1

[MESH_DATA]
VertexCount: 585
IndexCount: 1236
BoneCount: 0
AnimationClips: 1

[VERTEX_DATA]
Position: 1.22702 0.576109 1.64507
Normal: 1 -6.8308e-008 0
UV: 0.739553 0.359873

Position: 1.22702 0.380989 -1.24451
Normal: 1 0 0
UV: 0.260872 0.389989

Position: 1.22702 0.380989 1.64507
Normal: 1 0 0
UV: 0.739553 0.389989

Position: 1.22702 0.586974 -1.24451
Normal: 1 5.16779e-008 0
UV: 0.260872 0.358195

Position: -2.07107e-012 2.38565 1.5321
Normal: -0 1 -1.0793e-015
UV: 0.939078 0.608199

Position: 1.22702 2.38565 -1.13154
Normal: -0 1 -2.15859e-015
UV: 0.527952 0.797587

Position: 1.22702 2.38565 1.5321
Normal: -0 1 -2.15859e-015
UV: 0.939078 0.797587

Position: -2.07403e-012 2.38565 -1.13154
Normal: -0 1 -1.0793e-015
UV: 0.527952 0.608199

Position: 1.22702 0.380989 1.64507
Normal: -0 -1 3.44728e-016
UV: 0.115414 0.504875

Position: 1.22702 0.380989 -1.24451
Normal: -0 -1 3.44686e-016
UV: 0.339608 0.504875

Position: -2.07095e-012 0.380989 1.64507
Normal: -0 -1 1.72364e-016
UV: 0.115414 0.409674

Position: -2.07416e-012 0.380989 -1.24451
Normal: -0 -1 1.72343e-016
UV: 0.339608 0.409674

Position: 1.22702 0.581542 -2.87003
Normal: -0 0 -1
UV: 0.0191702 0.951275

Position: -2.07596e-012 0.581542 -2.87003
Normal: -0 0 -1
UV: 0.208558 0.951275

Position: 1.22702 0.380989 -2.87003
Normal: -0 0 -1
UV: 0.0191703 0.98223

Position: -2.07596e-012 0.380989 -2.87003
Normal: -0 0 -1
UV: 0.208558 0.98223

Position: 1.22702 0.380989 2.87003
Normal: -0 0 1
UV: 0.0191703 0.98223

Position: -2.06959e-012 0.586974 2.87003
Normal: -0 0 1
UV: 0.208558 0.951275

Position: 1.22702 0.586974 2.87003
Normal: -0 0 1
UV: 0.0191702 0.951275

Position: -2.06959e-012 0.380989 2.87003
Normal: -0 0 1
UV: 0.208558 0.98223

Position: 1.22702 1.53675 0.111482
Normal: 1 2.16286e-007 0
UV: 0.106603 0.195605

Position: 1.22702 2.28561 -0.999831
Normal: 1 -4.58389e-008 0
UV: 0.19227 0.0381681

Position: 1.22702 1.53675 -1.08391
Normal: 1 2.16286e-007 0
UV: 0.106604 0.0359049

Position: 1.22702 2.28561 0.119925
Normal: 1 -4.58389e-008 0
UV: 0.19227 0.192486

Position: 1.10955 2.22694 1.53861
Normal: -0.00865189 0.10419 0.99452
UV: 0.226592 0.195605

Position: -2.07096e-012 1.53675 1.63856
Normal: -0 0.101004 0.994886
UV: 0.146742 0.0359049

Position: -2.07107e-012 2.22694 1.53861
Normal: -0 0.0922749 0.995734
UV: 0.146742 0.195605

Position: 1.10955 1.53675 1.63856
Normal: -0.00864898 0.109999 0.993894
UV: 0.226592 0.0359048

Position: 1.10955 1.53409 -1.23704
Normal: 0.00696754 0.104381 -0.994513
UV: 0.226592 0.0359048

Position: -2.07404e-012 2.28561 -1.14293
Normal: -0 0.118717 -0.992928
UV: 0.146742 0.195605

Position: -2.07415e-012 1.53409 -1.23704
Normal: -0 0.0965075 -0.995332
UV: 0.146742 0.0359049

Position: 1.10955 2.28561 -1.14293
Normal: 0.00696537 0.11918 -0.992848
UV: 0.226592 0.195605

Position: 1.22702 0.380989 -2.7645
Normal: -0 -1 3.45213e-016
UV: 0.457541 0.504875

Position: -2.07584e-012 0.380989 -2.7645
Normal: -0 -1 1.72607e-016
UV: 0.457541 0.409674

Position: -2.07416e-012 1.42565 -1.24451
Normal: -0 1 -6.44773e-016
UV: 0.437214 0.824828

Position: 1.22702 1.42565 -2.7645
Normal: -0 1 -1.28955e-015
UV: 0.247826 0.590219

Position: 1.22702 1.42565 -1.24451
Normal: -0 1 -1.28955e-015
UV: 0.247826 0.824828

Position: -2.07584e-012 1.42565 -2.7645
Normal: -0 1 -6.44773e-016
UV: 0.437214 0.590219

Position: 1.22702 0.581542 -2.7645
Normal: 1 6.89039e-008 0
UV: 0.0397654 0.359033

Position: 1.22702 0.380989 -2.7645
Normal: 1 0 0
UV: 0.0397654 0.389989

Position: 1.22702 0.380989 2.79475
Normal: -0 -1 1.72351e-016
UV: 0.026212 0.504875

Position: -2.06967e-012 0.380989 2.79475
Normal: -0 -1 3.17445e-019
UV: 0.026212 0.409674

Position: 1.22702 0.380989 2.79475
Normal: 1 0 0
UV: 0.897819 0.389989

Position: 1.22702 0.586974 2.79475
Normal: 1 -9.10774e-008 0
UV: 0.897819 0.358195

Position: -2.06967e-012 1.42565 2.79475
Normal: -0 1 -6.44929e-016
UV: 0.256125 0.808413

Position: 1.22702 1.42565 1.64507
Normal: -0 1 -1.28986e-015
UV: 0.433575 0.619025

Position: 1.22702 1.42565 2.79475
Normal: -0 1 -1.28986e-015
UV: 0.256125 0.619025

Position: -2.07095e-012 1.42565 1.64507
Normal: -0 1 -6.44929e-016
UV: 0.433575 0.808413

Position: 1.10955 1.53409 -1.23704
Normal: 0.00696754 0.104381 -0.994513
UV: 0.0457797 0.91057

Position: -2.07416e-012 1.42565 -1.24451
Normal: -0 0.0686873 -0.997638
UV: 0.0290058 0.739309

Position: 1.22702 1.42565 -1.24451
Normal: 0.0104515 0.0944241 -0.995477
UV: 0.0290077 0.928702

Position: -2.07415e-012 1.53409 -1.23704
Normal: -0 0.0965075 -0.995332
UV: 0.0457807 0.739309

Position: 1.10955 2.28561 -1.14293
Normal: 0.00696537 0.11918 -0.992848
UV: 0.199732 0.910559

Position: -2.07403e-012 2.38565 -1.13154
Normal: -0 0.113178 -0.993575
UV: 0.215245 0.739296

Position: -2.07404e-012 2.28561 -1.14293
Normal: -0 0.118717 -0.992928
UV: 0.199707 0.739298

Position: 1.22702 2.38565 -1.13154
Normal: 0.0104481 0.11664 -0.993119
UV: 0.215272 0.928689

Position: 1.22702 1.42565 1.64507
Normal: 1 2.82349e-007 0
UV: 0.260872 0.224749

Position: 1.22702 1.53675 0.111482
Normal: 1 2.16286e-007 0
UV: 0.51676 0.207601

Position: 1.22702 1.42565 -1.24451
Normal: 1 1.11713e-007 0
UV: 0.739553 0.224749

Position: 1.22702 1.53675 0.315905
Normal: 1 2.52223e-007 0
UV: 0.485207 0.207601

Position: 1.22702 1.53675 1.48447
Normal: 1 2.92173e-007 0
UV: 0.304842 0.207601

Position: 1.22702 1.53675 -1.08391
Normal: 1 2.16286e-007 0
UV: 0.701264 0.2076

Position: 1.22702 2.38565 -1.13154
Normal: 1 0 0
UV: 0.708616 0.0392966

Position: 1.22702 2.28561 -0.999831
Normal: 1 -4.58389e-008 0
UV: 0.688288 0.0548951

Position: 1.22702 2.28561 0.119925
Normal: 1 -4.58389e-008 0
UV: 0.515457 0.0546063

Position: 1.22702 2.38565 1.5321
Normal: 1 5.99243e-008 0
UV: 0.297491 0.0392965

Position: 1.22702 2.28561 0.30819
Normal: 1 -9.90174e-009 0
UV: 0.486398 0.0546057

Position: 1.22702 2.28561 1.40039
Normal: 1 3.00478e-008 0
UV: 0.31782 0.0548918

Position: 1.22702 2.28561 1.40039
Normal: 1 3.00478e-008 0
UV: 0.19227 0.193254

Position: 1.22702 1.53675 0.315905
Normal: 1 2.52223e-007 0
UV: 0.106604 0.0359049

Position: 1.22702 1.53675 1.48447
Normal: 1 2.92173e-007 0
UV: 0.106603 0.195605

Position: 1.22702 2.28561 0.30819
Normal: 1 -9.90174e-009 0
UV: 0.19227 0.0391249

Position: 1.22702 0.963214 -2.50674
Normal: 1 6.89039e-008 0
UV: 0.079551 0.291691

Position: 1.22702 0.964572 -1.24451
Normal: 1 5.16779e-008 0
UV: 0.260872 0.291472

Position: 1.22702 0.961856 -2.7645
Normal: 1 1.03356e-007 0
UV: 0.0397654 0.291891

Position: 1.22702 0.959139 1.64507
Normal: 1 -6.8308e-008 0
UV: 0.739553 0.292311

Position: 1.22702 0.961856 2.56876
Normal: 1 -9.10774e-008 0
UV: 0.862938 0.291874

Position: 1.22702 0.964572 2.79475
Normal: 1 -1.36616e-007 0
UV: 0.897819 0.291472

Position: -2.06967e-012 0.586974 2.79475
Normal: -1.02242e-007 0 1
UV: 0.899913 0.541165

Position: 0.613512 0.964572 2.79475
Normal: -0 0 1
UV: 0.805219 0.474441

Position: 1.22702 0.586974 2.79475
Normal: -0 0 1
UV: 0.710525 0.541165

Position: -2.06967e-012 0.964572 2.79475
Normal: -5.11209e-008 0 1
UV: 0.899913 0.474441

Position: 1.22702 0.964572 2.79475
Normal: -0 0 1
UV: 0.710525 0.474441

Position: 1.22702 0.581542 -2.7645
Normal: -0 0 -1
UV: 0.437153 0.978371

Position: 0.613512 0.961856 -2.7645
Normal: -0 0 -1
UV: 0.342459 0.911228

Position: -2.07584e-012 0.581542 -2.7645
Normal: -0 0 -1
UV: 0.247765 0.978371

Position: 1.22702 0.961856 -2.7645
Normal: -0 0 -1
UV: 0.437153 0.911228

Position: -2.07584e-012 0.961856 -2.7645
Normal: -0 0 -1
UV: 0.247765 0.911228

Position: 1.22702 0.581542 -2.87003
Normal: 1 0 0
UV: 0.0234764 0.359034

Position: 1.22702 0.380989 -2.87003
Normal: 1 0 0
UV: 0.0234764 0.389989

Position: -2.07584e-012 0.581542 -2.7645
Normal: -0 1 0
UV: 0.246751 0.584781

Position: 1.22702 0.581542 -2.87003
Normal: -0 1 0
UV: 0.436137 0.60107

Position: 1.22702 0.581542 -2.7645
Normal: -0 1 0
UV: 0.436137 0.584781

Position: -2.07596e-012 0.581542 -2.87003
Normal: -0 1 0
UV: 0.246751 0.60107

Position: 1.22702 0.380989 -2.87003
Normal: -0 -1 3.45809e-016
UV: 0.465728 0.504875

Position: -2.07596e-012 0.380989 -2.87003
Normal: -0 -1 1.72905e-016
UV: 0.465729 0.409674

Position: 1.31699 0.710581 -1.96506
Normal: -0 0.707107 -0.707106
UV: 0.991138 0.00995225

Position: 1.14029 0.710581 -1.96506
Normal: -0 0.707107 -0.707106
UV: 0.963864 0.00995189

Position: 1.31699 0.571075 -2.10456
Normal: -0 0.707107 -0.707106
UV: 0.991138 0.0111596

Position: 1.14029 0.571075 -2.10456
Normal: -0 0.707107 -0.707106
UV: 0.963863 0.0111596

Position: 1.31699 0.380505 -2.15563
Normal: -0 0.258818 -0.965926
UV: 0.991138 0.0123672

Position: 1.14029 0.571075 -2.10456
Normal: -0 0.258818 -0.965926
UV: 0.963863 0.0111596

Position: 1.14029 0.380505 -2.15563
Normal: -0 0.258818 -0.965926
UV: 0.963863 0.0123672

Position: 1.31699 0.571075 -2.10456
Normal: -0 0.258818 -0.965926
UV: 0.991138 0.0111596

Position: 1.31699 0.189936 -2.10456
Normal: -0 -0.258818 -0.965926
UV: 0.991138 0.0135747

Position: 1.14029 0.380505 -2.15563
Normal: -0 -0.258818 -0.965926
UV: 0.963863 0.0123672

Position: 1.14029 0.189936 -2.10456
Normal: -0 -0.258818 -0.965926
UV: 0.963863 0.0135747

Position: 1.31699 0.380505 -2.15563
Normal: -0 -0.258818 -0.965926
UV: 0.991138 0.0123672

Position: 1.31699 0.0504294 -1.96506
Normal: -0 -0.707107 -0.707106
UV: 0.991138 0.0147821

Position: 1.14029 0.189936 -2.10456
Normal: -0 -0.707107 -0.707106
UV: 0.963863 0.0135747

Position: 1.14029 0.0504294 -1.96506
Normal: -0 -0.707107 -0.707106
UV: 0.963864 0.0147824

Position: 1.31699 0.189936 -2.10456
Normal: -0 -0.707107 -0.707106
UV: 0.991138 0.0135747

Position: 1.31699 -0.00063375 -1.77449
Normal: -0 -0.965926 -0.25882
UV: 0.991152 0.0159896

Position: 1.14029 0.0504294 -1.96506
Normal: -0 -0.965926 -0.25882
UV: 0.963864 0.0147824

Position: 1.14029 -0.00063375 -1.77449
Normal: -0 -0.965926 -0.25882
UV: 0.963877 0.0159901

Position: 1.31699 0.0504294 -1.96506
Normal: -0 -0.965926 -0.25882
UV: 0.991138 0.0147821

Position: 1.31699 0.0504294 -1.58392
Normal: -0 -0.965926 0.25882
UV: 0.991166 0.0171972

Position: 1.14029 -0.00063375 -1.77449
Normal: -0 -0.965926 0.25882
UV: 0.963877 0.0159901

Position: 1.14029 0.0504294 -1.58392
Normal: -0 -0.965926 0.25882
UV: 0.963891 0.0171977

Position: 1.31699 -0.00063375 -1.77449
Normal: -0 -0.965926 0.25882
UV: 0.991152 0.0159896

Position: 1.31699 0.189936 -1.44441
Normal: -0 -0.707107 0.707106
UV: 0.991179 0.0184047

Position: 1.14029 0.0504294 -1.58392
Normal: -0 -0.707107 0.707106
UV: 0.963891 0.0171977

Position: 1.14029 0.189936 -1.44441
Normal: -0 -0.707107 0.707106
UV: 0.963904 0.0184054

Position: 1.31699 0.0504294 -1.58392
Normal: -0 -0.707107 0.707106
UV: 0.991166 0.0171972

Position: 1.31699 0.380505 -1.39335
Normal: -0 -0.258818 0.965926
UV: 0.991203 0.0196121

Position: 1.14029 0.189936 -1.44441
Normal: -0 -0.258818 0.965926
UV: 0.963904 0.0184054

Position: 1.14029 0.380505 -1.39335
Normal: -0 -0.258818 0.965926
UV: 0.963928 0.0196131

Position: 1.31699 0.189936 -1.44441
Normal: -0 -0.258818 0.965926
UV: 0.991179 0.0184047

Position: 1.31699 0.571075 -1.44441
Normal: -0 0.258818 0.965926
UV: 0.991227 0.0208197

Position: 1.14029 0.380505 -1.39335
Normal: -0 0.258818 0.965926
UV: 0.963928 0.0196131

Position: 1.14029 0.571075 -1.44441
Normal: -0 0.258818 0.965926
UV: 0.963952 0.0208206

Position: 1.31699 0.380505 -1.39335
Normal: -0 0.258818 0.965926
UV: 0.991203 0.0196121

Position: 1.31699 0.571075 -1.44441
Normal: -0 0.707107 0.707106
UV: 0.991227 0.0208197

Position: 1.14029 0.571075 -1.44441
Normal: -0 0.707107 0.707106
UV: 0.963952 0.0208206

Position: 1.31699 0.710581 -1.58392
Normal: -0 0.707107 0.707106
UV: 0.991251 0.0220273

Position: 1.14029 0.710581 -1.58392
Normal: -0 0.707107 0.707106
UV: 0.963976 0.0220281

Position: 1.31699 0.710581 -1.58392
Normal: -0 0.965926 0.258818
UV: 0.991176 0.00753719

Position: 1.14029 0.710581 -1.58392
Normal: -0 0.965926 0.258818
UV: 0.963902 0.00753647

Position: 1.31699 0.761644 -1.77449
Normal: -0 0.965926 0.258818
UV: 0.991157 0.00874478

Position: 1.14029 0.761644 -1.77449
Normal: -0 0.965926 0.258818
UV: 0.963883 0.00874406

Position: 1.31699 0.761644 -1.77449
Normal: -0 0.965926 -0.258818
UV: 0.991157 0.00874478

Position: 1.14029 0.761644 -1.77449
Normal: -0 0.965926 -0.258818
UV: 0.963883 0.00874406

Position: 1.31699 0.710581 -1.96506
Normal: -0 0.965926 -0.258818
UV: 0.991138 0.00995225

Position: 1.14029 0.710581 -1.96506
Normal: -0 0.965926 -0.258818
UV: 0.963864 0.00995189

Position: 1.31699 0.710581 -1.96506
Normal: 1 0 0
UV: 0.871411 0.0166589

Position: 1.31699 0.571075 -2.10456
Normal: 1 -4.10311e-007 0
UV: 0.843602 0.0444695

Position: 1.31699 0.380505 -1.77449
Normal: 1 0 0
UV: 0.9094 0.0824587

Position: 1.31699 0.380505 -2.15563
Normal: 1 -4.10311e-007 0
UV: 0.833422 0.0824587

Position: 1.31699 0.189936 -2.10456
Normal: 1 -4.10311e-007 0
UV: 0.843602 0.120448

Position: 1.31699 0.0504294 -1.96506
Normal: 1 -4.10311e-007 0
UV: 0.871411 0.148257

Position: 1.31699 -0.00063375 -1.77449
Normal: 1 0 0
UV: 0.9094 0.158436

Position: 1.31699 0.0504294 -1.58392
Normal: 1 0 0
UV: 0.947389 0.148257

Position: 1.31699 0.189936 -1.44441
Normal: 1 4.10311e-007 0
UV: 0.975198 0.120448

Position: 1.31699 0.380505 -1.39335
Normal: 1 4.10311e-007 0
UV: 0.985378 0.0824587

Position: 1.31699 0.571075 -1.44441
Normal: 1 4.10311e-007 0
UV: 0.975199 0.0444695

Position: 1.31699 0.710581 -1.58392
Normal: 1 4.10311e-007 0
UV: 0.947389 0.0166589

Position: 1.31699 0.761644 -1.77449
Normal: 1 0 0
UV: 0.9094 0.00648028

Position: 1.31699 0.710581 1.60927
Normal: -0 0.707108 -0.707106
UV: 0.991268 0.00993985

Position: 1.14029 0.710581 1.60927
Normal: -0 0.707108 -0.707106
UV: 0.963994 0.00993985

Position: 1.31699 0.571075 1.46976
Normal: -0 0.707108 -0.707106
UV: 0.991269 0.0111474

Position: 1.14029 0.571075 1.46976
Normal: -0 0.707108 -0.707106
UV: 0.963993 0.0111474

Position: 1.31699 0.380505 1.4187
Normal: -0 0.258818 -0.965926
UV: 0.991269 0.012355

Position: 1.14029 0.571075 1.46976
Normal: -0 0.258818 -0.965926
UV: 0.963993 0.0111474

Position: 1.14029 0.380505 1.4187
Normal: -0 0.258818 -0.965926
UV: 0.963993 0.012355

Position: 1.31699 0.571075 1.46976
Normal: -0 0.258818 -0.965926
UV: 0.991269 0.0111474

Position: 1.31699 0.189936 1.46976
Normal: -0 -0.258818 -0.965926
UV: 0.991269 0.0135625

Position: 1.14029 0.380505 1.4187
Normal: -0 -0.258818 -0.965926
UV: 0.963993 0.012355

Position: 1.14029 0.189936 1.46976
Normal: -0 -0.258818 -0.965926
UV: 0.963993 0.0135625

Position: 1.31699 0.380505 1.4187
Normal: -0 -0.258818 -0.965926
UV: 0.991269 0.012355

Position: 1.31699 0.0504294 1.60927
Normal: -0 -0.707108 -0.707106
UV: 0.991268 0.0147701

Position: 1.14029 0.189936 1.46976
Normal: -0 -0.707108 -0.707106
UV: 0.963993 0.0135625

Position: 1.14029 0.0504294 1.60927
Normal: -0 -0.707108 -0.707106
UV: 0.963994 0.0147701

Position: 1.31699 0.189936 1.46976
Normal: -0 -0.707108 -0.707106
UV: 0.991269 0.0135625

Position: 1.31699 -0.00063375 1.79984
Normal: -0 -0.965925 -0.258821
UV: 0.991267 0.0159777

Position: 1.14029 0.0504294 1.60927
Normal: -0 -0.965925 -0.258821
UV: 0.963994 0.0147701

Position: 1.14029 -0.00063375 1.79984
Normal: -0 -0.965925 -0.258821
UV: 0.963991 0.0159777

Position: 1.31699 0.0504294 1.60927
Normal: -0 -0.965925 -0.258821
UV: 0.991268 0.0147701

Position: 1.31699 0.0504294 1.99041
Normal: -0 -0.965926 0.25882
UV: 0.991265 0.0171853

Position: 1.14029 -0.00063375 1.79984
Normal: -0 -0.965926 0.25882
UV: 0.963991 0.0159777

Position: 1.14029 0.0504294 1.99041
Normal: -0 -0.965926 0.25882
UV: 0.963989 0.0171852

Position: 1.31699 -0.00063375 1.79984
Normal: -0 -0.965926 0.25882
UV: 0.991267 0.0159777

Position: 1.31699 0.189936 2.12991
Normal: -0 -0.707106 0.707108
UV: 0.991261 0.0183929

Position: 1.14029 0.0504294 1.99041
Normal: -0 -0.707106 0.707108
UV: 0.963989 0.0171852

Position: 1.14029 0.189936 2.12991
Normal: -0 -0.707106 0.707108
UV: 0.963987 0.0183927

Position: 1.31699 0.0504294 1.99041
Normal: -0 -0.707106 0.707108
UV: 0.991265 0.0171853

Position: 1.31699 0.380505 2.18098
Normal: -0 -0.25882 0.965926
UV: 0.991256 0.0196006

Position: 1.14029 0.189936 2.12991
Normal: -0 -0.25882 0.965926
UV: 0.963987 0.0183927

Position: 1.14029 0.380505 2.18098
Normal: -0 -0.25882 0.965926
UV: 0.96398 0.0196003

Position: 1.31699 0.189936 2.12991
Normal: -0 -0.25882 0.965926
UV: 0.991261 0.0183929

Position: 1.31699 0.571075 2.12991
Normal: -0 0.25882 0.965926
UV: 0.99125 0.020808

Position: 1.14029 0.380505 2.18098
Normal: -0 0.25882 0.965926
UV: 0.96398 0.0196003

Position: 1.14029 0.571075 2.12991
Normal: -0 0.25882 0.965926
UV: 0.963974 0.0208078

Position: 1.31699 0.380505 2.18098
Normal: -0 0.25882 0.965926
UV: 0.991256 0.0196006

Position: 1.31699 0.710581 1.99041
Normal: -0 0.707106 0.707108
UV: 0.991243 0.0220156

Position: 1.14029 0.571075 2.12991
Normal: -0 0.707106 0.707108
UV: 0.963974 0.0208078

Position: 1.14029 0.710581 1.99041
Normal: -0 0.707106 0.707108
UV: 0.963969 0.0220154

Position: 1.31699 0.571075 2.12991
Normal: -0 0.707106 0.707108
UV: 0.99125 0.020808

Position: 1.31699 0.710581 1.99041
Normal: -0 0.965926 0.258817
UV: 0.991273 0.00752479

Position: 1.14029 0.710581 1.99041
Normal: -0 0.965926 0.258817
UV: 0.963999 0.00752467

Position: 1.31699 0.761644 1.79984
Normal: -0 0.965926 0.258817
UV: 0.991271 0.00873238

Position: 1.14029 0.761644 1.79984
Normal: -0 0.965926 0.258817
UV: 0.963997 0.00873226

Position: 1.31699 0.761644 1.79984
Normal: -0 0.965926 -0.258818
UV: 0.991271 0.00873238

Position: 1.14029 0.761644 1.79984
Normal: -0 0.965926 -0.258818
UV: 0.963997 0.00873226

Position: 1.31699 0.710581 1.60927
Normal: -0 0.965926 -0.258818
UV: 0.991268 0.00993985

Position: 1.14029 0.710581 1.60927
Normal: -0 0.965926 -0.258818
UV: 0.963994 0.00993985

Position: 1.31699 0.710581 1.60927
Normal: 1 0 0
UV: 0.871411 0.0166588

Position: 1.31699 0.571075 1.46976
Normal: 1 0 0
UV: 0.843601 0.0444696

Position: 1.31699 0.380505 1.79984
Normal: 1 6.83854e-008 0
UV: 0.9094 0.0824587

Position: 1.31699 0.380505 1.4187
Normal: 1 0 0
UV: 0.833422 0.0824587

Position: 1.31699 0.189936 1.46976
Normal: 1 0 0
UV: 0.843601 0.120448

Position: 1.31699 0.0504294 1.60927
Normal: 1 0 0
UV: 0.871411 0.148257

Position: 1.31699 -0.00063375 1.79984
Normal: 1 0 0
UV: 0.9094 0.158436

Position: 1.31699 0.0504294 1.99041
Normal: 1 4.10312e-007 0
UV: 0.947389 0.148257

Position: 1.31699 0.189936 2.12991
Normal: 1 4.10312e-007 0
UV: 0.975199 0.120448

Position: 1.31699 0.380505 2.18098
Normal: 1 0 0
UV: 0.985379 0.0824587

Position: 1.31699 0.571075 2.12991
Normal: 1 0 0
UV: 0.975199 0.0444695

Position: 1.31699 0.710581 1.99041
Normal: 1 0 0
UV: 0.947389 0.016659

Position: 1.31699 0.761644 1.79984
Normal: 1 0 0
UV: 0.9094 0.0064804

Position: 1.26195 1.60957 -1.08827
Normal: -0 0.938583 -0.345054
UV: 0.551228 0.962802

Position: 1.60354 1.56158 -1.21881
Normal: -0 0.938583 -0.345054
UV: 0.507951 0.941301

Position: 1.66481 1.60957 -1.08827
Normal: -0 0.938583 -0.345054
UV: 0.507951 0.962802

Position: 1.32322 1.56158 -1.21881
Normal: -0 0.938583 -0.345054
UV: 0.551228 0.941301

Position: 1.32322 1.34202 -1.21881
Normal: -0 0 -1
UV: 0.551228 0.907405

Position: 1.60354 1.34202 -1.21881
Normal: -0 0 -1
UV: 0.507951 0.907405

Position: 1.60354 1.56158 -1.21881
Normal: -0 0 -1
UV: 0.507951 0.941301

Position: 1.32322 1.56158 -1.21881
Normal: -0 0 -1
UV: 0.551228 0.941301

Position: 1.26195 1.29403 -1.08827
Normal: -0 -0.938582 -0.345056
UV: 0.551228 0.885936

Position: 1.66481 1.29403 -1.08827
Normal: -0 -0.938582 -0.345056
UV: 0.507951 0.885936

Position: 1.60354 1.34202 -1.21881
Normal: -0 -0.938582 -0.345056
UV: 0.507951 0.907405

Position: 1.32322 1.34202 -1.21881
Normal: -0 -0.938582 -0.345056
UV: 0.551228 0.907405

Position: 1.26195 1.60957 -1.08827
Normal: -0 0 1
UV: 0.551228 0.837232

Position: 1.66481 1.60957 -1.08827
Normal: -0 0 1
UV: 0.507951 0.837232

Position: 1.66481 1.29403 -1.08827
Normal: -0 0 1
UV: 0.507951 0.885936

Position: 1.26195 1.29403 -1.08827
Normal: -0 0 1
UV: 0.551228 0.885936

Position: 1.26195 1.60957 -1.08827
Normal: -0.905247 0 -0.424885
UV: 0.551228 0.962802

Position: 1.26195 1.29403 -1.08827
Normal: -0.905247 0 -0.424885
UV: 0.596833 0.962802

Position: 1.32322 1.34202 -1.21881
Normal: -0.905247 0 -0.424885
UV: 0.596833 0.941301

Position: 1.32322 1.56158 -1.21881
Normal: -0.905247 0 -0.424885
UV: 0.551228 0.941301

Position: 1.66481 1.60957 -1.08827
Normal: 0.905247 0 -0.424886
UV: 0.507951 0.962802

Position: 1.60354 1.34202 -1.21881
Normal: 0.905247 0 -0.424886
UV: 0.462358 0.941301

Position: 1.66481 1.29403 -1.08827
Normal: 0.905247 0 -0.424886
UV: 0.462358 0.962802

Position: 1.60354 1.56158 -1.21881
Normal: 0.905247 0 -0.424886
UV: 0.507951 0.941301

Position: -0.98753 2.67194 0.289179
Normal: -1 0 0
UV: 0.619857 0.942092

Position: -0.98753 2.38565 0.289179
Normal: -1 0 0
UV: 0.619834 0.979638

Position: -0.98753 2.67194 0.0369491
Normal: -1 0 0
UV: 0.636581 0.942092

Position: -0.98753 2.38565 0.0369491
Normal: -1 0 0
UV: 0.636605 0.979639

Position: -2.07273e-012 2.67194 0.0369491
Normal: -0 1 0
UV: 0.811249 0.942037

Position: 0.98753 2.67194 0.0369491
Normal: -0 1 0
UV: 0.965889 0.941959

Position: -2.07245e-012 2.67194 0.289179
Normal: -0 1 0
UV: 0.811192 0.926654

Position: 0.98753 2.67194 0.289179
Normal: -0 1 0
UV: 0.965761 0.926568

Position: 0.98753 2.38565 0.289179
Normal: 1 0 0
UV: 0.980665 0.979472

Position: 0.98753 2.67194 0.289179
Normal: 1 0 0
UV: 0.980614 0.941921

Position: 0.98753 2.38565 0.0369491
Normal: 1 0 0
UV: 0.965889 0.979511

Position: 0.98753 2.67194 0.0369491
Normal: 1 0 0
UV: 0.965889 0.941959

Position: -2.07273e-012 2.38565 0.0369491
Normal: -0 0 -1
UV: 0.811291 0.979587

Position: 0.98753 2.38565 0.0369491
Normal: -0 0 -1
UV: 0.965889 0.979511

Position: 0.98753 2.67194 0.0369491
Normal: -0 0 -1
UV: 0.965889 0.941959

Position: -2.07273e-012 2.67194 0.0369491
Normal: -0 0 -1
UV: 0.811249 0.942037

Position: -2.07245e-012 2.67194 0.289179
Normal: -0 0 1
UV: 0.811311 0.96512

Position: 0.98753 2.67194 0.289179
Normal: -0 0 1
UV: 0.965889 0.965042

Position: 0.98753 2.38565 0.289179
Normal: -0 0 1
UV: 0.965822 0.94965

Position: -2.07245e-012 2.38565 0.289179
Normal: -0 0 1
UV: 0.811253 0.949737

Position: -1.22702 0.576109 1.64507
Normal: -1 -3.4154e-008 0
UV: 0.260723 0.359873

Position: -1.22702 0.380989 -1.24451
Normal: -1 0 0
UV: 0.739404 0.389989

Position: -1.22702 0.586974 -1.24451
Normal: -1 5.64783e-008 0
UV: 0.739404 0.358195

Position: -1.22702 0.380989 1.64507
Normal: -1 0 0
UV: 0.260723 0.389989

Position: -1.22702 2.38565 1.5321
Normal: -0 1 0
UV: 0.939078 0.797587

Position: -1.22702 2.38565 -1.13154
Normal: -0 1 0
UV: 0.527952 0.797587

Position: -1.22702 0.380989 1.64507
Normal: -0 -1 0
UV: 0.115414 0.504875

Position: -1.22702 0.380989 -1.24451
Normal: -0 -1 0
UV: 0.339608 0.504875

Position: -1.22702 0.380989 -2.87003
Normal: -0 0 -1
UV: 0.0191703 0.98223

Position: -1.22702 0.581542 -2.87003
Normal: -0 0 -1
UV: 0.0191702 0.951275

Position: -1.22702 0.380989 2.87003
Normal: -0 0 1
UV: 0.0191703 0.98223

Position: -1.22702 0.586974 2.87003
Normal: -0 0 1
UV: 0.0191702 0.951275

Position: -1.22702 2.28561 0.119925
Normal: -1 3.92338e-008 0
UV: 0.19227 0.192486

Position: -1.22702 1.53675 0.111482
Normal: -1 9.18565e-008 0
UV: 0.106603 0.195605

Position: -1.22702 2.28561 -0.999831
Normal: -1 4.97904e-008 0
UV: 0.19227 0.0381681

Position: -1.22702 1.53675 -1.08391
Normal: -1 1.02413e-007 0
UV: 0.106604 0.0359049

Position: -1.10955 2.22694 1.53861
Normal: 0.00865189 0.10419 0.99452
UV: 0.0668924 0.195605

Position: -1.10955 1.53675 1.63856
Normal: 0.00864898 0.109999 0.993894
UV: 0.0668924 0.0359049

Position: -1.10955 2.28561 -1.14293
Normal: -0.00696537 0.11918 -0.992848
UV: 0.0668924 0.195605

Position: -1.10955 1.53409 -1.23704
Normal: -0.00696754 0.104381 -0.994513
UV: 0.0668924 0.0359049

Position: -1.22702 0.380989 -2.7645
Normal: -0 -1 0
UV: 0.457541 0.504875

Position: -1.22702 1.42565 -1.24451
Normal: -0 1 0
UV: 0.437214 0.590219

Position: -2.07584e-012 1.42565 -2.7645
Normal: -0 1 -6.44773e-016
UV: 0.247826 0.824828

Position: -2.07416e-012 1.42565 -1.24451
Normal: -0 1 -6.44773e-016
UV: 0.247826 0.590219

Position: -1.22702 1.42565 -2.7645
Normal: -0 1 0
UV: 0.437214 0.824828

Position: -1.22702 0.581542 -2.7645
Normal: -1 5.64783e-008 0
UV: 0.881644 0.359033

Position: -1.22702 0.380989 -2.7645
Normal: -1 0 0
UV: 0.881644 0.389989

Position: -1.22702 0.380989 2.79475
Normal: -0 -1 -1.71716e-016
UV: 0.026212 0.504875

Position: -1.22702 0.380989 2.79475
Normal: -1 0 0
UV: 0.0967724 0.389989

Position: -1.22702 0.586974 2.79475
Normal: -1 -4.55387e-008 0
UV: 0.0967723 0.358195

Position: -1.22702 1.42565 2.79475
Normal: -0 1 0
UV: 0.256125 0.619025

Position: -1.22702 1.42565 1.64507
Normal: -0 1 0
UV: 0.433575 0.619025

Position: -1.10955 1.53409 -1.23704
Normal: -0.00696754 0.104381 -0.994513
UV: 0.0457797 0.91057

Position: -1.22702 1.42565 -1.24451
Normal: -0.0104515 0.0944241 -0.995477
UV: 0.0290077 0.928702

Position: -1.10955 2.28561 -1.14293
Normal: -0.00696537 0.11918 -0.992848
UV: 0.199732 0.910559

Position: -1.22702 2.38565 -1.13154
Normal: -0.0104481 0.11664 -0.993119
UV: 0.215272 0.928689

Position: -1.22702 1.42565 1.64507
Normal: -1 2.39845e-007 0
UV: 0.260723 0.224749

Position: -1.22702 1.53675 0.315905
Normal: -1 1.32241e-007 0
UV: 0.479374 0.207601

Position: -1.22702 1.53675 1.48447
Normal: -1 1.82747e-007 0
UV: 0.299009 0.207601

Position: -1.22702 1.53675 0.111482
Normal: -1 9.18565e-008 0
UV: 0.510927 0.207601

Position: -1.22702 1.42565 -1.24451
Normal: -1 5.51814e-009 0
UV: 0.739404 0.224749

Position: -1.22702 1.53675 -1.08391
Normal: -1 1.02413e-007 0
UV: 0.695431 0.2076

Position: -1.22702 2.38565 -1.13154
Normal: -1 1.1766e-007 0
UV: 0.702783 0.0392966

Position: -1.22702 2.28561 -0.999831
Normal: -1 4.97904e-008 0
UV: 0.682455 0.054895

Position: -1.22702 2.28561 0.30819
Normal: -1 7.96185e-008 0
UV: 0.480565 0.0546058

Position: -1.22702 2.38565 1.5321
Normal: -1 1.77584e-007 0
UV: 0.291658 0.0392965

Position: -1.22702 2.28561 1.40039
Normal: -1 1.30125e-007 0
UV: 0.311987 0.0548918

Position: -1.22702 2.28561 0.119925
Normal: -1 3.92338e-008 0
UV: 0.509624 0.0546063

Position: -1.22702 2.28561 1.40039
Normal: -1 1.30125e-007 0
UV: 0.19227 0.193254

Position: -1.22702 1.53675 0.315905
Normal: -1 1.32241e-007 0
UV: 0.106604 0.0359049

Position: -1.22702 2.28561 0.30819
Normal: -1 7.96185e-008 0
UV: 0.19227 0.0391249

Position: -1.22702 1.53675 1.48447
Normal: -1 1.82747e-007 0
UV: 0.106603 0.195605

Position: -1.22702 0.963214 -2.50674
Normal: -1 5.64783e-008 0
UV: 0.841858 0.291691

Position: -1.22702 0.961856 -2.7645
Normal: -1 0 0
UV: 0.881644 0.291891

Position: -1.22702 0.959139 1.64507
Normal: -1 -3.4154e-008 0
UV: 0.260723 0.292311

Position: -1.22702 0.964572 -1.24451
Normal: -1 5.64783e-008 0
UV: 0.739404 0.291472

Position: -1.22702 0.961856 2.56876
Normal: -1 -4.55387e-008 0
UV: 0.131654 0.291874

Position: -1.22702 0.964572 2.79475
Normal: -1 -6.83081e-008 0
UV: 0.0967723 0.291472

Position: -0.613512 0.964572 2.79475
Normal: -6.81611e-008 0 1
UV: 0.805219 0.474441

Position: -1.22702 0.586974 2.79475
Normal: -2.04483e-007 0 1
UV: 0.710525 0.541165

Position: -1.22702 0.964572 2.79475
Normal: -1.02242e-007 0 1
UV: 0.710525 0.474441

Position: -0.613512 0.961856 -2.7645
Normal: -0 0 -1
UV: 0.342459 0.911228

Position: -1.22702 0.581542 -2.7645
Normal: -0 0 -1
UV: 0.437153 0.978371

Position: -1.22702 0.961856 -2.7645
Normal: -0 0 -1
UV: 0.437153 0.911228

Position: -1.22702 0.380989 -2.87003
Normal: -1 0 0
UV: 0.897933 0.389989

Position: -1.22702 0.581542 -2.87003
Normal: -1 0 0
UV: 0.897933 0.359034

Position: -1.22702 0.581542 -2.87003
Normal: -0 1 0
UV: 0.436137 0.603423

Position: -2.07596e-012 0.581542 -2.87003
Normal: -0 1 0
UV: 0.246751 0.603424

Position: -1.22702 0.581542 -2.7645
Normal: -0 1 0
UV: 0.436137 0.587135

Position: -2.07584e-012 0.581542 -2.7645
Normal: -0 1 0
UV: 0.246751 0.587135

Position: -1.22702 0.380989 -2.87003
Normal: -0 -1 0
UV: 0.465728 0.504875

Position: -1.31699 0.710581 -1.96506
Normal: -0 0.707107 -0.707106
UV: 0.991138 0.00995225

Position: -1.31699 0.571075 -2.10456
Normal: -0 0.707107 -0.707106
UV: 0.991138 0.0111596

Position: -1.14029 0.710581 -1.96506
Normal: -0 0.707107 -0.707106
UV: 0.963864 0.00995189

Position: -1.14029 0.571075 -2.10456
Normal: -0 0.707107 -0.707106
UV: 0.963863 0.0111596

Position: -1.31699 0.380505 -2.15563
Normal: -0 0.258818 -0.965926
UV: 0.991138 0.0123672

Position: -1.14029 0.380505 -2.15563
Normal: -0 0.258818 -0.965926
UV: 0.963863 0.0123672

Position: -1.14029 0.571075 -2.10456
Normal: -0 0.258818 -0.965926
UV: 0.963863 0.0111596

Position: -1.31699 0.571075 -2.10456
Normal: -0 0.258818 -0.965926
UV: 0.991138 0.0111596

Position: -1.31699 0.189936 -2.10456
Normal: -0 -0.258818 -0.965926
UV: 0.991138 0.0135747

Position: -1.14029 0.189936 -2.10456
Normal: -0 -0.258818 -0.965926
UV: 0.963863 0.0135747

Position: -1.14029 0.380505 -2.15563
Normal: -0 -0.258818 -0.965926
UV: 0.963863 0.0123672

Position: -1.31699 0.380505 -2.15563
Normal: -0 -0.258818 -0.965926
UV: 0.991138 0.0123672

Position: -1.31699 0.0504294 -1.96506
Normal: -0 -0.707107 -0.707106
UV: 0.991138 0.0147821

Position: -1.14029 0.0504294 -1.96506
Normal: -0 -0.707107 -0.707106
UV: 0.963864 0.0147824

Position: -1.14029 0.189936 -2.10456
Normal: -0 -0.707107 -0.707106
UV: 0.963863 0.0135747

Position: -1.31699 0.189936 -2.10456
Normal: -0 -0.707107 -0.707106
UV: 0.991138 0.0135747

Position: -1.31699 -0.00063375 -1.77449
Normal: -0 -0.965926 -0.25882
UV: 0.991152 0.0159896

Position: -1.14029 -0.00063375 -1.77449
Normal: -0 -0.965926 -0.25882
UV: 0.963877 0.0159901

Position: -1.14029 0.0504294 -1.96506
Normal: -0 -0.965926 -0.25882
UV: 0.963864 0.0147824

Position: -1.31699 0.0504294 -1.96506
Normal: -0 -0.965926 -0.25882
UV: 0.991138 0.0147821

Position: -1.31699 0.0504294 -1.58392
Normal: -0 -0.965926 0.25882
UV: 0.991166 0.0171972

Position: -1.14029 0.0504294 -1.58392
Normal: -0 -0.965926 0.25882
UV: 0.963891 0.0171977

Position: -1.14029 -0.00063375 -1.77449
Normal: -0 -0.965926 0.25882
UV: 0.963877 0.0159901

Position: -1.31699 -0.00063375 -1.77449
Normal: -0 -0.965926 0.25882
UV: 0.991152 0.0159896

Position: -1.31699 0.189936 -1.44441
Normal: -0 -0.707107 0.707106
UV: 0.991179 0.0184047

Position: -1.14029 0.189936 -1.44441
Normal: -0 -0.707107 0.707106
UV: 0.963904 0.0184054

Position: -1.14029 0.0504294 -1.58392
Normal: -0 -0.707107 0.707106
UV: 0.963891 0.0171977

Position: -1.31699 0.0504294 -1.58392
Normal: -0 -0.707107 0.707106
UV: 0.991166 0.0171972

Position: -1.31699 0.380505 -1.39335
Normal: -0 -0.258818 0.965926
UV: 0.991203 0.0196121

Position: -1.14029 0.380505 -1.39335
Normal: -0 -0.258818 0.965926
UV: 0.963928 0.0196131

Position: -1.14029 0.189936 -1.44441
Normal: -0 -0.258818 0.965926
UV: 0.963904 0.0184054

Position: -1.31699 0.189936 -1.44441
Normal: -0 -0.258818 0.965926
UV: 0.991179 0.0184047

Position: -1.31699 0.571075 -1.44441
Normal: -0 0.258818 0.965926
UV: 0.991227 0.0208197

Position: -1.14029 0.571075 -1.44441
Normal: -0 0.258818 0.965926
UV: 0.963952 0.0208206

Position: -1.14029 0.380505 -1.39335
Normal: -0 0.258818 0.965926
UV: 0.963928 0.0196131

Position: -1.31699 0.380505 -1.39335
Normal: -0 0.258818 0.965926
UV: 0.991203 0.0196121

Position: -1.31699 0.571075 -1.44441
Normal: -0 0.707107 0.707106
UV: 0.991227 0.0208197

Position: -1.31699 0.710581 -1.58392
Normal: -0 0.707107 0.707106
UV: 0.991251 0.0220273

Position: -1.14029 0.571075 -1.44441
Normal: -0 0.707107 0.707106
UV: 0.963952 0.0208206

Position: -1.14029 0.710581 -1.58392
Normal: -0 0.707107 0.707106
UV: 0.963976 0.0220281

Position: -1.31699 0.710581 -1.58392
Normal: -0 0.965926 0.258818
UV: 0.991176 0.00753719

Position: -1.31699 0.761644 -1.77449
Normal: -0 0.965926 0.258818
UV: 0.991157 0.00874478

Position: -1.14029 0.710581 -1.58392
Normal: -0 0.965926 0.258818
UV: 0.963902 0.00753647

Position: -1.14029 0.761644 -1.77449
Normal: -0 0.965926 0.258818
UV: 0.963883 0.00874406

Position: -1.31699 0.761644 -1.77449
Normal: -0 0.965926 -0.258818
UV: 0.991157 0.00874478

Position: -1.31699 0.710581 -1.96506
Normal: -0 0.965926 -0.258818
UV: 0.991138 0.00995225

Position: -1.14029 0.761644 -1.77449
Normal: -0 0.965926 -0.258818
UV: 0.963883 0.00874406

Position: -1.14029 0.710581 -1.96506
Normal: -0 0.965926 -0.258818
UV: 0.963864 0.00995189

Position: -1.31699 0.710581 -1.96506
Normal: -1 2.05156e-007 0
UV: 0.871411 0.0166589

Position: -1.31699 0.380505 -1.77449
Normal: -1 1.42109e-014 0
UV: 0.9094 0.0824587

Position: -1.31699 0.571075 -2.10456
Normal: -1 3.41061e-013 0
UV: 0.843602 0.0444695

Position: -1.31699 0.380505 -2.15563
Normal: -1 1.7053e-013 0
UV: 0.833422 0.0824587

Position: -1.31699 0.189936 -2.10456
Normal: -1 -1.7053e-013 0
UV: 0.843602 0.120448

Position: -1.31699 0.0504294 -1.96506
Normal: -1 -2.05156e-007 0
UV: 0.871411 0.148257

Position: -1.31699 -0.00063375 -1.77449
Normal: -1 0 0
UV: 0.9094 0.158436

Position: -1.31699 0.0504294 -1.58392
Normal: -1 -2.05156e-007 0
UV: 0.947389 0.148257

Position: -1.31699 0.189936 -1.44441
Normal: -1 -1.7053e-013 0
UV: 0.975198 0.120448

Position: -1.31699 0.380505 -1.39335
Normal: -1 0 0
UV: 0.985378 0.0824587

Position: -1.31699 0.571075 -1.44441
Normal: -1 8.52651e-014 0
UV: 0.975199 0.0444695

Position: -1.31699 0.710581 -1.58392
Normal: -1 2.05156e-007 0
UV: 0.947389 0.0166589

Position: -1.31699 0.761644 -1.77449
Normal: -1 0 0
UV: 0.9094 0.00648028

Position: -1.31699 0.571075 1.46976
Normal: -0 0.707108 -0.707106
UV: 0.991269 0.0111474

Position: -1.14029 0.710581 1.60927
Normal: -0 0.707108 -0.707106
UV: 0.963994 0.00993985

Position: -1.31699 0.710581 1.60927
Normal: -0 0.707108 -0.707106
UV: 0.991268 0.00993985

Position: -1.14029 0.571075 1.46976
Normal: -0 0.707108 -0.707106
UV: 0.963993 0.0111474

Position: -1.31699 0.380505 1.4187
Normal: -0 0.258818 -0.965926
UV: 0.991269 0.012355

Position: -1.14029 0.380505 1.4187
Normal: -0 0.258818 -0.965926
UV: 0.963993 0.012355

Position: -1.14029 0.571075 1.46976
Normal: -0 0.258818 -0.965926
UV: 0.963993 0.0111474

Position: -1.31699 0.571075 1.46976
Normal: -0 0.258818 -0.965926
UV: 0.991269 0.0111474

Position: -1.31699 0.189936 1.46976
Normal: -0 -0.258818 -0.965926
UV: 0.991269 0.0135625

Position: -1.14029 0.189936 1.46976
Normal: -0 -0.258818 -0.965926
UV: 0.963993 0.0135625

Position: -1.14029 0.380505 1.4187
Normal: -0 -0.258818 -0.965926
UV: 0.963993 0.012355

Position: -1.31699 0.380505 1.4187
Normal: -0 -0.258818 -0.965926
UV: 0.991269 0.012355

Position: -1.31699 0.0504294 1.60927
Normal: -0 -0.707108 -0.707106
UV: 0.991268 0.0147701

Position: -1.14029 0.0504294 1.60927
Normal: -0 -0.707108 -0.707106
UV: 0.963994 0.0147701

Position: -1.14029 0.189936 1.46976
Normal: -0 -0.707108 -0.707106
UV: 0.963993 0.0135625

Position: -1.31699 0.189936 1.46976
Normal: -0 -0.707108 -0.707106
UV: 0.991269 0.0135625

Position: -1.31699 -0.00063375 1.79984
Normal: -0 -0.965925 -0.258821
UV: 0.991267 0.0159777

Position: -1.14029 -0.00063375 1.79984
Normal: -0 -0.965925 -0.258821
UV: 0.963991 0.0159777

Position: -1.14029 0.0504294 1.60927
Normal: -0 -0.965925 -0.258821
UV: 0.963994 0.0147701

Position: -1.31699 0.0504294 1.60927
Normal: -0 -0.965925 -0.258821
UV: 0.991268 0.0147701

Position: -1.31699 0.0504294 1.99041
Normal: -0 -0.965926 0.25882
UV: 0.991265 0.0171853

Position: -1.14029 0.0504294 1.99041
Normal: -0 -0.965926 0.25882
UV: 0.963989 0.0171852

Position: -1.14029 -0.00063375 1.79984
Normal: -0 -0.965926 0.25882
UV: 0.963991 0.0159777

Position: -1.31699 -0.00063375 1.79984
Normal: -0 -0.965926 0.25882
UV: 0.991267 0.0159777

Position: -1.31699 0.189936 2.12991
Normal: -0 -0.707106 0.707108
UV: 0.991261 0.0183929

Position: -1.14029 0.189936 2.12991
Normal: -0 -0.707106 0.707108
UV: 0.963987 0.0183927

Position: -1.14029 0.0504294 1.99041
Normal: -0 -0.707106 0.707108
UV: 0.963989 0.0171852

Position: -1.31699 0.0504294 1.99041
Normal: -0 -0.707106 0.707108
UV: 0.991265 0.0171853

Position: -1.31699 0.380505 2.18098
Normal: -0 -0.25882 0.965926
UV: 0.991256 0.0196006

Position: -1.14029 0.380505 2.18098
Normal: -0 -0.25882 0.965926
UV: 0.96398 0.0196003

Position: -1.14029 0.189936 2.12991
Normal: -0 -0.25882 0.965926
UV: 0.963987 0.0183927

Position: -1.31699 0.189936 2.12991
Normal: -0 -0.25882 0.965926
UV: 0.991261 0.0183929

Position: -1.31699 0.571075 2.12991
Normal: -0 0.25882 0.965926
UV: 0.99125 0.020808

Position: -1.14029 0.571075 2.12991
Normal: -0 0.25882 0.965926
UV: 0.963974 0.0208078

Position: -1.14029 0.380505 2.18098
Normal: -0 0.25882 0.965926
UV: 0.96398 0.0196003

Position: -1.31699 0.380505 2.18098
Normal: -0 0.25882 0.965926
UV: 0.991256 0.0196006

Position: -1.31699 0.710581 1.99041
Normal: -0 0.707106 0.707108
UV: 0.991243 0.0220156

Position: -1.14029 0.710581 1.99041
Normal: -0 0.707106 0.707108
UV: 0.963969 0.0220154

Position: -1.14029 0.571075 2.12991
Normal: -0 0.707106 0.707108
UV: 0.963974 0.0208078

Position: -1.31699 0.571075 2.12991
Normal: -0 0.707106 0.707108
UV: 0.99125 0.020808

Position: -1.31699 0.710581 1.99041
Normal: -0 0.965926 0.258817
UV: 0.991273 0.00752479

Position: -1.31699 0.761644 1.79984
Normal: -0 0.965926 0.258817
UV: 0.991271 0.00873238

Position: -1.14029 0.710581 1.99041
Normal: -0 0.965926 0.258817
UV: 0.963999 0.00752467

Position: -1.14029 0.761644 1.79984
Normal: -0 0.965926 0.258817
UV: 0.963997 0.00873226

Position: -1.31699 0.761644 1.79984
Normal: -0 0.965926 -0.258818
UV: 0.991271 0.00873238

Position: -1.31699 0.710581 1.60927
Normal: -0 0.965926 -0.258818
UV: 0.991268 0.00993985

Position: -1.14029 0.761644 1.79984
Normal: -0 0.965926 -0.258818
UV: 0.963997 0.00873226

Position: -1.14029 0.710581 1.60927
Normal: -0 0.965926 -0.258818
UV: 0.963994 0.00993985

Position: -1.31699 0.710581 1.60927
Normal: -1 0 0
UV: 0.871411 0.0166588

Position: -1.31699 0.380505 1.79984
Normal: -1 2.36848e-015 0
UV: 0.9094 0.0824587

Position: -1.31699 0.571075 1.46976
Normal: -1 2.05156e-007 0
UV: 0.843601 0.0444696

Position: -1.31699 0.380505 1.4187
Normal: -1 0 0
UV: 0.833422 0.0824587

Position: -1.31699 0.189936 1.46976
Normal: -1 -2.05156e-007 0
UV: 0.843601 0.120448

Position: -1.31699 0.0504294 1.60927
Normal: -1 0 0
UV: 0.871411 0.148257

Position: -1.31699 -0.00063375 1.79984
Normal: -1 0 0
UV: 0.9094 0.158436

Position: -1.31699 0.0504294 1.99041
Normal: -1 2.05156e-007 0
UV: 0.947389 0.148257

Position: -1.31699 0.189936 2.12991
Normal: -1 3.07734e-007 0
UV: 0.975199 0.120448

Position: -1.31699 0.380505 2.18098
Normal: -1 0 0
UV: 0.985379 0.0824587

Position: -1.31699 0.571075 2.12991
Normal: -1 -3.07734e-007 0
UV: 0.975199 0.0444695

Position: -1.31699 0.710581 1.99041
Normal: -1 -2.05156e-007 0
UV: 0.947389 0.016659

Position: -1.31699 0.761644 1.79984
Normal: -1 0 0
UV: 0.9094 0.0064804

Position: -1.26195 1.60957 -1.08827
Normal: -0 -0.938583 0.345054
UV: 0.551228 0.962802

Position: -1.60354 1.56158 -1.21881
Normal: -0 -0.938583 0.345054
UV: 0.507951 0.941301

Position: -1.66481 1.60957 -1.08827
Normal: -0 -0.938583 0.345054
UV: 0.507951 0.962802

Position: -1.32322 1.56158 -1.21881
Normal: -0 -0.938583 0.345054
UV: 0.551228 0.941301

Position: -1.32322 1.56158 -1.21881
Normal: -0 0 1
UV: 0.551228 0.941301

Position: -1.32322 1.34202 -1.21881
Normal: -0 0 1
UV: 0.551228 0.907405

Position: -1.60354 1.56158 -1.21881
Normal: -0 0 1
UV: 0.507951 0.941301

Position: -1.60354 1.34202 -1.21881
Normal: -0 0 1
UV: 0.507951 0.907405

Position: -1.26195 1.29403 -1.08827
Normal: -0 0.938582 0.345056
UV: 0.551228 0.885936

Position: -1.66481 1.29403 -1.08827
Normal: -0 0.938582 0.345056
UV: 0.507951 0.885936

Position: -1.60354 1.34202 -1.21881
Normal: -0 0.938582 0.345056
UV: 0.507951 0.907405

Position: -1.32322 1.34202 -1.21881
Normal: -0 0.938582 0.345056
UV: 0.551228 0.907405

Position: -1.26195 1.60957 -1.08827
Normal: -0 0 -1
UV: 0.551228 0.837232

Position: -1.66481 1.29403 -1.08827
Normal: -0 0 -1
UV: 0.507951 0.885936

Position: -1.26195 1.29403 -1.08827
Normal: -0 0 -1
UV: 0.551228 0.885936

Position: -1.66481 1.60957 -1.08827
Normal: -0 0 -1
UV: 0.507951 0.837232

Position: -1.26195 1.60957 -1.08827
Normal: -0.905247 0 0.424885
UV: 0.551228 0.962802

Position: -1.26195 1.29403 -1.08827
Normal: -0.905247 0 0.424885
UV: 0.596833 0.962802

Position: -1.32322 1.34202 -1.21881
Normal: -0.905247 0 0.424885
UV: 0.596833 0.941301

Position: -1.32322 1.56158 -1.21881
Normal: -0.905247 0 0.424885
UV: 0.551228 0.941301

Position: -1.66481 1.60957 -1.08827
Normal: 0.905247 0 0.424886
UV: 0.507951 0.962802

Position: -1.60354 1.34202 -1.21881
Normal: 0.905247 0 0.424886
UV: 0.462358 0.941301

Position: -1.66481 1.29403 -1.08827
Normal: 0.905247 0 0.424886
UV: 0.462358 0.962802

Position: -1.60354 1.56158 -1.21881
Normal: 0.905247 0 0.424886
UV: 0.507951 0.941301

Position: 1.10955 1.53675 1.63856
Normal: -0.00864898 0.109999 0.993894
UV: 0.199732 0.910559

Position: -2.07095e-012 1.42565 1.64507
Normal: -0 0.058509 0.998287
UV: 0.215245 0.739296

Position: -2.07096e-012 1.53675 1.63856
Normal: -0 0.101004 0.994886
UV: 0.199707 0.739298

Position: 1.22702 1.42565 1.64507
Normal: -0.0129726 0.0932795 0.995556
UV: 0.215272 0.928689

Position: -2.07107e-012 2.38565 1.5321
Normal: -0 0.0409908 0.99916
UV: 0.0290058 0.739309

Position: 1.22702 2.38565 1.5321
Normal: -0.012977 0.0845434 0.996335
UV: 0.0290077 0.928702

Position: 1.10955 2.22694 1.53861
Normal: -0.00865189 0.10419 0.99452
UV: 0.0457797 0.91057

Position: -2.07107e-012 2.22694 1.53861
Normal: -0 0.0922749 0.995734
UV: 0.0457807 0.739309

Position: -1.10955 1.53675 1.63856
Normal: 0.00864898 0.109999 0.993894
UV: 0.199732 0.910559

Position: -1.22702 1.42565 1.64507
Normal: 0.0129726 0.0932795 0.995556
UV: 0.215272 0.928689

Position: -1.22702 2.38565 1.5321
Normal: 0.012977 0.0845434 0.996335
UV: 0.0290077 0.928702

Position: -1.10955 2.22694 1.53861
Normal: 0.00865189 0.10419 0.99452
UV: 0.0457797 0.91057

Position: 1.22702 1.19511 2.79475
Normal: 1 1.11586e-007 0
UV: 0.983501 -0.655894

Position: 1.22702 1.19375 2.56876
Normal: 1 7.43904e-008 0
UV: 0.983501 -0.72793

Position: 1.22702 0.964572 2.79475
Normal: 1 -1.36616e-007 0
UV: 0.920566 -0.655894

Position: 1.22702 0.961856 2.56876
Normal: 1 -9.10774e-008 0
UV: 0.920566 -0.72793

Position: 1.22702 1.19239 1.64507
Normal: 1 5.57928e-008 0
UV: 0.739553 0.25853

Position: 1.22702 1.19511 -1.24451
Normal: 1 -8.4881e-008 0
UV: 0.260872 0.25811

Position: 1.22702 1.19443 -2.50674
Normal: 1 -1.13175e-007 0
UV: 0.079551 0.258219

Position: 0.613512 0.961856 -2.7645
Normal: -0 0 -1
UV: 0.983501 -0.489395

Position: 1.22702 0.961856 -2.7645
Normal: -0 0 -1
UV: 0.983501 -0.655894

Position: 1.22702 1.19375 -2.7645
Normal: -0 0 -1
UV: 0.920566 -0.655894

Position: 0.613512 1.19375 -2.7645
Normal: -0 0 -1
UV: 0.920566 -0.489395

Position: -2.07584e-012 1.19375 -2.7645
Normal: -0 0 -1
UV: 0.247765 0.877657

Position: -0.613512 1.19375 -2.7645
Normal: -0 0 -1
UV: 0.342459 0.877657

Position: -1.22702 0.963214 -2.50674
Normal: -1 5.64783e-008 0
UV: 0.983501 -0.72793

Position: -1.22702 1.19375 -2.7645
Normal: -1 0 0
UV: 0.920566 -0.655894

Position: -1.22702 1.19443 -2.50674
Normal: -1 -9.27787e-008 0
UV: 0.920566 -0.72793

Position: -1.22702 0.961856 -2.7645
Normal: -1 0 0
UV: 0.983501 -0.655894

Position: -1.22702 1.19239 1.64507
Normal: -1 1.11586e-007 0
UV: 0.260723 0.25853

Position: -1.22702 1.19511 -1.24451
Normal: -1 -9.27787e-008 0
UV: 0.739404 0.25811

Position: -1.22702 1.19375 2.56876
Normal: -1 1.48781e-007 0
UV: 0.131654 0.258312

Position: -0.613512 0.964572 2.79475
Normal: -6.81611e-008 0 1
UV: 0.920566 -0.489395

Position: -1.22702 0.964572 2.79475
Normal: -1.02242e-007 0 1
UV: 0.920566 -0.655894

Position: -0.613512 1.19511 2.79475
Normal: -0 0 1
UV: 0.983501 -0.489395

Position: -1.22702 1.19511 2.79475
Normal: -0 0 1
UV: 0.983501 -0.655894

Position: -2.06967e-012 1.19511 2.79475
Normal: -0 0 1
UV: 0.899913 0.44108

Position: 0.613512 1.19511 2.79475
Normal: -0 0 1
UV: 0.805219 0.441079

Position: 1.22702 1.42565 2.79475
Normal: 1 2.23171e-007 0
UV: 0.897819 0.224749

Position: 1.22702 1.19375 2.56876
Normal: 1 7.43904e-008 0
UV: 0.862938 0.258312

Position: 1.22702 1.19511 2.79475
Normal: 1 1.11586e-007 0
UV: 0.897819 0.25811

Position: 1.22702 1.42565 1.64507
Normal: 1 2.82349e-007 0
UV: 0.739553 0.224749

Position: 1.22702 1.19511 -1.24451
Normal: 1 -8.4881e-008 0
UV: 0.739553 0.25811

Position: 1.22702 1.19239 1.64507
Normal: 1 5.57928e-008 0
UV: 0.260872 0.25853

Position: 1.22702 1.42565 -1.24451
Normal: 1 1.11713e-007 0
UV: 0.260872 0.224749

Position: 1.22702 1.42565 -2.7645
Normal: 1 -3.39524e-007 0
UV: 0.0397654 0.224748

Position: 1.22702 1.19375 -2.7645
Normal: 1 -1.69762e-007 0
UV: 0.0397654 0.25832

Position: -2.07584e-012 1.42565 -2.7645
Normal: -0 0 -1
UV: 0.247765 0.844086

Position: 0.613512 1.19375 -2.7645
Normal: -0 0 -1
UV: 0.342459 0.877657

Position: 1.22702 1.42565 -2.7645
Normal: -0 0 -1
UV: 0.437153 0.844086

Position: 1.22702 1.19375 -2.7645
Normal: -0 0 -1
UV: 0.437153 0.877657

Position: -1.22702 1.42565 -2.7645
Normal: -0 0 -1
UV: 0.437153 0.844086

Position: -1.22702 1.19375 -2.7645
Normal: -0 0 -1
UV: 0.437153 0.877657

Position: -1.22702 1.19443 -2.50674
Normal: -1 -9.27787e-008 0
UV: 0.841858 0.258219

Position: -1.22702 1.42565 -2.7645
Normal: -1 -1.85557e-007 0
UV: 0.881644 0.224748

Position: -1.22702 1.42565 2.79475
Normal: -1 4.46343e-007 0
UV: 0.0967723 0.224749

Position: -1.22702 1.19511 2.79475
Normal: -1 2.23171e-007 0
UV: 0.0967723 0.25811

Position: -0.613512 1.19511 2.79475
Normal: -0 0 1
UV: 0.805219 0.441079

Position: -2.06967e-012 1.42565 2.79475
Normal: -0 0 1
UV: 0.899913 0.407718

Position: -1.22702 1.42565 2.79475
Normal: -0 0 1
UV: 0.710525 0.407718

Position: -1.22702 1.19511 2.79475
Normal: -0 0 1
UV: 0.710525 0.441079

Position: 1.22702 1.42565 2.79475
Normal: -0 0 1
UV: 0.710525 0.407718

Position: 1.22702 1.19511 2.79475
Normal: -0 0 1
UV: 0.710525 0.441079

Position: 0.613512 1.19511 2.79475
Normal: -0 0 1
UV: 0.983501 -0.489395

Position: 1.22702 1.19511 2.79475
Normal: -0 0 1
UV: 0.983501 -0.655894

Position: 1.22702 0.964572 2.79475
Normal: -0 0 1
UV: 0.920566 -0.655894

Position: 0.613512 0.964572 2.79475
Normal: -0 0 1
UV: 0.920566 -0.489395

Position: -1.22702 1.19511 2.79475
Normal: -1 2.23171e-007 0
UV: 0.983501 -0.655894

Position: -1.22702 0.964572 2.79475
Normal: -1 -6.83081e-008 0
UV: 0.920566 -0.655894

Position: -1.22702 1.19375 2.56876
Normal: -1 1.48781e-007 0
UV: 0.983501 -0.72793

Position: -1.22702 0.961856 2.56876
Normal: -1 -4.55387e-008 0
UV: 0.920566 -0.72793

Position: -1.22702 0.961856 -2.7645
Normal: -0 0 -1
UV: 0.983501 -0.655894

Position: -0.613512 0.961856 -2.7645
Normal: -0 0 -1
UV: 0.983501 -0.489395

Position: -0.613512 1.19375 -2.7645
Normal: -0 0 -1
UV: 0.920566 -0.489395

Position: -1.22702 1.19375 -2.7645
Normal: -0 0 -1
UV: 0.920566 -0.655894

Position: 1.22702 0.963214 -2.50674
Normal: 1 6.89039e-008 0
UV: 0.983501 -0.72793

Position: 1.22702 1.19375 -2.7645
Normal: 1 -1.69762e-007 0
UV: 0.920566 -0.655894

Position: 1.22702 0.961856 -2.7645
Normal: 1 1.03356e-007 0
UV: 0.983501 -0.655894

Position: 1.22702 1.19443 -2.50674
Normal: 1 -1.13175e-007 0
UV: 0.920566 -0.72793

Position: -0.98753 2.67194 0.289179
Normal: -0 0 1
UV: 0.636571 0.965042

Position: -0.98753 2.38565 0.289179
Normal: -0 0 1
UV: 0.636571 0.94965

Position: -0.98753 2.67194 0.0369491
Normal: -0 1 0
UV: 0.636581 0.942092

Position: -0.98753 2.67194 0.289179
Normal: -0 1 0
UV: 0.636534 0.926717

Position: -0.98753 2.38565 0.0369491
Normal: -0 0 -1
UV: 0.636605 0.979639

Position: -0.98753 2.67194 0.0369491
Normal: -0 0 -1
UV: 0.636581 0.942092

Position: -1.22702 1.19375 -2.7645
Normal: -1 0 0
UV: 0.881644 0.25832

Position: -2.06959e-012 0.586974 2.87003
Normal: -0 1 -2.64555e-016
UV: 0.208558 0.951275

Position: 1.22702 0.586974 2.79475
Normal: -0 1 -5.2911e-016
UV: 0.0191702 0.951275

Position: 1.22702 0.586974 2.87003
Normal: -0 1 -5.2911e-016
UV: 0.0191702 0.951275

Position: -2.06967e-012 0.586974 2.79475
Normal: -0 1 -2.64555e-016
UV: 0.208558 0.951275

Position: 1.22702 0.380989 2.87003
Normal: 1 0 0
UV: 0.0191703 0.98223

Position: 1.22702 0.586974 2.87003
Normal: 1 0 0
UV: 0.0191702 0.951275

Position: 1.22702 0.586974 2.79475
Normal: 1 -9.10774e-008 0
UV: 0.0191702 0.951275

Position: 1.22702 0.380989 2.79475
Normal: 1 0 0
UV: 0.0191703 0.98223

Position: -2.06959e-012 0.380989 2.87003
Normal: -0 -1 -1.71716e-016
UV: 0.208558 0.98223

Position: 1.22702 0.380989 2.87003
Normal: -0 -1 0
UV: 0.0191703 0.98223

Position: 1.22702 0.380989 2.79475
Normal: -0 -1 1.72351e-016
UV: 0.0191703 0.98223

Position: -2.06967e-012 0.380989 2.79475
Normal: -0 -1 3.17445e-019
UV: 0.208558 0.98223

Position: -1.22702 0.380989 2.87003
Normal: -0 -1 -3.43431e-016
UV: 0.0191703 0.98223

Position: -1.22702 0.380989 2.79475
Normal: -0 -1 -1.71716e-016
UV: 0.0191703 0.98223

Position: -1.22702 0.586974 2.87003
Normal: -1 0 0
UV: 0.0191702 0.951275

Position: -1.22702 0.380989 2.87003
Normal: -1 0 0
UV: 0.0191703 0.98223

Position: -1.22702 0.380989 2.79475
Normal: -1 0 0
UV: 0.0191703 0.98223

Position: -1.22702 0.586974 2.79475
Normal: -1 -4.55387e-008 0
UV: 0.0191702 0.951275

Position: -1.22702 0.586974 2.87003
Normal: -0 1 0
UV: 0.0191702 0.951275

Position: -1.22702 0.586974 2.79475
Normal: -0 1 0
UV: 0.0191702 0.951275


[INDEX_DATA]
0 2 1
1 3 0
4 6 5
5 7 4
8 10 9
10 11 9
12 14 13
15 13 14
16 18 17
17 19 16
20 22 21
21 23 20
24 26 25
25 27 24
28 30 29
29 31 28
9 11 32
11 33 32
34 36 35
35 37 34
1 39 38
38 3 1
40 41 8
41 10 8
42 2 0
0 43 42
44 46 45
45 47 44
48 50 49
49 51 48
52 54 53
53 55 52
50 48 55
48 52 55
56 58 57
59 60 56
58 61 57
57 59 56
62 63 61
61 58 62
64 62 65
64 63 62
65 67 66
65 66 64
56 60 65
60 67 65
59 57 64
64 66 59
68 70 69
69 71 68
3 38 72
72 73 3
72 38 74
75 0 3
3 73 75
76 43 0
0 75 76
43 76 77
78 80 79
79 81 78
79 80 82
83 85 84
84 86 83
85 87 84
88 38 39
39 89 88
90 92 91
91 93 90
94 32 33
33 95 94
96 98 97
97 98 99
100 102 101
101 103 100
104 106 105
105 107 104
108 110 109
109 111 108
112 114 113
113 115 112
116 118 117
117 119 116
120 122 121
121 123 120
124 126 125
125 127 124
128 130 129
129 131 128
132 134 133
133 134 135
136 138 137
137 138 139
140 142 141
141 142 143
144 146 145
145 146 147
147 146 148
148 146 149
149 146 150
150 146 151
151 146 152
152 146 153
153 146 154
154 146 155
155 146 156
156 146 144
157 159 158
158 159 160
161 163 162
162 164 161
165 167 166
166 168 165
169 171 170
170 172 169
173 175 174
174 176 173
177 179 178
178 180 177
181 183 182
182 184 181
185 187 186
186 188 185
189 191 190
190 192 189
193 195 194
194 196 193
197 199 198
198 199 200
201 203 202
202 203 204
205 207 206
206 207 208
208 207 209
209 207 210
210 207 211
211 207 212
212 207 213
213 207 214
214 207 215
215 207 216
216 207 217
217 207 205
218 220 219
219 221 218
222 224 223
222 225 224
226 228 227
226 229 228
230 232 231
230 233 232
234 236 235
234 237 236
238 240 239
239 241 238
242 244 243
243 244 245
246 248 247
249 247 248
250 252 251
251 252 253
254 256 255
254 257 256
258 260 259
258 261 260
262 264 263
263 265 262
266 4 7
7 267 266
268 269 11
11 10 268
13 15 270
270 271 13
19 17 272
273 272 17
274 276 275
275 276 277
278 279 26
26 279 25
30 281 280
280 29 30
269 282 33
33 11 269
283 285 284
284 286 283
263 264 287
287 288 263
289 268 10
10 41 289
290 291 262
262 265 290
292 44 47
47 293 292
51 49 294
295 294 49
53 54 296
296 297 53
294 295 297
297 296 294
298 300 299
301 302 298
301 303 302
298 299 301
302 303 304
303 305 304
306 308 307
307 304 309
305 309 304
309 306 307
300 298 307
307 308 300
301 299 309
306 309 299
310 312 311
311 313 310
314 315 287
316 317 264
264 262 316
318 316 262
262 291 318
319 318 291
78 81 320
320 321 78
321 320 322
323 85 324
85 323 87
324 325 323
326 288 327
287 327 288
328 330 329
331 329 330
95 33 282
282 332 95
333 335 334
335 336 334
337 339 338
337 340 339
341 343 342
341 344 343
345 347 346
345 348 347
349 351 350
349 352 351
353 355 354
353 356 355
357 359 358
357 360 359
361 363 362
361 364 363
365 367 366
365 368 367
369 371 370
371 372 370
373 375 374
375 376 374
377 379 378
379 380 378
381 383 382
383 384 382
384 385 382
385 386 382
386 387 382
387 388 382
388 389 382
389 390 382
390 391 382
391 392 382
392 393 382
393 381 382
394 396 395
395 397 394
398 400 399
398 401 400
402 404 403
402 405 404
406 408 407
406 409 408
410 412 411
410 413 412
414 416 415
414 417 416
418 420 419
418 421 420
422 424 423
422 425 424
426 428 427
426 429 428
430 432 431
430 433 432
434 436 435
436 437 435
438 440 439
440 441 439
442 444 443
444 445 443
445 446 443
446 447 443
447 448 443
448 449 443
449 450 443
450 451 443
451 452 443
452 453 443
453 454 443
454 442 443
455 457 456
456 458 455
459 461 460
461 462 460
463 465 464
463 466 465
467 469 468
468 470 467
471 473 472
471 474 473
475 477 476
476 478 475
479 481 480
480 482 479
483 485 484
483 486 485
482 484 485
485 479 482
487 480 481
480 487 488
488 490 489
488 487 490
483 489 490
490 486 483
491 493 492
493 494 492
495 75 73
73 496 495
73 72 497
497 496 73
498 500 499
498 501 500
323 502 87
323 503 502
504 506 505
505 507 504
508 509 317
317 316 508
508 318 510
318 508 316
511 513 512
514 512 513
515 79 516
515 81 79
517 519 518
518 520 517
518 495 520
56 522 521
521 58 56
497 523 496
524 523 497
497 525 524
526 528 527
527 502 526
527 528 529
530 526 503
503 531 530
503 526 502
532 509 302
533 532 302
298 302 509
509 508 298
510 535 534
298 510 534
510 298 508
515 537 536
538 536 537
538 539 536
540 537 516
516 541 540
537 515 516
518 76 495
76 75 495
542 544 543
542 545 544
81 515 320
536 320 515
546 548 547
547 548 549
317 509 532
532 314 317
550 552 551
550 553 552
87 527 84
87 502 527
554 556 555
555 557 554
558 261 258
558 559 261
560 561 246
248 246 561
257 254 562
562 563 257
533 564 532
264 317 314
314 287 264
565 567 566
566 568 565
569 571 570
569 572 571
573 575 574
573 576 575
577 576 573
577 578 576
579 581 580
579 582 581
583 565 568
568 584 583

