[FBX_META_DATA]
MeshCount: 5

[MESH_DATA]
VertexCount: 534
IndexCount: 1140
BoneCount: 0
AnimationClips: 1

[VERTEX_DATA]
Position: -1.22702 0.380989 1.37151
Normal: -1 4.5315e-007 0
UV: 0.305364 0.389989

Position: -1.22702 0.586974 -1.24451
Normal: -0.999998 0.00206232 0.000305424
UV: 0.739404 0.358195

Position: -1.22702 0.577094 1.37151
Normal: -0.999997 0.00239594 0.000354897
UV: 0.306332 0.35972

Position: -1.22702 0.380989 -1.24644
Normal: -1 4.39385e-007 0
UV: 0.739404 0.389989

Position: -1.22702 0.380989 -2.87003
Normal: -0 0 -1
UV: 0.0191703 0.98223

Position: -0 0.380989 -2.87003
Normal: -0 0 -1
UV: 0.208558 0.98223

Position: -0 0.581542 -2.87003
Normal: -0 0 -1
UV: 0.208558 0.951275

Position: -1.22702 0.581542 -2.87003
Normal: -0 0 -1
UV: 0.0191702 0.951275

Position: -0 0.380989 2.87003
Normal: -0 0 1
UV: 0.208558 0.98223

Position: -1.22702 0.380989 2.87003
Normal: -0 0 1
UV: 0.0191703 0.98223

Position: -0 0.586974 2.87003
Normal: -0 0 1
UV: 0.208558 0.951275

Position: -1.22702 0.586974 2.87003
Normal: -0 0 1
UV: 0.0191702 0.951275

Position: -1.22702 2.28561 0.119925
Normal: -1 -5.86474e-008 0
UV: 0.19227 0.192486

Position: -1.22702 1.53675 0.111482
Normal: -1 1.12391e-007 0
UV: 0.106603 0.195605

Position: -1.22702 2.28561 -0.999831
Normal: -1 1.24553e-008 0
UV: 0.19227 0.0381681

Position: -1.22702 1.53675 -1.08391
Normal: -1 -6.32866e-008 0
UV: 0.106604 0.0359049

Position: -1.22702 0.586616 -1.32461
Normal: -1 4.28228e-007 -9.71109e-007
UV: 0.748794 0.358251

Position: -1.22702 0.380989 -1.32461
Normal: -1 0 0
UV: 0.74929 0.389989

Position: -1.22702 0.380989 2.79475
Normal: -1 -4.67623e-007 0
UV: 0.0967724 0.389989

Position: -1.22702 0.380989 2.24541
Normal: -1 -5.32394e-007 0
UV: 0.177184 0.389989

Position: -1.22702 0.586974 2.79475
Normal: -1 -2.55742e-007 0
UV: 0.0967723 0.358195

Position: -1.22702 0.581621 2.24278
Normal: -0.999938 0.0072755 -0.0084868
UV: 0.177547 0.359022

Position: -1.10955 1.53409 -1.23704
Normal: -0.00140759 0.114294 -0.993446
UV: 0.0457797 0.91057

Position: -1.22702 2.38565 -1.13154
Normal: -0.00718324 0.115559 -0.993275
UV: 0.215272 0.928689

Position: -1.22702 1.42565 -1.24451
Normal: -0.0063941 0.0844391 -0.996408
UV: 0.0290077 0.928702

Position: -1.10955 2.28561 -1.14293
Normal: -0.00140095 0.122135 -0.992512
UV: 0.199732 0.910559

Position: -1.22702 1.53675 0.111482
Normal: -1 1.12391e-007 0
UV: 0.510927 0.207601

Position: -1.22702 1.42565 -1.24451
Normal: -1 -1.03719e-007 0
UV: 0.739404 0.224749

Position: -1.22702 1.53675 -1.08391
Normal: -1 -6.32866e-008 0
UV: 0.695431 0.2076

Position: -1.22702 2.38565 -1.13154
Normal: -1 1.97011e-007 0
UV: 0.702783 0.0392966

Position: -1.22702 2.28561 -0.999831
Normal: -1 1.24553e-008 0
UV: 0.682455 0.054895

Position: -1.22702 2.38565 1.5321
Normal: -1 9.00787e-008 0
UV: 0.291658 0.0392965

Position: -1.22702 2.28561 0.119925
Normal: -1 -5.86474e-008 0
UV: 0.509624 0.0546063

Position: -1.22702 2.28561 0.30819
Normal: -1 1.96266e-008 0
UV: 0.480565 0.0546058

Position: -1.22702 1.53675 1.48447
Normal: -1 4.60604e-008 0
UV: 0.299009 0.207601

Position: -1.22702 1.42565 1.64507
Normal: -1 1.32401e-007 0
UV: 0.260723 0.224749

Position: -1.22702 2.28561 1.40039
Normal: -1 4.47512e-008 0
UV: 0.311987 0.0548918

Position: -1.22702 1.53675 0.315905
Normal: -1 1.92683e-007 0
UV: 0.479374 0.207601

Position: -1.22702 2.28561 1.40039
Normal: -1 4.47512e-008 0
UV: 0.19227 0.193254

Position: -1.22702 1.53675 0.315905
Normal: -1 1.92683e-007 0
UV: 0.106604 0.0359049

Position: -1.22702 2.28561 0.30819
Normal: -1 1.96266e-008 0
UV: 0.19227 0.0391249

Position: -1.22702 1.53675 1.48447
Normal: -1 4.60604e-008 0
UV: 0.106603 0.195605

Position: -1.22702 0.963214 -2.50674
Normal: -1 3.35398e-007 1.3249e-007
UV: 0.841858 0.291691

Position: -1.22702 0.581542 -2.7645
Normal: -1 2.13666e-007 1.62192e-007
UV: 0.881644 0.359033

Position: -1.22702 0.961856 -2.7645
Normal: -1 0 0
UV: 0.881644 0.291891

Position: -1.22702 0.959139 1.64507
Normal: -0.999994 -0.00339429 0.000703147
UV: 0.260723 0.292311

Position: -1.22481 0.795942 1.48413
Normal: -0.999995 -0.00326566 0.000135247
UV: 0.287681 0.320675

Position: -1.22702 0.964572 -1.24451
Normal: -0.999999 0.0016995 0.00026067
UV: 0.739404 0.291472

Position: -1.22702 0.868303 1.64507
Normal: -0.999918 -0.0128436 0.000124354
UV: 0.260723 0.302612

Position: -1.22702 0.964572 2.79475
Normal: -0.999976 0.0045202 -0.00527259
UV: 0.0967723 0.291472

Position: -1.22702 0.581542 -2.7645
Normal: -0 0 -1
UV: 0.437153 0.978371

Position: -0 0.581542 -2.7645
Normal: -0 0 -1
UV: 0.247765 0.978371

Position: -0.613512 0.961856 -2.7645
Normal: -0 0 -1
UV: 0.342459 0.911228

Position: -0 0.961856 -2.7645
Normal: -0 0 -1
UV: 0.247765 0.911228

Position: -1.22702 0.380989 -2.87003
Normal: -1 0 0
UV: 0.897933 0.389989

Position: -1.22702 0.581542 -2.87003
Normal: -1 0 0
UV: 0.897933 0.359034

Position: -1.22702 0.380989 -2.7645
Normal: -1 0 0
UV: 0.881644 0.389989

Position: -1.22702 0.581542 -2.87003
Normal: -0 1 0
UV: 0.436137 0.603423

Position: -0 0.581542 -2.87003
Normal: -0 1 0
UV: 0.246751 0.603424

Position: -1.22702 0.581542 -2.7645
Normal: -0 1 0
UV: 0.436137 0.587135

Position: -0 0.581542 -2.7645
Normal: -0 1 0
UV: 0.246751 0.587135

Position: -0 0.380989 -2.87003
Normal: -0 -1 0
UV: 0.465729 0.409674

Position: -1.22702 0.380989 -2.87003
Normal: -0 -1 0
UV: 0.465728 0.504875

Position: -0 0.380989 -2.7645
Normal: -0 -1 0
UV: 0.457541 0.409674

Position: -1.22702 0.380989 -2.7645
Normal: -0 -1 0
UV: 0.457541 0.504875

Position: -1.22702 1.42565 1.64507
Normal: 0.00745892 0.0785111 0.996885
UV: 0.215272 0.928689

Position: -1.22702 2.38565 1.5321
Normal: 0.00396945 0.0543218 0.998516
UV: 0.0290077 0.928702

Position: -1.10955 2.22694 1.53861
Normal: 0.00181345 0.11836 0.992969
UV: 0.0457797 0.91057

Position: -1.10955 1.53675 1.63856
Normal: 0.00179939 0.126286 0.991992
UV: 0.199732 0.910559

Position: -0 1.19375 -2.7645
Normal: -0 0 -1
UV: 0.247765 0.877657

Position: -0.613512 1.19375 -2.7645
Normal: -0 0 -1
UV: 0.342459 0.877657

Position: -1.22702 0.963214 -2.50674
Normal: -1 3.35398e-007 1.3249e-007
UV: 0.983501 -0.72793

Position: -1.22702 1.19375 -2.7645
Normal: -1 0 0
UV: 0.920566 -0.655894

Position: -1.22702 1.19443 -2.50674
Normal: -1 -7.56584e-008 0
UV: 0.920566 -0.72793

Position: -1.22702 0.961856 -2.7645
Normal: -1 0 0
UV: 0.983501 -0.655894

Position: -1.22702 1.19239 1.64507
Normal: -1 -0.000773691 -9.83507e-005
UV: 0.260723 0.25853

Position: -1.22702 1.19511 -1.24451
Normal: -1 -4.47316e-008 0
UV: 0.739404 0.25811

Position: -1.22702 1.19375 2.56876
Normal: -0.999995 -0.00307016 -0.000766337
UV: 0.131654 0.258312

Position: -1.2227 0.89766 1.81126
Normal: -0.999937 -0.0111731 -0.00110638
UV: 0.246407 0.292262

Position: -1.22702 0.961856 2.56876
Normal: -0.999957 0.00135518 -0.00913817
UV: 0.131654 0.291874

Position: -0.613512 0.964572 2.79475
Normal: -1.44822e-007 0 1
UV: 0.920566 -0.489395

Position: -1.22702 0.964572 2.79475
Normal: -1.93774e-007 0 1
UV: 0.920566 -0.655894

Position: -0.613512 1.19511 2.79475
Normal: -0 0 1
UV: 0.983501 -0.489395

Position: -1.22702 1.19511 2.79475
Normal: -0 0 1
UV: 0.983501 -0.655894

Position: -0 1.42565 -2.7645
Normal: -0 0 -1
UV: 0.247765 0.844086

Position: -1.22702 1.42565 -2.7645
Normal: -0 0 -1
UV: 0.437153 0.844086

Position: -1.22702 1.19443 -2.50674
Normal: -1 -7.56584e-008 0
UV: 0.841858 0.258219

Position: -1.22702 1.42565 -2.7645
Normal: -1 -3.35289e-007 0
UV: 0.881644 0.224748

Position: -1.22702 1.19511 2.79475
Normal: -1 0 0
UV: 0.0967723 0.25811

Position: -1.22702 1.42565 2.79475
Normal: -1 4.47753e-007 0
UV: 0.0967723 0.224749

Position: 0.613512 1.19511 2.79475
Normal: -0 0 1
UV: 0.805219 0.441079

Position: 1.22702 1.42565 2.79475
Normal: -0 0 1
UV: 0.710525 0.407718

Position: 1.22702 1.19511 2.79475
Normal: -0 0 1
UV: 0.710525 0.441079

Position: -1.22702 1.19511 2.79475
Normal: -1 0 0
UV: 0.983501 -0.655894

Position: -1.22702 0.964572 2.79475
Normal: -0.999976 0.0045202 -0.00527259
UV: 0.920566 -0.655894

Position: -1.22702 1.19375 2.56876
Normal: -0.999995 -0.00307016 -0.000766337
UV: 0.983501 -0.72793

Position: -1.22702 0.961856 2.56876
Normal: -0.999957 0.00135518 -0.00913817
UV: 0.920566 -0.72793

Position: -1.22702 0.893061 -1.77803
Normal: -1 1.79237e-007 8.48944e-010
UV: 0.782709 0.291565

Position: -1.22702 0.961856 -2.7645
Normal: -0 0 -1
UV: 0.983501 -0.655894

Position: -0.613512 0.961856 -2.7645
Normal: -0 0 -1
UV: 0.983501 -0.489395

Position: -0.613512 1.19375 -2.7645
Normal: -0 0 -1
UV: 0.920566 -0.489395

Position: -1.22702 1.19375 -2.7645
Normal: -0 0 -1
UV: 0.920566 -0.655894

Position: -1.22702 1.19375 -2.7645
Normal: -1 0 0
UV: 0.881644 0.25832

Position: -1.22702 0.810671 -1.50486
Normal: -1 -2.37318e-006 -4.27224e-007
UV: 0.760536 0.318663

Position: -1.22702 0.380989 2.87003
Normal: -0 -1 0
UV: 0.0191703 0.98223

Position: -0 0.380989 2.87003
Normal: -0 -1 0
UV: 0.208558 0.98223

Position: -0 0.380989 2.79475
Normal: -0 -1 -4.32218e-008
UV: 0.208558 0.98223

Position: -1.22702 0.380989 2.79475
Normal: -0 -1 -5.9299e-008
UV: 0.0191703 0.98223

Position: -1.22702 0.586974 2.87003
Normal: -1 0 0
UV: 0.0191702 0.951275

Position: -1.22702 0.380989 2.87003
Normal: -1 0 0
UV: 0.0191703 0.98223

Position: -1.22702 0.380989 2.79475
Normal: -1 -4.67623e-007 0
UV: 0.0191703 0.98223

Position: -1.22702 0.586974 2.79475
Normal: -1 -2.55742e-007 0
UV: 0.0191702 0.951275

Position: -0 0.586974 2.87003
Normal: -0 1 0
UV: 0.208558 0.951275

Position: -1.22702 0.586974 2.87003
Normal: -0 1 0
UV: 0.0191702 0.951275

Position: -1.22702 0.586974 2.79475
Normal: -0 1 0
UV: 0.0191702 0.951275

Position: -0 0.586974 2.79475
Normal: -0 1 0
UV: 0.208558 0.951275

Position: -1.22702 0.380989 -2.2
Normal: -1 0 0
UV: 0.827362 0.389989

Position: -1.22702 0.583667 -2.2
Normal: -1 3.52976e-007 2.67942e-007
UV: 0.82599 0.358706

Position: -1.22702 0.811478 -2.05355
Normal: -1 -1.49376e-006 1.78635e-007
UV: 0.809674 0.318487

Position: -0.960597 0.586616 -1.32461
Normal: -1 5.07927e-007 -1.28365e-009
UV: 0.786358 0.122525

Position: -0.960597 0.583667 -2.2
Normal: -1 2.0453e-007 -8.5729e-009
UV: 0.795126 0.122576

Position: -0.960597 0.810671 -1.50486
Normal: -1 1.54091e-006 1.44251e-007
UV: 0.787692 0.118028

Position: -0.960597 0.893061 -1.77803
Normal: -1 -1.18714e-006 7.34588e-007
UV: 0.79021 0.11495

Position: -0.960597 0.811478 -2.05355
Normal: -1 3.51871e-006 -2.17733e-006
UV: 0.793273 0.118008

Position: -0.960597 0.380989 -1.32461
Normal: -1 0 0
UV: 0.786415 0.12613

Position: -0.960597 0.380989 -2.2
Normal: -1 0 0
UV: 0.795282 0.12613

Position: -0.960597 0.380989 2.24541
Normal: -1 0 0
UV: 0.762295 0.101364

Position: -0.960597 0.380989 1.64507
Normal: -1 0 0
UV: 0.771784 0.101364

Position: -0.960597 0.581621 2.24278
Normal: -0.999909 0.0135092 -0.000124578
UV: 0.762336 0.0978469

Position: -0.960597 0.576109 1.64507
Normal: -0.999988 0.00457163 0.00158299
UV: 0.771784 0.0979436

Position: -0.94918 0.790328 2.10087
Normal: -0.999223 0.0388121 0.00678754
UV: 0.76554 0.092954

Position: -0.956277 0.89766 1.81126
Normal: -0.999688 0.000523332 0.0249763
UV: 0.770158 0.0902641

Position: -0.960597 0.868303 1.64507
Normal: -0.99997 0.00334666 0.0070499
UV: 0.771784 0.0914397

Position: -0.958385 0.795942 1.48413
Normal: -0.999966 0.00565542 -0.00602038
UV: 0.774594 0.0931556

Position: -0.960597 0.577094 1.37151
Normal: -0.999994 0.00233115 -0.00248159
UV: 0.776712 0.0979263

Position: -0.960597 0.380989 1.37151
Normal: -1 0 0
UV: 0.776603 0.101364

Position: -1.22702 0.810671 -1.50486
Normal: -0 -0.957402 -0.288759
UV: 0.787692 0.118028

Position: -0.960597 0.893061 -1.77803
Normal: -0 -0.957402 -0.288759
UV: 0.79021 0.11495

Position: -1.22702 0.893061 -1.77803
Normal: -0 -0.957402 -0.288759
UV: 0.79021 0.11495

Position: -0.960597 0.810671 -1.50486
Normal: -0 -0.957402 -0.288759
UV: 0.787692 0.118028

Position: -0.960597 0.586616 -1.32461
Normal: -0 -0.626814 -0.779169
UV: 0.786358 0.122525

Position: -1.22702 0.810671 -1.50486
Normal: -0 -0.626814 -0.779169
UV: 0.787692 0.118028

Position: -1.22702 0.586616 -1.32461
Normal: -0 -0.626814 -0.779169
UV: 0.786358 0.122525

Position: -0.960597 0.810671 -1.50486
Normal: -0 -0.626814 -0.779169
UV: 0.787692 0.118028

Position: -1.22702 0.811478 -2.05355
Normal: -0 -0.540774 0.841168
UV: 0.793273 0.118008

Position: -0.960597 0.583667 -2.2
Normal: -0 -0.540774 0.841168
UV: 0.795126 0.122576

Position: -1.22702 0.583667 -2.2
Normal: -0 -0.540774 0.841168
UV: 0.795126 0.122576

Position: -0.960597 0.811478 -2.05355
Normal: -0 -0.540774 0.841168
UV: 0.793273 0.118008

Position: -0.960597 0.893061 -1.77803
Normal: -0 -0.958848 0.28392
UV: 0.79021 0.11495

Position: -1.22702 0.811478 -2.05355
Normal: -0 -0.958848 0.28392
UV: 0.793273 0.118008

Position: -1.22702 0.893061 -1.77803
Normal: -0 -0.958848 0.28392
UV: 0.79021 0.11495

Position: -0.960597 0.811478 -2.05355
Normal: -0 -0.958848 0.28392
UV: 0.793273 0.118008

Position: -0.960597 0.380989 -1.32461
Normal: -0 0 -1
UV: 0.786415 0.12613

Position: -1.22702 0.586616 -1.32461
Normal: -0 0 -1
UV: 0.786358 0.122525

Position: -1.22702 0.380989 -1.32461
Normal: -0 0 -1
UV: 0.786415 0.12613

Position: -0.960597 0.586616 -1.32461
Normal: -0 0 -1
UV: 0.786358 0.122525

Position: -0.960597 0.583667 -2.2
Normal: -0 0 1
UV: 0.795126 0.122576

Position: -1.22702 0.380989 -2.2
Normal: -0 0 1
UV: 0.795282 0.12613

Position: -1.22702 0.583667 -2.2
Normal: -0 0 1
UV: 0.795126 0.122576

Position: -0.960597 0.380989 -2.2
Normal: -0 0 1
UV: 0.795282 0.12613

Position: -0.960597 0.380989 2.24541
Normal: -0 -0.0131169 -0.999914
UV: 0.762295 0.101364

Position: -1.22702 0.581621 2.24278
Normal: -0 -0.0131169 -0.999914
UV: 0.762336 0.0978469

Position: -1.22702 0.380989 2.24541
Normal: -0 -0.0131169 -0.999914
UV: 0.762295 0.101364

Position: -0.960597 0.581621 2.24278
Normal: -0 -0.0131169 -0.999914
UV: 0.762336 0.0978469

Position: -1.21561 0.790328 2.10087
Normal: -0 -0.937676 -0.347511
UV: 0.76554 0.092954

Position: -0.956277 0.89766 1.81126
Normal: -0 -0.937676 -0.347511
UV: 0.770158 0.0902641

Position: -1.2227 0.89766 1.81126
Normal: -0 -0.937676 -0.347511
UV: 0.770158 0.0902641

Position: -0.94918 0.790328 2.10087
Normal: -0 -0.937676 -0.347511
UV: 0.76554 0.092954

Position: -0.960597 0.581621 2.24278
Normal: -0 -0.562291 -0.826939
UV: 0.762336 0.0978469

Position: -1.21561 0.790328 2.10087
Normal: -0 -0.562291 -0.826939
UV: 0.76554 0.092954

Position: -1.22702 0.581621 2.24278
Normal: -0 -0.562291 -0.826939
UV: 0.762336 0.0978469

Position: -0.94918 0.790328 2.10087
Normal: -0 -0.562291 -0.826939
UV: 0.76554 0.092954

Position: -1.2227 0.89766 1.81126
Normal: -0 -0.984754 0.173954
UV: 0.770158 0.0902641

Position: -0.960597 0.868303 1.64507
Normal: -0 -0.984754 0.173954
UV: 0.771784 0.0914397

Position: -1.22702 0.868303 1.64507
Normal: -0 -0.984754 0.173954
UV: 0.771784 0.0914397

Position: -0.956277 0.89766 1.81126
Normal: -0 -0.984754 0.173954
UV: 0.770158 0.0902641

Position: -1.22481 0.795942 1.48413
Normal: -0 -0.457577 0.88917
UV: 0.774594 0.0931556

Position: -0.960597 0.577094 1.37151
Normal: -0 -0.457577 0.88917
UV: 0.776712 0.0979263

Position: -1.22702 0.577094 1.37151
Normal: -0 -0.457577 0.88917
UV: 0.776712 0.0979263

Position: -0.958385 0.795942 1.48413
Normal: -0 -0.457577 0.88917
UV: 0.774594 0.0931556

Position: -0.960597 0.868303 1.64507
Normal: -0 -0.912049 0.410081
UV: 0.771784 0.0914397

Position: -1.22481 0.795942 1.48413
Normal: -0 -0.912049 0.410081
UV: 0.774594 0.0931556

Position: -1.22702 0.868303 1.64507
Normal: -0 -0.912049 0.410081
UV: 0.771784 0.0914397

Position: -0.958385 0.795942 1.48413
Normal: -0 -0.912049 0.410081
UV: 0.774594 0.0931556

Position: -0.960597 0.577094 1.37151
Normal: -0 0 1
UV: 0.776712 0.0979263

Position: -1.22702 0.380989 1.37151
Normal: -0 0 1
UV: 0.776603 0.101364

Position: -1.22702 0.577094 1.37151
Normal: -0 0 1
UV: 0.776712 0.0979263

Position: -0.960597 0.380989 1.37151
Normal: -0 0 1
UV: 0.776603 0.101364

Position: -0.960597 0.380989 1.37151
Normal: -0 -1 0
UV: 0.428051 0.471071

Position: -1.22702 0.380989 -1.24644
Normal: -0 -1 0
UV: 0.42763 0.466879

Position: -1.22702 0.380989 1.37151
Normal: -0 -1 0
UV: 0.42763 0.471071

Position: -0.960597 0.380989 -1.32461
Normal: -0 -1 0
UV: 0.428051 0.466757

Position: -1.22702 0.380989 -2.7645
Normal: -0 -1 0
UV: 0.42763 0.464521

Position: -0.960597 0.380989 -2.2
Normal: -0 -1 0
UV: 0.428051 0.465448

Position: -0 0.380989 -2.7645
Normal: -0 -1 0
UV: 0.429567 0.464521

Position: -1.22702 0.380989 -2.2
Normal: -0 -1 0
UV: 0.42763 0.465448

Position: -1.22702 0.380989 2.79475
Normal: -0 -1 -5.9299e-008
UV: 0.42763 0.473294

Position: -0 0.380989 2.79475
Normal: -0 -1 -4.32218e-008
UV: 0.429567 0.473294

Position: -0.960597 0.380989 2.24541
Normal: -0 -1 -7.26524e-008
UV: 0.428051 0.472404

Position: -1.22702 0.380989 2.24541
Normal: -0 -1 -7.26524e-008
UV: 0.42763 0.472404

Position: -0.960597 0.380989 1.64507
Normal: -0 -1 0
UV: 0.428051 0.47148

Position: -1.21561 0.790328 2.10087
Normal: -0.999704 -0.0216443 -0.0111479
UV: 0.205749 0.315944

Position: -1.22702 0.380989 -1.32461
Normal: -0 -1 0
UV: 0.42763 0.466757

Position: -1.60354 1.56158 -1.21881
Normal: -0 0.938583 -0.345055
UV: 0.507951 0.941301

Position: -1.26195 1.60957 -1.08827
Normal: -0 0.938583 -0.345055
UV: 0.551228 0.962802

Position: -1.66481 1.60957 -1.08827
Normal: -0 0.938583 -0.345055
UV: 0.507951 0.962802

Position: -1.32322 1.56158 -1.21881
Normal: -0 0.938583 -0.345055
UV: 0.551228 0.941301

Position: -1.32322 1.34202 -1.21881
Normal: -0 0 -1
UV: 0.551228 0.907405

Position: -1.60354 1.56158 -1.21881
Normal: -0 0 -1
UV: 0.507951 0.941301

Position: -1.60354 1.34202 -1.21881
Normal: -0 0 -1
UV: 0.507951 0.907405

Position: -1.32322 1.56158 -1.21881
Normal: -0 0 -1
UV: 0.551228 0.941301

Position: -1.66481 1.29403 -1.08827
Normal: -0 -0.938582 -0.345057
UV: 0.507951 0.885936

Position: -1.26195 1.29403 -1.08827
Normal: -0 -0.938582 -0.345057
UV: 0.551228 0.885936

Position: -1.60354 1.34202 -1.21881
Normal: -0 -0.938582 -0.345057
UV: 0.507951 0.907405

Position: -1.32322 1.34202 -1.21881
Normal: -0 -0.938582 -0.345057
UV: 0.551228 0.907405

Position: -1.26195 1.60957 -1.08827
Normal: -0 0 1
UV: 0.551228 0.837232

Position: -1.66481 1.29403 -1.08827
Normal: -0 0 1
UV: 0.507951 0.885936

Position: -1.66481 1.60957 -1.08827
Normal: -0 0 1
UV: 0.507951 0.837232

Position: -1.26195 1.29403 -1.08827
Normal: -0 0 1
UV: 0.551228 0.885936

Position: -1.32322 1.56158 -1.21881
Normal: 0.905248 0 -0.424885
UV: 0.551228 0.941301

Position: -1.32322 1.34202 -1.21881
Normal: 0.905247 0 -0.424885
UV: 0.596833 0.941301

Position: -1.26195 1.60957 -1.08827
Normal: 0.905248 0 -0.424885
UV: 0.551228 0.962802

Position: -1.26195 1.29403 -1.08827
Normal: 0.905247 0 -0.424885
UV: 0.596833 0.962802

Position: -1.60354 1.34202 -1.21881
Normal: -0.905247 0 -0.424886
UV: 0.462358 0.941301

Position: -1.66481 1.60957 -1.08827
Normal: -0.905247 0 -0.424886
UV: 0.507951 0.962802

Position: -1.66481 1.29403 -1.08827
Normal: -0.905247 0 -0.424886
UV: 0.462358 0.962802

Position: -1.60354 1.56158 -1.21881
Normal: -0.905247 0 -0.424886
UV: 0.507951 0.941301

Position: 1.22702 0.380989 1.37151
Normal: 1 4.5315e-007 0
UV: 0.305364 0.389989

Position: 1.22702 0.586974 -1.24451
Normal: 0.999999 0.00153857 0.000276876
UV: 0.739404 0.358195

Position: 1.22702 0.380989 -1.24644
Normal: 1 4.38082e-007 0
UV: 0.739404 0.389989

Position: 1.22702 0.577094 1.37151
Normal: 0.999998 0.0017857 0.000321416
UV: 0.306332 0.35972

Position: 1.22702 2.38565 1.5321
Normal: -0 1 0
UV: 0.939078 0.797587

Position: -1.22702 2.38565 1.5321
Normal: -0 1 0
UV: 0.939078 0.797587

Position: -1.22702 2.38565 -1.13154
Normal: -0 1 0
UV: 0.527952 0.797587

Position: 1.22702 2.38565 -1.13154
Normal: -0 1 0
UV: 0.527952 0.797587

Position: 1.22702 0.581542 -2.87003
Normal: -0 0 -1
UV: 0.0191702 0.951275

Position: 1.22702 0.380989 -2.87003
Normal: -0 0 -1
UV: 0.0191703 0.98223

Position: 1.22702 0.380989 2.87003
Normal: -0 0 1
UV: 0.0191703 0.98223

Position: 1.22702 0.586974 2.87003
Normal: -0 0 1
UV: 0.0191702 0.951275

Position: 1.22702 2.28561 0.119925
Normal: 1 -9.17723e-008 0
UV: 0.19227 0.192486

Position: 1.22702 2.28561 -0.999831
Normal: 1 -1.0782e-007 0
UV: 0.19227 0.0381681

Position: 1.22702 1.53675 0.111482
Normal: 1 2.53708e-007 0
UV: 0.106603 0.195605

Position: 1.22702 1.53675 -1.08391
Normal: 1 -1.01259e-007 0
UV: 0.106604 0.0359049

Position: -1.10955 2.22694 1.53861
Normal: 0.00181345 0.11836 0.992969
UV: 0.0668924 0.195605

Position: 1.10955 2.22694 1.53861
Normal: -0.00181347 0.11836 0.992969
UV: 0.0668924 0.195605

Position: 1.10955 1.53675 1.63856
Normal: -0.00179941 0.126286 0.991992
UV: 0.0668924 0.0359049

Position: -1.10955 1.53675 1.63856
Normal: 0.00179939 0.126286 0.991992
UV: 0.0668924 0.0359049

Position: 1.10955 2.28561 -1.14293
Normal: 0.00140095 0.122135 -0.992513
UV: 0.0668924 0.195605

Position: -1.10955 1.53409 -1.23704
Normal: -0.00140759 0.114294 -0.993446
UV: 0.0668924 0.0359049

Position: 1.10955 1.53409 -1.23704
Normal: 0.00140759 0.114294 -0.993446
UV: 0.0668924 0.0359049

Position: -1.10955 2.28561 -1.14293
Normal: -0.00140095 0.122135 -0.992512
UV: 0.0668924 0.195605

Position: -0 1.42565 -2.7645
Normal: -0 1 0
UV: 0.247826 0.824828

Position: 1.22702 1.42565 -1.24451
Normal: -0 1 0
UV: 0.437214 0.590219

Position: -1.22702 1.42565 -1.24451
Normal: -0 1 0
UV: 0.437214 0.590219

Position: 1.22702 0.586616 -1.32461
Normal: 1 4.21182e-007 -9.71109e-007
UV: 0.748794 0.358251

Position: 1.22702 0.380989 -1.32461
Normal: 1 -4.28869e-008 0
UV: 0.74929 0.389989

Position: 1.22702 0.586974 2.79475
Normal: 1 -1.41857e-007 0
UV: 0.0967723 0.358195

Position: 1.22702 0.380989 2.24541
Normal: 1 -2.95312e-007 0
UV: 0.177184 0.389989

Position: 1.22702 0.380989 2.79475
Normal: 1 -2.59385e-007 0
UV: 0.0967724 0.389989

Position: 1.22702 0.581621 2.24278
Normal: 0.999938 0.00727561 -0.0084868
UV: 0.177547 0.359022

Position: 1.22702 1.42565 2.79475
Normal: -0 1 0
UV: 0.256125 0.619025

Position: -1.22702 1.42565 2.79475
Normal: -0 1 0
UV: 0.256125 0.619025

Position: -1.22702 1.42565 1.64507
Normal: -0 1 0
UV: 0.433575 0.619025

Position: 1.22702 1.42565 1.64507
Normal: -0 1 0
UV: 0.433575 0.619025

Position: 1.22702 1.42565 -1.24451
Normal: 0.0063941 0.0844391 -0.996408
UV: 0.0290077 0.928702

Position: 1.10955 1.53409 -1.23704
Normal: 0.00140759 0.114294 -0.993446
UV: 0.0457797 0.91057

Position: 1.10955 2.28561 -1.14293
Normal: 0.00140095 0.122135 -0.992513
UV: 0.199732 0.910559

Position: 1.22702 2.38565 -1.13154
Normal: 0.00718324 0.115559 -0.993275
UV: 0.215272 0.928689

Position: 1.22702 1.53675 0.111482
Normal: 1 2.53708e-007 0
UV: 0.510927 0.207601

Position: 1.22702 1.53675 -1.08391
Normal: 1 -1.01259e-007 0
UV: 0.695431 0.2076

Position: 1.22702 1.42565 -1.24451
Normal: 1 -9.8025e-008 0
UV: 0.739404 0.224749

Position: 1.22702 2.28561 -0.999831
Normal: 1 -1.0782e-007 0
UV: 0.682455 0.054895

Position: 1.22702 2.38565 -1.13154
Normal: 1 0 0
UV: 0.702783 0.0392966

Position: 1.22702 2.28561 0.119925
Normal: 1 -9.17723e-008 0
UV: 0.509624 0.0546063

Position: 1.22702 2.38565 1.5321
Normal: 1 1.80157e-007 0
UV: 0.291658 0.0392965

Position: 1.22702 2.28561 0.30819
Normal: 1 0 0
UV: 0.480565 0.0546058

Position: 1.22702 1.53675 1.48447
Normal: 1 4.04847e-008 0
UV: 0.299009 0.207601

Position: 1.22702 1.42565 1.64507
Normal: 1 2.84998e-008 0
UV: 0.260723 0.224749

Position: 1.22702 2.28561 1.40039
Normal: 1 3.44775e-008 0
UV: 0.311987 0.0548918

Position: 1.22702 1.53675 0.315905
Normal: 1 3.4739e-007 0
UV: 0.479374 0.207601

Position: 1.22702 2.28561 1.40039
Normal: 1 3.44775e-008 0
UV: 0.19227 0.193254

Position: 1.22702 1.53675 0.315905
Normal: 1 3.4739e-007 0
UV: 0.106604 0.0359049

Position: 1.22702 1.53675 1.48447
Normal: 1 4.04847e-008 0
UV: 0.106603 0.195605

Position: 1.22702 2.28561 0.30819
Normal: 1 0 0
UV: 0.19227 0.0391249

Position: 1.22702 0.963214 -2.50674
Normal: 1 2.94514e-007 1.3249e-007
UV: 0.841858 0.291691

Position: 1.22702 0.961856 -2.7645
Normal: 1 0 0
UV: 0.881644 0.291891

Position: 1.22702 0.581542 -2.7645
Normal: 1 2.84887e-007 1.62192e-007
UV: 0.881644 0.359033

Position: 1.22538 0.805456 1.43134
Normal: 1 -0.000289626 0.000308081
UV: 0.703206 0.318585

Position: 1.22702 0.577094 1.37151
Normal: 0.999998 0.0017857 0.000321416
UV: 0.693795 0.35972

Position: 1.22481 0.795942 1.48413
Normal: 0.999998 -0.00215998 0.000198334
UV: 0.712446 0.320675

Position: 1.22702 0.964572 -1.24451
Normal: 0.999999 0.00127104 0.000237544
UV: 0.260723 0.291472

Position: 1.22702 0.586974 -1.24451
Normal: 0.999999 0.00153857 0.000276876
UV: 0.260723 0.358195

Position: 1.22702 0.964572 2.79475
Normal: 0.999976 0.0045202 -0.00527259
UV: 0.0967723 0.291472

Position: -0 0.586974 2.79475
Normal: 1.57777e-008 0 1
UV: 0.899913 0.541165

Position: -1.22702 0.586974 2.79475
Normal: -2.72645e-007 0 1
UV: 0.710525 0.541165

Position: -0.613512 0.964572 2.79475
Normal: -1.44822e-007 0 1
UV: 0.805219 0.474441

Position: -1.22702 0.964572 2.79475
Normal: -1.93774e-007 0 1
UV: 0.710525 0.474441

Position: 1.22702 0.581542 -2.7645
Normal: -0 0 -1
UV: 0.437153 0.978371

Position: 0.613512 0.961856 -2.7645
Normal: -0 0 -1
UV: 0.342459 0.911228

Position: 1.22702 0.581542 -2.87003
Normal: 1 0 0
UV: 0.897933 0.359034

Position: 1.22702 0.380989 -2.7645
Normal: 1 0 0
UV: 0.881644 0.389989

Position: 1.22702 0.380989 -2.87003
Normal: 1 0 0
UV: 0.897933 0.389989

Position: 1.22702 0.581542 -2.7645
Normal: -0 1 0
UV: 0.436137 0.587135

Position: 1.22702 0.581542 -2.87003
Normal: -0 1 0
UV: 0.436137 0.603423

Position: 1.22702 0.380989 -2.7645
Normal: -0 -1 2.70433e-008
UV: 0.457541 0.504875

Position: 1.22702 0.380989 -2.87003
Normal: -0 -1 0
UV: 0.465728 0.504875

Position: 1.10955 1.53675 1.63856
Normal: -0.00179941 0.126286 0.991992
UV: 0.199732 0.910559

Position: 1.22702 1.42565 1.64507
Normal: -0.007459 0.0785111 0.996885
UV: 0.215272 0.928689

Position: 1.22702 2.38565 1.5321
Normal: -0.0039695 0.0543218 0.998516
UV: 0.0290077 0.928702

Position: 1.10955 2.22694 1.53861
Normal: -0.00181347 0.11836 0.992969
UV: 0.0457797 0.91057

Position: 0.613512 1.19375 -2.7645
Normal: -0 0 -1
UV: 0.342459 0.877657

Position: 1.22702 0.963214 -2.50674
Normal: 1 2.94514e-007 1.3249e-007
UV: 0.983501 -0.72793

Position: 1.22702 1.19375 -2.7645
Normal: 1 0 0
UV: 0.920566 -0.655894

Position: 1.22702 0.961856 -2.7645
Normal: 1 0 0
UV: 0.983501 -0.655894

Position: 1.22702 1.19443 -2.50674
Normal: 1 -1.46544e-007 0
UV: 0.920566 -0.72793

Position: 1.22702 1.19239 1.64507
Normal: 1 -0.00077376 -9.83507e-005
UV: 0.739404 0.25853

Position: 1.22702 0.959139 1.64507
Normal: 0.999996 -0.00265185 0.000749974
UV: 0.739404 0.292311

Position: 1.22702 1.19511 -1.24451
Normal: 1 -5.56237e-008 0
UV: 0.260723 0.25811

Position: 1.22702 1.19375 2.56876
Normal: 0.999995 -0.00307043 -0.000766336
UV: 0.131654 0.258312

Position: 1.2227 0.89766 1.81126
Normal: 0.999937 -0.0111731 -0.00110638
UV: 0.246407 0.292262

Position: 1.22702 0.961856 2.56876
Normal: 0.999957 0.00135518 -0.00913817
UV: 0.131654 0.291874

Position: 1.22702 1.19239 1.64507
Normal: 1 -0.00077376 -9.83507e-005
UV: 0.260723 0.25853

Position: 0.613512 1.19511 2.79475
Normal: -0 0 1
UV: 0.983501 -0.489395

Position: 1.22702 1.19511 2.79475
Normal: -0 0 1
UV: 0.983501 -0.655894

Position: 1.22702 0.964572 2.79475
Normal: 2.43817e-007 0 1
UV: 0.920566 -0.655894

Position: 0.613512 0.964572 2.79475
Normal: 1.82224e-007 0 1
UV: 0.920566 -0.489395

Position: 1.22702 1.19375 -2.7645
Normal: -0 0 -1
UV: 0.437153 0.877657

Position: 1.22702 1.42565 -2.7645
Normal: -0 0 -1
UV: 0.437153 0.844086

Position: 1.22702 1.19443 -2.50674
Normal: 1 -1.46544e-007 0
UV: 0.841858 0.258219

Position: 1.22702 1.19511 -1.24451
Normal: 1 -5.56237e-008 0
UV: 0.739404 0.25811

Position: 1.22702 1.42565 -2.7645
Normal: 1 -3.35289e-007 0
UV: 0.881644 0.224748

Position: 1.22702 1.42565 2.79475
Normal: 1 0 0
UV: 0.0967723 0.224749

Position: 0.613512 0.964572 2.79475
Normal: 1.82224e-007 0 1
UV: 0.805219 0.474441

Position: -0.613512 1.19511 2.79475
Normal: -0 0 1
UV: 0.805219 0.441079

Position: 1.22702 1.19511 2.79475
Normal: 1 0 0
UV: 0.983501 -0.655894

Position: 1.22702 1.19375 2.56876
Normal: 0.999995 -0.00307043 -0.000766336
UV: 0.983501 -0.72793

Position: 1.22702 0.964572 2.79475
Normal: 0.999976 0.0045202 -0.00527259
UV: 0.920566 -0.655894

Position: 1.22702 0.961856 2.56876
Normal: 0.999957 0.00135518 -0.00913817
UV: 0.920566 -0.72793

Position: 1.22702 0.893061 -1.77803
Normal: 1 9.69503e-009 8.48945e-010
UV: 0.782709 0.291565

Position: 1.22702 0.964572 -1.24451
Normal: 0.999999 0.00127104 0.000237544
UV: 0.739404 0.291472

Position: 1.22702 1.19375 -2.7645
Normal: -0 0 -1
UV: 0.920566 -0.655894

Position: 0.613512 1.19375 -2.7645
Normal: -0 0 -1
UV: 0.920566 -0.489395

Position: 1.22702 0.961856 -2.7645
Normal: -0 0 -1
UV: 0.983501 -0.655894

Position: 0.613512 0.961856 -2.7645
Normal: -0 0 -1
UV: 0.983501 -0.489395

Position: 1.22702 1.19375 -2.7645
Normal: 1 0 0
UV: 0.881644 0.25832

Position: 1.22702 0.810671 -1.50486
Normal: 1 -1.93235e-006 -4.27223e-007
UV: 0.760536 0.318663

Position: 1.22702 0.380989 2.87003
Normal: -0 -1 0
UV: 0.0191703 0.98223

Position: 1.22702 0.380989 2.79475
Normal: -0 -1 -2.96495e-008
UV: 0.0191703 0.98223

Position: 1.22702 0.586974 2.87003
Normal: 1 0 0
UV: 0.0191702 0.951275

Position: 1.22702 0.380989 2.79475
Normal: 1 -2.59385e-007 0
UV: 0.0191703 0.98223

Position: 1.22702 0.380989 2.87003
Normal: 1 0 0
UV: 0.0191703 0.98223

Position: 1.22702 0.586974 2.79475
Normal: 1 -1.41857e-007 0
UV: 0.0191702 0.951275

Position: 1.22702 0.586974 2.79475
Normal: -0 1 0
UV: 0.0191702 0.951275

Position: 1.22702 0.586974 2.87003
Normal: -0 1 0
UV: 0.0191702 0.951275

Position: 1.22702 0.380989 -2.2
Normal: 1 0 0
UV: 0.827362 0.389989

Position: 1.22702 0.583667 -2.2
Normal: 1 4.70635e-007 2.67942e-007
UV: 0.82599 0.358706

Position: 1.22702 0.811478 -2.05355
Normal: 1 -1.14016e-006 1.78635e-007
UV: 0.809674 0.318487

Position: 0.960597 0.586616 -1.32461
Normal: 1 4.35366e-007 -1.28365e-009
UV: 0.786358 0.122525

Position: 0.960597 0.810671 -1.50486
Normal: 1 1.2063e-006 1.44251e-007
UV: 0.787692 0.118028

Position: 0.960597 0.583667 -2.2
Normal: 1 1.17286e-007 -8.57281e-009
UV: 0.795126 0.122576

Position: 0.960597 0.893061 -1.77803
Normal: 1 -1.72868e-006 7.34588e-007
UV: 0.79021 0.11495

Position: 0.960597 0.811478 -2.05355
Normal: 1 2.3458e-006 -2.17733e-006
UV: 0.793273 0.118008

Position: 0.960597 0.380989 -1.32461
Normal: 1 0 0
UV: 0.786415 0.12613

Position: 0.960597 0.380989 -2.2
Normal: 1 0 0
UV: 0.795282 0.12613

Position: 0.960597 0.581621 2.24278
Normal: 0.999909 0.0135092 -0.000124578
UV: 0.762336 0.0978469

Position: 0.960597 0.380989 1.64507
Normal: 1 0 0
UV: 0.771784 0.101364

Position: 0.960597 0.380989 2.24541
Normal: 1 0 0
UV: 0.762295 0.101364

Position: 0.960597 0.576109 1.64507
Normal: 0.999988 0.00457157 0.00158298
UV: 0.771784 0.0979436

Position: 1.22702 0.959139 1.64507
Normal: 0.999996 -0.00265185 0.000749974
UV: 0.260723 0.292311

Position: 1.22702 0.868303 1.64507
Normal: 0.999947 -0.0102967 0.000285624
UV: 0.260723 0.302612

Position: 0.94918 0.790328 2.10087
Normal: 0.999223 0.0388118 0.00678754
UV: 0.76554 0.092954

Position: 0.956277 0.89766 1.81126
Normal: 0.999688 0.000522897 0.0249763
UV: 0.770158 0.0902641

Position: 0.960597 0.868303 1.64507
Normal: 0.99997 0.00334666 0.0070499
UV: 0.771784 0.0914397

Position: 0.958385 0.795942 1.48413
Normal: 0.999966 0.00565542 -0.00602038
UV: 0.774594 0.0931556

Position: 0.960597 0.577094 1.37151
Normal: 0.999994 0.00233115 -0.00248159
UV: 0.776712 0.0979263

Position: 0.960597 0.380989 1.37151
Normal: 1 0 0
UV: 0.776603 0.101364

Position: 1.22702 0.810671 -1.50486
Normal: -0 -0.957402 -0.288759
UV: 0.787692 0.118028

Position: 0.960597 0.893061 -1.77803
Normal: -0 -0.957402 -0.288759
UV: 0.79021 0.11495

Position: 0.960597 0.810671 -1.50486
Normal: -0 -0.957402 -0.288759
UV: 0.787692 0.118028

Position: 1.22702 0.893061 -1.77803
Normal: -0 -0.957402 -0.288759
UV: 0.79021 0.11495

Position: 0.960597 0.586616 -1.32461
Normal: -0 -0.626814 -0.779169
UV: 0.786358 0.122525

Position: 1.22702 0.586616 -1.32461
Normal: -0 -0.626814 -0.779169
UV: 0.786358 0.122525

Position: 1.22702 0.810671 -1.50486
Normal: -0 -0.626814 -0.779169
UV: 0.787692 0.118028

Position: 0.960597 0.810671 -1.50486
Normal: -0 -0.626814 -0.779169
UV: 0.787692 0.118028

Position: 1.22702 0.811478 -2.05355
Normal: -0 -0.540774 0.841168
UV: 0.793273 0.118008

Position: 0.960597 0.583667 -2.2
Normal: -0 -0.540774 0.841168
UV: 0.795126 0.122576

Position: 0.960597 0.811478 -2.05355
Normal: -0 -0.540774 0.841168
UV: 0.793273 0.118008

Position: 1.22702 0.583667 -2.2
Normal: -0 -0.540774 0.841168
UV: 0.795126 0.122576

Position: 0.960597 0.893061 -1.77803
Normal: -0 -0.958848 0.28392
UV: 0.79021 0.11495

Position: 1.22702 0.893061 -1.77803
Normal: -0 -0.958848 0.28392
UV: 0.79021 0.11495

Position: 1.22702 0.811478 -2.05355
Normal: -0 -0.958848 0.28392
UV: 0.793273 0.118008

Position: 0.960597 0.811478 -2.05355
Normal: -0 -0.958848 0.28392
UV: 0.793273 0.118008

Position: 0.960597 0.380989 -1.32461
Normal: -0 0 -1
UV: 0.786415 0.12613

Position: 1.22702 0.380989 -1.32461
Normal: -0 0 -1
UV: 0.786415 0.12613

Position: 1.22702 0.586616 -1.32461
Normal: -0 0 -1
UV: 0.786358 0.122525

Position: 0.960597 0.586616 -1.32461
Normal: -0 0 -1
UV: 0.786358 0.122525

Position: 0.960597 0.583667 -2.2
Normal: -0 0 1
UV: 0.795126 0.122576

Position: 1.22702 0.583667 -2.2
Normal: -0 0 1
UV: 0.795126 0.122576

Position: 1.22702 0.380989 -2.2
Normal: -0 0 1
UV: 0.795282 0.12613

Position: 0.960597 0.380989 -2.2
Normal: -0 0 1
UV: 0.795282 0.12613

Position: 0.960597 0.380989 2.24541
Normal: -0 -0.0131169 -0.999914
UV: 0.762295 0.101364

Position: 1.22702 0.380989 2.24541
Normal: -0 -0.0131169 -0.999914
UV: 0.762295 0.101364

Position: 1.22702 0.581621 2.24278
Normal: -0 -0.0131169 -0.999914
UV: 0.762336 0.0978469

Position: 0.960597 0.581621 2.24278
Normal: -0 -0.0131169 -0.999914
UV: 0.762336 0.0978469

Position: 1.21561 0.790328 2.10087
Normal: -0 -0.937676 -0.347511
UV: 0.76554 0.092954

Position: 0.956277 0.89766 1.81126
Normal: -0 -0.937676 -0.347511
UV: 0.770158 0.0902641

Position: 0.94918 0.790328 2.10087
Normal: -0 -0.937676 -0.347511
UV: 0.76554 0.092954

Position: 1.2227 0.89766 1.81126
Normal: -0 -0.937676 -0.347511
UV: 0.770158 0.0902641

Position: 0.960597 0.581621 2.24278
Normal: -0 -0.562291 -0.826939
UV: 0.762336 0.0978469

Position: 1.22702 0.581621 2.24278
Normal: -0 -0.562291 -0.826939
UV: 0.762336 0.0978469

Position: 1.21561 0.790328 2.10087
Normal: -0 -0.562291 -0.826939
UV: 0.76554 0.092954

Position: 0.94918 0.790328 2.10087
Normal: -0 -0.562291 -0.826939
UV: 0.76554 0.092954

Position: 1.2227 0.89766 1.81126
Normal: -0 -0.984754 0.173954
UV: 0.770158 0.0902641

Position: 0.960597 0.868303 1.64507
Normal: -0 -0.984754 0.173954
UV: 0.771784 0.0914397

Position: 0.956277 0.89766 1.81126
Normal: -0 -0.984754 0.173954
UV: 0.770158 0.0902641

Position: 1.22702 0.868303 1.64507
Normal: -0 -0.984754 0.173954
UV: 0.771784 0.0914397

Position: 1.22481 0.795942 1.48413
Normal: -0 -0.457577 0.88917
UV: 0.774594 0.0931556

Position: 0.960597 0.577094 1.37151
Normal: -0 -0.457577 0.88917
UV: 0.776712 0.0979263

Position: 0.958385 0.795942 1.48413
Normal: -0 -0.457577 0.88917
UV: 0.774594 0.0931556

Position: 1.22702 0.577094 1.37151
Normal: -0 -0.457577 0.88917
UV: 0.776712 0.0979263

Position: 0.960597 0.868303 1.64507
Normal: -0 -0.912049 0.410081
UV: 0.771784 0.0914397

Position: 1.22702 0.868303 1.64507
Normal: -0 -0.912049 0.410081
UV: 0.771784 0.0914397

Position: 1.22481 0.795942 1.48413
Normal: -0 -0.912049 0.410081
UV: 0.774594 0.0931556

Position: 0.958385 0.795942 1.48413
Normal: -0 -0.912049 0.410081
UV: 0.774594 0.0931556

Position: 0.960597 0.577094 1.37151
Normal: -0 0 1
UV: 0.776712 0.0979263

Position: 1.22702 0.577094 1.37151
Normal: -0 0 1
UV: 0.776712 0.0979263

Position: 1.22702 0.380989 1.37151
Normal: -0 0 1
UV: 0.776603 0.101364

Position: 0.960597 0.380989 1.37151
Normal: -0 0 1
UV: 0.776603 0.101364

Position: 0.960597 0.380989 1.37151
Normal: -0 -1 0
UV: 0.428051 0.471071

Position: 1.22702 0.380989 -1.24644
Normal: -0 -1 0
UV: 0.42763 0.466879

Position: 0.960597 0.380989 -1.32461
Normal: -0 -1 0
UV: 0.428051 0.466757

Position: 1.22702 0.380989 1.37151
Normal: -0 -1 0
UV: 0.42763 0.471071

Position: 1.22702 0.380989 -2.7645
Normal: -0 -1 2.70433e-008
UV: 0.42763 0.464521

Position: 0.960597 0.380989 -2.2
Normal: -0 -1 3.53505e-008
UV: 0.428051 0.465448

Position: 1.22702 0.380989 -2.2
Normal: -0 -1 3.53505e-008
UV: 0.42763 0.465448

Position: 1.22702 0.380989 2.79475
Normal: -0 -1 -2.96495e-008
UV: 0.42763 0.473294

Position: 0.960597 0.380989 2.24541
Normal: -0 -1 -3.63262e-008
UV: 0.428051 0.472404

Position: 1.22702 0.380989 2.24541
Normal: -0 -1 -3.63262e-008
UV: 0.42763 0.472404

Position: 0.960597 0.380989 1.64507
Normal: -0 -1 0
UV: 0.428051 0.47148

Position: 1.21561 0.790328 2.10087
Normal: 0.999704 -0.0216443 -0.0111479
UV: 0.205749 0.315944

Position: 1.22702 0.380989 -1.32461
Normal: -0 -1 0
UV: 0.42763 0.466757

Position: 1.26195 1.60957 -1.08827
Normal: -0 0.938583 -0.345054
UV: 0.551228 0.962802

Position: 1.60354 1.56158 -1.21881
Normal: -0 0.938583 -0.345054
UV: 0.507951 0.941301

Position: 1.66481 1.60957 -1.08827
Normal: -0 0.938583 -0.345054
UV: 0.507951 0.962802

Position: 1.32322 1.56158 -1.21881
Normal: -0 0.938583 -0.345054
UV: 0.551228 0.941301

Position: 1.32322 1.34202 -1.21881
Normal: -0 0 -1
UV: 0.551228 0.907405

Position: 1.60354 1.34202 -1.21881
Normal: -0 0 -1
UV: 0.507951 0.907405

Position: 1.60354 1.56158 -1.21881
Normal: -0 0 -1
UV: 0.507951 0.941301

Position: 1.32322 1.56158 -1.21881
Normal: -0 0 -1
UV: 0.551228 0.941301

Position: 1.26195 1.29403 -1.08827
Normal: -0 -0.938582 -0.345056
UV: 0.551228 0.885936

Position: 1.66481 1.29403 -1.08827
Normal: -0 -0.938582 -0.345056
UV: 0.507951 0.885936

Position: 1.60354 1.34202 -1.21881
Normal: -0 -0.938582 -0.345056
UV: 0.507951 0.907405

Position: 1.32322 1.34202 -1.21881
Normal: -0 -0.938582 -0.345056
UV: 0.551228 0.907405

Position: 1.26195 1.60957 -1.08827
Normal: -0 0 1
UV: 0.551228 0.837232

Position: 1.66481 1.60957 -1.08827
Normal: -0 0 1
UV: 0.507951 0.837232

Position: 1.66481 1.29403 -1.08827
Normal: -0 0 1
UV: 0.507951 0.885936

Position: 1.26195 1.29403 -1.08827
Normal: -0 0 1
UV: 0.551228 0.885936

Position: 1.26195 1.60957 -1.08827
Normal: -0.905247 0 -0.424885
UV: 0.551228 0.962802

Position: 1.26195 1.29403 -1.08827
Normal: -0.905247 0 -0.424885
UV: 0.596833 0.962802

Position: 1.32322 1.34202 -1.21881
Normal: -0.905247 0 -0.424885
UV: 0.596833 0.941301

Position: 1.32322 1.56158 -1.21881
Normal: -0.905247 0 -0.424885
UV: 0.551228 0.941301

Position: 1.66481 1.60957 -1.08827
Normal: 0.905247 0 -0.424886
UV: 0.507951 0.962802

Position: 1.60354 1.34202 -1.21881
Normal: 0.905247 0 -0.424886
UV: 0.462358 0.941301

Position: 1.66481 1.29403 -1.08827
Normal: 0.905247 0 -0.424886
UV: 0.462358 0.962802

Position: 1.60354 1.56158 -1.21881
Normal: 0.905247 0 -0.424886
UV: 0.507951 0.941301

Position: -0.98753 2.67194 0.289179
Normal: -1 0 0
UV: 0.619857 0.942092

Position: -0.98753 2.38565 0.289179
Normal: -1 0 0
UV: 0.619834 0.979638

Position: -0.98753 2.67194 0.0369491
Normal: -1 0 0
UV: 0.636581 0.942092

Position: -0.98753 2.38565 0.0369491
Normal: -1 0 0
UV: 0.636605 0.979639

Position: -4.29303e-014 2.67194 0.0369491
Normal: -0 1 0
UV: 0.811249 0.942037

Position: 0.98753 2.67194 0.0369491
Normal: -0 1 0
UV: 0.965889 0.941959

Position: -4.29246e-014 2.67194 0.289179
Normal: -0 1 0
UV: 0.811192 0.926654

Position: 0.98753 2.67194 0.289179
Normal: -0 1 0
UV: 0.965761 0.926568

Position: 0.98753 2.38565 0.289179
Normal: 1 0 0
UV: 0.980665 0.979472

Position: 0.98753 2.67194 0.289179
Normal: 1 0 0
UV: 0.980614 0.941921

Position: 0.98753 2.38565 0.0369491
Normal: 1 0 0
UV: 0.965889 0.979511

Position: 0.98753 2.67194 0.0369491
Normal: 1 0 0
UV: 0.965889 0.941959

Position: -4.29303e-014 2.38565 0.0369491
Normal: -0 0 -1
UV: 0.811291 0.979587

Position: 0.98753 2.38565 0.0369491
Normal: -0 0 -1
UV: 0.965889 0.979511

Position: 0.98753 2.67194 0.0369491
Normal: -0 0 -1
UV: 0.965889 0.941959

Position: -4.29303e-014 2.67194 0.0369491
Normal: -0 0 -1
UV: 0.811249 0.942037

Position: -4.29246e-014 2.67194 0.289179
Normal: -0 0 1
UV: 0.811311 0.96512

Position: 0.98753 2.67194 0.289179
Normal: -0 0 1
UV: 0.965889 0.965042

Position: 0.98753 2.38565 0.289179
Normal: -0 0 1
UV: 0.965822 0.94965

Position: -4.29246e-014 2.38565 0.289179
Normal: -0 0 1
UV: 0.811253 0.949737

Position: -0.98753 2.67194 0.289179
Normal: -0 0 1
UV: 0.636571 0.965042

Position: -0.98753 2.38565 0.289179
Normal: -0 0 1
UV: 0.636571 0.94965

Position: -0.98753 2.67194 0.0369491
Normal: -0 1 0
UV: 0.636581 0.942092

Position: -0.98753 2.67194 0.289179
Normal: -0 1 0
UV: 0.636534 0.926717

Position: -0.98753 2.38565 0.0369491
Normal: -0 0 -1
UV: 0.636605 0.979639

Position: -0.98753 2.67194 0.0369491
Normal: -0 0 -1
UV: 0.636581 0.942092

Position: -1.16845 0.457611 1.79933
Normal: -0 0.707107 0.707107
UV: 0.846049 0.0269374

Position: 1.16845 0.457611 1.79933
Normal: -0 0.707107 0.707107
UV: 0.847324 0.0269374

Position: 1.16845 0.356283 1.90066
Normal: -0 0.707107 0.707107
UV: 0.847324 0.0256624

Position: -1.16845 0.356283 1.90066
Normal: -0 0.707107 0.707107
UV: 0.846049 0.0256624

Position: -1.16845 0.356283 1.69801
Normal: -0 0.707107 -0.707107
UV: 0.846049 0.0282122

Position: 1.16845 0.356283 1.69801
Normal: -0 0.707107 -0.707107
UV: 0.847324 0.0282122

Position: 1.16845 0.457611 1.79933
Normal: -0 0.707107 -0.707107
UV: 0.847324 0.0269374

Position: -1.16845 0.457611 1.79933
Normal: -0 0.707107 -0.707107
UV: 0.846049 0.0269374

Position: -1.16845 0.254954 1.79933
Normal: -0 -0.707107 -0.707107
UV: 0.846049 0.0294872

Position: 1.16845 0.254954 1.79933
Normal: -0 -0.707107 -0.707107
UV: 0.847324 0.0294872

Position: 1.16845 0.356283 1.69801
Normal: -0 -0.707107 -0.707107
UV: 0.847324 0.0282122

Position: -1.16845 0.356283 1.69801
Normal: -0 -0.707107 -0.707107
UV: 0.846049 0.0282122

Position: -1.16845 0.356283 1.90066
Normal: -0 -0.707107 0.707107
UV: 0.846049 0.0307621

Position: 1.16845 0.356283 1.90066
Normal: -0 -0.707107 0.707107
UV: 0.847324 0.0307621

Position: 1.16845 0.254954 1.79933
Normal: -0 -0.707107 0.707107
UV: 0.847324 0.0294872

Position: -1.16845 0.254954 1.79933
Normal: -0 -0.707107 0.707107
UV: 0.846049 0.0294872

Position: -1.16845 0.457611 -1.7685
Normal: -0 0.707107 0.707107
UV: 0.846049 0.0269374

Position: 1.16845 0.457611 -1.7685
Normal: -0 0.707107 0.707107
UV: 0.847324 0.0269374

Position: 1.16845 0.356283 -1.66717
Normal: -0 0.707107 0.707107
UV: 0.847324 0.0256624

Position: -1.16845 0.356283 -1.66717
Normal: -0 0.707107 0.707107
UV: 0.846049 0.0256624

Position: -1.16845 0.356283 -1.86983
Normal: -0 0.707107 -0.707107
UV: 0.846049 0.0282122

Position: 1.16845 0.356283 -1.86983
Normal: -0 0.707107 -0.707107
UV: 0.847324 0.0282122

Position: 1.16845 0.457611 -1.7685
Normal: -0 0.707107 -0.707107
UV: 0.847324 0.0269374

Position: -1.16845 0.457611 -1.7685
Normal: -0 0.707107 -0.707107
UV: 0.846049 0.0269374

Position: -1.16845 0.254954 -1.7685
Normal: -0 -0.707107 -0.707107
UV: 0.846049 0.0294872

Position: 1.16845 0.254954 -1.7685
Normal: -0 -0.707107 -0.707107
UV: 0.847324 0.0294872

Position: 1.16845 0.356283 -1.86983
Normal: -0 -0.707107 -0.707107
UV: 0.847324 0.0282122

Position: -1.16845 0.356283 -1.86983
Normal: -0 -0.707107 -0.707107
UV: 0.846049 0.0282122

Position: -1.16845 0.356283 -1.66717
Normal: -0 -0.707107 0.707107
UV: 0.846049 0.0307621

Position: 1.16845 0.356283 -1.66717
Normal: -0 -0.707107 0.707107
UV: 0.847324 0.0307621

Position: 1.16845 0.254954 -1.7685
Normal: -0 -0.707107 0.707107
UV: 0.847324 0.0294872

Position: -1.16845 0.254954 -1.7685
Normal: -0 -0.707107 0.707107
UV: 0.846049 0.0294872

Position: -1.22702 1.42565 -2.7645
Normal: -0 1 0
UV: 0.437214 0.824828

Position: 1.22702 1.42565 -2.7645
Normal: -0 1 0
UV: 0.437214 0.824828

Position: -1.22702 1.19375 -2.7645
Normal: -0 0 -1
UV: 0.437153 0.877657

Position: 1.22702 0.961856 -2.7645
Normal: -0 0 -1
UV: 0.437153 0.911228

Position: -1.22702 0.961856 -2.7645
Normal: -0 0 -1
UV: 0.437153 0.911228

Position: 1.22702 1.19511 2.79475
Normal: 1 0 0
UV: 0.0967723 0.25811

Position: -1.22702 1.42565 2.79475
Normal: -0 0 1
UV: 0.710525 0.407718

Position: -1.22702 1.19511 2.79475
Normal: -0 0 1
UV: 0.710525 0.441079

Position: 1.22702 0.586974 2.79475
Normal: 3.43057e-007 0 1
UV: 0.710525 0.541165

Position: 1.22702 0.964572 2.79475
Normal: 2.43817e-007 0 1
UV: 0.710525 0.474441

Position: 1.22702 0.868303 1.64507
Normal: 0.999947 -0.0102967 0.000285624
UV: 0.739404 0.302612


[INDEX_DATA]
0 2 1
1 3 0
4 6 5
4 7 6
8 10 9
11 9 10
12 14 13
13 14 15
3 1 16
16 17 3
18 20 19
20 21 19
22 24 23
23 25 22
26 28 27
27 28 29
28 30 29
31 29 32
32 33 31
34 35 31
31 36 34
26 37 32
33 32 37
38 40 39
39 41 38
42 44 43
45 47 46
46 48 45
20 49 21
50 52 51
51 52 53
54 56 55
43 55 56
57 59 58
60 58 59
61 63 62
64 62 63
65 67 66
65 68 67
52 69 53
52 70 69
71 73 72
72 74 71
75 76 47
47 45 75
77 75 78
78 79 77
80 82 81
83 81 82
84 69 70
70 85 84
86 76 27
87 86 27
35 27 76
76 75 35
88 89 77
90 92 91
93 95 94
94 95 96
76 97 47
98 100 99
98 101 100
87 102 86
16 1 47
103 16 47
104 106 105
104 107 106
108 110 109
108 111 110
112 114 113
112 115 114
116 117 43
43 56 116
97 42 118
119 121 120
121 122 120
122 123 120
124 119 120
120 125 124
126 128 127
128 129 127
78 45 48
128 130 129
130 131 129
131 132 129
132 133 129
129 133 134
129 134 135
135 127 129
136 138 137
137 139 136
140 142 141
141 143 140
144 146 145
145 147 144
148 150 149
149 151 148
152 154 153
153 155 152
156 158 157
157 159 156
160 162 161
161 163 160
164 166 165
165 167 164
168 170 169
169 171 168
172 174 173
173 175 172
176 178 177
177 179 176
180 182 181
181 183 180
184 186 185
185 187 184
188 190 189
189 191 188
192 194 193
193 195 192
193 194 191
196 198 197
196 199 198
200 197 198
188 197 200
197 188 191
191 194 197
33 36 31
29 30 32
26 27 35
35 37 26
35 34 37
75 45 78
79 78 201
79 201 21
21 49 79
117 42 43
117 118 42
86 42 97
97 76 86
47 97 103
189 202 191
203 205 204
204 206 203
207 209 208
208 210 207
211 213 212
213 214 212
215 217 216
216 218 215
219 221 220
222 220 221
223 225 224
224 226 223
227 229 228
228 230 227
231 233 232
231 234 233
235 236 6
5 6 236
237 238 10
10 8 237
239 241 240
241 242 240
243 245 244
243 246 245
247 249 248
248 250 247
251 253 252
254 228 229
229 255 254
256 258 257
257 259 256
260 262 261
260 263 262
24 265 264
24 22 265
25 267 266
25 23 267
267 264 265
265 266 267
268 270 269
269 272 271
269 270 272
273 272 274
274 275 273
274 277 276
276 278 274
273 275 279
279 268 273
280 282 281
281 283 280
284 286 285
287 289 288
288 291 290
290 287 288
256 259 292
293 295 294
296 294 295
297 51 298
51 53 298
299 286 300
300 301 299
302 58 60
302 303 58
63 305 304
63 61 305
68 307 306
68 65 307
308 309 307
309 306 307
66 309 308
66 67 309
310 298 69
53 69 298
311 313 312
312 314 311
315 316 290
290 317 315
318 320 319
319 321 318
322 324 323
322 325 324
326 310 327
328 270 329
270 328 330
277 321 329
329 270 277
331 318 277
318 321 277
332 90 333
333 295 332
334 336 335
336 337 335
329 339 338
340 342 341
343 341 342
330 328 344
254 345 339
228 254 339
346 105 106
106 347 346
348 350 349
349 351 348
112 353 352
352 115 112
354 300 286
286 355 354
338 356 284
357 359 358
358 359 360
360 359 361
362 363 359
359 357 362
364 366 365
365 367 364
319 369 368
364 367 370
370 367 371
371 367 372
373 372 367
374 373 367
367 365 375
375 374 367
376 378 377
377 379 376
380 382 381
380 383 382
384 386 385
385 387 384
388 390 389
388 391 390
392 394 393
392 395 394
396 398 397
396 399 398
400 402 401
400 403 402
404 406 405
405 407 404
408 410 409
408 411 410
412 414 413
413 415 412
416 418 417
417 419 416
420 422 421
420 423 422
424 426 425
424 427 426
428 430 429
429 431 428
432 434 433
433 194 432
433 430 194
197 436 435
436 437 435
438 436 197
428 438 197
197 194 430
430 428 197
275 274 278
272 273 271
277 270 268
268 279 277
277 279 276
321 319 368
320 439 319
259 439 320
320 292 259
355 286 284
284 356 355
328 329 338
338 284 328
339 345 338
429 430 440
441 443 442
442 444 441
445 447 446
445 448 447
449 451 450
449 452 451
453 455 454
453 456 455
457 459 458
457 460 459
461 463 462
462 464 461
465 467 466
466 467 468
469 471 470
472 470 471
473 475 474
474 475 476
477 479 478
477 480 479
481 483 482
481 484 483
485 484 481
485 486 484
487 488 469
471 469 488
489 480 477
489 490 480
491 493 492
491 494 493
495 497 496
495 498 497
499 501 500
499 502 501
503 505 504
503 506 505
507 509 508
507 510 509
511 513 512
511 514 513
515 517 516
515 518 517
519 521 520
519 522 521
251 523 253
251 252 524
525 85 70
327 310 84
69 84 310
298 526 297
50 527 52
35 75 77
77 89 35
528 318 331
91 529 333
333 90 91
333 529 530
531 532 332
332 293 531
295 293 332
316 533 289
287 290 316
289 287 316
47 1 2
2 46 47

[MESH_DATA]
VertexCount: 51
IndexCount: 138
BoneCount: 0
AnimationClips: 1

[VERTEX_DATA]
Position: 1.26287 0.571075 -2.09653
Normal: -0 0.5 -0.866025
UV: 0.791413 0.024564

Position: 1.01667 0.710582 -1.95702
Normal: -0 0.866026 -0.5
UV: 0.764138 0.0233563

Position: 1.01667 0.571075 -2.09653
Normal: -0 0.5 -0.866025
UV: 0.764138 0.024564

Position: 1.26287 0.710582 -1.95702
Normal: -0 0.866026 -0.5
UV: 0.791412 0.0233567

Position: 1.26287 0.380505 -2.14759
Normal: -0 0 -1
UV: 0.791413 0.0257716

Position: 1.01667 0.380505 -2.14759
Normal: -0 0 -1
UV: 0.764138 0.0257716

Position: 1.26287 0.189936 -2.09653
Normal: -0 -0.500002 -0.866024
UV: 0.791413 0.0269791

Position: 1.01667 0.189936 -2.09653
Normal: -0 -0.500002 -0.866024
UV: 0.764138 0.0269791

Position: 1.26287 0.0504294 -1.95702
Normal: -0 -0.866025 -0.500001
UV: 0.791412 0.0281866

Position: 1.01667 0.0504294 -1.95702
Normal: -0 -0.866025 -0.500001
UV: 0.764138 0.0281868

Position: 1.26287 -0.00063375 -1.76645
Normal: -0 -1 1.16258e-006
UV: 0.791427 0.029394

Position: 1.01667 -0.00063375 -1.76645
Normal: -0 -1 1.16258e-006
UV: 0.764152 0.0293945

Position: 1.26287 0.0504299 -1.57588
Normal: -0 -0.866026 0.499999
UV: 0.79144 0.0306016

Position: 1.01667 0.0504299 -1.57588
Normal: -0 -0.866026 0.499999
UV: 0.764166 0.0306021

Position: 1.26287 0.189936 -1.43638
Normal: -0 -0.5 0.866025
UV: 0.791453 0.0318091

Position: 1.01667 0.189936 -1.43638
Normal: -0 -0.5 0.866025
UV: 0.764179 0.0318098

Position: 1.26287 0.380505 -1.38532
Normal: -0 1.59223e-006 1
UV: 0.791478 0.0330166

Position: 1.01667 0.380505 -1.38532
Normal: -0 1.59223e-006 1
UV: 0.764202 0.0330175

Position: 1.26287 0.571075 -1.43638
Normal: -0 0.499999 0.866026
UV: 0.791501 0.0342242

Position: 1.01667 0.571075 -1.43638
Normal: -0 0.499999 0.866026
UV: 0.764227 0.034225

Position: 1.01667 0.710581 -1.57588
Normal: -0 0.866026 0.499999
UV: 0.76425 0.0354326

Position: 1.26287 0.710581 -1.57588
Normal: -0 0.866026 0.499999
UV: 0.791525 0.0354317

Position: 1.26287 0.710581 -1.57588
Normal: -0 0.866026 0.499999
UV: 0.79145 0.0209416

Position: 1.01667 0.710581 -1.57588
Normal: -0 0.866026 0.499999
UV: 0.764176 0.0209409

Position: 1.26287 0.761644 -1.76645
Normal: -0 1 8.08751e-007
UV: 0.791431 0.0221492

Position: 1.01667 0.761644 -1.76645
Normal: -0 1 8.08751e-007
UV: 0.764157 0.0221485

Position: 1.26287 0.710582 -1.95702
Normal: 1 2.26284e-007 0
UV: 0.872524 0.0188273

Position: 1.26287 0.571075 -2.09653
Normal: 1 -2.05156e-007 0
UV: 0.845643 0.0457096

Position: 1.26287 0.380505 -1.76645
Normal: 1 3.41923e-008 0
UV: 0.909245 0.0824307

Position: 1.26287 0.380505 -2.14759
Normal: 1 -4.10311e-007 0
UV: 0.835803 0.0824307

Position: 1.26287 0.189936 -2.09653
Normal: 1 0 0
UV: 0.845643 0.119152

Position: 1.26287 0.0504294 -1.95702
Normal: 1 0 0
UV: 0.872524 0.146033

Position: 1.26287 -0.00063375 -1.76645
Normal: 1 -2.11284e-008 0
UV: 0.909245 0.155872

Position: 1.26287 0.0504299 -1.57588
Normal: 1 -2.11284e-008 0
UV: 0.945966 0.146033

Position: 1.26287 0.189936 -1.43638
Normal: 1 0 0
UV: 0.972847 0.119152

Position: 1.26287 0.380505 -1.38532
Normal: 1 0 0
UV: 0.982687 0.0824307

Position: 1.26287 0.571075 -1.43638
Normal: 1 4.10312e-007 0
UV: 0.972847 0.0457096

Position: 1.26287 0.710581 -1.57588
Normal: 1 4.10312e-007 0
UV: 0.945966 0.0188273

Position: 1.26287 0.761644 -1.76645
Normal: 1 2.11284e-008 0
UV: 0.909245 0.00898844

Position: 1.01667 0.710582 -1.95702
Normal: -1 -1.5313e-006 0
UV: 0.764138 0.0233563

Position: 1.01667 0.761644 -1.76645
Normal: -1 -5.12897e-008 0
UV: 0.764157 0.0221485

Position: 1.01667 0.571075 -2.09653
Normal: -1 1.01734e-006 0
UV: 0.764138 0.024564

Position: 1.01667 0.380505 -2.14759
Normal: -1 -4.24178e-007 0
UV: 0.764138 0.0257716

Position: 1.01667 0.189936 -2.09653
Normal: -1 2.57595e-008 0
UV: 0.764138 0.0269791

Position: 1.01667 0.0504294 -1.95702
Normal: -1 8.67091e-008 0
UV: 0.764138 0.0281868

Position: 1.01667 -0.00063375 -1.76645
Normal: -1 -1.02578e-007 0
UV: 0.764152 0.0293945

Position: 1.01667 0.0504299 -1.57588
Normal: -1 -4.33543e-008 0
UV: 0.764166 0.0306021

Position: 1.01667 0.189936 -1.43638
Normal: -1 1.22361e-007 0
UV: 0.764179 0.0318098

Position: 1.01667 0.380505 -1.38532
Normal: -1 -2.65111e-007 0
UV: 0.764202 0.0330175

Position: 1.01667 0.571075 -1.43638
Normal: -1 -4.03943e-007 0
UV: 0.764227 0.034225

Position: 1.01667 0.710581 -1.57588
Normal: -1 0 0
UV: 0.764176 0.0209409


[INDEX_DATA]
0 2 1
1 3 0
4 5 2
2 0 4
6 7 5
5 4 6
8 9 7
7 6 8
10 11 9
9 8 10
12 13 11
11 10 12
14 15 13
13 12 14
16 17 15
15 14 16
18 19 17
17 16 18
20 19 21
18 21 19
22 24 23
23 24 25
24 3 25
25 3 1
26 28 27
27 28 29
29 28 30
30 28 31
31 28 32
32 28 33
33 28 34
34 28 35
35 28 36
36 28 37
37 28 38
38 28 26
39 41 40
41 42 40
42 43 40
43 44 40
44 45 40
45 46 40
46 47 40
47 48 40
48 49 40
49 50 40

[MESH_DATA]
VertexCount: 51
IndexCount: 138
BoneCount: 3694981
AnimationClips: 1

[VERTEX_DATA]
Position: 1.01667 0.571075 1.46976
Normal: -0 0.5 -0.866025
UV: 0.764268 0.0245519

Position: 1.26287 0.571075 1.46976
Normal: -0 0.5 -0.866025
UV: 0.791544 0.0245519

Position: 1.01667 0.710581 1.60927
Normal: -0 0.866026 -0.499999
UV: 0.764269 0.0233443

Position: 1.26287 0.710581 1.60927
Normal: -0 0.866026 -0.499999
UV: 0.791543 0.0233443

Position: 1.26287 0.380505 1.4187
Normal: -0 -1.26367e-008 -1
UV: 0.791544 0.0257595

Position: 1.01667 0.380505 1.4187
Normal: -0 -1.26367e-008 -1
UV: 0.764268 0.0257595

Position: 1.26287 0.189936 1.46976
Normal: -0 -0.5 -0.866025
UV: 0.791544 0.0269669

Position: 1.01667 0.189936 1.46976
Normal: -0 -0.5 -0.866025
UV: 0.764268 0.0269669

Position: 1.26287 0.0504294 1.60927
Normal: -0 -0.866025 -0.5
UV: 0.791543 0.0281745

Position: 1.01667 0.0504294 1.60927
Normal: -0 -0.866025 -0.5
UV: 0.764269 0.0281745

Position: 1.26287 -0.00063375 1.79984
Normal: -0 -1 1.26367e-008
UV: 0.791541 0.0293821

Position: 1.01667 -0.00063375 1.79984
Normal: -0 -1 1.26367e-008
UV: 0.764265 0.0293821

Position: 1.26287 0.0504294 1.99041
Normal: -0 -0.866025 0.5
UV: 0.791539 0.0305897

Position: 1.01667 0.0504294 1.99041
Normal: -0 -0.866025 0.5
UV: 0.764263 0.0305896

Position: 1.26287 0.189936 2.12991
Normal: -0 -0.499999 0.866026
UV: 0.791536 0.0317973

Position: 1.01667 0.189936 2.12991
Normal: -0 -0.499999 0.866026
UV: 0.764262 0.0317972

Position: 1.26287 0.380505 2.18098
Normal: -0 1.26367e-008 1
UV: 0.79153 0.033005

Position: 1.01667 0.380505 2.18098
Normal: -0 1.26367e-008 1
UV: 0.764255 0.0330048

Position: 1.26287 0.571075 2.12991
Normal: -0 0.499999 0.866026
UV: 0.791525 0.0342125

Position: 1.01667 0.571075 2.12991
Normal: -0 0.499999 0.866026
UV: 0.764248 0.0342122

Position: 1.26287 0.710581 1.99041
Normal: -0 0.866026 0.499999
UV: 0.791517 0.0354201

Position: 1.01667 0.710581 1.99041
Normal: -0 0.866026 0.499999
UV: 0.764243 0.0354198

Position: 1.26287 0.710581 1.99041
Normal: -0 0.866026 0.499999
UV: 0.791548 0.0209292

Position: 1.01667 0.710581 1.99041
Normal: -0 0.866026 0.499999
UV: 0.764274 0.0209291

Position: 1.26287 0.761644 1.79984
Normal: -0 1 -2.52735e-008
UV: 0.791545 0.0221368

Position: 1.01667 0.761644 1.79984
Normal: -0 1 -2.52735e-008
UV: 0.764271 0.0221367

Position: 1.26287 0.710581 1.60927
Normal: 1 0 0
UV: 0.872524 0.0188273

Position: 1.26287 0.571075 1.46976
Normal: 1 0 0
UV: 0.845643 0.0457097

Position: 1.26287 0.380505 1.79984
Normal: 1 -3.41926e-008 0
UV: 0.909245 0.0824307

Position: 1.26287 0.380505 1.4187
Normal: 1 0 0
UV: 0.835803 0.0824307

Position: 1.26287 0.189936 1.46976
Normal: 1 0 0
UV: 0.845643 0.119152

Position: 1.26287 0.0504294 1.60927
Normal: 1 0 0
UV: 0.872524 0.146033

Position: 1.26287 -0.00063375 1.79984
Normal: 1 0 0
UV: 0.909245 0.155872

Position: 1.26287 0.0504294 1.99041
Normal: 1 -2.05156e-007 0
UV: 0.945966 0.146033

Position: 1.26287 0.189936 2.12991
Normal: 1 -2.05156e-007 0
UV: 0.972847 0.119152

Position: 1.26287 0.380505 2.18098
Normal: 1 0 0
UV: 0.982687 0.0824307

Position: 1.26287 0.571075 2.12991
Normal: 1 0 0
UV: 0.972847 0.0457096

Position: 1.26287 0.710581 1.99041
Normal: 1 0 0
UV: 0.945966 0.0188274

Position: 1.26287 0.761644 1.79984
Normal: 1 0 0
UV: 0.909245 0.00898856

Position: 1.01667 0.710581 1.60927
Normal: -1 -1.5313e-006 0
UV: 0.764269 0.0233443

Position: 1.01667 0.761644 1.79984
Normal: -1 -1.24556e-013 0
UV: 0.764271 0.0221367

Position: 1.01667 0.571075 1.46976
Normal: -1 4.78748e-007 0
UV: 0.764268 0.0245519

Position: 1.01667 0.380505 1.4187
Normal: -1 -2.12089e-007 0
UV: 0.764268 0.0257595

Position: 1.01667 0.189936 1.46976
Normal: -1 1.0304e-007 0
UV: 0.764268 0.0269669

Position: 1.01667 0.0504294 1.60927
Normal: -1 8.6709e-008 0
UV: 0.764269 0.0281745

Position: 1.01667 -0.00063375 1.79984
Normal: -1 0 0
UV: 0.764265 0.0293821

Position: 1.01667 0.0504294 1.99041
Normal: -1 8.67089e-008 0
UV: 0.764263 0.0305896

Position: 1.01667 0.189936 2.12991
Normal: -1 8.37204e-008 0
UV: 0.764262 0.0317972

Position: 1.01667 0.380505 2.18098
Normal: -1 -2.65111e-007 0
UV: 0.764255 0.0330048

Position: 1.01667 0.571075 2.12991
Normal: -1 6.13394e-007 0
UV: 0.764248 0.0342122

Position: 1.01667 0.710581 1.99041
Normal: -1 -1.5313e-006 0
UV: 0.764274 0.0209291


[INDEX_DATA]
0 2 1
3 1 2
4 5 0
0 1 4
6 7 5
5 4 6
8 9 7
7 6 8
10 11 9
9 8 10
12 13 11
11 10 12
14 15 13
13 12 14
16 17 15
15 14 16
18 19 17
17 16 18
20 21 19
19 18 20
22 24 23
23 24 25
24 3 25
25 3 2
26 28 27
27 28 29
29 28 30
30 28 31
31 28 32
32 28 33
33 28 34
34 28 35
35 28 36
36 28 37
37 28 38
38 28 26
39 41 40
41 42 40
42 43 40
43 44 40
44 45 40
45 46 40
46 47 40
47 48 40
48 49 40
49 50 40

[MESH_DATA]
VertexCount: 51
IndexCount: 138
BoneCount: 3694981
AnimationClips: 1

[VERTEX_DATA]
Position: -1.26287 0.571075 -2.09653
Normal: -0 0.5 -0.866025
UV: 0.791413 0.024564

Position: -1.01667 0.571075 -2.09653
Normal: -0 0.5 -0.866025
UV: 0.764138 0.024564

Position: -1.01667 0.710582 -1.95702
Normal: -0 0.866026 -0.5
UV: 0.764138 0.0233563

Position: -1.26287 0.710582 -1.95702
Normal: -0 0.866026 -0.5
UV: 0.791412 0.0233567

Position: -1.26287 0.380505 -2.14759
Normal: -0 0 -1
UV: 0.791413 0.0257716

Position: -1.01667 0.380505 -2.14759
Normal: -0 0 -1
UV: 0.764138 0.0257716

Position: -1.26287 0.189936 -2.09653
Normal: -0 -0.500002 -0.866024
UV: 0.791413 0.0269791

Position: -1.01667 0.189936 -2.09653
Normal: -0 -0.500002 -0.866024
UV: 0.764138 0.0269791

Position: -1.26287 0.0504294 -1.95702
Normal: -0 -0.866025 -0.500001
UV: 0.791412 0.0281866

Position: -1.01667 0.0504294 -1.95702
Normal: -0 -0.866025 -0.500001
UV: 0.764138 0.0281868

Position: -1.26287 -0.00063375 -1.76645
Normal: -0 -1 1.16258e-006
UV: 0.791427 0.029394

Position: -1.01667 -0.00063375 -1.76645
Normal: -0 -1 1.16258e-006
UV: 0.764152 0.0293945

Position: -1.26287 0.0504299 -1.57588
Normal: -0 -0.866026 0.499999
UV: 0.79144 0.0306016

Position: -1.01667 0.0504299 -1.57588
Normal: -0 -0.866026 0.499999
UV: 0.764166 0.0306021

Position: -1.26287 0.189936 -1.43638
Normal: -0 -0.5 0.866025
UV: 0.791453 0.0318091

Position: -1.01667 0.189936 -1.43638
Normal: -0 -0.5 0.866025
UV: 0.764179 0.0318098

Position: -1.26287 0.380505 -1.38532
Normal: -0 1.59223e-006 1
UV: 0.791478 0.0330166

Position: -1.01667 0.380505 -1.38532
Normal: -0 1.59223e-006 1
UV: 0.764202 0.0330175

Position: -1.26287 0.571075 -1.43638
Normal: -0 0.499999 0.866026
UV: 0.791501 0.0342242

Position: -1.01667 0.571075 -1.43638
Normal: -0 0.499999 0.866026
UV: 0.764227 0.034225

Position: -1.26287 0.710581 -1.57588
Normal: -0 0.866026 0.499999
UV: 0.791525 0.0354317

Position: -1.01667 0.710581 -1.57588
Normal: -0 0.866026 0.499999
UV: 0.76425 0.0354326

Position: -1.26287 0.710581 -1.57588
Normal: -0 0.866026 0.499999
UV: 0.79145 0.0209416

Position: -1.26287 0.761644 -1.76645
Normal: -0 1 8.08751e-007
UV: 0.791431 0.0221492

Position: -1.01667 0.710581 -1.57588
Normal: -0 0.866026 0.499999
UV: 0.764176 0.0209409

Position: -1.01667 0.761644 -1.76645
Normal: -0 1 8.08751e-007
UV: 0.764157 0.0221485

Position: -1.26287 0.710582 -1.95702
Normal: -1 2.05156e-007 0
UV: 0.872524 0.0188273

Position: -1.26287 0.380505 -1.76645
Normal: -1 5.12886e-008 0
UV: 0.909245 0.0824307

Position: -1.26287 0.571075 -2.09653
Normal: -1 -9.34166e-014 0
UV: 0.845643 0.0457096

Position: -1.26287 0.380505 -2.14759
Normal: -1 3.73668e-014 0
UV: 0.835803 0.0824307

Position: -1.26287 0.189936 -2.09653
Normal: -1 2.05156e-007 0
UV: 0.845643 0.119152

Position: -1.26287 0.0504294 -1.95702
Normal: -1 0 0
UV: 0.872524 0.146033

Position: -1.26287 -0.00063375 -1.76645
Normal: -1 0 0
UV: 0.909245 0.155872

Position: -1.26287 0.0504299 -1.57588
Normal: -1 0 0
UV: 0.945966 0.146033

Position: -1.26287 0.189936 -1.43638
Normal: -1 0 0
UV: 0.972847 0.119152

Position: -1.26287 0.380505 -1.38532
Normal: -1 -1.02578e-007 0
UV: 0.982687 0.0824307

Position: -1.26287 0.571075 -1.43638
Normal: -1 1.02578e-007 0
UV: 0.972847 0.0457096

Position: -1.26287 0.710581 -1.57588
Normal: -1 2.05156e-007 0
UV: 0.945966 0.0188273

Position: -1.26287 0.761644 -1.76645
Normal: -1 0 0
UV: 0.909245 0.00898844

Position: -1.01667 0.710582 -1.95702
Normal: 1 -1.53129e-006 0
UV: 0.764138 0.0233563

Position: -1.01667 0.571075 -2.09653
Normal: 1 1.01734e-006 0
UV: 0.764138 0.024564

Position: -1.01667 0.761644 -1.76645
Normal: 1 4.33125e-008 0
UV: 0.764157 0.0221485

Position: -1.01667 0.380505 -2.14759
Normal: 1 -4.24178e-007 0
UV: 0.764138 0.0257716

Position: -1.01667 0.189936 -2.09653
Normal: 1 2.06079e-007 0
UV: 0.764138 0.0269791

Position: -1.01667 0.0504294 -1.95702
Normal: 1 1.73418e-007 0
UV: 0.764138 0.0281868

Position: -1.01667 -0.00063375 -1.76645
Normal: 1 -7.52158e-008 0
UV: 0.764152 0.0293945

Position: -1.01667 0.0504299 -1.57588
Normal: 1 -8.66082e-009 0
UV: 0.764166 0.0306021

Position: -1.01667 0.189936 -1.43638
Normal: 1 1.80321e-007 0
UV: 0.764179 0.0318098

Position: -1.01667 0.380505 -1.38532
Normal: 1 0 0
UV: 0.764202 0.0330175

Position: -1.01667 0.571075 -1.43638
Normal: 1 0 0
UV: 0.764227 0.034225

Position: -1.01667 0.710581 -1.57588
Normal: 1 0 0
UV: 0.764176 0.0209409


[INDEX_DATA]
0 2 1
0 3 2
4 1 5
4 0 1
6 5 7
6 4 5
8 7 9
8 6 7
10 9 11
10 8 9
12 11 13
12 10 11
14 13 15
14 12 13
16 15 17
16 14 15
18 17 19
18 16 17
19 20 18
19 21 20
22 24 23
24 25 23
23 25 3
25 2 3
26 28 27
28 29 27
29 30 27
30 31 27
31 32 27
32 33 27
33 34 27
34 35 27
35 36 27
36 37 27
37 38 27
38 26 27
39 41 40
40 41 42
42 41 43
43 41 44
44 41 45
45 41 46
46 41 47
47 41 48
48 41 49
49 41 50

[MESH_DATA]
VertexCount: 51
IndexCount: 138
BoneCount: 3694981
AnimationClips: 1

[VERTEX_DATA]
Position: -1.01667 0.710581 1.60927
Normal: -0 0.866026 -0.499999
UV: 0.764269 0.0233443

Position: -1.26287 0.710581 1.60927
Normal: -0 0.866026 -0.499999
UV: 0.791543 0.0233443

Position: -1.26287 0.571075 1.46976
Normal: -0 0.5 -0.866025
UV: 0.791544 0.0245519

Position: -1.01667 0.571075 1.46976
Normal: -0 0.5 -0.866025
UV: 0.764268 0.0245519

Position: -1.26287 0.380505 1.4187
Normal: -0 -1.26367e-008 -1
UV: 0.791544 0.0257595

Position: -1.01667 0.380505 1.4187
Normal: -0 -1.26367e-008 -1
UV: 0.764268 0.0257595

Position: -1.26287 0.189936 1.46976
Normal: -0 -0.5 -0.866025
UV: 0.791544 0.0269669

Position: -1.01667 0.189936 1.46976
Normal: -0 -0.5 -0.866025
UV: 0.764268 0.0269669

Position: -1.26287 0.0504294 1.60927
Normal: -0 -0.866025 -0.5
UV: 0.791543 0.0281745

Position: -1.01667 0.0504294 1.60927
Normal: -0 -0.866025 -0.5
UV: 0.764269 0.0281745

Position: -1.26287 -0.00063375 1.79984
Normal: -0 -1 1.26367e-008
UV: 0.791541 0.0293821

Position: -1.01667 -0.00063375 1.79984
Normal: -0 -1 1.26367e-008
UV: 0.764265 0.0293821

Position: -1.26287 0.0504294 1.99041
Normal: -0 -0.866025 0.5
UV: 0.791539 0.0305897

Position: -1.01667 0.0504294 1.99041
Normal: -0 -0.866025 0.5
UV: 0.764263 0.0305896

Position: -1.26287 0.189936 2.12991
Normal: -0 -0.499999 0.866026
UV: 0.791536 0.0317973

Position: -1.01667 0.189936 2.12991
Normal: -0 -0.499999 0.866026
UV: 0.764262 0.0317972

Position: -1.26287 0.380505 2.18098
Normal: -0 1.26367e-008 1
UV: 0.79153 0.033005

Position: -1.01667 0.380505 2.18098
Normal: -0 1.26367e-008 1
UV: 0.764255 0.0330048

Position: -1.26287 0.571075 2.12991
Normal: -0 0.499999 0.866026
UV: 0.791525 0.0342125

Position: -1.01667 0.571075 2.12991
Normal: -0 0.499999 0.866026
UV: 0.764248 0.0342122

Position: -1.26287 0.710581 1.99041
Normal: -0 0.866026 0.499999
UV: 0.791517 0.0354201

Position: -1.01667 0.710581 1.99041
Normal: -0 0.866026 0.499999
UV: 0.764243 0.0354198

Position: -1.26287 0.761644 1.79984
Normal: -0 1 -2.52735e-008
UV: 0.791545 0.0221368

Position: -1.01667 0.710581 1.99041
Normal: -0 0.866026 0.499999
UV: 0.764274 0.0209291

Position: -1.26287 0.710581 1.99041
Normal: -0 0.866026 0.499999
UV: 0.791548 0.0209292

Position: -1.01667 0.761644 1.79984
Normal: -0 1 -2.52735e-008
UV: 0.764271 0.0221367

Position: -1.26287 0.710581 1.60927
Normal: -1 0 0
UV: 0.872524 0.0188273

Position: -1.26287 0.380505 1.79984
Normal: -1 -4.2816e-014 0
UV: 0.909245 0.0824307

Position: -1.26287 0.571075 1.46976
Normal: -1 0 0
UV: 0.845643 0.0457097

Position: -1.26287 0.380505 1.4187
Normal: -1 0 0
UV: 0.835803 0.0824307

Position: -1.26287 0.189936 1.46976
Normal: -1 0 0
UV: 0.845643 0.119152

Position: -1.26287 0.0504294 1.60927
Normal: -1 0 0
UV: 0.872524 0.146033

Position: -1.26287 -0.00063375 1.79984
Normal: -1 0 0
UV: 0.909245 0.155872

Position: -1.26287 0.0504294 1.99041
Normal: -1 -2.05155e-007 0
UV: 0.945966 0.146033

Position: -1.26287 0.189936 2.12991
Normal: -1 -1.02578e-007 0
UV: 0.972847 0.119152

Position: -1.26287 0.380505 2.18098
Normal: -1 0 0
UV: 0.982687 0.0824307

Position: -1.26287 0.571075 2.12991
Normal: -1 1.02578e-007 0
UV: 0.972847 0.0457096

Position: -1.26287 0.710581 1.99041
Normal: -1 2.05156e-007 0
UV: 0.945966 0.0188274

Position: -1.26287 0.761644 1.79984
Normal: -1 0 0
UV: 0.909245 0.00898856

Position: -1.01667 0.710581 1.60927
Normal: 1 -1.5313e-006 0
UV: 0.764269 0.0233443

Position: -1.01667 0.571075 1.46976
Normal: 1 1.01734e-006 0
UV: 0.764268 0.0245519

Position: -1.01667 0.761644 1.79984
Normal: 1 -2.02403e-013 0
UV: 0.764271 0.0221367

Position: -1.01667 0.380505 1.4187
Normal: 1 -4.24179e-007 0
UV: 0.764268 0.0257595

Position: -1.01667 0.189936 1.46976
Normal: 1 2.0608e-007 0
UV: 0.764268 0.0269669

Position: -1.01667 0.0504294 1.60927
Normal: 1 1.73418e-007 0
UV: 0.764269 0.0281745

Position: -1.01667 -0.00063375 1.79984
Normal: 1 0 0
UV: 0.764265 0.0293821

Position: -1.01667 0.0504294 1.99041
Normal: 1 8.67089e-008 0
UV: 0.764263 0.0305896

Position: -1.01667 0.189936 2.12991
Normal: 1 2.57603e-008 0
UV: 0.764262 0.0317972

Position: -1.01667 0.380505 2.18098
Normal: 1 -4.24178e-007 0
UV: 0.764255 0.0330048

Position: -1.01667 0.571075 2.12991
Normal: 1 9.57492e-007 0
UV: 0.764248 0.0342122

Position: -1.01667 0.710581 1.99041
Normal: 1 -3.06259e-006 0
UV: 0.764274 0.0209291


[INDEX_DATA]
0 2 1
0 3 2
4 3 5
4 2 3
6 5 7
6 4 5
8 7 9
8 6 7
10 9 11
10 8 9
12 11 13
12 10 11
14 13 15
14 12 13
16 15 17
16 14 15
18 17 19
18 16 17
20 19 21
20 18 19
22 24 23
23 25 22
22 25 1
25 0 1
26 28 27
28 29 27
29 30 27
30 31 27
31 32 27
32 33 27
33 34 27
34 35 27
35 36 27
36 37 27
37 38 27
38 26 27
39 41 40
40 41 42
42 41 43
43 41 44
44 41 45
45 41 46
46 41 47
47 41 48
48 41 49
49 41 50

