[FBX_META_DATA]
MeshCount: 1

[MESH_DATA]
VertexCount: 60
IndexCount: 90
BoneCount: 0
AnimationClips: 1

[VERTEX_DATA]
Position: 1.0935 2.35613 1.45329
Normal: 1 0 0
UV: 0.583701 0.584273

Position: 1.0935 0.219222 -1.45329
Normal: 1 0 0
UV: 0.583701 0.981461

Position: 1.0935 0.219222 1.45329
Normal: 1 0 0
UV: 0.583701 0.981461

Position: 1.0935 2.35613 -1.45329
Normal: 1 0 0
UV: 0.583701 0.584273

Position: -1.0935 1.67117 1.45329
Normal: -0.29888 0.954291 0
UV: 0.041125 0.584273

Position: 1.0935 2.35613 -1.45329
Normal: -0.29888 0.954291 0
UV: 0.559823 0.981461

Position: 1.0935 2.35613 1.45329
Normal: -0.29888 0.954291 0
UV: 0.041125 0.981461

Position: -1.0935 1.67117 -1.45329
Normal: -0.29888 0.954291 0
UV: 0.559823 0.584273

Position: -1.0935 0.219222 1.45329
Normal: -1 0 0
UV: 0.564934 0.562455

Position: -1.0935 1.67117 -1.45329
Normal: -1 0 0
UV: 0.0246869 0.292582

Position: -1.0935 1.67117 1.45329
Normal: -1 0 0
UV: 0.564934 0.292582

Position: -1.0935 0.219222 -1.45329
Normal: -1 0 0
UV: 0.024687 0.562455

Position: -1.0935 1.67117 1.45329
Normal: 6.07524e-008 0 1
UV: 0.990201 0.711587

Position: 1.0935 2.35613 1.45329
Normal: 6.07524e-008 0 1
UV: 0.583701 0.584273

Position: 1.0935 0.219222 1.45329
Normal: 6.07524e-008 0 1
UV: 0.583701 0.981461

Position: -1.0935 0.219222 1.45329
Normal: 6.07524e-008 0 1
UV: 0.990201 0.981461

Position: 1.0935 0.219222 -1.45329
Normal: 6.07524e-008 0 -1
UV: 0.583701 0.981461

Position: -1.0935 1.67117 -1.45329
Normal: 6.07524e-008 0 -1
UV: 0.990201 0.711587

Position: -1.0935 0.219222 -1.45329
Normal: 6.07524e-008 0 -1
UV: 0.990201 0.981461

Position: 1.0935 2.35613 -1.45329
Normal: 6.07524e-008 0 -1
UV: 0.583701 0.584273

Position: 0.985921 1.24839 1.64411
Normal: 1 0 0
UV: 0.899966 0.465973

Position: 0.985921 0.880847 1.45329
Normal: 1 0 0
UV: 0.924998 0.510381

Position: 0.985921 0.880847 1.64411
Normal: 1 0 0
UV: 0.899966 0.510381

Position: 0.985921 1.24839 1.45329
Normal: 1 0 0
UV: 0.924998 0.465973

Position: -0.985926 1.24839 1.64411
Normal: -0 1 0
UV: 0.892967 0.516264

Position: 0.985921 1.24839 1.45329
Normal: -0 1 0
UV: 0.621395 0.54869

Position: 0.985921 1.24839 1.64411
Normal: -0 1 0
UV: 0.892967 0.54869

Position: -0.985926 1.24839 1.45329
Normal: -0 1 0
UV: 0.621395 0.516264

Position: -0.985926 0.880847 1.64411
Normal: -1 0 0
UV: 0.899966 0.510381

Position: -0.985926 1.24839 1.45329
Normal: -1 0 0
UV: 0.924998 0.465973

Position: -0.985926 1.24839 1.64411
Normal: -1 0 0
UV: 0.899966 0.465973

Position: -0.985926 0.880847 1.45329
Normal: -1 0 0
UV: 0.924998 0.510381

Position: -0.985926 1.24839 1.64411
Normal: -0 0 1
UV: 0.899966 0.465973

Position: 0.985921 1.24839 1.64411
Normal: -0 0 1
UV: 0.617304 0.465973

Position: 0.985921 0.880847 1.64411
Normal: -0 0 1
UV: 0.617304 0.510381

Position: -0.985926 0.880847 1.64411
Normal: -0 0 1
UV: 0.899966 0.510381

Position: -0.985926 0.880847 1.64411
Normal: -0 -1 0
UV: 0.621395 0.45353

Position: 0.985921 0.880847 1.64411
Normal: -0 -1 0
UV: 0.892967 0.45353

Position: 0.985921 0.880847 1.45329
Normal: -0 -1 0
UV: 0.892967 0.427561

Position: -0.985926 0.880847 1.45329
Normal: -0 -1 0
UV: 0.621395 0.427561

Position: 0.985921 0.880847 -1.45329
Normal: 1 0 0
UV: 0.924998 0.510381

Position: 0.985921 1.24839 -1.45329
Normal: 1 0 0
UV: 0.924998 0.465973

Position: 0.985921 1.24839 -1.64411
Normal: 1 0 0
UV: 0.899966 0.465973

Position: 0.985921 0.880847 -1.64411
Normal: 1 0 0
UV: 0.899966 0.510381

Position: 0.985921 1.24839 -1.45329
Normal: -0 1 0
UV: 0.621395 0.54869

Position: -0.985926 1.24839 -1.45329
Normal: -0 1 0
UV: 0.621395 0.516264

Position: -0.985926 1.24839 -1.64411
Normal: -0 1 0
UV: 0.892967 0.516264

Position: 0.985921 1.24839 -1.64411
Normal: -0 1 0
UV: 0.892967 0.54869

Position: -0.985926 1.24839 -1.45329
Normal: -1 0 0
UV: 0.924998 0.465973

Position: -0.985926 0.880847 -1.45329
Normal: -1 0 0
UV: 0.924998 0.510381

Position: -0.985926 0.880847 -1.64411
Normal: -1 0 0
UV: 0.899966 0.510381

Position: -0.985926 1.24839 -1.64411
Normal: -1 0 0
UV: 0.899966 0.465973

Position: 0.985921 1.24839 -1.64411
Normal: -0 0 -1
UV: 0.617304 0.465973

Position: -0.985926 1.24839 -1.64411
Normal: -0 0 -1
UV: 0.899966 0.465973

Position: 0.985921 0.880847 -1.64411
Normal: -0 0 -1
UV: 0.617304 0.510381

Position: -0.985926 0.880847 -1.64411
Normal: -0 0 -1
UV: 0.899966 0.510381

Position: 0.985921 0.880847 -1.45329
Normal: -0 -1 0
UV: 0.892967 0.427561

Position: -0.985926 0.880847 -1.64411
Normal: -0 -1 0
UV: 0.621395 0.45353

Position: -0.985926 0.880847 -1.45329
Normal: -0 -1 0
UV: 0.621395 0.427561

Position: 0.985921 0.880847 -1.64411
Normal: -0 -1 0
UV: 0.892967 0.45353


[INDEX_DATA]
0 2 1
1 3 0
4 6 5
5 7 4
8 10 9
9 11 8
12 14 13
12 15 14
16 18 17
17 19 16
20 22 21
21 23 20
24 26 25
25 27 24
28 30 29
29 31 28
32 34 33
32 35 34
36 38 37
36 39 38
40 42 41
40 43 42
44 46 45
44 47 46
48 50 49
48 51 50
52 54 53
55 53 54
56 58 57
57 59 56

