[FBX_META_DATA]
MeshCount: 1

[MESH_DATA]
VertexCount: 117
IndexCount: 234
BoneCount: 0
AnimationClips: 1

[VERTEX_DATA]
Position: -0.843738 -0.60534 0.471588
Normal: -0 1 0
UV: 0.261098 0.930771

Position: 0.843738 -0.60534 0.698364
Normal: -0 1 0
UV: 0.261098 0.930771

Position: -0.843738 -0.60534 0.698364
Normal: -0 1 0
UV: 0.261098 0.930771

Position: 0.843738 -0.60534 0.471588
Normal: -0 1 0
UV: 0.261098 0.930771

Position: -0.843738 -2.29282 0.471588
Normal: -0 0 -1
UV: 0.202096 0.937851

Position: 0.843738 -2.29282 0.471588
Normal: -0 0 -1
UV: 0.202096 0.937851

Position: 0.843738 -0.60534 0.471588
Normal: -0 0 -1
UV: 0.202096 0.937851

Position: -0.843738 -0.60534 0.471588
Normal: -0 0 -1
UV: 0.202096 0.937851

Position: -0.843738 -2.29282 0.698364
Normal: -0 -1 0
UV: 0.172988 0.939424

Position: 0.843738 -2.29282 0.698364
Normal: -0 -1 0
UV: 0.172988 0.939424

Position: 0.843738 -2.29282 0.471588
Normal: -0 -1 0
UV: 0.172988 0.939424

Position: -0.843738 -2.29282 0.471588
Normal: -0 -1 0
UV: 0.172988 0.939424

Position: -0.843738 -2.29282 0.471588
Normal: -1 0 0
UV: 0.172988 0.939424

Position: -0.843738 -0.60534 0.471588
Normal: -1 0 0
UV: 0.172988 0.939424

Position: -0.843738 -2.29282 0.698364
Normal: -1 0 0
UV: 0.172988 0.939424

Position: -0.843738 -0.60534 0.698364
Normal: -1 0 0
UV: 0.172988 0.939424

Position: 0.843738 -0.60534 0.698364
Normal: 1 0 0
UV: 0.172988 0.939424

Position: 0.843738 -2.29282 0.471588
Normal: 1 0 0
UV: 0.172988 0.939424

Position: 0.843738 -2.29282 0.698364
Normal: 1 0 0
UV: 0.172988 0.939424

Position: 0.843738 -0.60534 0.471588
Normal: 1 0 0
UV: 0.172988 0.939424

Position: -0 -2.16023 0.471588
Normal: -0.382684 -0.92388 0
UV: 0.202096 0.934704

Position: -0 -2.16023 -0.698364
Normal: -0.382684 -0.92388 0
UV: 0.202096 0.934704

Position: -0.502857 -1.95193 0.471588
Normal: -0.382684 -0.92388 0
UV: 0.202096 0.934704

Position: -0.502857 -1.95193 -0.698364
Normal: -0.382684 -0.92388 0
UV: 0.202096 0.934704

Position: 0.502857 -1.95193 0.471588
Normal: 0.382684 -0.92388 0
UV: 0.202096 0.934704

Position: 0.502857 -1.95193 -0.698364
Normal: 0.382684 -0.92388 0
UV: 0.202096 0.934704

Position: -0 -2.16023 0.471588
Normal: 0.382684 -0.92388 0
UV: 0.202096 0.934704

Position: -0 -2.16023 -0.698364
Normal: 0.382684 -0.92388 0
UV: 0.202096 0.934704

Position: 0.711147 -1.44908 0.471588
Normal: 0.923879 -0.382683 0
UV: 0.237498 0.937064

Position: 0.711147 -1.44908 -0.698364
Normal: 0.923879 -0.382683 0
UV: 0.237498 0.937064

Position: 0.502857 -1.95193 0.471588
Normal: 0.923879 -0.382683 0
UV: 0.237498 0.937064

Position: 0.502857 -1.95193 -0.698364
Normal: 0.923879 -0.382683 0
UV: 0.237498 0.937064

Position: 0.502857 -0.94622 0.471588
Normal: 0.923879 0.382683 0
UV: 0.269752 0.935491

Position: 0.502857 -0.94622 -0.698364
Normal: 0.923879 0.382683 0
UV: 0.269752 0.935491

Position: 0.711147 -1.44908 0.471588
Normal: 0.923879 0.382683 0
UV: 0.269752 0.935491

Position: 0.711147 -1.44908 -0.698364
Normal: 0.923879 0.382683 0
UV: 0.269752 0.935491

Position: -0 -0.73793 0.471588
Normal: 0.382683 0.923879 0
UV: 0.288633 0.936278

Position: -0 -0.73793 -0.698364
Normal: 0.382683 0.923879 0
UV: 0.288633 0.936278

Position: 0.502857 -0.94622 0.471588
Normal: 0.382683 0.923879 0
UV: 0.288633 0.936278

Position: 0.502857 -0.94622 -0.698364
Normal: 0.382683 0.923879 0
UV: 0.288633 0.936278

Position: -0.502857 -0.94622 0.471588
Normal: -0.382683 0.92388 0
UV: 0.288633 0.936278

Position: -0.502857 -0.94622 -0.698364
Normal: -0.382683 0.92388 0
UV: 0.288633 0.936278

Position: -0 -0.73793 0.471588
Normal: -0.382683 0.92388 0
UV: 0.288633 0.936278

Position: -0 -0.73793 -0.698364
Normal: -0.382683 0.92388 0
UV: 0.288633 0.936278

Position: -0.711148 -1.44908 0.471588
Normal: -0.92388 0.382683 0
UV: 0.269752 0.935491

Position: -0.711148 -1.44908 -0.698364
Normal: -0.92388 0.382683 0
UV: 0.269752 0.935491

Position: -0.502857 -0.94622 0.471588
Normal: -0.92388 0.382683 0
UV: 0.269752 0.935491

Position: -0.502857 -0.94622 -0.698364
Normal: -0.92388 0.382683 0
UV: 0.269752 0.935491

Position: -0.502857 -1.95193 0.471588
Normal: -0.92388 -0.382684 0
UV: 0.237498 0.937064

Position: -0.502857 -1.95193 -0.698364
Normal: -0.92388 -0.382684 0
UV: 0.237498 0.937064

Position: -0.711148 -1.44908 0.471588
Normal: -0.92388 -0.382684 0
UV: 0.237498 0.937064

Position: -0.711148 -1.44908 -0.698364
Normal: -0.92388 -0.382684 0
UV: 0.237498 0.937064

Position: 0.392815 -1.84189 -0.698364
Normal: -7.43825e-008 0 -1
UV: 0.230417 0.734097

Position: 0.245858 -1.44908 -0.698364
Normal: 2.61474e-008 0 -1
UV: 0.230417 0.734097

Position: 0.245858 -1.90681 -0.698364
Normal: 8.28552e-009 0 -1
UV: 0.230417 0.734097

Position: 0.392815 -1.44908 -0.698364
Normal: 3.944e-008 0 -1
UV: 0.230417 0.734097

Position: 0.392815 -1.84189 -0.698364
Normal: -7.43825e-008 0 -1
UV: 0.0227265 0.941532

Position: 0.555525 -1.44908 -0.698364
Normal: -2.51516e-007 0 -1
UV: 0.0227265 0.941532

Position: 0.392815 -1.44908 -0.698364
Normal: 3.944e-008 0 -1
UV: 0.0227265 0.941532

Position: 0.392815 -1.05626 -0.698364
Normal: -1.22071e-007 0 -1
UV: 0.0227265 0.941532

Position: -0.0824913 -0.927722 -0.698364
Normal: 2.85523e-007 0 -1
UV: 0.230417 0.734097

Position: -0.0824913 -1.44908 -0.698364
Normal: 2.39584e-007 0 -1
UV: 0.230417 0.734097

Position: -0 -1.44908 -0.698364
Normal: -1.27302e-014 0 -1
UV: 0.230417 0.734097

Position: -0 -0.893553 -0.698364
Normal: -6.75906e-008 0 -1
UV: 0.230417 0.734097

Position: -0 -2.0046 -0.698364
Normal: -6.75906e-008 0 -1
UV: 0.230417 0.734097

Position: -0.0824913 -1.97043 -0.698364
Normal: 1.87726e-007 0 -1
UV: 0.230417 0.734097

Position: -0.502857 -1.95193 -0.698364
Normal: 2.73865e-007 0 -1
UV: 0.324034 0.937064

Position: -0 -2.16023 -0.698364
Normal: -1.67115e-007 0 -1
UV: 0.324034 0.937064

Position: -0.392815 -1.84189 -0.698364
Normal: 1.74027e-007 0 -1
UV: 0.324034 0.937064

Position: -0.245858 -1.90681 -0.698364
Normal: 2.69599e-008 0 -1
UV: 0.324034 0.937064

Position: -0.0824913 -1.97043 -0.698364
Normal: 1.87726e-007 0 -1
UV: 0.324034 0.937064

Position: -0 -2.0046 -0.698364
Normal: -6.75906e-008 0 -1
UV: 0.324034 0.937064

Position: 0.502857 -1.95193 -0.698364
Normal: -1.68376e-007 0 -1
UV: 0.324034 0.937064

Position: 0.0824912 -1.97043 -0.698364
Normal: -2.85523e-007 0 -1
UV: 0.324034 0.937064

Position: 0.245858 -1.90681 -0.698364
Normal: 8.28552e-009 0 -1
UV: 0.324034 0.937064

Position: 0.392815 -1.84189 -0.698364
Normal: -7.43825e-008 0 -1
UV: 0.324034 0.937064

Position: 0.711147 -1.44908 -0.698364
Normal: -3.20715e-007 0 -1
UV: 0.324034 0.937064

Position: 0.555525 -1.44908 -0.698364
Normal: -2.51516e-007 0 -1
UV: 0.324034 0.937064

Position: 0.502857 -0.94622 -0.698364
Normal: -2.73864e-007 0 -1
UV: 0.324034 0.937064

Position: 0.392815 -1.05626 -0.698364
Normal: -1.22071e-007 0 -1
UV: 0.324034 0.937064

Position: -0 -0.73793 -0.698364
Normal: -1.19646e-007 0 -1
UV: 0.324034 0.937064

Position: 0.245858 -0.991344 -0.698364
Normal: 1.11089e-007 0 -1
UV: 0.324034 0.937064

Position: 0.0824912 -0.927722 -0.698364
Normal: -2.67984e-007 0 -1
UV: 0.324034 0.937064

Position: -0 -0.893553 -0.698364
Normal: -6.75906e-008 0 -1
UV: 0.324034 0.937064

Position: -0.502857 -0.94622 -0.698364
Normal: -2.0759e-008 0 -1
UV: 0.324034 0.937064

Position: -0.0824913 -0.927722 -0.698364
Normal: 2.85523e-007 0 -1
UV: 0.324034 0.937064

Position: -0.245858 -0.991344 -0.698364
Normal: -0 0 -1
UV: 0.324034 0.937064

Position: -0.392815 -1.05626 -0.698364
Normal: -0 0 -1
UV: 0.324034 0.937064

Position: -0.711148 -1.44908 -0.698364
Normal: 2.1381e-007 0 -1
UV: 0.324034 0.937064

Position: -0.555525 -1.44908 -0.698364
Normal: 1.67678e-007 0 -1
UV: 0.324034 0.937064

Position: -0.392815 -1.05626 -0.698364
Normal: -0 0 -1
UV: 0.0227265 0.941532

Position: -0.555525 -1.44908 -0.698364
Normal: 1.67678e-007 0 -1
UV: 0.0227265 0.941532

Position: -0.392815 -1.44908 -0.698364
Normal: -0 0 -1
UV: 0.0227265 0.941532

Position: -0.392815 -1.84189 -0.698364
Normal: 1.74027e-007 0 -1
UV: 0.0227265 0.941532

Position: 0.392815 -1.05626 -0.698364
Normal: -1.22071e-007 0 -1
UV: 0.230417 0.734097

Position: 0.245858 -0.991344 -0.698364
Normal: 1.11089e-007 0 -1
UV: 0.230417 0.734097

Position: -0.245858 -1.44908 -0.698364
Normal: -0 0 -1
UV: 0.230417 0.734097

Position: -0.392815 -1.05626 -0.698364
Normal: -0 0 -1
UV: 0.230417 0.734097

Position: -0.392815 -1.44908 -0.698364
Normal: -0 0 -1
UV: 0.230417 0.734097

Position: -0.245858 -0.991344 -0.698364
Normal: -0 0 -1
UV: 0.230417 0.734097

Position: -0.245858 -1.90681 -0.698364
Normal: 2.69599e-008 0 -1
UV: 0.230417 0.734097

Position: -0.392815 -1.84189 -0.698364
Normal: 1.74027e-007 0 -1
UV: 0.230417 0.734097

Position: 0.0824912 -1.44908 -0.698364
Normal: -2.39584e-007 0 -1
UV: 0.0227265 0.941532

Position: 0.245858 -0.991344 -0.698364
Normal: 1.11089e-007 0 -1
UV: 0.0227265 0.941532

Position: 0.0824912 -0.927722 -0.698364
Normal: -2.67984e-007 0 -1
UV: 0.0227265 0.941532

Position: 0.245858 -1.44908 -0.698364
Normal: 2.61474e-008 0 -1
UV: 0.0227265 0.941532

Position: 0.245858 -1.90681 -0.698364
Normal: 8.28552e-009 0 -1
UV: 0.0227265 0.941532

Position: 0.0824912 -1.97043 -0.698364
Normal: -2.85523e-007 0 -1
UV: 0.0227265 0.941532

Position: -0.0824913 -1.44908 -0.698364
Normal: 2.39584e-007 0 -1
UV: 0.0227265 0.941532

Position: -0.245858 -0.991344 -0.698364
Normal: -0 0 -1
UV: 0.0227265 0.941532

Position: -0.245858 -1.44908 -0.698364
Normal: -0 0 -1
UV: 0.0227265 0.941532

Position: -0.0824913 -0.927722 -0.698364
Normal: 2.85523e-007 0 -1
UV: 0.0227265 0.941532

Position: -0.0824913 -1.97043 -0.698364
Normal: 1.87726e-007 0 -1
UV: 0.0227265 0.941532

Position: -0.245858 -1.90681 -0.698364
Normal: 2.69599e-008 0 -1
UV: 0.0227265 0.941532

Position: 0.0824912 -1.44908 -0.698364
Normal: -2.39584e-007 0 -1
UV: 0.230417 0.734097

Position: 0.0824912 -0.927722 -0.698364
Normal: -2.67984e-007 0 -1
UV: 0.230417 0.734097

Position: 0.0824912 -1.97043 -0.698364
Normal: -2.85523e-007 0 -1
UV: 0.230417 0.734097


[INDEX_DATA]
0 2 1
1 3 0
4 6 5
4 7 6
8 10 9
8 11 10
12 14 13
15 13 14
16 18 17
17 19 16
20 22 21
22 23 21
24 26 25
26 27 25
28 30 29
30 31 29
32 34 33
34 35 33
36 38 37
38 39 37
40 42 41
42 43 41
44 46 45
46 47 45
48 50 49
50 51 49
52 54 53
53 55 52
56 58 57
57 58 59
60 62 61
62 60 63
64 65 62
65 61 62
66 68 67
68 69 67
69 70 67
67 70 71
67 71 72
71 73 72
73 74 72
72 74 75
72 77 76
72 75 77
78 76 77
77 79 78
78 79 80
79 81 80
81 82 80
80 82 83
80 83 84
83 85 84
85 86 84
84 86 87
88 84 87
87 89 88
66 88 89
89 68 66
90 92 91
91 92 93
53 95 94
94 55 53
96 98 97
97 99 96
100 101 96
101 98 96
102 104 103
103 105 102
106 107 102
102 105 106
108 110 109
109 111 108
112 113 108
113 110 108
114 62 115
63 115 62
116 64 62
62 114 116

