[FBX_META_DATA]
MeshCount: 1

[MESH_DATA]
VertexCount: 312
IndexCount: 516
BoneCount: 0
AnimationClips: 1

[VERTEX_DATA]
Position: -20 0.767999 5
Normal: -0 0 1
UV: 0.325119 0.935454

Position: -0 0.767999 5
Normal: -0 0 1
UV: 0.325119 0.935454

Position: -0 0.131886 5
Normal: -0 0 1
UV: 0.325119 0.935454

Position: -20 0.131886 5
Normal: -0 0 1
UV: 0.325119 0.935454

Position: -0 0.767999 5
Normal: -0 1 0
UV: 0.388599 0.937872

Position: -20 0.767999 5
Normal: -0 1 0
UV: 0.388599 0.937872

Position: -20 0.767999 4.4965
Normal: -0 1 0
UV: 0.388599 0.937872

Position: -0 0.767999 4.4965
Normal: -0 1 0
UV: 0.388599 0.937872

Position: -20 0.131886 0
Normal: -0 0 -1
UV: 0.325119 0.935454

Position: -0 0.131886 0
Normal: -0 0 -1
UV: 0.325119 0.935454

Position: -0 0.767999 0
Normal: -0 0 -1
UV: 0.325119 0.935454

Position: -20 0.767999 0
Normal: -0 0 -1
UV: 0.325119 0.935454

Position: -20 -0.830675 5
Normal: -0 -1 0
UV: 0.203601 0.935454

Position: -0 -0.830675 5
Normal: -0 -1 0
UV: 0.203601 0.935454

Position: -0 -0.830675 4.4965
Normal: -0 -1 0
UV: 0.203601 0.935454

Position: -20 -0.830675 4.4965
Normal: -0 -1 0
UV: 0.203601 0.935454

Position: -20 0.767999 5
Normal: -1 0 0
UV: 0.239271 0.940291

Position: -20 0.131886 5
Normal: -1 0 0
UV: 0.239271 0.940291

Position: -20 0.767999 4.4965
Normal: -1 0 0
UV: 0.239271 0.940291

Position: -20 0.131886 4.4965
Normal: -1 0 0
UV: 0.239271 0.940291

Position: -0 0.767999 5
Normal: 1 0 0
UV: 0.239271 0.940291

Position: -0 0.131886 4.4965
Normal: 1 0 0
UV: 0.239271 0.940291

Position: -0 0.131886 5
Normal: 1 0 0
UV: 0.239271 0.940291

Position: -0 0.767999 4.4965
Normal: 1 0 0
UV: 0.239271 0.940291

Position: -0 0.767999 0.503502
Normal: 1 0 0
UV: 0.239271 0.940291

Position: -0 0.131886 0
Normal: 1 0 0
UV: 0.239271 0.940291

Position: -0 0.131886 0.503502
Normal: 1 0 0
UV: 0.239271 0.940291

Position: -0 0.767999 0
Normal: 1 0 0
UV: 0.239271 0.940291

Position: -20 -0.830675 0.503502
Normal: -0 -1 0
UV: 0.203601 0.935454

Position: -0 -0.830675 0.503502
Normal: -0 -1 0
UV: 0.203601 0.935454

Position: -0 -0.830675 0
Normal: -0 -1 0
UV: 0.203601 0.935454

Position: -20 -0.830675 0
Normal: -0 -1 0
UV: 0.203601 0.935454

Position: -20 0.131886 0.503502
Normal: -1 0 0
UV: 0.239271 0.940291

Position: -20 0.131886 0
Normal: -1 0 0
UV: 0.239271 0.940291

Position: -20 0.767999 0.503502
Normal: -1 0 0
UV: 0.239271 0.940291

Position: -20 0.767999 0
Normal: -1 0 0
UV: 0.239271 0.940291

Position: -0 0.767999 0.503502
Normal: -0 1 0
UV: 0.388599 0.937872

Position: -20 0.767999 0.503502
Normal: -0 1 0
UV: 0.388599 0.937872

Position: -20 0.767999 0
Normal: -0 1 0
UV: 0.388599 0.937872

Position: -0 0.767999 0
Normal: -0 1 0
UV: 0.388599 0.937872

Position: -20 -0.830675 0
Normal: -0 0 -1
UV: 0.325119 0.935454

Position: -0 -0.830675 0
Normal: -0 0 -1
UV: 0.325119 0.935454

Position: -0 -0.830675 0
Normal: 1 0 0
UV: 0.239271 0.940291

Position: -0 -0.830675 0.503502
Normal: 1 0 0
UV: 0.239271 0.940291

Position: -0 -0.830675 4.4965
Normal: 1 0 0
UV: 0.239271 0.940291

Position: -0 -0.830675 5
Normal: 1 0 0
UV: 0.239271 0.940291

Position: -0 -0.830675 5
Normal: -0 0 1
UV: 0.325119 0.935454

Position: -20 -0.830675 5
Normal: -0 0 1
UV: 0.325119 0.935454

Position: -20 -0.830675 4.4965
Normal: -1 0 0
UV: 0.239271 0.940291

Position: -20 -0.830675 5
Normal: -1 0 0
UV: 0.239271 0.940291

Position: -20 -0.830675 0.503502
Normal: -1 0 0
UV: 0.239271 0.940291

Position: -20 -0.830675 0
Normal: -1 0 0
UV: 0.239271 0.940291

Position: -0 0.131886 0.503502
Normal: -0 0 1
UV: 0.325119 0.935454

Position: -20 0.131886 0.503502
Normal: -0 0 1
UV: 0.325119 0.935454

Position: -0 0.767999 0.503502
Normal: -0 0 1
UV: 0.325119 0.935454

Position: -20 0.767999 0.503502
Normal: -0 0 1
UV: 0.325119 0.935454

Position: -20 0.131886 4.4965
Normal: -0 1 0
UV: 0.294429 0.942663

Position: -0 0.131886 0.503502
Normal: -0 1 0
UV: 0.294429 0.942663

Position: -0 0.131886 4.4965
Normal: -0 1 0
UV: 0.294429 0.942663

Position: -20 0.131886 0.503502
Normal: -0 1 0
UV: 0.294429 0.942663

Position: -20 0.131886 4.4965
Normal: -0 0 -1
UV: 0.325119 0.935454

Position: -0 0.131886 4.4965
Normal: -0 0 -1
UV: 0.325119 0.935454

Position: -0 0.767999 4.4965
Normal: -0 0 -1
UV: 0.325119 0.935454

Position: -20 0.767999 4.4965
Normal: -0 0 -1
UV: 0.325119 0.935454

Position: -19.1237 1.768 0.437363
Normal: -0 0 1
UV: 0.297955 0.94334

Position: -19.1237 0.767999 0.437363
Normal: -0 0 1
UV: 0.297955 0.94334

Position: -19.4991 1.768 0.437363
Normal: -0 0 1
UV: 0.297955 0.94334

Position: -19.4991 0.767999 0.437363
Normal: -0 0 1
UV: 0.297955 0.94334

Position: -19.1237 0.767999 0.0619316
Normal: -0 0 -1
UV: 0.297955 0.94334

Position: -19.1237 1.768 0.0619316
Normal: -0 0 -1
UV: 0.297955 0.94334

Position: -19.4991 0.767999 0.0619316
Normal: -0 0 -1
UV: 0.297955 0.94334

Position: -19.4991 1.768 0.0619316
Normal: -0 0 -1
UV: 0.297955 0.94334

Position: -19.4991 0.767999 0.0619316
Normal: -1 0 0
UV: 0.267081 0.937872

Position: -19.4991 1.768 0.0619316
Normal: -1 0 0
UV: 0.267081 0.937872

Position: -19.4991 0.767999 0.437363
Normal: -1 0 0
UV: 0.267081 0.937872

Position: -19.4991 1.768 0.437363
Normal: -1 0 0
UV: 0.267081 0.937872

Position: -19.1237 1.768 0.437363
Normal: 1 0 0
UV: 0.267081 0.937872

Position: -19.1237 0.767999 0.0619316
Normal: 1 0 0
UV: 0.267081 0.937872

Position: -19.1237 0.767999 0.437363
Normal: 1 0 0
UV: 0.267081 0.937872

Position: -19.1237 1.768 0.0619316
Normal: 1 0 0
UV: 0.267081 0.937872

Position: -0.477417 1.768 0.437363
Normal: -0 0 1
UV: 0.267081 0.937872

Position: -0.477417 0.767999 0.437363
Normal: -0 0 1
UV: 0.267081 0.937872

Position: -0.852844 1.768 0.437363
Normal: -0 0 1
UV: 0.267081 0.937872

Position: -0.852844 0.767999 0.437363
Normal: -0 0 1
UV: 0.267081 0.937872

Position: -0.477417 0.767999 0.0619316
Normal: -0 0 -1
UV: 0.297955 0.94334

Position: -0.477417 1.768 0.0619316
Normal: -0 0 -1
UV: 0.297955 0.94334

Position: -0.852844 0.767999 0.0619316
Normal: -0 0 -1
UV: 0.297955 0.94334

Position: -0.852844 1.768 0.0619316
Normal: -0 0 -1
UV: 0.297955 0.94334

Position: -0.852844 0.767999 0.0619316
Normal: -1 0 0
UV: 0.267081 0.937872

Position: -0.852844 1.768 0.0619316
Normal: -1 0 0
UV: 0.267081 0.937872

Position: -0.852844 0.767999 0.437363
Normal: -1 0 0
UV: 0.267081 0.937872

Position: -0.852844 1.768 0.437363
Normal: -1 0 0
UV: 0.267081 0.937872

Position: -0.477417 1.768 0.437363
Normal: 1 0 0
UV: 0.267081 0.937872

Position: -0.477417 0.767999 0.0619316
Normal: 1 0 0
UV: 0.267081 0.937872

Position: -0.477417 0.767999 0.437363
Normal: 1 0 0
UV: 0.267081 0.937872

Position: -0.477417 1.768 0.0619316
Normal: 1 0 0
UV: 0.267081 0.937872

Position: -4.81229 1.768 0.437363
Normal: -0 0 1
UV: 0.267081 0.937872

Position: -4.81229 0.767999 0.437363
Normal: -0 0 1
UV: 0.267081 0.937872

Position: -5.18771 1.768 0.437363
Normal: -0 0 1
UV: 0.267081 0.937872

Position: -5.18771 0.767999 0.437363
Normal: -0 0 1
UV: 0.267081 0.937872

Position: -4.81229 0.767999 0.0619316
Normal: -0 0 -1
UV: 0.297955 0.94334

Position: -4.81229 1.768 0.0619316
Normal: -0 0 -1
UV: 0.297955 0.94334

Position: -5.18771 0.767999 0.0619316
Normal: -0 0 -1
UV: 0.297955 0.94334

Position: -5.18771 1.768 0.0619316
Normal: -0 0 -1
UV: 0.297955 0.94334

Position: -5.18771 0.767999 0.0619316
Normal: -1 0 0
UV: 0.267081 0.937872

Position: -5.18771 1.768 0.0619316
Normal: -1 0 0
UV: 0.267081 0.937872

Position: -5.18771 0.767999 0.437363
Normal: -1 0 0
UV: 0.267081 0.937872

Position: -5.18771 1.768 0.437363
Normal: -1 0 0
UV: 0.267081 0.937872

Position: -4.81229 1.768 0.437363
Normal: 1 0 0
UV: 0.267081 0.937872

Position: -4.81229 0.767999 0.0619316
Normal: 1 0 0
UV: 0.267081 0.937872

Position: -4.81229 0.767999 0.437363
Normal: 1 0 0
UV: 0.267081 0.937872

Position: -4.81229 1.768 0.0619316
Normal: 1 0 0
UV: 0.267081 0.937872

Position: -9.81229 1.768 0.437363
Normal: -0 0 1
UV: 0.267081 0.937872

Position: -9.81229 0.767999 0.437363
Normal: -0 0 1
UV: 0.267081 0.937872

Position: -10.1877 1.768 0.437363
Normal: -0 0 1
UV: 0.267081 0.937872

Position: -10.1877 0.767999 0.437363
Normal: -0 0 1
UV: 0.267081 0.937872

Position: -9.81229 0.767999 0.0619316
Normal: -0 0 -1
UV: 0.297955 0.94334

Position: -9.81229 1.768 0.0619316
Normal: -0 0 -1
UV: 0.297955 0.94334

Position: -10.1877 0.767999 0.0619316
Normal: -0 0 -1
UV: 0.297955 0.94334

Position: -10.1877 1.768 0.0619316
Normal: -0 0 -1
UV: 0.297955 0.94334

Position: -10.1877 0.767999 0.0619316
Normal: -1 0 0
UV: 0.267081 0.937872

Position: -10.1877 1.768 0.0619316
Normal: -1 0 0
UV: 0.267081 0.937872

Position: -10.1877 0.767999 0.437363
Normal: -1 0 0
UV: 0.267081 0.937872

Position: -10.1877 1.768 0.437363
Normal: -1 0 0
UV: 0.267081 0.937872

Position: -9.81229 1.768 0.437363
Normal: 1 0 0
UV: 0.267081 0.937872

Position: -9.81229 0.767999 0.0619316
Normal: 1 0 0
UV: 0.267081 0.937872

Position: -9.81229 0.767999 0.437363
Normal: 1 0 0
UV: 0.267081 0.937872

Position: -9.81229 1.768 0.0619316
Normal: 1 0 0
UV: 0.267081 0.937872

Position: -14.8123 1.768 0.437363
Normal: -0 0 1
UV: 0.297955 0.94334

Position: -14.8123 0.767999 0.437363
Normal: -0 0 1
UV: 0.297955 0.94334

Position: -15.1877 1.768 0.437363
Normal: -0 0 1
UV: 0.297955 0.94334

Position: -15.1877 0.767999 0.437363
Normal: -0 0 1
UV: 0.297955 0.94334

Position: -14.8123 0.767999 0.0619316
Normal: -0 0 -1
UV: 0.297955 0.94334

Position: -14.8123 1.768 0.0619316
Normal: -0 0 -1
UV: 0.297955 0.94334

Position: -15.1877 0.767999 0.0619316
Normal: -0 0 -1
UV: 0.297955 0.94334

Position: -15.1877 1.768 0.0619316
Normal: -0 0 -1
UV: 0.297955 0.94334

Position: -15.1877 0.767999 0.0619316
Normal: -1 0 0
UV: 0.267081 0.937872

Position: -15.1877 1.768 0.0619316
Normal: -1 0 0
UV: 0.267081 0.937872

Position: -15.1877 0.767999 0.437363
Normal: -1 0 0
UV: 0.267081 0.937872

Position: -15.1877 1.768 0.437363
Normal: -1 0 0
UV: 0.267081 0.937872

Position: -14.8123 1.768 0.437363
Normal: 1 0 0
UV: 0.267081 0.937872

Position: -14.8123 0.767999 0.0619316
Normal: 1 0 0
UV: 0.267081 0.937872

Position: -14.8123 0.767999 0.437363
Normal: 1 0 0
UV: 0.267081 0.937872

Position: -14.8123 1.768 0.0619316
Normal: 1 0 0
UV: 0.267081 0.937872

Position: -0.336361 2.08179 0.624306
Normal: -0 0 1
UV: 0.325119 0.935454

Position: -19.6636 1.768 0.624306
Normal: -0 0 1
UV: 0.325119 0.935454

Position: -19.6636 2.08179 0.624306
Normal: -0 0 1
UV: 0.325119 0.935454

Position: -0.336361 1.768 0.624306
Normal: -0 0 1
UV: 0.325119 0.935454

Position: -0.336361 2.08179 0.624306
Normal: 1 0 0
UV: 0.239271 0.940291

Position: -0.336361 2.08179 -0.125015
Normal: 1 0 0
UV: 0.239271 0.940291

Position: -0.336361 1.768 0.624306
Normal: 1 0 0
UV: 0.239271 0.940291

Position: -0.336361 1.768 -0.125015
Normal: 1 0 0
UV: 0.239271 0.940291

Position: -0.336361 2.08179 -0.125015
Normal: -0 0 -1
UV: 0.325119 0.935454

Position: -19.6636 2.08179 -0.125015
Normal: -0 0 -1
UV: 0.325119 0.935454

Position: -0.336361 1.768 -0.125015
Normal: -0 0 -1
UV: 0.325119 0.935454

Position: -19.6636 1.768 -0.125015
Normal: -0 0 -1
UV: 0.325119 0.935454

Position: -19.6636 1.768 0.624306
Normal: -1 0 0
UV: 0.239271 0.940291

Position: -19.6636 1.768 -0.125015
Normal: -1 0 0
UV: 0.239271 0.940291

Position: -19.6636 2.08179 0.624306
Normal: -1 0 0
UV: 0.239271 0.940291

Position: -19.6636 2.08179 -0.125015
Normal: -1 0 0
UV: 0.239271 0.940291

Position: -19.6636 2.08179 -0.125015
Normal: -0 1 0
UV: 0.388599 0.937872

Position: -0.336361 2.08179 -0.125015
Normal: -0 1 0
UV: 0.388599 0.937872

Position: -19.6636 2.08179 0.624306
Normal: -0 1 0
UV: 0.388599 0.937872

Position: -0.336361 2.08179 0.624306
Normal: -0 1 0
UV: 0.388599 0.937872

Position: -0.336361 1.768 0.624306
Normal: -0 -1 0
UV: 0.203601 0.935454

Position: -19.6636 1.768 -0.125015
Normal: -0 -1 0
UV: 0.203601 0.935454

Position: -19.6636 1.768 0.624306
Normal: -0 -1 0
UV: 0.203601 0.935454

Position: -0.336361 1.768 -0.125015
Normal: -0 -1 0
UV: 0.203601 0.935454

Position: -19.1237 1.768 4.92748
Normal: -0 0 1
UV: 0.297955 0.94334

Position: -19.1237 0.767999 4.92748
Normal: -0 0 1
UV: 0.297955 0.94334

Position: -19.4991 1.768 4.92748
Normal: -0 0 1
UV: 0.297955 0.94334

Position: -19.4991 0.767999 4.92748
Normal: -0 0 1
UV: 0.297955 0.94334

Position: -19.1237 0.767999 4.55206
Normal: -0 0 -1
UV: 0.297955 0.94334

Position: -19.1237 1.768 4.55206
Normal: -0 0 -1
UV: 0.297955 0.94334

Position: -19.4991 0.767999 4.55206
Normal: -0 0 -1
UV: 0.297955 0.94334

Position: -19.4991 1.768 4.55206
Normal: -0 0 -1
UV: 0.297955 0.94334

Position: -19.4991 0.767999 4.55206
Normal: -1 0 0
UV: 0.267081 0.937872

Position: -19.4991 1.768 4.55206
Normal: -1 0 0
UV: 0.267081 0.937872

Position: -19.4991 0.767999 4.92748
Normal: -1 0 0
UV: 0.267081 0.937872

Position: -19.4991 1.768 4.92748
Normal: -1 0 0
UV: 0.267081 0.937872

Position: -19.1237 1.768 4.92748
Normal: 1 0 0
UV: 0.267081 0.937872

Position: -19.1237 0.767999 4.55206
Normal: 1 0 0
UV: 0.267081 0.937872

Position: -19.1237 0.767999 4.92748
Normal: 1 0 0
UV: 0.267081 0.937872

Position: -19.1237 1.768 4.55206
Normal: 1 0 0
UV: 0.267081 0.937872

Position: -0.477417 1.768 4.92748
Normal: -0 0 1
UV: 0.297955 0.94334

Position: -0.477417 0.767999 4.92748
Normal: -0 0 1
UV: 0.297955 0.94334

Position: -0.852844 1.768 4.92748
Normal: -0 0 1
UV: 0.297955 0.94334

Position: -0.852844 0.767999 4.92748
Normal: -0 0 1
UV: 0.297955 0.94334

Position: -0.477417 0.767999 4.55206
Normal: -0 0 -1
UV: 0.297955 0.94334

Position: -0.477417 1.768 4.55206
Normal: -0 0 -1
UV: 0.297955 0.94334

Position: -0.852844 0.767999 4.55206
Normal: -0 0 -1
UV: 0.297955 0.94334

Position: -0.852844 1.768 4.55206
Normal: -0 0 -1
UV: 0.297955 0.94334

Position: -0.852844 0.767999 4.55206
Normal: -1 0 0
UV: 0.267081 0.937872

Position: -0.852844 1.768 4.55206
Normal: -1 0 0
UV: 0.267081 0.937872

Position: -0.852844 0.767999 4.92748
Normal: -1 0 0
UV: 0.267081 0.937872

Position: -0.852844 1.768 4.92748
Normal: -1 0 0
UV: 0.267081 0.937872

Position: -0.477417 1.768 4.92748
Normal: 1 0 0
UV: 0.267081 0.937872

Position: -0.477417 0.767999 4.55206
Normal: 1 0 0
UV: 0.267081 0.937872

Position: -0.477417 0.767999 4.92748
Normal: 1 0 0
UV: 0.267081 0.937872

Position: -0.477417 1.768 4.55206
Normal: 1 0 0
UV: 0.267081 0.937872

Position: -4.81229 1.768 4.92748
Normal: -0 0 1
UV: 0.297955 0.94334

Position: -4.81229 0.767999 4.92748
Normal: -0 0 1
UV: 0.297955 0.94334

Position: -5.18771 1.768 4.92748
Normal: -0 0 1
UV: 0.297955 0.94334

Position: -5.18771 0.767999 4.92748
Normal: -0 0 1
UV: 0.297955 0.94334

Position: -4.81229 0.767999 4.55206
Normal: -0 0 -1
UV: 0.297955 0.94334

Position: -4.81229 1.768 4.55206
Normal: -0 0 -1
UV: 0.297955 0.94334

Position: -5.18771 0.767999 4.55206
Normal: -0 0 -1
UV: 0.297955 0.94334

Position: -5.18771 1.768 4.55206
Normal: -0 0 -1
UV: 0.297955 0.94334

Position: -5.18771 0.767999 4.55206
Normal: -1 0 0
UV: 0.267081 0.937872

Position: -5.18771 1.768 4.55206
Normal: -1 0 0
UV: 0.267081 0.937872

Position: -5.18771 0.767999 4.92748
Normal: -1 0 0
UV: 0.267081 0.937872

Position: -5.18771 1.768 4.92748
Normal: -1 0 0
UV: 0.267081 0.937872

Position: -4.81229 1.768 4.92748
Normal: 1 0 0
UV: 0.267081 0.937872

Position: -4.81229 0.767999 4.55206
Normal: 1 0 0
UV: 0.267081 0.937872

Position: -4.81229 0.767999 4.92748
Normal: 1 0 0
UV: 0.267081 0.937872

Position: -4.81229 1.768 4.55206
Normal: 1 0 0
UV: 0.267081 0.937872

Position: -9.81229 1.768 4.92748
Normal: -0 0 1
UV: 0.297955 0.94334

Position: -9.81229 0.767999 4.92748
Normal: -0 0 1
UV: 0.297955 0.94334

Position: -10.1877 1.768 4.92748
Normal: -0 0 1
UV: 0.297955 0.94334

Position: -10.1877 0.767999 4.92748
Normal: -0 0 1
UV: 0.297955 0.94334

Position: -9.81229 0.767999 4.55206
Normal: -0 0 -1
UV: 0.297955 0.94334

Position: -9.81229 1.768 4.55206
Normal: -0 0 -1
UV: 0.297955 0.94334

Position: -10.1877 0.767999 4.55206
Normal: -0 0 -1
UV: 0.297955 0.94334

Position: -10.1877 1.768 4.55206
Normal: -0 0 -1
UV: 0.297955 0.94334

Position: -10.1877 0.767999 4.55206
Normal: -1 0 0
UV: 0.267081 0.937872

Position: -10.1877 1.768 4.55206
Normal: -1 0 0
UV: 0.267081 0.937872

Position: -10.1877 0.767999 4.92748
Normal: -1 0 0
UV: 0.267081 0.937872

Position: -10.1877 1.768 4.92748
Normal: -1 0 0
UV: 0.267081 0.937872

Position: -9.81229 1.768 4.92748
Normal: 1 0 0
UV: 0.267081 0.937872

Position: -9.81229 0.767999 4.55206
Normal: 1 0 0
UV: 0.267081 0.937872

Position: -9.81229 0.767999 4.92748
Normal: 1 0 0
UV: 0.267081 0.937872

Position: -9.81229 1.768 4.55206
Normal: 1 0 0
UV: 0.267081 0.937872

Position: -14.8123 1.768 4.92748
Normal: -0 0 1
UV: 0.297955 0.94334

Position: -14.8123 0.767999 4.92748
Normal: -0 0 1
UV: 0.297955 0.94334

Position: -15.1877 1.768 4.92748
Normal: -0 0 1
UV: 0.297955 0.94334

Position: -15.1877 0.767999 4.92748
Normal: -0 0 1
UV: 0.297955 0.94334

Position: -14.8123 0.767999 4.55206
Normal: -0 0 -1
UV: 0.297955 0.94334

Position: -14.8123 1.768 4.55206
Normal: -0 0 -1
UV: 0.297955 0.94334

Position: -15.1877 0.767999 4.55206
Normal: -0 0 -1
UV: 0.297955 0.94334

Position: -15.1877 1.768 4.55206
Normal: -0 0 -1
UV: 0.297955 0.94334

Position: -15.1877 0.767999 4.55206
Normal: -1 0 0
UV: 0.267081 0.937872

Position: -15.1877 1.768 4.55206
Normal: -1 0 0
UV: 0.267081 0.937872

Position: -15.1877 0.767999 4.92748
Normal: -1 0 0
UV: 0.267081 0.937872

Position: -15.1877 1.768 4.92748
Normal: -1 0 0
UV: 0.267081 0.937872

Position: -14.8123 1.768 4.92748
Normal: 1 0 0
UV: 0.267081 0.937872

Position: -14.8123 0.767999 4.55206
Normal: 1 0 0
UV: 0.267081 0.937872

Position: -14.8123 0.767999 4.92748
Normal: 1 0 0
UV: 0.267081 0.937872

Position: -14.8123 1.768 4.55206
Normal: 1 0 0
UV: 0.267081 0.937872

Position: -0.336361 2.08179 5.11443
Normal: -0 0 1
UV: 0.325119 0.935454

Position: -19.6636 1.768 5.11443
Normal: -0 0 1
UV: 0.325119 0.935454

Position: -19.6636 2.08179 5.11443
Normal: -0 0 1
UV: 0.325119 0.935454

Position: -0.336361 1.768 5.11443
Normal: -0 0 1
UV: 0.325119 0.935454

Position: -0.336361 2.08179 5.11443
Normal: 1 0 0
UV: 0.239271 0.940291

Position: -0.336361 2.08179 4.36511
Normal: 1 0 0
UV: 0.239271 0.940291

Position: -0.336361 1.768 5.11443
Normal: 1 0 0
UV: 0.239271 0.940291

Position: -0.336361 1.768 4.36511
Normal: 1 0 0
UV: 0.239271 0.940291

Position: -0.336361 2.08179 4.36511
Normal: -0 0 -1
UV: 0.325119 0.935454

Position: -19.6636 2.08179 4.36511
Normal: -0 0 -1
UV: 0.325119 0.935454

Position: -0.336361 1.768 4.36511
Normal: -0 0 -1
UV: 0.325119 0.935454

Position: -19.6636 1.768 4.36511
Normal: -0 0 -1
UV: 0.325119 0.935454

Position: -19.6636 1.768 5.11443
Normal: -1 0 0
UV: 0.239271 0.940291

Position: -19.6636 1.768 4.36511
Normal: -1 0 0
UV: 0.239271 0.940291

Position: -19.6636 2.08179 5.11443
Normal: -1 0 0
UV: 0.239271 0.940291

Position: -19.6636 2.08179 4.36511
Normal: -1 0 0
UV: 0.239271 0.940291

Position: -19.6636 2.08179 4.36511
Normal: -0 1 0
UV: 0.388599 0.937872

Position: -0.336361 2.08179 4.36511
Normal: -0 1 0
UV: 0.388599 0.937872

Position: -19.6636 2.08179 5.11443
Normal: -0 1 0
UV: 0.388599 0.937872

Position: -0.336361 2.08179 5.11443
Normal: -0 1 0
UV: 0.388599 0.937872

Position: -0.336361 1.768 5.11443
Normal: -0 -1 0
UV: 0.203601 0.935454

Position: -19.6636 1.768 4.36511
Normal: -0 -1 0
UV: 0.203601 0.935454

Position: -19.6636 1.768 5.11443
Normal: -0 -1 0
UV: 0.203601 0.935454

Position: -0.336361 1.768 4.36511
Normal: -0 -1 0
UV: 0.203601 0.935454

Position: -8.53741 -2.37422 5.32458
Normal: 1 0 0
UV: 0.227505 0.936376

Position: -8.53741 -3.02367 -0.339874
Normal: 1 0 0
UV: 0.227505 0.936376

Position: -8.53741 -3.02367 5.32458
Normal: 1 0 0
UV: 0.227505 0.936376

Position: -8.53741 -2.37422 -0.339874
Normal: 1 0 0
UV: 0.227505 0.936376

Position: -11.4626 -3.02367 5.32458
Normal: -1 0 0
UV: 0.227505 0.936376

Position: -11.4626 -2.37422 -0.339874
Normal: -1 0 0
UV: 0.227505 0.936376

Position: -11.4626 -2.37422 5.32458
Normal: -1 0 0
UV: 0.227505 0.936376

Position: -11.4626 -3.02367 -0.339874
Normal: -1 0 0
UV: 0.227505 0.936376

Position: -11.4626 -2.37422 5.32458
Normal: -0 0 1
UV: 0.260024 0.939204

Position: -8.53741 -2.37422 5.32458
Normal: -0 0 1
UV: 0.260024 0.939204

Position: -8.53741 -3.02367 5.32458
Normal: -0 0 1
UV: 0.260024 0.939204

Position: -11.4626 -3.02367 5.32458
Normal: -0 0 1
UV: 0.260024 0.939204

Position: -11.4626 -3.02367 -0.339874
Normal: -0 0 -1
UV: 0.260024 0.939204

Position: -8.53741 -3.02367 -0.339874
Normal: -0 0 -1
UV: 0.260024 0.939204

Position: -8.53741 -2.37422 -0.339874
Normal: -0 0 -1
UV: 0.260024 0.939204

Position: -11.4626 -2.37422 -0.339874
Normal: -0 0 -1
UV: 0.260024 0.939204

Position: -8.53741 -2.37422 -0.339874
Normal: -0 1 0
UV: 0.324355 0.936376

Position: -8.53741 -2.37422 5.32458
Normal: -0 1 0
UV: 0.324355 0.936376

Position: -9.14984 -2.37422 4.78999
Normal: -0 1 0
UV: 0.324355 0.936376

Position: -9.14984 -2.37422 0.194717
Normal: -0 1 0
UV: 0.324355 0.936376

Position: -11.4626 -2.37422 5.32458
Normal: -0 1 0
UV: 0.324355 0.936376

Position: -10.8502 -2.37422 4.78999
Normal: -0 1 0
UV: 0.324355 0.936376

Position: -11.4626 -2.37422 -0.339874
Normal: -0 1 0
UV: 0.324355 0.936376

Position: -10.8502 -2.37422 0.194717
Normal: -0 1 0
UV: 0.324355 0.936376

Position: -9.14984 -0.830675 4.78999
Normal: 1 0 0
UV: 0.227505 0.936376

Position: -9.14984 -2.37422 0.194717
Normal: 1 0 0
UV: 0.227505 0.936376

Position: -9.14984 -2.37422 4.78999
Normal: 1 0 0
UV: 0.227505 0.936376

Position: -9.14984 -0.830675 0.194717
Normal: 1 0 0
UV: 0.227505 0.936376

Position: -10.8502 -0.830675 4.78999
Normal: -0 0 1
UV: 0.260024 0.939204

Position: -9.14984 -0.830675 4.78999
Normal: -0 0 1
UV: 0.260024 0.939204

Position: -9.14984 -2.37422 4.78999
Normal: -0 0 1
UV: 0.260024 0.939204

Position: -10.8502 -2.37422 4.78999
Normal: -0 0 1
UV: 0.260024 0.939204

Position: -10.8502 -0.830675 0.194717
Normal: -1 0 0
UV: 0.227505 0.936376

Position: -10.8502 -0.830675 4.78999
Normal: -1 0 0
UV: 0.227505 0.936376

Position: -10.8502 -2.37422 4.78999
Normal: -1 0 0
UV: 0.227505 0.936376

Position: -10.8502 -2.37422 0.194717
Normal: -1 0 0
UV: 0.227505 0.936376

Position: -9.14984 -2.37422 0.194717
Normal: -0 0 -1
UV: 0.260024 0.939204

Position: -9.14984 -0.830675 0.194717
Normal: -0 0 -1
UV: 0.260024 0.939204

Position: -10.8502 -2.37422 0.194717
Normal: -0 0 -1
UV: 0.260024 0.939204

Position: -10.8502 -0.830675 0.194717
Normal: -0 0 -1
UV: 0.260024 0.939204


[INDEX_DATA]
0 2 1
0 3 2
4 6 5
4 7 6
8 10 9
8 11 10
12 14 13
12 15 14
16 18 17
17 18 19
20 22 21
21 23 20
24 26 25
25 27 24
28 30 29
28 31 30
32 34 33
34 35 33
36 38 37
36 39 38
15 29 14
15 28 29
40 9 41
40 8 9
26 43 42
42 25 26
21 44 43
43 26 21
22 45 44
44 21 22
3 46 2
3 47 46
48 49 19
17 19 49
48 19 32
32 50 48
50 32 33
33 51 50
52 54 53
55 53 54
56 58 57
57 59 56
60 62 61
60 63 62
64 66 65
66 67 65
68 70 69
70 71 69
72 74 73
75 73 74
76 78 77
77 79 76
80 82 81
82 83 81
84 86 85
86 87 85
88 90 89
91 89 90
92 94 93
93 95 92
96 98 97
98 99 97
100 102 101
102 103 101
104 106 105
107 105 106
108 110 109
109 111 108
112 114 113
114 115 113
116 118 117
118 119 117
120 122 121
123 121 122
124 126 125
125 127 124
128 130 129
130 131 129
132 134 133
134 135 133
136 138 137
139 137 138
140 142 141
141 143 140
144 146 145
145 147 144
148 150 149
150 151 149
152 154 153
155 153 154
156 158 157
158 159 157
160 162 161
163 161 162
164 166 165
165 167 164
168 170 169
170 171 169
172 174 173
174 175 173
176 178 177
179 177 178
180 182 181
181 183 180
184 186 185
186 187 185
188 190 189
190 191 189
192 194 193
195 193 194
196 198 197
197 199 196
200 202 201
202 203 201
204 206 205
206 207 205
208 210 209
211 209 210
212 214 213
213 215 212
216 218 217
218 219 217
220 222 221
222 223 221
224 226 225
227 225 226
228 230 229
229 231 228
232 234 233
234 235 233
236 238 237
238 239 237
240 242 241
243 241 242
244 246 245
245 247 244
248 250 249
249 251 248
252 254 253
254 255 253
256 258 257
259 257 258
260 262 261
262 263 261
264 266 265
267 265 266
268 270 269
269 271 268
272 274 273
273 275 272
276 278 277
277 279 276
280 282 281
280 283 282
284 286 285
284 287 286
288 290 289
288 291 290
289 293 292
289 290 293
292 295 294
292 293 295
294 291 288
294 295 291
296 298 297
297 299 296
300 302 301
300 303 302
304 306 305
306 304 307
308 310 309
310 311 309

