[FBX_META_DATA]
MeshCount: 1

[MESH_DATA]
VertexCount: 48
IndexCount: 84
BoneCount: 0
AnimationClips: 1

[VERTEX_DATA]
Position: -1.45046 0.489771 3.9044
Normal: -0 0 1
UV: 0.169673 0.519446

Position: 1.45045 0.489771 3.9044
Normal: -0 0 1
UV: 0.169673 0.519446

Position: 1.45045 0 3.9044
Normal: -0 0 1
UV: 0.169673 0.519446

Position: -1.45046 0 3.9044
Normal: -0 0 1
UV: 0.169673 0.519446

Position: -1.16225 0.489771 3.61147
Normal: -0 1 0
UV: 0.191281 0.601079

Position: -1.16225 0.489771 -3.61148
Normal: -0 1 0
UV: 0.191281 0.601079

Position: 1.16224 0.489771 3.61147
Normal: -0 1 0
UV: 0.191281 0.601079

Position: 1.16224 0.489771 -3.61148
Normal: -0 1 0
UV: 0.191281 0.601079

Position: -1.45046 0 -3.9044
Normal: -0 0 -1
UV: 0.169673 0.519446

Position: 1.45045 0 -3.9044
Normal: -0 0 -1
UV: 0.169673 0.519446

Position: 1.45045 0.489771 -3.9044
Normal: -0 0 -1
UV: 0.169673 0.519446

Position: -1.45046 0.489771 -3.9044
Normal: -0 0 -1
UV: 0.169673 0.519446

Position: -1.45046 0.489771 -3.9044
Normal: -1 0 0
UV: 0.234499 0.521847

Position: -1.45046 0.489771 3.9044
Normal: -1 0 0
UV: 0.234499 0.521847

Position: -1.45046 0 3.9044
Normal: -1 0 0
UV: 0.234499 0.521847

Position: -1.45046 0 -3.9044
Normal: -1 0 0
UV: 0.234499 0.521847

Position: 1.45045 0.489771 3.9044
Normal: 1 0 0
UV: 0.234499 0.521847

Position: 1.45045 0 -3.9044
Normal: 1 0 0
UV: 0.234499 0.521847

Position: 1.45045 0 3.9044
Normal: 1 0 0
UV: 0.234499 0.521847

Position: 1.45045 0.489771 -3.9044
Normal: 1 0 0
UV: 0.234499 0.521847

Position: 1.45045 0.489771 3.9044
Normal: -0 1 0
UV: 0.290521 0.516245

Position: -1.45046 0.489771 3.9044
Normal: -0 1 0
UV: 0.290521 0.516245

Position: -1.16225 0.489771 3.61147
Normal: -0 1 0
UV: 0.290521 0.516245

Position: 1.16224 0.489771 3.61147
Normal: -0 1 0
UV: 0.290521 0.516245

Position: -1.45046 0.489771 -3.9044
Normal: -0 1 0
UV: 0.290521 0.516245

Position: -1.16225 0.489771 -3.61148
Normal: -0 1 0
UV: 0.290521 0.516245

Position: 1.45045 0.489771 -3.9044
Normal: -0 1 0
UV: 0.290521 0.516245

Position: 1.16224 0.489771 -3.61148
Normal: -0 1 0
UV: 0.290521 0.516245

Position: -0.706558 1.37695 3.11125
Normal: -0 1 0
UV: 0.457785 0.843607

Position: 0.704712 1.37695 -3.08151
Normal: -0 1 0
UV: 0.457785 0.843607

Position: 0.704712 1.37695 3.11125
Normal: -0 1 0
UV: 0.457785 0.843607

Position: -0.706558 1.37695 -3.08151
Normal: -0 1 0
UV: 0.457785 0.843607

Position: 0.704712 1.37695 3.11125
Normal: 1 0 0
UV: 0.326318 0.844495

Position: 0.704712 0.489771 -3.08151
Normal: 1 0 0
UV: 0.326318 0.844495

Position: 0.704712 0.489771 3.11125
Normal: 1 0 0
UV: 0.326318 0.844495

Position: 0.704712 1.37695 -3.08151
Normal: 1 0 0
UV: 0.326318 0.844495

Position: -0.706558 1.37695 3.11125
Normal: -0 0 1
UV: 0.236601 0.844495

Position: 0.704712 1.37695 3.11125
Normal: -0 0 1
UV: 0.236601 0.844495

Position: 0.704712 0.489771 3.11125
Normal: -0 0 1
UV: 0.236601 0.844495

Position: -0.706558 0.489771 3.11125
Normal: -0 0 1
UV: 0.236601 0.844495

Position: -0.706558 1.37695 -3.08151
Normal: -1 0 0
UV: 0.326318 0.844495

Position: -0.706558 1.37695 3.11125
Normal: -1 0 0
UV: 0.326318 0.844495

Position: -0.706558 0.489771 3.11125
Normal: -1 0 0
UV: 0.326318 0.844495

Position: -0.706558 0.489771 -3.08151
Normal: -1 0 0
UV: 0.326318 0.844495

Position: 0.704712 1.37695 -3.08151
Normal: -0 0 -1
UV: 0.236601 0.844495

Position: -0.706558 0.489771 -3.08151
Normal: -0 0 -1
UV: 0.236601 0.844495

Position: 0.704712 0.489771 -3.08151
Normal: -0 0 -1
UV: 0.236601 0.844495

Position: -0.706558 1.37695 -3.08151
Normal: -0 0 -1
UV: 0.236601 0.844495


[INDEX_DATA]
0 2 1
0 3 2
4 6 5
6 7 5
8 10 9
8 11 10
12 14 13
14 12 15
16 18 17
17 19 16
20 22 21
20 23 22
24 21 22
22 25 24
24 27 26
24 25 27
26 23 20
26 27 23
28 30 29
29 31 28
32 34 33
33 35 32
36 38 37
36 39 38
40 42 41
42 40 43
44 46 45
45 47 44

