[FBX_META_DATA]
MeshCount: 1

[MESH_DATA]
VertexCount: 28
IndexCount: 42
BoneCount: 0
AnimationClips: 1

[VERTEX_DATA]
Position: -5 0 0
Normal: 4.76837e-008 1 0
UV: 0.386365 0.935096

Position: -0 -2.38419e-007 -1
Normal: 4.76837e-008 1 0
UV: 0.386365 0.935096

Position: -0 -2.38419e-007 0
Normal: 4.76837e-008 1 0
UV: 0.386365 0.935096

Position: -5 0 -1
Normal: 4.76837e-008 1 0
UV: 0.386365 0.935096

Position: -5 -2.57231 -16.6976
Normal: -0 0.980011 -0.198941
UV: 0.0470022 0.378424

Position: -0 -3 -18.806
Normal: -0 0.98004 -0.1988
UV: 0.0470022 0.378424

Position: -0 -2.57231 -16.6976
Normal: -0 0.980011 -0.198941
UV: 0.0470022 0.378424

Position: -5 -3 -18.806
Normal: -0 0.98004 -0.1988
UV: 0.0470022 0.378424

Position: -0 -3 -18.806
Normal: -0 1 0
UV: 0.394396 0.670965

Position: -5 -3 -18.806
Normal: -0 1 0
UV: 0.394396 0.670965

Position: -5 -3 -20
Normal: -0 1 0
UV: 0.394396 0.670965

Position: -0 -3 -20
Normal: -0 1 0
UV: 0.394396 0.670965

Position: -5 0 -1.10128
Normal: 2.46403e-008 1 -1.18256e-007
UV: 0.292346 0.579077

Position: -0 -4.76837e-007 -4.02419
Normal: 2.38419e-008 1 -1.22353e-007
UV: 0.292346 0.579077

Position: -0 -2.38419e-007 -1.10128
Normal: 2.46403e-008 1 -1.18256e-007
UV: 0.292346 0.579077

Position: -5 -4.76837e-007 -4.02419
Normal: 2.38419e-008 1 -1.22353e-007
UV: 0.292346 0.579077

Position: -5 -0.0542535 -4.29493
Normal: 6.26569e-010 0.980017 -0.198913
UV: 0.0187064 0.378424

Position: -0 -2.57231 -16.6976
Normal: -0 0.980011 -0.198941
UV: 0.0187064 0.378424

Position: -0 -0.0542538 -4.29493
Normal: 6.26569e-010 0.980017 -0.198913
UV: 0.0187064 0.378424

Position: -5 -2.57231 -16.6976
Normal: -0 0.980011 -0.198941
UV: 0.0187064 0.378424

Position: -5 -4.76837e-007 -4.02419
Normal: 2.93454e-008 0.980506 -0.196488
UV: 0.444941 0.60232

Position: -0 -0.0542538 -4.29493
Normal: 6.26569e-010 0.980017 -0.198913
UV: 0.444941 0.60232

Position: -0 -4.76837e-007 -4.02419
Normal: 2.93454e-008 0.980506 -0.196488
UV: 0.444941 0.60232

Position: -5 -0.0542535 -4.29493
Normal: 6.26569e-010 0.980017 -0.198913
UV: 0.444941 0.60232

Position: -5 0 -1
Normal: 4.76837e-008 1 0
UV: 0.341864 0.938837

Position: -0 -2.38419e-007 -1.10128
Normal: 2.46403e-008 1 -1.18256e-007
UV: 0.341864 0.938837

Position: -0 -2.38419e-007 -1
Normal: 4.76837e-008 1 0
UV: 0.341864 0.938837

Position: -5 0 -1.10128
Normal: 2.46403e-008 1 -1.18256e-007
UV: 0.341864 0.938837


[INDEX_DATA]
0 2 1
1 3 0
4 6 5
5 7 4
8 10 9
8 11 10
12 14 13
13 15 12
16 18 17
17 19 16
20 22 21
21 23 20
24 26 25
25 27 24

