[FBX_META_DATA]
MeshCount: 1

[MESH_DATA]
VertexCount: 184
IndexCount: 276
BoneCount: 0
AnimationClips: 1

[VERTEX_DATA]
Position: 2.34113 0 2.88934
Normal: -0 0.289778 0.957094
UV: 0.228636 0.524328

Position: -2.78288 0 2.88934
Normal: -0 0.289778 0.957094
UV: 0.235841 0.524328

Position: -2.00718 2.56201 2.11365
Normal: -0 0.289778 0.957094
UV: 0.234751 0.520725

Position: 1.56544 2.56201 2.11365
Normal: -0 0.289778 0.957094
UV: 0.229726 0.520725

Position: -2.00718 2.56201 2.11365
Normal: -0 1 0
UV: 0.30057 0.520845

Position: -2.00718 2.56201 -1.45898
Normal: -0 1 0
UV: 0.30057 0.515821

Position: 1.56544 2.56201 2.11365
Normal: -0 1 0
UV: 0.295546 0.520845

Position: 1.56544 2.56201 -1.45898
Normal: -0 1 0
UV: 0.295546 0.515821

Position: -2.78288 0 -2.23468
Normal: -0 0.289778 -0.957094
UV: 0.235048 0.517095

Position: 2.34113 0 -2.23468
Normal: -0 0.289778 -0.957094
UV: 0.227843 0.517095

Position: 1.56544 2.56201 -1.45898
Normal: -0 0.289778 -0.957094
UV: 0.228933 0.520698

Position: -2.00718 2.56201 -1.45898
Normal: -0 0.289778 -0.957094
UV: 0.233958 0.520698

Position: -2.00718 2.56201 2.11365
Normal: -0.957094 0.289779 0
UV: 0.263876 0.516398

Position: -2.78288 0 2.88934
Normal: -0.957094 0.289779 0
UV: 0.263876 0.516398

Position: -2.00718 2.56201 -1.45898
Normal: -0.957094 0.289779 0
UV: 0.263876 0.516398

Position: -2.78288 0 -2.23468
Normal: -0.957094 0.289779 0
UV: 0.263876 0.516398

Position: 1.56544 2.56201 2.11365
Normal: 0.957094 0.289779 0
UV: 0.263876 0.516398

Position: 2.34113 0 -2.23468
Normal: 0.957094 0.289779 0
UV: 0.263876 0.516398

Position: 2.34113 0 2.88934
Normal: 0.957094 0.289779 0
UV: 0.263876 0.516398

Position: 1.56544 2.56201 -1.45898
Normal: 0.957094 0.289779 0
UV: 0.263876 0.516398

Position: 4.18363 0 2.1806
Normal: -0 0.289777 0.957094
UV: 0.228636 0.524328

Position: 0.738248 0 2.1806
Normal: -0 0.289777 0.957094
UV: 0.235841 0.524328

Position: 1.25983 1.72269 1.65903
Normal: -0 0.289777 0.957094
UV: 0.234751 0.520725

Position: 3.66206 1.72269 1.65903
Normal: -0 0.289777 0.957094
UV: 0.229726 0.520725

Position: 1.25983 1.72269 -0.743195
Normal: -0 1 0
UV: 0.30057 0.515821

Position: 3.66206 1.72269 1.65903
Normal: -0 1 0
UV: 0.295546 0.520845

Position: 1.25983 1.72269 1.65903
Normal: -0 1 0
UV: 0.30057 0.520845

Position: 3.66206 1.72269 -0.743195
Normal: -0 1 0
UV: 0.295546 0.515821

Position: 0.738248 0 -1.26477
Normal: -0 0.289777 -0.957094
UV: 0.235048 0.517095

Position: 4.18363 0 -1.26477
Normal: -0 0.289777 -0.957094
UV: 0.227843 0.517095

Position: 3.66206 1.72269 -0.743195
Normal: -0 0.289777 -0.957094
UV: 0.228933 0.520698

Position: 1.25983 1.72269 -0.743195
Normal: -0 0.289777 -0.957094
UV: 0.233958 0.520698

Position: 1.25983 1.72269 1.65903
Normal: -0.957094 0.289779 0
UV: 0.263876 0.516398

Position: 0.738248 0 2.1806
Normal: -0.957094 0.289779 0
UV: 0.263876 0.516398

Position: 1.25983 1.72269 -0.743195
Normal: -0.957094 0.289779 0
UV: 0.263876 0.516398

Position: 0.738248 0 -1.26477
Normal: -0.957094 0.289779 0
UV: 0.263876 0.516398

Position: 3.66206 1.72269 1.65903
Normal: 0.957094 0.289779 0
UV: 0.263876 0.516398

Position: 4.18363 0 -1.26477
Normal: 0.957094 0.289779 0
UV: 0.263876 0.516398

Position: 4.18363 0 2.1806
Normal: 0.957094 0.289779 0
UV: 0.263876 0.516398

Position: 3.66206 1.72269 -0.743195
Normal: 0.957094 0.289779 0
UV: 0.263876 0.516398

Position: 0.810884 0 -0.586578
Normal: -0 0.289777 0.957094
UV: 0.228636 0.524328

Position: -2.6345 0 -0.586578
Normal: -0 0.289777 0.957094
UV: 0.235841 0.524328

Position: -2.11292 1.72269 -1.10815
Normal: -0 0.289777 0.957094
UV: 0.234751 0.520725

Position: 0.289305 1.72269 -1.10815
Normal: -0 0.289777 0.957094
UV: 0.229726 0.520725

Position: -2.11292 1.72269 -1.10815
Normal: -0 1 0
UV: 0.30057 0.520845

Position: -2.11292 1.72269 -3.51038
Normal: -0 1 0
UV: 0.30057 0.515821

Position: 0.289305 1.72269 -1.10815
Normal: -0 1 0
UV: 0.295546 0.520845

Position: 0.289305 1.72269 -3.51038
Normal: -0 1 0
UV: 0.295546 0.515821

Position: -2.6345 0 -4.03195
Normal: -0 0.289777 -0.957094
UV: 0.235048 0.517095

Position: 0.810884 0 -4.03195
Normal: -0 0.289777 -0.957094
UV: 0.227843 0.517095

Position: 0.289305 1.72269 -3.51038
Normal: -0 0.289777 -0.957094
UV: 0.228933 0.520698

Position: -2.11292 1.72269 -3.51038
Normal: -0 0.289777 -0.957094
UV: 0.233958 0.520698

Position: -2.11292 1.72269 -1.10815
Normal: -0.957094 0.289779 0
UV: 0.263876 0.516398

Position: -2.6345 0 -0.586578
Normal: -0.957094 0.289779 0
UV: 0.263876 0.516398

Position: -2.11292 1.72269 -3.51038
Normal: -0.957094 0.289779 0
UV: 0.263876 0.516398

Position: -2.6345 0 -4.03195
Normal: -0.957094 0.289779 0
UV: 0.263876 0.516398

Position: 0.289305 1.72269 -1.10815
Normal: 0.957094 0.289779 0
UV: 0.263876 0.516398

Position: 0.810884 0 -4.03195
Normal: 0.957094 0.289779 0
UV: 0.263876 0.516398

Position: 0.810884 0 -0.586578
Normal: 0.957094 0.289779 0
UV: 0.263876 0.516398

Position: 0.289305 1.72269 -3.51038
Normal: 0.957094 0.289779 0
UV: 0.263876 0.516398

Position: 3.479 0 -0.355301
Normal: -0 0.289781 0.957093
UV: 0.228636 0.524328

Position: -0.443226 0 -0.355301
Normal: -0 0.289781 0.957093
UV: 0.235841 0.524328

Position: 0.150539 1.28553 -0.744522
Normal: -0 0.289781 0.957093
UV: 0.234751 0.520725

Position: 2.88524 1.28553 -0.744522
Normal: -0 0.289781 0.957093
UV: 0.229726 0.520725

Position: 0.150539 1.28553 -0.744522
Normal: -0 1 0
UV: 0.30057 0.520845

Position: 0.150539 1.28553 -2.53712
Normal: -0 1 0
UV: 0.30057 0.515821

Position: 2.88524 1.28553 -0.744522
Normal: -0 1 0
UV: 0.295546 0.520845

Position: 2.88524 1.28553 -2.53712
Normal: -0 1 0
UV: 0.295546 0.515821

Position: -0.443226 0 -2.92635
Normal: -0 0.289781 -0.957093
UV: 0.235048 0.517095

Position: 3.479 0 -2.92635
Normal: -0 0.289781 -0.957093
UV: 0.227843 0.517095

Position: 2.88524 1.28553 -2.53712
Normal: -0 0.289781 -0.957093
UV: 0.228933 0.520698

Position: 0.150539 1.28553 -2.53712
Normal: -0 0.289781 -0.957093
UV: 0.233958 0.520698

Position: 0.150539 1.28553 -0.744522
Normal: -0.90784 0.419318 0
UV: 0.263876 0.516398

Position: -0.443226 0 -0.355301
Normal: -0.90784 0.419317 0
UV: 0.263876 0.516398

Position: 0.150539 1.28553 -2.53712
Normal: -0.90784 0.419318 0
UV: 0.263876 0.516398

Position: -0.443226 0 -2.92635
Normal: -0.90784 0.419317 0
UV: 0.263876 0.516398

Position: 2.88524 1.28553 -0.744522
Normal: 0.90784 0.419317 0
UV: 0.263876 0.516398

Position: 3.479 0 -2.92635
Normal: 0.90784 0.419318 0
UV: 0.263876 0.516398

Position: 3.479 0 -0.355301
Normal: 0.90784 0.419318 0
UV: 0.263876 0.516398

Position: 2.88524 1.28553 -2.53712
Normal: 0.90784 0.419317 0
UV: 0.263876 0.516398

Position: 1.60698 0 -2.07933
Normal: -0 0.289787 0.957091
UV: 0.228636 0.524328

Position: -0.0945807 0 -2.07933
Normal: -0 0.289787 0.957091
UV: 0.235841 0.524328

Position: 0.16301 0.850781 -2.33693
Normal: -0 0.289787 0.957091
UV: 0.234751 0.520725

Position: 1.34939 0.850781 -2.33693
Normal: -0 0.289787 0.957091
UV: 0.229726 0.520725

Position: 0.16301 0.850781 -2.33693
Normal: -0 1 0
UV: 0.30057 0.520845

Position: 0.16301 0.850781 -3.5233
Normal: -0 1 0
UV: 0.30057 0.515821

Position: 1.34939 0.850781 -2.33693
Normal: -0 1 0
UV: 0.295546 0.520845

Position: 1.34939 0.850781 -3.5233
Normal: -0 1 0
UV: 0.295546 0.515821

Position: -0.0945807 0 -3.7809
Normal: -0 0.289787 -0.957091
UV: 0.235048 0.517095

Position: 1.60698 0 -3.7809
Normal: -0 0.289787 -0.957091
UV: 0.227843 0.517095

Position: 1.34939 0.850781 -3.5233
Normal: -0 0.289787 -0.957091
UV: 0.228933 0.520698

Position: 0.16301 0.850781 -3.5233
Normal: -0 0.289787 -0.957091
UV: 0.233958 0.520698

Position: 0.16301 0.850781 -2.33693
Normal: -0.957094 0.289778 0
UV: 0.263876 0.516398

Position: -0.0945807 0 -2.07933
Normal: -0.957094 0.289778 0
UV: 0.263876 0.516398

Position: 0.16301 0.850781 -3.5233
Normal: -0.957094 0.289778 0
UV: 0.263876 0.516398

Position: -0.0945807 0 -3.7809
Normal: -0.957094 0.289778 0
UV: 0.263876 0.516398

Position: 1.34939 0.850781 -2.33693
Normal: 0.957094 0.289778 0
UV: 0.263876 0.516398

Position: 1.60698 0 -3.7809
Normal: 0.957094 0.289778 0
UV: 0.263876 0.516398

Position: 1.60698 0 -2.07933
Normal: 0.957094 0.289778 0
UV: 0.263876 0.516398

Position: 1.34939 0.850781 -3.5233
Normal: 0.957094 0.289778 0
UV: 0.263876 0.516398

Position: -1.83498 0.740351 1.93196
Normal: -0 0.187696 0.982227
UV: 0.235841 0.524328

Position: 0.909514 3.30236 1.44238
Normal: -0 0.187696 0.982227
UV: 0.229726 0.520725

Position: 1.39911 0.740351 1.93196
Normal: -0 0.187696 0.982227
UV: 0.228636 0.524328

Position: -1.34539 3.30236 1.44238
Normal: -0 0.187696 0.982227
UV: 0.234751 0.520725

Position: -1.34539 3.30236 -0.812531
Normal: -0 1 0
UV: 0.30057 0.515821

Position: 0.909514 3.30236 1.44238
Normal: -0 1 0
UV: 0.295546 0.520845

Position: -1.34539 3.30236 1.44238
Normal: -0 1 0
UV: 0.30057 0.520845

Position: 0.909514 3.30236 -0.812531
Normal: -0 1 0
UV: 0.295546 0.515821

Position: -1.83498 0.740351 -1.30211
Normal: -0 0.187696 -0.982227
UV: 0.235048 0.517095

Position: 1.39911 0.740351 -1.30211
Normal: -0 0.187696 -0.982227
UV: 0.227843 0.517095

Position: 0.909514 3.30236 -0.812531
Normal: -0 0.187696 -0.982227
UV: 0.228933 0.520698

Position: -1.34539 3.30236 -0.812531
Normal: -0 0.187696 -0.982227
UV: 0.233958 0.520698

Position: -1.83498 0.740351 1.93196
Normal: -0 -1 0
UV: 0.2065 0.519584

Position: 1.39911 0.740351 1.93196
Normal: -0 -1 0
UV: 0.199294 0.519584

Position: 1.39911 0.740351 -1.30211
Normal: -0 -1 0
UV: 0.199294 0.52679

Position: -1.83498 0.740351 -1.30211
Normal: -0 -1 0
UV: 0.2065 0.52679

Position: -1.34539 3.30236 1.44238
Normal: -0.982226 0.1877 0
UV: 0.263876 0.516398

Position: -1.83498 0.740351 1.93196
Normal: -0.982226 0.1877 0
UV: 0.263876 0.516398

Position: -1.34539 3.30236 -0.812531
Normal: -0.982226 0.1877 0
UV: 0.263876 0.516398

Position: -1.83498 0.740351 -1.30211
Normal: -0.982226 0.1877 0
UV: 0.263876 0.516398

Position: 0.909514 3.30236 1.44238
Normal: 0.982226 0.1877 0
UV: 0.263876 0.516398

Position: 1.39911 0.740351 -1.30211
Normal: 0.982226 0.1877 0
UV: 0.263876 0.516398

Position: 1.39911 0.740351 1.93196
Normal: 0.982226 0.1877 0
UV: 0.263876 0.516398

Position: 0.909514 3.30236 -0.812531
Normal: 0.982226 0.1877 0
UV: 0.263876 0.516398

Position: -0.738248 0 0.860916
Normal: -0 0.232031 0.972708
UV: 0.228636 0.524328

Position: -4.18363 0 0.860916
Normal: -0 0.232031 0.972708
UV: 0.235841 0.524328

Position: -3.66206 2.18652 0.33934
Normal: -0 0.232031 0.972708
UV: 0.234751 0.520725

Position: -1.25983 2.18652 0.33934
Normal: -0 0.232031 0.972708
UV: 0.229726 0.520725

Position: -3.66206 2.18652 0.33934
Normal: -0 1 0
UV: 0.30057 0.520845

Position: -3.66206 2.18652 -2.06288
Normal: -0 1 0
UV: 0.30057 0.515821

Position: -1.25983 2.18652 0.33934
Normal: -0 1 0
UV: 0.295546 0.520845

Position: -1.25983 2.18652 -2.06288
Normal: -0 1 0
UV: 0.295546 0.515821

Position: -0.738248 0 -2.58446
Normal: -0 0.232031 -0.972708
UV: 0.227843 0.517095

Position: -3.66206 2.18652 -2.06288
Normal: -0 0.232031 -0.972708
UV: 0.233958 0.520698

Position: -4.18363 0 -2.58446
Normal: -0 0.232031 -0.972708
UV: 0.235048 0.517095

Position: -1.25983 2.18652 -2.06288
Normal: -0 0.232031 -0.972708
UV: 0.228933 0.520698

Position: -3.66206 2.18652 0.33934
Normal: -0.972708 0.232033 0
UV: 0.263876 0.516398

Position: -4.18363 0 0.860916
Normal: -0.972708 0.232033 0
UV: 0.263876 0.516398

Position: -3.66206 2.18652 -2.06288
Normal: -0.972708 0.232033 0
UV: 0.263876 0.516398

Position: -4.18363 0 -2.58446
Normal: -0.972708 0.232033 0
UV: 0.263876 0.516398

Position: -1.25983 2.18652 0.33934
Normal: 0.972708 0.232032 0
UV: 0.263876 0.516398

Position: -0.738248 0 -2.58446
Normal: 0.972708 0.232032 0
UV: 0.263876 0.516398

Position: -0.738248 0 0.860916
Normal: 0.972708 0.232032 0
UV: 0.263876 0.516398

Position: -1.25983 2.18652 -2.06288
Normal: 0.972708 0.232032 0
UV: 0.263876 0.516398

Position: 0.22949 0 3.21237
Normal: -0 0.283936 0.958843
UV: 0.228636 0.524328

Position: -3.69274 0 3.21237
Normal: -0 0.283936 0.958843
UV: 0.235841 0.524328

Position: -3.09897 1.82602 2.67165
Normal: -0 0.283936 0.958843
UV: 0.234751 0.520725

Position: -0.364275 1.82602 2.67165
Normal: -0 0.283935 0.958843
UV: 0.229726 0.520725

Position: -3.09897 1.82602 2.67165
Normal: -0 1 0
UV: 0.30057 0.520845

Position: -3.09897 1.82602 0.181229
Normal: -0 1 0
UV: 0.30057 0.515821

Position: -0.364275 1.82602 2.67165
Normal: -0 1 0
UV: 0.295546 0.520845

Position: -0.364275 1.82602 0.181229
Normal: -0 1 0
UV: 0.295546 0.515821

Position: 0.22949 0 -0.359497
Normal: -0 0.283936 -0.958843
UV: 0.227843 0.517095

Position: -3.09897 1.82602 0.181229
Normal: -0 0.283936 -0.958843
UV: 0.233958 0.520698

Position: -3.69274 0 -0.359497
Normal: -0 0.283936 -0.958843
UV: 0.235048 0.517095

Position: -0.364275 1.82602 0.181229
Normal: -0 0.283935 -0.958843
UV: 0.228933 0.520698

Position: -3.09897 1.82602 2.67165
Normal: -0.950987 0.309232 0
UV: 0.263876 0.516398

Position: -3.69274 0 3.21237
Normal: -0.950987 0.309232 0
UV: 0.263876 0.516398

Position: -3.09897 1.82602 0.181229
Normal: -0.950987 0.309232 0
UV: 0.263876 0.516398

Position: -3.69274 0 -0.359497
Normal: -0.950987 0.309232 0
UV: 0.263876 0.516398

Position: -0.364275 1.82602 2.67165
Normal: 0.950987 0.309232 0
UV: 0.263876 0.516398

Position: 0.22949 0 -0.359497
Normal: 0.950987 0.309232 0
UV: 0.263876 0.516398

Position: 0.22949 0 3.21237
Normal: 0.950987 0.309232 0
UV: 0.263876 0.516398

Position: -0.364275 1.82602 0.181229
Normal: 0.950987 0.309232 0
UV: 0.263876 0.516398

Position: -1.42651 0 4.03195
Normal: -0 0.283937 0.958843
UV: 0.235841 0.524328

Position: 0.913177 1.28357 3.65186
Normal: -0 0.283937 0.958843
UV: 0.229726 0.520725

Position: 1.33055 0 4.03195
Normal: -0 0.283937 0.958843
UV: 0.228636 0.524328

Position: -1.00914 1.28357 3.65186
Normal: -0 0.283937 0.958843
UV: 0.234751 0.520725

Position: -1.00914 1.28357 3.65186
Normal: -0 1 0
UV: 0.30057 0.520845

Position: -1.00914 1.28357 1.90128
Normal: -0 1 0
UV: 0.30057 0.515821

Position: 0.913177 1.28357 3.65186
Normal: -0 1 0
UV: 0.295546 0.520845

Position: 0.913177 1.28357 1.90128
Normal: -0 1 0
UV: 0.295546 0.515821

Position: -1.42651 0 1.52118
Normal: -0 0.283937 -0.958843
UV: 0.235048 0.517095

Position: 1.33055 0 1.52118
Normal: -0 0.283937 -0.958843
UV: 0.227843 0.517095

Position: 0.913177 1.28357 1.90128
Normal: -0 0.283937 -0.958843
UV: 0.228933 0.520698

Position: -1.00914 1.28357 1.90128
Normal: -0 0.283937 -0.958843
UV: 0.233958 0.520698

Position: -1.00914 1.28357 3.65186
Normal: -0.950987 0.309232 0
UV: 0.263876 0.516398

Position: -1.42651 0 4.03195
Normal: -0.950987 0.309232 0
UV: 0.263876 0.516398

Position: -1.00914 1.28357 1.90128
Normal: -0.950987 0.309232 0
UV: 0.263876 0.516398

Position: -1.42651 0 1.52118
Normal: -0.950987 0.309232 0
UV: 0.263876 0.516398

Position: 0.913177 1.28357 3.65186
Normal: 0.950987 0.309232 0
UV: 0.263876 0.516398

Position: 1.33055 0 1.52118
Normal: 0.950987 0.309232 0
UV: 0.263876 0.516398

Position: 1.33055 0 4.03195
Normal: 0.950987 0.309232 0
UV: 0.263876 0.516398

Position: 0.913177 1.28357 1.90128
Normal: 0.950987 0.309232 0
UV: 0.263876 0.516398


[INDEX_DATA]
0 2 1
0 3 2
4 6 5
6 7 5
8 10 9
8 11 10
12 14 13
13 14 15
16 18 17
17 19 16
20 22 21
20 23 22
24 26 25
25 27 24
28 30 29
28 31 30
32 34 33
33 34 35
36 38 37
37 39 36
40 42 41
40 43 42
44 46 45
46 47 45
48 50 49
48 51 50
52 54 53
53 54 55
56 58 57
57 59 56
60 62 61
60 63 62
64 66 65
66 67 65
68 70 69
68 71 70
72 74 73
73 74 75
76 78 77
77 79 76
80 82 81
80 83 82
84 86 85
86 87 85
88 90 89
88 91 90
92 94 93
93 94 95
96 98 97
97 99 96
100 102 101
101 103 100
104 106 105
105 107 104
108 110 109
108 111 110
112 114 113
112 115 114
116 118 117
117 118 119
120 122 121
121 123 120
124 126 125
124 127 126
128 130 129
130 131 129
132 134 133
133 135 132
136 138 137
137 138 139
140 142 141
141 143 140
144 146 145
144 147 146
148 150 149
150 151 149
152 154 153
153 155 152
156 158 157
157 158 159
160 162 161
161 163 160
164 166 165
165 167 164
168 170 169
170 171 169
172 174 173
172 175 174
176 178 177
177 178 179
180 182 181
181 183 180

