[FBX_META_DATA]
MeshCount: 1

[MESH_DATA]
VertexCount: 52
IndexCount: 108
BoneCount: 0
AnimationClips: 1

[VERTEX_DATA]
Position: -18.806 -3 -19
Normal: -0.198849 0.98003 -0.000107124
UV: 0.386365 0.935096

Position: -16.6976 -2.57231 -20
Normal: -0.198918 0.980016 0.00018122
UV: 0.386365 0.935096

Position: -16.6655 -2.56558 -19
Normal: -0.198919 0.980016 0.00018477
UV: 0.386365 0.935096

Position: -18.806 -3 -20
Normal: -0.198849 0.98003 -0.000107124
UV: 0.386365 0.935096

Position: -16.6976 -2.57231 0
Normal: -0.198919 0.980016 -0.000181139
UV: 0.386365 0.935096

Position: -18.806 -3 0
Normal: -0.198849 0.98003 0.000107152
UV: 0.386365 0.935096

Position: -18.806 -3 -0.999998
Normal: -0.198849 0.98003 0.000107152
UV: 0.386365 0.935096

Position: -16.6655 -2.56558 -0.999998
Normal: -0.19892 0.980016 -0.000184689
UV: 0.386365 0.935096

Position: -18.806 -3 -19
Normal: -1.53836e-006 0 1
UV: 0.233733 0.938837

Position: -16.6655 -2.56558 -19
Normal: -1.81816e-007 0 1
UV: 0.233733 0.938837

Position: -16.6655 -3 -19
Normal: -9.39661e-008 0 1
UV: 0.233733 0.938837

Position: -16.6655 -2.56558 -0.999998
Normal: -0 0 -1
UV: 0.233733 0.938837

Position: -18.806 -3 -0.999998
Normal: -0 0 -1
UV: 0.233733 0.938837

Position: -16.6655 -3 -0.999998
Normal: -0 0 -1
UV: 0.233733 0.938837

Position: -18.806 -3 -0.999998
Normal: 7.15011e-008 1 0
UV: 0.394396 0.670965

Position: -18.806 -3 -19
Normal: 7.15011e-008 1 0
UV: 0.394396 0.670965

Position: -16.6655 -3 -0.999998
Normal: -0 1 0
UV: 0.394396 0.670965

Position: -16.6655 -3 -19
Normal: -0 1 0
UV: 0.394396 0.670965

Position: -0 -2.38419e-007 -19
Normal: 1.77739e-007 1 0
UV: 0.386365 0.935096

Position: -4.02419 4.76837e-007 -19
Normal: 1.77739e-007 1 0
UV: 0.386365 0.935096

Position: -4.02419 4.76837e-007 -20
Normal: 1.77739e-007 1 0
UV: 0.386365 0.935096

Position: -0 -2.38419e-007 -20
Normal: 1.77739e-007 1 0
UV: 0.386365 0.935096

Position: -0 -3 -19
Normal: 2.11461e-008 0 1
UV: 0.233733 0.938837

Position: -4.02419 4.76837e-007 -19
Normal: 2.67483e-008 0 1
UV: 0.233733 0.938837

Position: -0 -2.38419e-007 -19
Normal: -0 0 1
UV: 0.233733 0.938837

Position: -0 -2.38419e-007 -0.999998
Normal: -0 0 -1
UV: 0.233733 0.938837

Position: -4.02419 4.76837e-007 -0.999998
Normal: -0 0 -1
UV: 0.233733 0.938837

Position: -0 -3 -0.999998
Normal: -0 0 -1
UV: 0.233733 0.938837

Position: -0 -2.38419e-007 0
Normal: 1.77739e-007 1 0
UV: 0.386365 0.935096

Position: -4.02419 4.76837e-007 0
Normal: 1.77739e-007 1 0
UV: 0.386365 0.935096

Position: -4.02419 4.76837e-007 -0.999998
Normal: 1.77739e-007 1 0
UV: 0.386365 0.935096

Position: -0 -2.38419e-007 -0.999998
Normal: 1.77739e-007 1 0
UV: 0.386365 0.935096

Position: -20 -3 -19
Normal: -0 1 0
UV: 0.394119 0.665504

Position: -18.806 -3 -20
Normal: -0 1 0
UV: 0.394119 0.665504

Position: -18.806 -3 -19
Normal: -0 1 0
UV: 0.394119 0.665504

Position: -20 -3 -20
Normal: -0 1 0
UV: 0.394119 0.665504

Position: -20 -3 0
Normal: -0 1 0
UV: 0.394119 0.665504

Position: -18.806 -3 -0.999998
Normal: -0 1 0
UV: 0.394119 0.665504

Position: -18.806 -3 0
Normal: -0 1 0
UV: 0.394119 0.665504

Position: -20 -3 -0.999998
Normal: -0 1 0
UV: 0.394119 0.665504

Position: -4.30613 -0.0572191 -19
Normal: -0.198905 0.980019 0.000235233
UV: 0.386365 0.935096

Position: -4.29493 -0.054254 -20
Normal: -0.198904 0.980019 0.000235304
UV: 0.386365 0.935096

Position: -4.02419 4.76837e-007 -19
Normal: -0.197719 0.980259 0.000345612
UV: 0.386365 0.935096

Position: -4.02419 4.76837e-007 -20
Normal: -0.197719 0.980259 0.000345612
UV: 0.386365 0.935096

Position: -4.30613 -0.0572191 -19
Normal: 2.85093e-008 0 1
UV: 0.233733 0.938837

Position: -0 -3 -0.999998
Normal: -1.43061e-008 1 0
UV: 0.394396 0.670965

Position: -0 -3 -19
Normal: -1.43061e-008 1 0
UV: 0.394396 0.670965

Position: -4.30613 -0.0572191 -0.999998
Normal: -0 0 -1
UV: 0.233733 0.938837

Position: -4.29493 -0.054254 0
Normal: -0.198904 0.980019 -0.000235216
UV: 0.386365 0.935096

Position: -4.02419 4.76837e-007 -0.999998
Normal: -0.197719 0.980259 -0.000345571
UV: 0.386365 0.935096

Position: -4.02419 4.76837e-007 0
Normal: -0.197719 0.980259 -0.000345571
UV: 0.386365 0.935096

Position: -4.30613 -0.0572191 -0.999998
Normal: -0.198905 0.980019 -0.000235145
UV: 0.386365 0.935096


[INDEX_DATA]
0 2 1
1 3 0
4 6 5
4 7 6
8 10 9
11 13 12
14 16 15
16 17 15
18 20 19
18 21 20
22 24 23
25 27 26
28 30 29
28 31 30
32 34 33
33 35 32
36 38 37
37 39 36
39 37 34
34 32 39
40 42 41
42 43 41
22 44 10
44 22 23
16 45 17
45 46 17
47 26 27
13 47 27
48 50 49
49 51 48
2 40 41
41 1 2
10 44 9
47 13 11
48 7 4
48 51 7

