[FBX_META_DATA]
MeshCount: 1

[MESH_DATA]
VertexCount: 435
IndexCount: 1146
BoneCount: 0
AnimationClips: 1

[VERTEX_DATA]
Position: -1.14441e-005 12.094 -10.9814
Normal: -2.55755e-006 0 -1
UV: 0.391701 0.938801

Position: -40.3203 2.62546 -10.9813
Normal: -2.55756e-006 0 -1
UV: 0.391701 0.938801

Position: -1.14441e-005 9.63206 -10.9814
Normal: -0.000362219 0.00162153 -0.999999
UV: 0.391701 0.938801

Position: -40.3203 -0.0915211 -10.9813
Normal: -0.000590256 0.00264964 -0.999996
UV: 0.391701 0.938801

Position: -40.3203 2.62546 -10
Normal: -0.228615 0.973517 0
UV: 0.420769 0.934648

Position: -1.14441e-005 12.094 -10.9814
Normal: -0.228615 0.973517 0
UV: 0.420769 0.934648

Position: -1.14441e-005 12.094 -9.9998
Normal: -0.228615 0.973517 0
UV: 0.420769 0.934648

Position: -40.3203 2.62546 -10.9813
Normal: -0.228615 0.973517 0
UV: 0.420769 0.934648

Position: -1.14441e-005 10.5786 -9.9998
Normal: -4.96268e-006 0 1
UV: 0.391701 0.938801

Position: -40.3203 2.62546 -10
Normal: -4.98694e-006 0 1
UV: 0.391701 0.938801

Position: -1.14441e-005 12.094 -9.9998
Normal: -4.98694e-006 0 1
UV: 0.391701 0.938801

Position: -40.3203 0.498305 -10
Normal: -4.95017e-006 0 1
UV: 0.391701 0.938801

Position: -1.14441e-005 9.3139 -9.9998
Normal: -4.89744e-006 0 1
UV: 0.32526 0.934648

Position: -40.3203 0.498305 -10
Normal: -4.95017e-006 0 1
UV: 0.32526 0.934648

Position: -1.14441e-005 10.5786 -9.9998
Normal: -4.96268e-006 0 1
UV: 0.32526 0.934648

Position: -40.3203 -0.0915211 -10
Normal: -4.89744e-006 0 1
UV: 0.32526 0.934648

Position: -40.3203 -0.0915211 -10.9813
Normal: -1 0 0
UV: 0.353372 0.934256

Position: -40.3203 2.62546 -10.9813
Normal: -1 0 0
UV: 0.353372 0.934256

Position: -40.3203 0.498305 -10
Normal: -1 0 0
UV: 0.353372 0.934256

Position: -40.3203 2.62546 -10
Normal: -1 0 0
UV: 0.353372 0.934256

Position: -1.14441e-005 8.85117 -10.9814
Normal: -5.28107e-005 0.00151288 -0.999999
UV: 0.3205 0.9359

Position: -40.3203 -0.0915211 -10.9813
Normal: -0.000590256 0.00264964 -0.999996
UV: 0.3205 0.9359

Position: -40.3203 -0.523632 -10.9947
Normal: 0.000102358 0.000896828 -1
UV: 0.3205 0.9359

Position: -1.14441e-005 9.63206 -10.9814
Normal: -0.000362219 0.00162153 -0.999999
UV: 0.3205 0.9359

Position: -40.3203 0.498305 -10
Normal: -1 0 0
UV: 0.354934 0.939112

Position: -40.3203 -0.0915211 -10
Normal: -0.999987 -0.00390575 0.00330974
UV: 0.354934 0.939112

Position: -40.3203 -0.0915211 -10.9813
Normal: -1 0 0
UV: 0.354934 0.939112

Position: -1.14441e-005 -0.934408 -10.9814
Normal: 5.92081e-009 -1 -8.86634e-009
UV: 0.235863 0.93387

Position: -40.3203 -0.934408 -10.9947
Normal: 5.91314e-009 -1 2.00287e-007
UV: 0.235863 0.93387

Position: -40.3117 -0.934408 -10.0499
Normal: 5.92049e-009 -1 -1.52387e-010
UV: 0.235863 0.93387

Position: -1.14441e-005 -0.934408 0
Normal: 5.92081e-009 -1 2.95451e-010
UV: 0.235863 0.93387

Position: -40.22 -0.934408 0
Normal: 5.92081e-009 -1 2.95452e-010
UV: 0.235863 0.93387

Position: -40.3203 -0.523632 -10.9947
Normal: -0.99997 -0.00590576 0.00500455
UV: 0.234642 0.936142

Position: -40.3203 -0.0915211 -10.9813
Normal: -1 0 0
UV: 0.234642 0.936142

Position: -40.3203 -0.0915211 -10
Normal: -0.999987 -0.00390575 0.00330974
UV: 0.234642 0.936142

Position: -40.3117 -0.934408 -10.0499
Normal: -0.999957 -0.00709153 0.00600938
UV: 0.235863 0.93387

Position: -40.3203 -0.523632 -10.9947
Normal: -0.99997 -0.00590576 0.00500455
UV: 0.235863 0.93387

Position: -40.3203 -0.0915211 -10
Normal: -0.999987 -0.00390575 0.00330974
UV: 0.235863 0.93387

Position: -40.3203 -0.934408 -10.9947
Normal: -0.999957 -0.00709153 0.00600938
UV: 0.235863 0.93387

Position: -1.14441e-005 -0.934408 -10.9814
Normal: 0.000328247 0 -1
UV: 0.263628 0.932327

Position: -40.3203 -0.523632 -10.9947
Normal: 0.000102358 0.000896828 -1
UV: 0.263628 0.932327

Position: -40.3203 -0.934408 -10.9947
Normal: 0.000328247 0 -1
UV: 0.263628 0.932327

Position: -1.14441e-005 8.85117 -10.9814
Normal: -5.28107e-005 0.00151288 -0.999999
UV: 0.263628 0.932327

Position: -1.14441e-005 -0.934408 0
Normal: 1 0 1.73689e-007
UV: 0.235863 0.93387

Position: -1.14441e-005 8.86444 0
Normal: 1 0 1.73689e-007
UV: 0.235863 0.93387

Position: -1.14441e-005 8.85117 -10.9814
Normal: 1 0 0
UV: 0.235863 0.93387

Position: -1.14441e-005 -0.934408 -10.9814
Normal: 1 0 0
UV: 0.235863 0.93387

Position: -40.3203 2.62546 10.9813
Normal: -2.57582e-006 0 1
UV: 0.391701 0.938801

Position: -1.52588e-005 12.094 10.9814
Normal: -2.57582e-006 0 1
UV: 0.391701 0.938801

Position: -1.52588e-005 9.63206 10.9814
Normal: -0.000362218 0.00162153 0.999999
UV: 0.391701 0.938801

Position: -40.3203 -0.0915211 10.9813
Normal: -0.000590242 0.00264964 0.999996
UV: 0.391701 0.938801

Position: -40.3203 2.62546 10
Normal: -0.228615 0.973517 0
UV: 0.420769 0.934648

Position: -1.52588e-005 12.094 10.9814
Normal: -0.228615 0.973517 0
UV: 0.420769 0.934648

Position: -40.3203 2.62546 10.9813
Normal: -0.228615 0.973517 0
UV: 0.420769 0.934648

Position: -1.52588e-005 12.094 9.9998
Normal: -0.228615 0.973517 0
UV: 0.420769 0.934648

Position: -1.52588e-005 10.5786 9.9998
Normal: -4.91355e-006 0 -1
UV: 0.391701 0.938801

Position: -40.3203 2.62546 10
Normal: -4.94798e-006 0 -1
UV: 0.391701 0.938801

Position: -40.3203 0.498305 10
Normal: -4.89578e-006 0 -1
UV: 0.391701 0.938801

Position: -1.52588e-005 12.094 9.9998
Normal: -4.94798e-006 0 -1
UV: 0.391701 0.938801

Position: -1.52588e-005 9.3139 9.9998
Normal: -4.82092e-006 0 -1
UV: 0.32526 0.934648

Position: -40.3203 0.498305 10
Normal: -4.89578e-006 0 -1
UV: 0.32526 0.934648

Position: -40.3203 -0.0915211 10
Normal: -4.82092e-006 0 -1
UV: 0.32526 0.934648

Position: -1.52588e-005 10.5786 9.9998
Normal: -4.91355e-006 0 -1
UV: 0.32526 0.934648

Position: -40.3203 2.62546 10.9813
Normal: -1 0 0
UV: 0.353372 0.934256

Position: -40.3203 -0.0915211 10.9813
Normal: -1 -7.46001e-007 0
UV: 0.353372 0.934256

Position: -40.3203 0.498305 10
Normal: -1 0 0
UV: 0.353372 0.934256

Position: -40.3203 2.62546 10
Normal: -1 0 0
UV: 0.353372 0.934256

Position: -1.52588e-005 8.85117 10.9814
Normal: -5.27927e-005 0.00151288 0.999999
UV: 0.3205 0.9359

Position: -40.3203 -0.523632 10.9947
Normal: 0.00010237 0.000896828 1
UV: 0.3205 0.9359

Position: -40.3203 -0.0915211 10.9813
Normal: -0.000590242 0.00264964 0.999996
UV: 0.3205 0.9359

Position: -1.52588e-005 9.63206 10.9814
Normal: -0.000362218 0.00162153 0.999999
UV: 0.3205 0.9359

Position: -40.3203 0.498305 10
Normal: -1 0 0
UV: 0.354934 0.939112

Position: -40.3203 -0.0915211 10.9813
Normal: -1 -7.46001e-007 0
UV: 0.354934 0.939112

Position: -40.3203 -0.0915211 10
Normal: -0.999987 -0.00390687 -0.00330974
UV: 0.354934 0.939112

Position: -1.52588e-005 -0.934408 10.9814
Normal: 5.92081e-009 -1 9.45684e-009
UV: 0.235863 0.93387

Position: -40.3117 -0.934408 10.0499
Normal: 5.92049e-009 -1 7.18288e-010
UV: 0.235863 0.93387

Position: -40.3203 -0.934408 10.9947
Normal: 5.91314e-009 -1 -2.00287e-007
UV: 0.235863 0.93387

Position: -40.3203 -0.523632 10.9947
Normal: -0.99997 -0.00590783 -0.00500455
UV: 0.234642 0.936142

Position: -40.3203 -0.0915211 10
Normal: -0.999987 -0.00390687 -0.00330974
UV: 0.234642 0.936142

Position: -40.3203 -0.0915211 10.9813
Normal: -1 -7.46001e-007 0
UV: 0.234642 0.936142

Position: -40.3117 -0.934408 10.0499
Normal: -0.999957 -0.00709272 -0.00600938
UV: 0.235863 0.93387

Position: -40.3203 -0.523632 10.9947
Normal: -0.99997 -0.00590783 -0.00500455
UV: 0.235863 0.93387

Position: -40.3203 -0.934408 10.9947
Normal: -0.999957 -0.00709272 -0.00600938
UV: 0.235863 0.93387

Position: -40.3203 -0.0915211 10
Normal: -0.999987 -0.00390687 -0.00330974
UV: 0.235863 0.93387

Position: -40.3203 -0.523632 10.9947
Normal: 0.00010237 0.000896828 1
UV: 0.263628 0.932327

Position: -1.52588e-005 8.85117 10.9814
Normal: -5.27927e-005 0.00151288 0.999999
UV: 0.263628 0.932327

Position: -1.52588e-005 -0.934408 10.9814
Normal: 0.000328249 0 1
UV: 0.263628 0.932327

Position: -40.3203 -0.934408 10.9947
Normal: 0.000328249 0 1
UV: 0.263628 0.932327

Position: -1.52588e-005 -0.934408 10.9814
Normal: 1 0 3.47378e-007
UV: 0.235863 0.93387

Position: -1.52588e-005 8.85117 10.9814
Normal: 1 0 3.47378e-007
UV: 0.235863 0.93387

Position: -32.6766 1.62963 6.83468
Normal: -0.242482 0.970156 -3.26565e-008
UV: 0.936437 0.481625

Position: -31.6885 1.87659 0.444885
Normal: -0.242482 0.970156 2.57564e-008
UV: 0.952088 0.431967

Position: -30.2512 2.23584 6.83468
Normal: -0.242482 0.970156 3.45769e-008
UV: 0.936437 0.357637

Position: -30.2512 2.23584 -2.31022e-016
Normal: -0.242482 0.970156 3.63296e-008
UV: 0.955013 0.357637

Position: -33.6647 1.38267 -7.96937e-018
Normal: -0.242483 0.970156 0
UV: 0.990737 0.488781

Position: -31.6885 1.87659 -7.08286e-018
Normal: -0.242482 0.970156 0
UV: 0.990737 0.345684

Position: -33.6647 1.38267 0.444885
Normal: -0.242482 0.970156 -7.72692e-008
UV: 0.959379 0.488781

Position: -31.6885 1.87659 0.444885
Normal: -0.242482 0.970156 2.57564e-008
UV: 0.959379 0.345684

Position: -30.2985 2.42482 7.13087
Normal: -0 0 -1
UV: 0.658603 0.385726

Position: -32.6766 1.62963 7.13087
Normal: -0 0 -1
UV: 0.671101 0.492213

Position: -30.2512 2.23584 7.13087
Normal: -0 0 -1
UV: 0.671101 0.385726

Position: -32.7238 1.81862 7.13087
Normal: -0 0 -1
UV: 0.658603 0.49518

Position: -32.7238 1.81862 10
Normal: -0.242482 0.970156 0
UV: 0.507875 0.49518

Position: -32.7238 1.81862 7.13087
Normal: -0.242482 0.970156 0
UV: 0.658603 0.49518

Position: -30.2985 2.42482 10
Normal: -0.242482 0.970156 0
UV: 0.507875 0.385726

Position: -30.2985 2.42482 7.13087
Normal: -0.242482 0.970156 0
UV: 0.658603 0.385726

Position: -32.6766 1.62963 7.13087
Normal: -0.242482 0.970156 0
UV: 0.671101 0.492213

Position: -30.2512 2.23584 6.83468
Normal: -0.242482 0.970156 3.45769e-008
UV: 0.674934 0.385726

Position: -30.2512 2.23584 7.13087
Normal: -0.242483 0.970156 0
UV: 0.671101 0.385726

Position: -32.6766 1.62963 6.83468
Normal: -0.242482 0.970156 -3.26565e-008
UV: 0.674934 0.492213

Position: -35.1492 1.21241 10
Normal: -0.242482 0.970156 0
UV: 0.507875 0.385726

Position: -35.1492 1.21241 7.13087
Normal: -0.242482 0.970156 0
UV: 0.658603 0.385726

Position: -35.1492 1.21241 7.13087
Normal: -0 0 -1
UV: 0.658603 0.385726

Position: -35.102 1.02343 7.13087
Normal: -0 0 -1
UV: 0.671101 0.385726

Position: -35.102 1.02343 7.13087
Normal: -0.242482 0.970156 0
UV: 0.671101 0.385726

Position: -35.102 1.02343 6.83468
Normal: -0.242482 0.970156 -1.0373e-007
UV: 0.674934 0.385726

Position: -35.102 1.02343 6.83468
Normal: -0.242482 0.970156 -1.0373e-007
UV: 0.936437 0.357637

Position: -33.6647 1.38267 0.444885
Normal: -0.242482 0.970156 -7.72692e-008
UV: 0.952088 0.431967

Position: -35.102 1.02343 1.41661e-016
Normal: -0.242482 0.970156 -1.08989e-007
UV: 0.955013 0.357637

Position: -31.6885 1.87659 -7.08286e-018
Normal: -0.242482 0.970156 0
UV: 0.955013 0.431967

Position: -33.6647 1.38267 -7.96937e-018
Normal: -0.242483 0.970156 0
UV: 0.955013 0.431967

Position: -27.8258 2.84204 6.83468
Normal: -0.242482 0.970156 4.44743e-008
UV: 0.936437 0.481625

Position: -26.8378 3.089 0.444885
Normal: -0.242482 0.970156 1.80083e-008
UV: 0.952088 0.431967

Position: -25.4004 3.44825 6.83468
Normal: -0.242482 0.970156 0
UV: 0.936437 0.357637

Position: -25.4004 3.44825 -8.7148e-017
Normal: -0.242482 0.970156 0
UV: 0.955013 0.357637

Position: -28.8139 2.59508 1.88058e-017
Normal: -0.242482 0.970156 0
UV: 0.990737 0.488781

Position: -26.8378 3.089 0.444885
Normal: -0.242482 0.970156 1.80083e-008
UV: 0.959379 0.345684

Position: -28.8139 2.59508 0.444885
Normal: -0.242482 0.970156 8.23993e-008
UV: 0.959379 0.488781

Position: -26.8378 3.089 1.74807e-017
Normal: -0.242482 0.970156 0
UV: 0.990737 0.345684

Position: -25.4477 3.63723 7.13087
Normal: -0 0 -1
UV: 0.658603 0.385726

Position: -27.8258 2.84204 7.13087
Normal: -0 0 -1
UV: 0.671101 0.492213

Position: -25.4004 3.44825 7.13087
Normal: -0 0 -1
UV: 0.671101 0.385726

Position: -27.8731 3.03103 7.13087
Normal: -0 0 -1
UV: 0.658603 0.49518

Position: -27.8731 3.03103 7.13087
Normal: -0.242482 0.970156 0
UV: 0.658603 0.49518

Position: -25.4477 3.63723 10
Normal: -0.242482 0.970156 0
UV: 0.507875 0.385726

Position: -27.8731 3.03103 10
Normal: -0.242482 0.970156 0
UV: 0.507875 0.49518

Position: -25.4477 3.63723 7.13087
Normal: -0.242482 0.970156 0
UV: 0.658603 0.385726

Position: -27.8258 2.84204 7.13087
Normal: -0.242482 0.970156 0
UV: 0.671101 0.492213

Position: -25.4004 3.44825 6.83468
Normal: -0.242482 0.970156 0
UV: 0.674934 0.385726

Position: -25.4004 3.44825 7.13087
Normal: -0.242483 0.970156 0
UV: 0.671101 0.385726

Position: -27.8258 2.84204 6.83468
Normal: -0.242482 0.970156 4.44743e-008
UV: 0.674934 0.492213

Position: -28.8139 2.59508 0.444885
Normal: -0.242482 0.970156 8.23993e-008
UV: 0.952088 0.431967

Position: -26.8378 3.089 1.74807e-017
Normal: -0.242482 0.970156 0
UV: 0.955013 0.431967

Position: -28.8139 2.59508 1.88058e-017
Normal: -0.242482 0.970156 0
UV: 0.955013 0.431967

Position: -18.1243 5.26687 6.83468
Normal: -0.242482 0.970156 -1.63283e-008
UV: 0.936437 0.481625

Position: -17.1362 5.51383 0.444885
Normal: -0.242482 0.970156 5.15129e-008
UV: 0.952088 0.431967

Position: -15.6989 5.87307 6.83468
Normal: -0.242482 0.970156 6.91537e-008
UV: 0.936437 0.357637

Position: -15.6989 5.87307 2.55823e-016
Normal: -0.242482 0.970156 7.26592e-008
UV: 0.955013 0.357637

Position: -19.1123 5.01991 1.03048e-018
Normal: -0.242483 0.970156 0
UV: 0.990737 0.488781

Position: -17.1362 5.51383 0.444885
Normal: -0.242482 0.970156 5.15129e-008
UV: 0.959379 0.345684

Position: -19.1123 5.01991 0.444885
Normal: -0.242482 0.970156 -7.72693e-008
UV: 0.959379 0.488781

Position: -17.1362 5.51383 -3.08869e-019
Normal: -0.242483 0.970156 0
UV: 0.990737 0.345684

Position: -15.7461 6.06205 7.13087
Normal: -9.79154e-007 0 -1
UV: 0.658603 0.385726

Position: -18.1715 5.45585 7.13087
Normal: -2.78659e-012 0 -1
UV: 0.658603 0.49518

Position: -15.6989 5.87307 7.13087
Normal: -9.79154e-007 0 -1
UV: 0.671101 0.385726

Position: -18.1243 5.26687 7.13087
Normal: 2.63797e-012 0 -1
UV: 0.671101 0.492213

Position: -18.1715 5.45585 10
Normal: -0.242482 0.970156 0
UV: 0.507875 0.49518

Position: -18.1715 5.45585 7.13087
Normal: -0.242482 0.970156 0
UV: 0.658603 0.49518

Position: -15.7461 6.06205 10
Normal: -0.242482 0.970156 0
UV: 0.507875 0.385726

Position: -15.7461 6.06205 7.13087
Normal: -0.242482 0.970156 0
UV: 0.658603 0.385726

Position: -18.1243 5.26687 7.13087
Normal: -0.242482 0.970156 0
UV: 0.671101 0.492213

Position: -15.6989 5.87307 6.83468
Normal: -0.242482 0.970156 6.91537e-008
UV: 0.674934 0.385726

Position: -15.6989 5.87307 7.13087
Normal: -0.242482 0.970156 0
UV: 0.671101 0.385726

Position: -18.1243 5.26687 6.83468
Normal: -0.242482 0.970156 -1.63283e-008
UV: 0.674934 0.492213

Position: -20.5969 4.84964 7.13087
Normal: -0.242482 0.970156 0
UV: 0.658603 0.385726

Position: -20.5969 4.84964 10
Normal: -0.242482 0.970156 0
UV: 0.507875 0.385726

Position: -20.5497 4.66066 7.13087
Normal: 9.79156e-007 0 -1
UV: 0.671101 0.385726

Position: -20.5969 4.84964 7.13087
Normal: 9.79156e-007 0 -1
UV: 0.658603 0.385726

Position: -20.5497 4.66066 7.13087
Normal: -0.242483 0.970156 0
UV: 0.671101 0.385726

Position: -20.5497 4.66066 6.83468
Normal: -0.242482 0.970156 -1.03731e-007
UV: 0.674934 0.385726

Position: -20.5497 4.66066 6.83468
Normal: -0.242482 0.970156 -1.03731e-007
UV: 0.936437 0.357637

Position: -19.1123 5.01991 0.444885
Normal: -0.242482 0.970156 -7.72693e-008
UV: 0.952088 0.431967

Position: -20.5497 4.66066 1.35096e-016
Normal: -0.242482 0.970156 -1.08989e-007
UV: 0.955013 0.357637

Position: -17.1362 5.51383 -3.08869e-019
Normal: -0.242483 0.970156 0
UV: 0.955013 0.431967

Position: -19.1123 5.01991 1.03048e-018
Normal: -0.242483 0.970156 0
UV: 0.955013 0.431967

Position: -22.9751 4.05445 6.83468
Normal: -0.242482 0.970156 -1.63283e-008
UV: 0.936437 0.481625

Position: -21.987 4.30141 0.444885
Normal: -0.242482 0.970156 0
UV: 0.952088 0.431967

Position: -23.9631 3.8075 1.07123e-017
Normal: -0.242482 0.970156 0
UV: 0.990737 0.488781

Position: -21.987 4.30141 0.444885
Normal: -0.242482 0.970156 0
UV: 0.959379 0.345684

Position: -23.9631 3.8075 0.444885
Normal: -0.242482 0.970156 -2.57564e-008
UV: 0.959379 0.488781

Position: -21.987 4.30141 9.8289e-018
Normal: -0.242482 0.970156 0
UV: 0.990737 0.345684

Position: -22.9751 4.05445 7.13087
Normal: 4.89578e-007 0 -1
UV: 0.671101 0.492213

Position: -23.0223 4.24344 7.13087
Normal: 4.89575e-007 0 -1
UV: 0.658603 0.49518

Position: -23.0223 4.24344 7.13087
Normal: -0.242482 0.970156 0
UV: 0.658603 0.49518

Position: -23.0223 4.24344 10
Normal: -0.242482 0.970156 0
UV: 0.507875 0.49518

Position: -22.9751 4.05445 7.13087
Normal: -0.242482 0.970156 0
UV: 0.671101 0.492213

Position: -22.9751 4.05445 6.83468
Normal: -0.242482 0.970156 -1.63283e-008
UV: 0.674934 0.492213

Position: -23.9631 3.8075 0.444885
Normal: -0.242482 0.970156 -2.57564e-008
UV: 0.952088 0.431967

Position: -21.987 4.30141 9.8289e-018
Normal: -0.242482 0.970156 0
UV: 0.955013 0.431967

Position: -23.9631 3.8075 1.07123e-017
Normal: -0.242482 0.970156 0
UV: 0.955013 0.431967

Position: -37.5274 0.417222 6.83468
Normal: -0.241157 0.970486 -0.000100315
UV: 0.936437 0.481625

Position: -36.5393 0.664181 0.444885
Normal: -0.242482 0.970156 -1.09124e-007
UV: 0.952088 0.431967

Position: -38.5155 0.170263 -2.88825e-018
Normal: -0.241475 0.970407 0
UV: 0.990737 0.488781

Position: -36.5393 0.664181 0
Normal: -0.242482 0.970156 0
UV: 0.990737 0.345684

Position: -38.5155 0.170263 0.444885
Normal: -0.240461 0.970659 -0.000157018
UV: 0.959379 0.488781

Position: -36.5393 0.664181 0.444885
Normal: -0.242482 0.970156 -1.09124e-007
UV: 0.959379 0.345684

Position: -37.5746 0.606204 7.13087
Normal: -4.9092e-007 6.18523e-007 -1
UV: 0.658603 0.49518

Position: -37.5274 0.417222 7.13087
Normal: -4.90565e-007 6.18109e-007 -1
UV: 0.671101 0.492213

Position: -37.5746 0.606204 10
Normal: -0.242482 0.970156 0
UV: 0.507875 0.49518

Position: -37.5746 0.606204 7.13087
Normal: -0.242482 0.970156 0
UV: 0.658603 0.49518

Position: -37.5274 0.417222 7.13087
Normal: -0.241365 0.970434 0
UV: 0.671101 0.492213

Position: -37.5274 0.417222 6.83468
Normal: -0.241157 0.970486 -0.000100315
UV: 0.674934 0.492213

Position: -40 2.7256e-014 10
Normal: -0.242482 0.970156 0
UV: 0.507875 0.385726

Position: -40 2.78276e-014 7.13087
Normal: -0.242482 0.970156 0
UV: 0.658603 0.385726

Position: -40 2.78276e-014 7.13087
Normal: -9.84546e-007 1.19395e-006 -1
UV: 0.658603 0.385726

Position: -40 -0.194796 7.13087
Normal: -9.84546e-007 1.19395e-006 -1
UV: 0.671101 0.385726

Position: -40 -0.194796 7.13087
Normal: -0.240267 0.970707 0
UV: 0.671101 0.385726

Position: -40 -0.194796 6.83468
Normal: -0.239721 0.970842 -0.000209719
UV: 0.674934 0.385726

Position: -40 -0.194796 6.83468
Normal: -0.239721 0.970842 -0.000209719
UV: 0.936437 0.357637

Position: -38.5155 0.170263 0.444885
Normal: -0.240461 0.970659 -0.000157018
UV: 0.952088 0.431967

Position: -40 -0.194796 1.60768e-016
Normal: -0.239685 0.970851 -0.000220327
UV: 0.955013 0.357637

Position: -36.5393 0.664181 0
Normal: -0.242482 0.970156 0
UV: 0.955013 0.431967

Position: -38.5155 0.170263 -2.88825e-018
Normal: -0.241475 0.970407 0
UV: 0.955013 0.431967

Position: -13.2735 6.47928 6.83468
Normal: -0.242482 0.970156 3.26565e-008
UV: 0.936437 0.481625

Position: -12.2854 6.72624 0.444885
Normal: -0.242482 0.970156 0
UV: 0.952088 0.431967

Position: -10.8481 7.08548 6.83468
Normal: -0.242482 0.970156 0
UV: 0.936437 0.357637

Position: -10.8481 7.08548 8.61178e-017
Normal: -0.242482 0.970156 0
UV: 0.955013 0.357637

Position: -14.2616 6.23232 -1.10608e-017
Normal: -0.242482 0.970156 0
UV: 0.990737 0.488781

Position: -12.2854 6.72624 -1.10608e-017
Normal: -0.242482 0.970156 0
UV: 0.990737 0.345684

Position: -14.2616 6.23232 0.444885
Normal: -0.242482 0.970156 5.15129e-008
UV: 0.959379 0.488781

Position: -12.2854 6.72624 0.444885
Normal: -0.242482 0.970156 0
UV: 0.959379 0.345684

Position: -10.8953 7.27446 7.13087
Normal: -0 0 -1
UV: 0.658603 0.385726

Position: -13.3207 6.66826 7.13087
Normal: 4.89573e-007 0 -1
UV: 0.658603 0.49518

Position: -10.8481 7.08548 7.13087
Normal: -0 0 -1
UV: 0.671101 0.385726

Position: -13.2735 6.47928 7.13087
Normal: 4.89576e-007 0 -1
UV: 0.671101 0.492213

Position: -13.3207 6.66826 10
Normal: -0.242482 0.970156 0
UV: 0.507875 0.49518

Position: -13.3207 6.66826 7.13087
Normal: -0.242482 0.970156 0
UV: 0.658603 0.49518

Position: -10.8953 7.27446 10
Normal: -0.242482 0.970156 0
UV: 0.507875 0.385726

Position: -10.8953 7.27446 7.13087
Normal: -0.242482 0.970156 0
UV: 0.658603 0.385726

Position: -13.2735 6.47928 7.13087
Normal: -0.242482 0.970156 0
UV: 0.671101 0.492213

Position: -10.8481 7.08548 6.83468
Normal: -0.242482 0.970156 0
UV: 0.674934 0.385726

Position: -10.8481 7.08548 7.13087
Normal: -0.242482 0.970156 0
UV: 0.671101 0.385726

Position: -13.2735 6.47928 6.83468
Normal: -0.242482 0.970156 3.26565e-008
UV: 0.674934 0.492213

Position: -14.2616 6.23232 0.444885
Normal: -0.242482 0.970156 5.15129e-008
UV: 0.952088 0.431967

Position: -12.2854 6.72624 -1.10608e-017
Normal: -0.242482 0.970156 0
UV: 0.955013 0.431967

Position: -14.2616 6.23232 -1.10608e-017
Normal: -0.242482 0.970156 0
UV: 0.955013 0.431967

Position: -8.42272 7.69169 6.83468
Normal: -0.242482 0.970156 4.89848e-008
UV: 0.936437 0.481625

Position: -7.43465 7.93865 0.444885
Normal: -0.242482 0.970156 -2.57564e-008
UV: 0.952088 0.431967

Position: -5.99733 8.29789 6.83468
Normal: -0.242482 0.970156 -3.45768e-008
UV: 0.936437 0.357637

Position: -5.99733 8.29789 2.21734e-016
Normal: -0.242482 0.970156 -3.63296e-008
UV: 0.955013 0.357637

Position: -9.41079 7.44473 1.56568e-017
Normal: -0.242482 0.970156 0
UV: 0.990737 0.488781

Position: -7.43465 7.93865 0.444885
Normal: -0.242482 0.970156 -2.57564e-008
UV: 0.959379 0.345684

Position: -9.41079 7.44473 0.444885
Normal: -0.242482 0.970156 1.03026e-007
UV: 0.959379 0.488781

Position: -7.43465 7.93865 8.58982e-018
Normal: -0.242482 0.970156 0
UV: 0.990737 0.345684

Position: -6.04456 8.48688 7.13087
Normal: -0 0 -1
UV: 0.658603 0.385726

Position: -8.46995 7.88067 7.13087
Normal: 4.89573e-007 0 -1
UV: 0.658603 0.49518

Position: -5.99733 8.29789 7.13087
Normal: -0 0 -1
UV: 0.671101 0.385726

Position: -8.42272 7.69169 7.13087
Normal: 4.89576e-007 0 -1
UV: 0.671101 0.492213

Position: -8.46996 7.88067 10
Normal: -0.242482 0.970156 -1.01225e-007
UV: 0.507875 0.49518

Position: -8.46995 7.88067 7.13087
Normal: -0.242482 0.970156 -1.01225e-007
UV: 0.658603 0.49518

Position: -6.04456 8.48688 10
Normal: -0.242482 0.970156 0
UV: 0.507875 0.385726

Position: -6.04456 8.48688 7.13087
Normal: -0.242482 0.970156 0
UV: 0.658603 0.385726

Position: -8.42272 7.69169 7.13087
Normal: -0.242482 0.970156 0
UV: 0.671101 0.492213

Position: -5.99733 8.29789 6.83468
Normal: -0.242482 0.970156 -3.45768e-008
UV: 0.674934 0.385726

Position: -5.99733 8.29789 7.13087
Normal: -0.242482 0.970156 0
UV: 0.671101 0.385726

Position: -8.42272 7.69169 6.83468
Normal: -0.242482 0.970156 4.89848e-008
UV: 0.674934 0.492213

Position: -9.41079 7.44473 0.444885
Normal: -0.242482 0.970156 1.03026e-007
UV: 0.952088 0.431967

Position: -7.43465 7.93865 8.58982e-018
Normal: -0.242482 0.970156 0
UV: 0.955013 0.431967

Position: -9.41079 7.44473 1.56568e-017
Normal: -0.242482 0.970156 0
UV: 0.955013 0.431967

Position: -3.57194 8.9041 6.83468
Normal: -0.243936 0.969791 -0.000110107
UV: 0.936437 0.481625

Position: -2.58387 9.15106 0.444885
Normal: -0.244455 0.969661 -0.000152848
UV: 0.952088 0.431967

Position: 7.62939e-006 9.8052 6.83468
Normal: -0.244946 0.969537 -0.000187486
UV: 0.936437 0.357637

Position: 9.30895e-017 9.8052 4.8038e-017
Normal: -0.244966 0.969532 -0.000196445
UV: 0.955013 0.357637

Position: -4.56001 8.65714 0
Normal: -0.242483 0.970156 0
UV: 0.990737 0.488781

Position: -2.58387 9.15106 0
Normal: -0.243646 0.969864 0
UV: 0.990737 0.345684

Position: -4.56001 8.65714 0.444885
Normal: -0.242483 0.970156 -5.15129e-008
UV: 0.959379 0.488781

Position: -2.58387 9.15106 0.444885
Normal: -0.244455 0.969661 -0.000152848
UV: 0.959379 0.345684

Position: -5.19295e-016 9.8052 7.13087
Normal: -6.70378e-007 0 -1
UV: 0.671101 0.385726

Position: -3.61917 9.09308 7.13087
Normal: -1.56005e-010 0 -1
UV: 0.658603 0.49518

Position: -3.57194 8.9041 7.13087
Normal: 5.58672e-010 0 -1
UV: 0.671101 0.492213

Position: -4.996e-016 10 7.13087
Normal: -6.70378e-007 0 -1
UV: 0.658603 0.385726

Position: -3.61917 9.09308 10
Normal: -0.242835 0.970068 -3.10505e-017
UV: 0.507875 0.49518

Position: -3.61917 9.09308 7.13087
Normal: -0.242835 0.970068 -3.10505e-017
UV: 0.658603 0.49518

Position: -5.55112e-016 10 10
Normal: -0.243072 0.970008 -5.18558e-017
UV: 0.507875 0.385726

Position: -4.996e-016 10 7.13087
Normal: -0.243072 0.970008 -5.18558e-017
UV: 0.658603 0.385726

Position: -5.19295e-016 9.8052 7.13087
Normal: -0.24461 0.969622 -3.49606e-006
UV: 0.671101 0.385726

Position: -3.57194 8.9041 6.83468
Normal: -0.243936 0.969791 -0.000110107
UV: 0.674934 0.492213

Position: 7.62939e-006 9.8052 6.83468
Normal: -0.244946 0.969537 -0.000187486
UV: 0.674934 0.385726

Position: -3.57194 8.9041 7.13087
Normal: -0.24375 0.969838 -2.08268e-006
UV: 0.671101 0.492213

Position: -4.56001 8.65714 0.444885
Normal: -0.242483 0.970156 -5.15129e-008
UV: 0.952088 0.431967

Position: -2.58387 9.15106 0
Normal: -0.243646 0.969864 0
UV: 0.955013 0.431967

Position: -4.56001 8.65714 0
Normal: -0.242483 0.970156 0
UV: 0.955013 0.431967

Position: -30.2512 2.23584 -6.83468
Normal: -0.242482 0.970156 0
UV: 0.936437 0.357637

Position: -31.6885 1.87659 -0.444885
Normal: -0.242482 0.970156 -4.50207e-009
UV: 0.952088 0.431967

Position: -32.6766 1.62963 -6.83468
Normal: -0.242482 0.970156 1.13328e-008
UV: 0.936437 0.481625

Position: -31.6885 1.87659 -0.444885
Normal: -0.242482 0.970156 -4.50207e-009
UV: 0.959379 0.345684

Position: -33.6647 1.38267 -0.444885
Normal: -0.242482 0.970156 1.48153e-008
UV: 0.959379 0.488781

Position: -30.2512 2.23584 -7.13087
Normal: -2.44789e-007 0 1
UV: 0.671101 0.385726

Position: -32.6766 1.62963 -7.13087
Normal: -2.44788e-007 0 1
UV: 0.671101 0.492213

Position: -32.7238 1.81862 -7.13087
Normal: -2.44788e-007 0 1
UV: 0.658603 0.49518

Position: -30.2985 2.42482 -7.13087
Normal: -2.44789e-007 0 1
UV: 0.658603 0.385726

Position: -32.7238 1.81862 -7.13087
Normal: -0.242482 0.970156 0
UV: 0.658603 0.49518

Position: -30.2985 2.42482 -10
Normal: -0.242482 0.970156 0
UV: 0.507875 0.385726

Position: -30.2985 2.42482 -7.13087
Normal: -0.242482 0.970156 0
UV: 0.658603 0.385726

Position: -32.7238 1.81862 -10
Normal: -0.242482 0.970156 0
UV: 0.507875 0.49518

Position: -30.2512 2.23584 -6.83468
Normal: -0.242482 0.970156 0
UV: 0.674934 0.385726

Position: -32.6766 1.62963 -6.83468
Normal: -0.242482 0.970156 1.13328e-008
UV: 0.674934 0.492213

Position: -32.6766 1.62963 -7.13087
Normal: -0.242483 0.970156 0
UV: 0.671101 0.492213

Position: -30.2512 2.23584 -7.13087
Normal: -0.242483 0.970156 0
UV: 0.671101 0.385726

Position: -35.1492 1.21241 -7.13087
Normal: -0.242482 0.970156 0
UV: 0.658603 0.385726

Position: -35.1492 1.21241 -10
Normal: -0.242482 0.970156 0
UV: 0.507875 0.385726

Position: -35.102 1.02343 -7.13087
Normal: -2.44788e-007 0 1
UV: 0.671101 0.385726

Position: -35.1492 1.21241 -7.13087
Normal: -2.44788e-007 0 1
UV: 0.658603 0.385726

Position: -35.102 1.02343 -7.13087
Normal: -0.242483 0.970156 0
UV: 0.671101 0.385726

Position: -35.102 1.02343 -6.83468
Normal: -0.242482 0.970156 2.59327e-008
UV: 0.674934 0.385726

Position: -35.102 1.02343 -6.83468
Normal: -0.242482 0.970156 2.59327e-008
UV: 0.936437 0.357637

Position: -33.6647 1.38267 -0.444885
Normal: -0.242482 0.970156 1.48153e-008
UV: 0.952088 0.431967

Position: -25.4004 3.44825 -6.83468
Normal: -0.242482 0.970156 0
UV: 0.936437 0.357637

Position: -26.8378 3.089 -0.444885
Normal: -0.242482 0.970156 -1.80083e-008
UV: 0.952088 0.431967

Position: -27.8258 2.84204 -6.83468
Normal: -0.242482 0.970156 -2.8146e-008
UV: 0.936437 0.481625

Position: -28.8139 2.59508 -0.444885
Normal: -0.242482 0.970156 -5.66429e-008
UV: 0.959379 0.488781

Position: -26.8378 3.089 -0.444885
Normal: -0.242482 0.970156 -1.80083e-008
UV: 0.959379 0.345684

Position: -27.8258 2.84204 -7.13087
Normal: -2.44788e-007 0 1
UV: 0.671101 0.492213

Position: -25.4477 3.63723 -7.13087
Normal: -2.44788e-007 0 1
UV: 0.658603 0.385726

Position: -25.4004 3.44825 -7.13087
Normal: -2.44788e-007 0 1
UV: 0.671101 0.385726

Position: -27.8731 3.03103 -7.13087
Normal: -2.44788e-007 0 1
UV: 0.658603 0.49518

Position: -27.8731 3.03103 -7.13087
Normal: -0.242482 0.970156 0
UV: 0.658603 0.49518

Position: -25.4477 3.63723 -10
Normal: -0.242482 0.970156 0
UV: 0.507875 0.385726

Position: -25.4477 3.63723 -7.13087
Normal: -0.242482 0.970156 0
UV: 0.658603 0.385726

Position: -27.8731 3.03103 -10
Normal: -0.242482 0.970156 0
UV: 0.507875 0.49518

Position: -25.4004 3.44825 -6.83468
Normal: -0.242482 0.970156 0
UV: 0.674934 0.385726

Position: -27.8258 2.84204 -6.83468
Normal: -0.242482 0.970156 -2.8146e-008
UV: 0.674934 0.492213

Position: -27.8258 2.84204 -7.13087
Normal: -0.242482 0.970156 0
UV: 0.671101 0.492213

Position: -25.4004 3.44825 -7.13087
Normal: -0.242483 0.970156 0
UV: 0.671101 0.385726

Position: -28.8139 2.59508 -0.444885
Normal: -0.242482 0.970156 -5.66429e-008
UV: 0.952088 0.431967

Position: -15.6989 5.87307 -6.83468
Normal: -0.242482 0.970156 -6.91538e-008
UV: 0.936437 0.357637

Position: -17.1362 5.51383 -0.444886
Normal: -0.242482 0.970156 -5.15129e-008
UV: 0.952088 0.431967

Position: -18.1243 5.26687 -6.83468
Normal: -0.242482 0.970156 1.63283e-008
UV: 0.936437 0.481625

Position: -19.1123 5.01991 -0.444885
Normal: -0.242482 0.970156 7.72693e-008
UV: 0.959379 0.488781

Position: -17.1362 5.51383 -0.444886
Normal: -0.242482 0.970156 -5.15129e-008
UV: 0.959379 0.345684

Position: -15.6989 5.87307 -7.13087
Normal: -9.79154e-007 2.32858e-006 1
UV: 0.671101 0.385726

Position: -18.1243 5.26687 -7.13087
Normal: -9.79155e-007 3.53912e-006 1
UV: 0.671101 0.492213

Position: -18.1715 5.45585 -7.13088
Normal: -9.79155e-007 3.53912e-006 1
UV: 0.658603 0.49518

Position: -15.7461 6.06205 -7.13087
Normal: -9.79154e-007 2.32858e-006 1
UV: 0.658603 0.385726

Position: -18.1715 5.45585 -7.13088
Normal: -0.242482 0.970156 0
UV: 0.658603 0.49518

Position: -15.7461 6.06205 -10
Normal: -0.242482 0.970156 0
UV: 0.507875 0.385726

Position: -15.7461 6.06205 -7.13087
Normal: -0.242482 0.970156 0
UV: 0.658603 0.385726

Position: -18.1715 5.45585 -10
Normal: -0.242482 0.970156 0
UV: 0.507875 0.49518

Position: -15.6989 5.87307 -6.83468
Normal: -0.242482 0.970156 -6.91538e-008
UV: 0.674934 0.385726

Position: -18.1243 5.26687 -6.83468
Normal: -0.242482 0.970156 1.63283e-008
UV: 0.674934 0.492213

Position: -18.1243 5.26687 -7.13087
Normal: -0.242482 0.970156 0
UV: 0.671101 0.492213

Position: -15.6989 5.87307 -7.13087
Normal: -0.242482 0.970156 0
UV: 0.671101 0.385726

Position: -20.5969 4.84964 -7.13088
Normal: -0.242482 0.970156 0
UV: 0.658603 0.385726

Position: -20.5969 4.84964 -10
Normal: -0.242482 0.970156 0
UV: 0.507875 0.385726

Position: -20.5497 4.66066 -7.13087
Normal: -9.79155e-007 4.74966e-006 1
UV: 0.671101 0.385726

Position: -20.5969 4.84964 -7.13088
Normal: -9.79155e-007 4.74966e-006 1
UV: 0.658603 0.385726

Position: -20.5497 4.66066 -7.13087
Normal: -0.242483 0.970156 0
UV: 0.671101 0.385726

Position: -20.5497 4.66066 -6.83468
Normal: -0.242482 0.970156 1.03731e-007
UV: 0.674934 0.385726

Position: -20.5497 4.66066 -6.83468
Normal: -0.242482 0.970156 1.03731e-007
UV: 0.936437 0.357637

Position: -19.1123 5.01991 -0.444885
Normal: -0.242482 0.970156 7.72693e-008
UV: 0.952088 0.431967

Position: -21.987 4.30141 -0.444885
Normal: -0.242482 0.970156 1.80082e-008
UV: 0.952088 0.431967

Position: -22.9751 4.05445 -6.83468
Normal: -0.242482 0.970156 2.81461e-008
UV: 0.936437 0.481625

Position: -23.9631 3.8075 -0.444885
Normal: -0.242482 0.970156 5.66429e-008
UV: 0.959379 0.488781

Position: -21.987 4.30141 -0.444885
Normal: -0.242482 0.970156 1.80082e-008
UV: 0.959379 0.345684

Position: -22.9751 4.05445 -7.13088
Normal: 3.67184e-007 -1.16429e-006 1
UV: 0.671101 0.492213

Position: -23.0223 4.24344 -7.13087
Normal: 3.67182e-007 -1.16429e-006 1
UV: 0.658603 0.49518

Position: -23.0223 4.24344 -10
Normal: -0.242482 0.970156 0
UV: 0.507875 0.49518

Position: -23.0223 4.24344 -7.13087
Normal: -0.242482 0.970156 0
UV: 0.658603 0.49518

Position: -22.9751 4.05445 -6.83468
Normal: -0.242482 0.970156 2.81461e-008
UV: 0.674934 0.492213

Position: -22.9751 4.05445 -7.13088
Normal: -0.242482 0.970156 0
UV: 0.671101 0.492213

Position: -23.9631 3.8075 -0.444885
Normal: -0.242482 0.970156 5.66429e-008
UV: 0.952088 0.431967

Position: -36.5393 0.664181 -0.444885
Normal: -0.242482 0.970156 -2.44474e-008
UV: 0.952088 0.431967

Position: -37.5274 0.417222 -6.83468
Normal: -0.241156 0.970486 0.000100221
UV: 0.936437 0.481625

Position: -36.5393 0.664181 -0.444885
Normal: -0.242482 0.970156 -2.44474e-008
UV: 0.959379 0.345684

Position: -38.5155 0.170263 -0.444885
Normal: -0.240461 0.970659 0.000156947
UV: 0.959379 0.488781

Position: -37.5274 0.417222 -7.13087
Normal: -2.45459e-007 0 1
UV: 0.671101 0.492213

Position: -37.5746 0.606204 -7.13087
Normal: -2.4546e-007 0 1
UV: 0.658603 0.49518

Position: -37.5746 0.606204 -7.13087
Normal: -0.242482 0.970156 0
UV: 0.658603 0.49518

Position: -37.5746 0.606204 -10
Normal: -0.242482 0.970156 0
UV: 0.507875 0.49518

Position: -37.5274 0.417222 -6.83468
Normal: -0.241156 0.970486 0.000100221
UV: 0.674934 0.492213

Position: -37.5274 0.417222 -7.13087
Normal: -0.241365 0.970434 0
UV: 0.671101 0.492213

Position: -40 2.85223e-014 -7.13087
Normal: -0.242482 0.970156 0
UV: 0.658603 0.385726

Position: -40 2.85882e-014 -10
Normal: -0.242482 0.970156 0
UV: 0.507875 0.385726

Position: -40 -0.194796 -7.13087
Normal: -2.46136e-007 0 1
UV: 0.671101 0.385726

Position: -40 2.85223e-014 -7.13087
Normal: -2.46136e-007 0 1
UV: 0.658603 0.385726

Position: -40 -0.194796 -7.13087
Normal: -0.240267 0.970707 0
UV: 0.671101 0.385726

Position: -40 -0.194796 -6.83468
Normal: -0.23972 0.970842 0.000209667
UV: 0.674934 0.385726

Position: -40 -0.194796 1.60768e-016
Normal: -0.239685 0.970851 0.000220273
UV: 0.955013 0.357637

Position: -40 -0.194796 -6.83468
Normal: -0.23972 0.970842 0.000209667
UV: 0.936437 0.357637

Position: -38.5155 0.170263 -0.444885
Normal: -0.240461 0.970659 0.000156947
UV: 0.952088 0.431967

Position: -10.8481 7.08548 -6.83468
Normal: -0.242482 0.970156 0
UV: 0.936437 0.357637

Position: -12.2854 6.72624 -0.444885
Normal: -0.242482 0.970156 1.80082e-008
UV: 0.952088 0.431967

Position: -13.2735 6.47928 -6.83468
Normal: -0.242482 0.970156 -4.53311e-008
UV: 0.936437 0.481625

Position: -12.2854 6.72624 -0.444885
Normal: -0.242482 0.970156 1.80082e-008
UV: 0.959379 0.345684

Position: -14.2616 6.23232 -0.444885
Normal: -0.242482 0.970156 -5.9261e-008
UV: 0.959379 0.488781

Position: -10.8481 7.08548 -7.13087
Normal: -0 0 1
UV: 0.671101 0.385726

Position: -13.2735 6.47928 -7.13087
Normal: 4.89577e-007 0 1
UV: 0.671101 0.492213

Position: -13.3207 6.66826 -7.13087
Normal: 4.89574e-007 0 1
UV: 0.658603 0.49518

Position: -10.8953 7.27446 -7.13087
Normal: -0 0 1
UV: 0.658603 0.385726

Position: -13.3207 6.66826 -7.13087
Normal: -0.242482 0.970156 0
UV: 0.658603 0.49518

Position: -10.8953 7.27446 -10
Normal: -0.242482 0.970156 0
UV: 0.507875 0.385726

Position: -10.8953 7.27446 -7.13087
Normal: -0.242482 0.970156 0
UV: 0.658603 0.385726

Position: -13.3207 6.66826 -10
Normal: -0.242482 0.970156 0
UV: 0.507875 0.49518

Position: -10.8481 7.08548 -6.83468
Normal: -0.242482 0.970156 0
UV: 0.674934 0.385726

Position: -13.2735 6.47928 -6.83468
Normal: -0.242482 0.970156 -4.53311e-008
UV: 0.674934 0.492213

Position: -13.2735 6.47928 -7.13087
Normal: -0.242482 0.970156 0
UV: 0.671101 0.492213

Position: -10.8481 7.08548 -7.13087
Normal: -0.242482 0.970156 0
UV: 0.671101 0.385726

Position: -14.2616 6.23232 -0.444885
Normal: -0.242482 0.970156 -5.9261e-008
UV: 0.952088 0.431967

Position: -5.99733 8.29789 -6.83468
Normal: -0.242482 0.970156 6.91537e-008
UV: 0.936437 0.357637

Position: -7.43465 7.93865 -0.444885
Normal: -0.242482 0.970156 5.15128e-008
UV: 0.952088 0.431967

Position: -8.42272 7.69169 -6.83468
Normal: -0.242482 0.970156 -1.63283e-008
UV: 0.936437 0.481625

Position: -9.41079 7.44473 -0.444885
Normal: -0.242482 0.970156 -7.72693e-008
UV: 0.959379 0.488781

Position: -7.43465 7.93865 -0.444885
Normal: -0.242482 0.970156 5.15128e-008
UV: 0.959379 0.345684

Position: -5.99733 8.29789 -7.13087
Normal: -0 -9.24973e-008 1
UV: 0.671101 0.385726

Position: -8.42272 7.69169 -7.13087
Normal: 4.89576e-007 -4.62486e-008 1
UV: 0.671101 0.492213

Position: -8.46995 7.88067 -7.13087
Normal: 4.89573e-007 -4.62489e-008 1
UV: 0.658603 0.49518

Position: -6.04456 8.48688 -7.13087
Normal: -0 -9.24973e-008 1
UV: 0.658603 0.385726

Position: -8.46995 7.88067 -7.13087
Normal: -0.242482 0.970156 0
UV: 0.658603 0.49518

Position: -6.04456 8.48688 -10
Normal: -0.242482 0.970156 0
UV: 0.507875 0.385726

Position: -6.04456 8.48688 -7.13087
Normal: -0.242482 0.970156 0
UV: 0.658603 0.385726

Position: -8.46995 7.88067 -10
Normal: -0.242482 0.970156 0
UV: 0.507875 0.49518

Position: -8.42272 7.69169 -6.83468
Normal: -0.242482 0.970156 -1.63283e-008
UV: 0.674934 0.492213

Position: -5.99733 8.29789 -7.13087
Normal: -0.242482 0.970156 0
UV: 0.671101 0.385726

Position: -5.99733 8.29789 -6.83468
Normal: -0.242482 0.970156 6.91537e-008
UV: 0.674934 0.385726

Position: -8.42272 7.69169 -7.13087
Normal: -0.242482 0.970156 0
UV: 0.671101 0.492213

Position: -9.41079 7.44473 -0.444885
Normal: -0.242482 0.970156 -7.72693e-008
UV: 0.952088 0.431967

Position: 3.8147e-006 9.8052 -6.83468
Normal: -0.244947 0.969537 0.000187269
UV: 0.936437 0.357637

Position: 9.30895e-017 9.8052 4.8038e-017
Normal: -0.244966 0.969532 0.0001964
UV: 0.955013 0.357637

Position: -2.58387 9.15106 -0.444885
Normal: -0.244455 0.969661 0.000152812
UV: 0.952088 0.431967

Position: -3.57194 8.9041 -6.83468
Normal: -0.243936 0.969791 0.000109968
UV: 0.936437 0.481625

Position: -4.56001 8.65714 -0.444885
Normal: -0.242483 0.970156 5.15129e-008
UV: 0.959379 0.488781

Position: -2.58387 9.15106 -0.444885
Normal: -0.244455 0.969661 0.000152812
UV: 0.959379 0.345684

Position: 3.8147e-006 9.8052 -7.13087
Normal: 6.70373e-007 6.33333e-008 1
UV: 0.671101 0.385726

Position: -3.57194 8.9041 -7.13087
Normal: 9.90065e-008 -4.981e-011 1
UV: 0.671101 0.492213

Position: -3.61917 9.09308 -7.13087
Normal: 9.9615e-008 1.76928e-011 1
UV: 0.658603 0.49518

Position: -2.77573e-016 10 -7.13087
Normal: 6.70373e-007 6.33333e-008 1
UV: 0.658603 0.385726

Position: -2.77573e-016 10 -7.13087
Normal: -0.243072 0.970008 0
UV: 0.658603 0.385726

Position: -3.61917 9.09308 -10
Normal: -0.242835 0.970068 0
UV: 0.507875 0.49518

Position: -5.55112e-016 10 -10
Normal: -0.243072 0.970008 0
UV: 0.507875 0.385726

Position: -3.61917 9.09308 -7.13087
Normal: -0.242835 0.970068 0
UV: 0.658603 0.49518

Position: 3.8147e-006 9.8052 -6.83468
Normal: -0.244947 0.969537 0.000187269
UV: 0.674934 0.385726

Position: -3.57194 8.9041 -6.83468
Normal: -0.243936 0.969791 0.000109968
UV: 0.674934 0.492213

Position: -3.57194 8.9041 -7.13087
Normal: -0.24375 0.969838 0
UV: 0.671101 0.492213

Position: 3.8147e-006 9.8052 -7.13087
Normal: -0.24461 0.969622 0
UV: 0.671101 0.385726

Position: -4.56001 8.65714 -0.444885
Normal: -0.242483 0.970156 5.15129e-008
UV: 0.952088 0.431967


[INDEX_DATA]
0 2 1
3 1 2
4 6 5
5 7 4
8 10 9
9 11 8
12 14 13
13 15 12
16 18 17
19 17 18
20 22 21
23 20 21
24 26 25
27 29 28
27 30 29
31 29 30
32 34 33
35 37 36
36 38 35
39 41 40
40 42 39
43 45 44
43 46 45
47 49 48
47 50 49
51 53 52
52 54 51
55 57 56
56 58 55
59 61 60
60 62 59
63 65 64
63 66 65
67 69 68
69 67 70
71 73 72
74 76 75
75 30 74
75 31 30
77 79 78
80 82 81
81 83 80
84 86 85
84 87 86
88 43 89
89 43 44
90 92 91
92 93 91
94 96 95
97 95 96
98 100 99
99 101 98
102 104 103
104 105 103
106 108 107
107 109 106
110 102 111
102 103 111
101 99 112
99 113 112
106 115 114
106 109 115
116 90 117
117 118 116
91 117 90
93 119 91
118 117 120
121 123 122
123 124 122
125 127 126
126 128 125
129 131 130
130 132 129
133 135 134
134 136 133
137 139 138
138 140 137
104 135 105
135 133 105
132 130 100
100 98 132
137 107 108
137 140 107
92 121 141
141 93 92
122 141 121
124 142 122
93 141 143
144 146 145
146 147 145
148 150 149
149 151 148
152 154 153
154 155 153
156 158 157
158 159 157
160 162 161
161 163 160
164 165 156
156 157 164
153 155 166
166 167 153
160 169 168
160 163 169
170 144 171
171 172 170
145 171 144
147 173 145
172 171 174
175 170 176
170 172 176
177 179 178
178 180 177
167 166 181
181 182 167
183 184 165
165 164 183
185 168 169
169 186 185
136 134 184
184 183 136
182 181 131
131 129 182
185 138 139
185 186 138
123 175 187
187 124 123
176 187 175
172 188 176
124 187 189
190 116 191
116 118 191
192 194 193
195 193 194
112 113 196
113 197 196
198 110 111
111 199 198
200 114 115
115 201 200
202 198 203
198 199 203
197 205 204
196 197 204
200 207 206
200 201 207
208 190 209
209 210 208
191 209 190
118 211 191
210 209 212
213 215 214
215 216 214
217 219 218
220 218 219
221 223 222
223 224 222
225 227 226
227 228 226
229 231 230
230 232 229
158 225 159
225 226 159
222 224 152
224 154 152
229 161 162
229 232 161
146 213 233
233 147 146
214 233 213
216 234 214
147 233 235
236 238 237
238 239 237
240 242 241
241 243 240
244 246 245
246 247 245
248 250 249
250 251 249
252 254 253
253 255 252
227 248 228
248 249 228
245 247 221
247 223 221
252 230 231
252 255 230
215 236 256
256 216 215
237 256 236
239 257 237
216 256 258
259 261 260
261 262 260
263 265 264
266 264 265
267 269 268
270 267 268
271 273 272
273 274 272
275 277 276
276 278 275
250 271 251
271 272 251
268 269 244
269 246 244
278 253 254
278 276 253
238 259 279
279 239 238
260 279 259
262 280 260
239 279 281
282 283 93
283 282 284
94 95 285
285 286 94
287 289 288
289 287 290
291 293 292
292 294 291
295 297 296
295 298 297
299 291 294
294 300 299
301 288 289
289 302 301
303 304 297
296 297 304
118 306 305
306 284 305
283 284 306
93 283 119
118 120 306
307 308 124
308 307 309
128 310 125
128 311 310
312 314 313
313 315 312
316 318 317
317 319 316
320 322 321
320 323 322
293 316 319
319 292 293
287 312 315
315 290 287
298 295 322
321 322 295
93 324 282
324 309 282
308 309 324
124 308 142
93 143 324
325 326 147
326 325 327
151 328 148
151 329 328
330 332 331
332 330 333
334 336 335
335 337 334
338 340 339
338 341 340
342 334 337
337 343 342
344 331 332
332 345 344
346 347 340
339 340 347
172 349 348
349 327 348
326 327 349
147 326 173
172 174 349
348 350 172
350 348 351
180 352 177
180 353 352
354 344 345
345 355 354
342 343 356
356 357 342
358 347 346
346 359 358
318 357 356
356 317 318
354 313 314
313 354 355
323 320 358
358 359 323
124 360 307
360 351 307
350 351 360
172 350 188
124 189 360
305 361 118
361 305 362
192 193 363
363 364 192
365 301 302
302 366 365
367 299 300
300 368 367
304 370 369
304 303 370
371 367 368
368 372 371
365 374 373
374 365 366
375 376 370
369 370 376
377 379 378
379 362 378
361 362 379
118 361 211
377 212 379
380 381 216
381 380 382
217 218 383
383 384 217
385 387 386
387 385 388
389 391 390
390 392 389
393 395 394
393 396 395
336 389 392
392 335 336
386 333 330
333 386 387
341 338 395
394 395 338
147 397 325
397 382 325
381 382 397
216 381 234
147 235 397
398 399 239
399 398 400
243 401 240
243 402 401
403 405 404
405 403 406
407 409 408
408 410 407
411 413 412
412 414 411
391 407 410
410 390 391
404 388 385
388 404 405
396 393 414
411 414 393
216 415 380
415 400 380
399 400 415
239 399 257
216 258 415
416 418 417
418 416 419
264 420 263
264 421 420
422 424 423
424 422 425
426 428 427
427 429 426
430 432 431
430 433 432
409 429 427
427 408 409
423 406 403
406 423 424
412 413 432
431 432 413
239 434 398
434 419 398
418 419 434
417 418 280
239 281 434

