[FBX_META_DATA]
MeshCount: 1

[MESH_DATA]
VertexCount: 619
IndexCount: 1368
BoneCount: 0
AnimationClips: 1

[VERTEX_DATA]
Position: -20 -0.194796 0
Normal: -0 1 0
UV: 0.959012 0.374811

Position: -20 -0.194796 -6.83468
Normal: -0 1 0
UV: 0.95087 0.374811

Position: -18.5185 -0.194796 -0.444885
Normal: -0 1 0
UV: 0.95773 0.407387

Position: -16.4815 -0.194796 0
Normal: -0 1 0
UV: 0.987875 0.481183

Position: -18.5185 -0.194796 0
Normal: -0 1 0
UV: 0.987875 0.353507

Position: -16.4815 -0.194796 -0.444885
Normal: -0 1 5.30333e-010
UV: 0.959896 0.481183

Position: -18.5185 -0.194796 -0.444885
Normal: -0 1 0
UV: 0.959896 0.353507

Position: -17.5 -0.194796 -7.13087
Normal: -0 0 1
UV: 0.669254 0.47214

Position: -20 -0.194796 -7.13087
Normal: -0 0 1
UV: 0.669254 0.384382

Position: -17.5 0 -7.13087
Normal: -0 0 1
UV: 0.658293 0.474625

Position: -20 0 -7.13087
Normal: -0 0 1
UV: 0.658293 0.384382

Position: -17.5 1.28649 -9.28272
Normal: 9.53675e-008 1 0
UV: 0.35664 0.93978

Position: -20 1.28649 -9.28272
Normal: -0 1 0
UV: 0.35664 0.93978

Position: -20 1.28649 -10
Normal: -0 1 0
UV: 0.35664 0.93978

Position: -17.5 1.28649 -10
Normal: 9.53675e-008 1 0
UV: 0.35664 0.93978

Position: -20 -0.194796 -7.13087
Normal: -0 1 0
UV: 0.673299 0.386195

Position: -17.5 -0.194796 -7.13087
Normal: -0 1 0
UV: 0.673299 0.473953

Position: -20 -0.194796 -6.83468
Normal: -0 1 0
UV: 0.673299 0.386195

Position: -17.5 -0.194796 -6.83468
Normal: -0 1 1.63265e-009
UV: 0.673299 0.473953

Position: -15 1.28649 -9.28272
Normal: 9.53674e-008 1 0
UV: 0.35664 0.93978

Position: -15 1.28649 -10
Normal: 9.53674e-008 1 0
UV: 0.35664 0.93978

Position: -15 -0.194796 -7.13087
Normal: -0 0 1
UV: 0.669254 0.384382

Position: -15 0 -7.13087
Normal: -0 0 1
UV: 0.658293 0.384382

Position: -15 -0.194796 -6.83468
Normal: -0 1 1.60586e-009
UV: 0.673299 0.386195

Position: -15 -0.194796 -7.13087
Normal: -0 1 0
UV: 0.673299 0.386195

Position: -15 -0.194796 -6.83468
Normal: -0 1 1.60586e-009
UV: 0.95087 0.374811

Position: -16.4815 -0.194796 -0.444885
Normal: -0 1 5.30333e-010
UV: 0.95773 0.407387

Position: -17.5 -0.194796 -6.83468
Normal: -0 1 1.63265e-009
UV: 0.95087 0.429151

Position: -18.5185 -0.194796 0
Normal: -0 1 0
UV: 0.959012 0.407387

Position: -15 -0.194796 0
Normal: -0 1 0
UV: 0.959012 0.374811

Position: -16.4815 -0.194796 0
Normal: -0 1 0
UV: 0.959012 0.407387

Position: -15 -0.194796 6.83468
Normal: -0 1 -8.02932e-010
UV: 0.95087 0.374811

Position: -16.4815 -0.194796 0.444885
Normal: -0 1 -2.65167e-010
UV: 0.95773 0.407387

Position: -18.5185 -0.194796 0
Normal: -0 1 0
UV: 0.987875 0.481183

Position: -16.4815 -0.194796 0
Normal: -0 1 0
UV: 0.987875 0.353507

Position: -18.5185 -0.194796 0.444885
Normal: -0 1 0
UV: 0.959896 0.481183

Position: -16.4815 -0.194796 0.444885
Normal: -0 1 -2.65167e-010
UV: 0.959896 0.353507

Position: -17.5 -0.194796 7.13087
Normal: -0 0 -1
UV: 0.669254 0.47214

Position: -15 -0.194796 7.13087
Normal: -0 0 -1
UV: 0.669254 0.384382

Position: -17.5 0 7.13087
Normal: -0 0 -1
UV: 0.658293 0.474625

Position: -15 0 7.13087
Normal: -0 0 -1
UV: 0.658293 0.384382

Position: -17.5 1.28649 9.28272
Normal: -0 1 0
UV: 0.35664 0.93978

Position: -15 1.28649 10
Normal: -0 1 0
UV: 0.35664 0.93978

Position: -17.5 1.28649 10
Normal: -0 1 0
UV: 0.35664 0.93978

Position: -15 1.28649 9.28272
Normal: -0 1 0
UV: 0.35664 0.93978

Position: -15 -0.194796 7.13087
Normal: -0 1 0
UV: 0.673299 0.386195

Position: -17.5 -0.194796 7.13087
Normal: -0 1 0
UV: 0.673299 0.473953

Position: -15 -0.194796 6.83468
Normal: -0 1 -8.02932e-010
UV: 0.673299 0.386195

Position: -17.5 -0.194796 6.83468
Normal: -0 1 -8.16323e-010
UV: 0.673299 0.473953

Position: -20 1.28649 9.28272
Normal: -0 1 0
UV: 0.35664 0.93978

Position: -20 1.28649 10
Normal: -0 1 0
UV: 0.35664 0.93978

Position: -20 -0.194796 7.13087
Normal: -0 0 -1
UV: 0.669254 0.384382

Position: -20 0 7.13087
Normal: -0 0 -1
UV: 0.658293 0.384382

Position: -20 -0.194796 6.83468
Normal: -0 1 0
UV: 0.673299 0.386195

Position: -20 -0.194796 7.13087
Normal: -0 1 0
UV: 0.673299 0.386195

Position: -20 -0.194796 6.83468
Normal: -0 1 0
UV: 0.95087 0.374811

Position: -18.5185 -0.194796 0.444885
Normal: -0 1 0
UV: 0.95773 0.407387

Position: -17.5 -0.194796 6.83468
Normal: -0 1 -8.16323e-010
UV: 0.95087 0.429151

Position: -13.5185 -0.194796 -0.444885
Normal: -0 1 0
UV: 0.95773 0.407387

Position: -11.4815 -0.194796 0
Normal: -0 1 0
UV: 0.987875 0.481183

Position: -13.5185 -0.194796 0
Normal: -0 1 0
UV: 0.987875 0.353507

Position: -11.4815 -0.194796 -0.444885
Normal: -0 1 0
UV: 0.959896 0.481183

Position: -13.5185 -0.194796 -0.444885
Normal: -0 1 0
UV: 0.959896 0.353507

Position: -12.5 -0.194796 -7.13087
Normal: -0 0 1
UV: 0.669254 0.47214

Position: -12.5 0 -7.13087
Normal: -0 0 1
UV: 0.658293 0.474625

Position: -12.5 1.28649 -9.28272
Normal: -0 1 0
UV: 0.35664 0.93978

Position: -12.5 1.28649 -10
Normal: -0 1 0
UV: 0.35664 0.93978

Position: -12.5 -0.194796 -7.13087
Normal: -0 1 0
UV: 0.673299 0.473953

Position: -12.5 -0.194796 -6.83468
Normal: -0 1 0
UV: 0.673299 0.473953

Position: -10 1.28649 -9.28272
Normal: -0 1 0
UV: 0.35664 0.93978

Position: -10 1.28649 -10
Normal: -0 1 0
UV: 0.35664 0.93978

Position: -10 -0.194796 -7.13087
Normal: -0 0 1
UV: 0.669254 0.384382

Position: -10 0 -7.13087
Normal: -0 0 1
UV: 0.658293 0.384382

Position: -10 -0.194796 -6.83468
Normal: -0 1 0
UV: 0.673299 0.386195

Position: -10 -0.194796 -7.13087
Normal: -0 1 0
UV: 0.673299 0.386195

Position: -10 -0.194796 -6.83468
Normal: -0 1 0
UV: 0.95087 0.374811

Position: -11.4815 -0.194796 -0.444885
Normal: -0 1 0
UV: 0.95773 0.407387

Position: -12.5 -0.194796 -6.83468
Normal: -0 1 0
UV: 0.95087 0.429151

Position: -13.5185 -0.194796 0
Normal: -0 1 0
UV: 0.959012 0.407387

Position: -10 -0.194796 0
Normal: -0 1 0
UV: 0.959012 0.374811

Position: -11.4815 -0.194796 0
Normal: -0 1 0
UV: 0.959012 0.407387

Position: -10 -0.194796 6.83468
Normal: -0 1 0
UV: 0.95087 0.374811

Position: -11.4815 -0.194796 0.444885
Normal: -0 1 0
UV: 0.95773 0.407387

Position: -13.5185 -0.194796 0
Normal: -0 1 0
UV: 0.987875 0.481183

Position: -11.4815 -0.194796 0
Normal: -0 1 0
UV: 0.987875 0.353507

Position: -13.5185 -0.194796 0.444885
Normal: -0 1 0
UV: 0.959896 0.481183

Position: -11.4815 -0.194796 0.444885
Normal: -0 1 0
UV: 0.959896 0.353507

Position: -12.5 -0.194796 7.13087
Normal: -0 0 -1
UV: 0.669254 0.47214

Position: -10 -0.194796 7.13087
Normal: -0 0 -1
UV: 0.669254 0.384382

Position: -12.5 0 7.13087
Normal: -0 0 -1
UV: 0.658293 0.474625

Position: -10 0 7.13087
Normal: -0 0 -1
UV: 0.658293 0.384382

Position: -10 1.28649 10
Normal: -0 1 9.70331e-009
UV: 0.35664 0.93978

Position: -12.5 1.28649 10
Normal: -0 1 0
UV: 0.35664 0.93978

Position: -12.5 1.28649 9.28272
Normal: -0 1 0
UV: 0.35664 0.93978

Position: -10 1.28649 9.28272
Normal: -0 1 9.70331e-009
UV: 0.35664 0.93978

Position: -10 -0.194796 7.13087
Normal: -0 1 0
UV: 0.673299 0.386195

Position: -12.5 -0.194796 7.13087
Normal: -0 1 0
UV: 0.673299 0.473953

Position: -10 -0.194796 6.83468
Normal: -0 1 0
UV: 0.673299 0.386195

Position: -12.5 -0.194796 6.83468
Normal: -0 1 0
UV: 0.673299 0.473953

Position: -13.5185 -0.194796 0.444885
Normal: -0 1 0
UV: 0.95773 0.407387

Position: -12.5 -0.194796 6.83468
Normal: -0 1 0
UV: 0.95087 0.429151

Position: -8.51846 -0.194796 -0.444885
Normal: -0 1 0
UV: 0.95773 0.407387

Position: -6.48153 -0.194796 0
Normal: -0 1 0
UV: 0.987875 0.481183

Position: -8.51846 -0.194796 0
Normal: -0 1 0
UV: 0.987875 0.353507

Position: -6.48153 -0.194796 -0.444885
Normal: -0 1 0
UV: 0.959896 0.481183

Position: -8.51846 -0.194796 -0.444885
Normal: -0 1 0
UV: 0.959896 0.353507

Position: -7.5 -0.194796 -7.13087
Normal: -0 0 1
UV: 0.669254 0.47214

Position: -7.5 0 -7.13087
Normal: -0 0 1
UV: 0.658293 0.474625

Position: -7.5 1.28649 -9.28272
Normal: -0 1 9.7033e-009
UV: 0.35664 0.93978

Position: -7.5 1.28649 -10
Normal: -0 1 9.70331e-009
UV: 0.35664 0.93978

Position: -7.5 -0.194796 -7.13087
Normal: -0 1 0
UV: 0.673299 0.473953

Position: -7.5 -0.194796 -6.83468
Normal: -0 1 0
UV: 0.673299 0.473953

Position: -5 1.28649 -9.28272
Normal: -0 1 9.7033e-009
UV: 0.35664 0.93978

Position: -5 1.28649 -10
Normal: -0 1 9.7033e-009
UV: 0.35664 0.93978

Position: -5 -0.194796 -7.13087
Normal: -0 0 1
UV: 0.669254 0.384382

Position: -5 0 -7.13087
Normal: -0 0 1
UV: 0.658293 0.384382

Position: -5 -0.194796 -6.83468
Normal: -0 1 8.02931e-010
UV: 0.673299 0.386195

Position: -5 -0.194796 -7.13087
Normal: -0 1 0
UV: 0.673299 0.386195

Position: -5 -0.194796 -6.83468
Normal: -0 1 8.02931e-010
UV: 0.95087 0.374811

Position: -6.48153 -0.194796 -0.444885
Normal: -0 1 0
UV: 0.95773 0.407387

Position: -7.5 -0.194796 -6.83468
Normal: -0 1 0
UV: 0.95087 0.429151

Position: -8.51846 -0.194796 0
Normal: -0 1 0
UV: 0.959012 0.407387

Position: -5 -0.194796 0
Normal: -0 1 0
UV: 0.959012 0.374811

Position: -6.48153 -0.194796 0
Normal: -0 1 0
UV: 0.959012 0.407387

Position: -5 -0.194796 6.83468
Normal: -0 1 -1.60586e-009
UV: 0.95087 0.374811

Position: -6.48153 -0.194796 0.444885
Normal: -0 1 0
UV: 0.95773 0.407387

Position: -8.51846 -0.194796 0
Normal: -0 1 0
UV: 0.987875 0.481183

Position: -6.48153 -0.194796 0
Normal: -0 1 0
UV: 0.987875 0.353507

Position: -8.51846 -0.194796 0.444885
Normal: -0 1 0
UV: 0.959896 0.481183

Position: -6.48153 -0.194796 0.444885
Normal: -0 1 0
UV: 0.959896 0.353507

Position: -7.5 -0.194796 7.13087
Normal: -0 0 -1
UV: 0.669254 0.47214

Position: -5 -0.194796 7.13087
Normal: -0 0 -1
UV: 0.669254 0.384382

Position: -7.5 0 7.13087
Normal: -0 0 -1
UV: 0.658293 0.474625

Position: -5 0 7.13087
Normal: -0 0 -1
UV: 0.658293 0.384382

Position: -7.5 1.28649 10
Normal: -0 1 9.7033e-009
UV: 0.35664 0.93978

Position: -5 1.28649 9.28272
Normal: -0 1 0
UV: 0.35664 0.93978

Position: -5 1.28649 10
Normal: -0 1 0
UV: 0.35664 0.93978

Position: -7.5 1.28649 9.28272
Normal: -0 1 9.70331e-009
UV: 0.35664 0.93978

Position: -5 -0.194796 7.13087
Normal: -0 1 0
UV: 0.673299 0.386195

Position: -7.5 -0.194796 7.13087
Normal: -0 1 0
UV: 0.673299 0.473953

Position: -5 -0.194796 6.83468
Normal: -0 1 -1.60586e-009
UV: 0.673299 0.386195

Position: -7.5 -0.194796 6.83468
Normal: -0 1 0
UV: 0.673299 0.473953

Position: -8.51846 -0.194796 0.444885
Normal: -0 1 0
UV: 0.95773 0.407387

Position: -7.5 -0.194796 6.83468
Normal: -0 1 0
UV: 0.95087 0.429151

Position: -3.51846 -0.194796 -0.444885
Normal: -0 1 2.65166e-010
UV: 0.95773 0.407387

Position: -1.48153 -0.194796 0
Normal: -0 1 0
UV: 0.987875 0.481183

Position: -3.51846 -0.194796 0
Normal: -0 1 0
UV: 0.987875 0.353507

Position: -1.48153 -0.194796 -0.444885
Normal: -0 1 0
UV: 0.959896 0.481183

Position: -3.51846 -0.194796 -0.444885
Normal: -0 1 2.65166e-010
UV: 0.959896 0.353507

Position: -2.49999 -0.194796 -7.13087
Normal: -0 0 1
UV: 0.669254 0.47214

Position: -2.49999 0 -7.13087
Normal: -0 0 1
UV: 0.658293 0.474625

Position: -2.49999 1.28649 -9.28272
Normal: -0 1 0
UV: 0.35664 0.93978

Position: -2.49999 1.28649 -10
Normal: -0 1 0
UV: 0.35664 0.93978

Position: -2.49999 -0.194796 -7.13087
Normal: -0 1 0
UV: 0.673299 0.473953

Position: -2.49999 -0.194796 -6.83468
Normal: -0 1 8.16323e-010
UV: 0.673299 0.473953

Position: -0 1.28649 -9.28272
Normal: -0 1 0
UV: 0.35664 0.93978

Position: -0 1.28649 -10
Normal: -0 1 0
UV: 0.35664 0.93978

Position: -0 -0.194796 -7.13087
Normal: -0 0 1
UV: 0.669254 0.384382

Position: -0 0 -7.13087
Normal: -0 0 1
UV: 0.658293 0.384382

Position: -0 -0.194796 -6.83468
Normal: -0 1 0
UV: 0.673299 0.386195

Position: -0 -0.194796 -7.13087
Normal: -0 1 0
UV: 0.673299 0.386195

Position: -0 -0.194796 -6.83468
Normal: -0 1 0
UV: 0.95087 0.374811

Position: -1.48153 -0.194796 -0.444885
Normal: -0 1 0
UV: 0.95773 0.407387

Position: -2.49999 -0.194796 -6.83468
Normal: -0 1 8.16323e-010
UV: 0.95087 0.429151

Position: -3.51846 -0.194796 0
Normal: -0 1 0
UV: 0.959012 0.407387

Position: -0 -0.194796 0
Normal: -0 1 0
UV: 0.959012 0.374811

Position: -1.48153 -0.194796 0
Normal: -0 1 0
UV: 0.959012 0.407387

Position: -0 -0.194796 6.83468
Normal: -0 1 0
UV: 0.95087 0.374811

Position: -1.48153 -0.194796 0.444885
Normal: -0 1 0
UV: 0.95773 0.407387

Position: -3.51846 -0.194796 0
Normal: -0 1 0
UV: 0.987875 0.481183

Position: -1.48153 -0.194796 0
Normal: -0 1 0
UV: 0.987875 0.353507

Position: -3.51846 -0.194796 0.444885
Normal: -0 1 -5.30333e-010
UV: 0.959896 0.481183

Position: -1.48153 -0.194796 0.444885
Normal: -0 1 0
UV: 0.959896 0.353507

Position: -2.49999 -0.194796 7.13087
Normal: -0 0 -1
UV: 0.669254 0.47214

Position: -0 -0.194796 7.13087
Normal: -0 0 -1
UV: 0.669254 0.384382

Position: -2.49999 0 7.13087
Normal: -0 0 -1
UV: 0.658293 0.474625

Position: -0 0 7.13087
Normal: -0 0 -1
UV: 0.658293 0.384382

Position: -0 1.28649 10
Normal: -0 1 0
UV: 0.35664 0.93978

Position: -2.49999 1.28649 10
Normal: -0 1 0
UV: 0.35664 0.93978

Position: -2.49999 1.28649 9.28272
Normal: -0 1 0
UV: 0.35664 0.93978

Position: -0 1.28649 9.28272
Normal: -0 1 0
UV: 0.35664 0.93978

Position: -0 -0.194796 7.13087
Normal: -0 1 0
UV: 0.673299 0.386195

Position: -2.49999 -0.194796 7.13087
Normal: -0 1 0
UV: 0.673299 0.473953

Position: -0 -0.194796 6.83468
Normal: -0 1 0
UV: 0.673299 0.386195

Position: -2.49999 -0.194796 6.83468
Normal: -0 1 -1.63265e-009
UV: 0.673299 0.473953

Position: -3.51846 -0.194796 0.444885
Normal: -0 1 -5.30333e-010
UV: 0.95773 0.407387

Position: -2.49999 -0.194796 6.83468
Normal: -0 1 -1.63265e-009
UV: 0.95087 0.429151

Position: -0 0 -7.13087
Normal: -0 1 0
UV: 0.658293 0.384382

Position: -2.49999 0 -7.13087
Normal: -0 1 0
UV: 0.658293 0.474625

Position: -0 0 -9.28272
Normal: -0 1 0
UV: 0.549127 0.384382

Position: -2.49999 0 -9.28272
Normal: -0 1 0
UV: 0.549127 0.474625

Position: -5 0 -7.13087
Normal: -0 1 0
UV: 0.658293 0.384382

Position: -5 0 -9.28272
Normal: -0 1 0
UV: 0.549127 0.384382

Position: -7.5 0 -7.13087
Normal: -0 1 0
UV: 0.658293 0.474625

Position: -7.5 0 -9.28272
Normal: -0 1 0
UV: 0.549127 0.474625

Position: -10 0 -7.13087
Normal: -0 1 0
UV: 0.658293 0.384382

Position: -10 0 -9.28272
Normal: -0 1 0
UV: 0.549127 0.384382

Position: -12.5 0 -7.13087
Normal: -0 1 0
UV: 0.658293 0.474625

Position: -12.5 0 -9.28272
Normal: -0 1 0
UV: 0.549127 0.474625

Position: -15 0 -7.13087
Normal: -0 1 0
UV: 0.658293 0.384382

Position: -15 0 -9.28272
Normal: -0 1 0
UV: 0.549127 0.384382

Position: -17.5 0 -7.13087
Normal: -0 1 0
UV: 0.658293 0.474625

Position: -17.5 0 -9.28272
Normal: -0 1 0
UV: 0.549127 0.474625

Position: -20 0 -7.13087
Normal: -0 1 0
UV: 0.658293 0.384382

Position: -20 0 -9.28272
Normal: -0 1 0
UV: 0.549127 0.384382

Position: -20 0 9.28272
Normal: -0 1 0
UV: 0.549127 0.384382

Position: -17.5 0 7.13087
Normal: -0 1 0
UV: 0.658293 0.474625

Position: -17.5 0 9.28272
Normal: -0 1 0
UV: 0.549127 0.474625

Position: -20 0 7.13087
Normal: -0 1 0
UV: 0.658293 0.384382

Position: -15 0 9.28272
Normal: -0 1 0
UV: 0.549127 0.384382

Position: -15 0 7.13087
Normal: -0 1 0
UV: 0.658293 0.384382

Position: -12.5 0 7.13087
Normal: -0 1 0
UV: 0.658293 0.474625

Position: -12.5 0 9.28272
Normal: -0 1 0
UV: 0.549127 0.474625

Position: -10 0 9.28272
Normal: -0 1 0
UV: 0.549127 0.384382

Position: -10 0 7.13087
Normal: -0 1 0
UV: 0.658293 0.384382

Position: -7.5 0 9.28272
Normal: -0 1 0
UV: 0.549127 0.474625

Position: -7.5 0 7.13087
Normal: -0 1 0
UV: 0.658293 0.474625

Position: -5 0 9.28272
Normal: -0 1 0
UV: 0.549127 0.384382

Position: -5 0 7.13087
Normal: -0 1 0
UV: 0.658293 0.384382

Position: -2.49999 0 7.13087
Normal: -0 1 0
UV: 0.658293 0.474625

Position: -2.49999 0 9.28272
Normal: -0 1 0
UV: 0.549127 0.474625

Position: -0 0 7.13087
Normal: -0 1 0
UV: 0.658293 0.384382

Position: -0 0 9.28272
Normal: -0 1 0
UV: 0.549127 0.384382

Position: -20 0 -10
Normal: -0 0 -1
UV: 0.324572 0.938978

Position: -17.5 0 -10
Normal: -0 0 -1
UV: 0.324572 0.938978

Position: -17.5 1.28649 -10
Normal: -0 0 -1
UV: 0.324572 0.938978

Position: -20 1.28649 -10
Normal: -0 0 -1
UV: 0.324572 0.938978

Position: -20 1.28649 -9.28272
Normal: -0 0 1
UV: 0.324572 0.938978

Position: -17.5 1.28649 -9.28272
Normal: 1.4826e-007 0 1
UV: 0.324572 0.938978

Position: -17.5 0 -9.28272
Normal: 1.4826e-007 0 1
UV: 0.324572 0.938978

Position: -20 0 -9.28272
Normal: -0 0 1
UV: 0.324572 0.938978

Position: -20 0 -10
Normal: -1 0 0
UV: 0.294899 0.936281

Position: -20 1.28649 -10
Normal: -1 0 0
UV: 0.294899 0.936281

Position: -20 0 -9.28272
Normal: -1 0 0
UV: 0.294899 0.936281

Position: -20 1.28649 -9.28272
Normal: -1 0 0
UV: 0.294899 0.936281

Position: -15 1.28649 -10
Normal: -0 0 -1
UV: 0.324572 0.938978

Position: -15 0 -10
Normal: -0 0 -1
UV: 0.324572 0.938978

Position: -15 1.28649 -9.28272
Normal: 1.4826e-007 0 1
UV: 0.324572 0.938978

Position: -15 0 -9.28272
Normal: 1.4826e-007 0 1
UV: 0.324572 0.938978

Position: -12.5 1.28649 -10
Normal: -0 0 -1
UV: 0.324572 0.938978

Position: -12.5 0 -10
Normal: -0 0 -1
UV: 0.324572 0.938978

Position: -12.5 1.28649 -9.28272
Normal: -0 0 1
UV: 0.324572 0.938978

Position: -12.5 0 -9.28272
Normal: -0 0 1
UV: 0.324572 0.938978

Position: -10 1.28649 -10
Normal: -0 0 -1
UV: 0.324572 0.938978

Position: -10 0 -10
Normal: -0 0 -1
UV: 0.324572 0.938978

Position: -10 1.28649 -9.28272
Normal: -0 0 1
UV: 0.324572 0.938978

Position: -10 0 -9.28272
Normal: -0 0 1
UV: 0.324572 0.938978

Position: -7.5 1.28649 -10
Normal: -0 0 -1
UV: 0.324572 0.938978

Position: -7.5 0 -10
Normal: -0 0 -1
UV: 0.324572 0.938978

Position: -7.5 1.28649 -9.28272
Normal: -0 0 1
UV: 0.324572 0.938978

Position: -7.5 0 -9.28272
Normal: -0 0 1
UV: 0.324572 0.938978

Position: -5 1.28649 -10
Normal: -0 0 -1
UV: 0.324572 0.938978

Position: -5 0 -10
Normal: -0 0 -1
UV: 0.324572 0.938978

Position: -5 1.28649 -9.28272
Normal: -0 0 1
UV: 0.324572 0.938978

Position: -5 0 -9.28272
Normal: -0 0 1
UV: 0.324572 0.938978

Position: -2.49999 1.28649 -10
Normal: -0 0 -1
UV: 0.324572 0.938978

Position: -2.49999 0 -10
Normal: -0 0 -1
UV: 0.324572 0.938978

Position: -2.49999 1.28649 -9.28272
Normal: -0 0 1
UV: 0.324572 0.938978

Position: -2.49999 0 -9.28272
Normal: -0 0 1
UV: 0.324572 0.938978

Position: -0 0 -10
Normal: -0 0 -1
UV: 0.324572 0.938978

Position: -0 1.28649 -10
Normal: -0 0 -1
UV: 0.324572 0.938978

Position: -0 1.28649 -9.28272
Normal: 1 0 0
UV: 0.294899 0.936281

Position: -0 0 -10
Normal: 1 0 0
UV: 0.294899 0.936281

Position: -0 0 -9.28272
Normal: 1 0 0
UV: 0.294899 0.936281

Position: -0 1.28649 -10
Normal: 1 0 0
UV: 0.294899 0.936281

Position: -0 1.28649 -9.28272
Normal: -0 0 1
UV: 0.324572 0.938978

Position: -0 0 -9.28272
Normal: -0 0 1
UV: 0.324572 0.938978

Position: -17.5 1.28649 10
Normal: -0 0 1
UV: 0.324572 0.938978

Position: -15 1.28649 10
Normal: -0 0 1
UV: 0.324572 0.938978

Position: -15 0 10
Normal: -0 0 1
UV: 0.324572 0.938978

Position: -17.5 0 10
Normal: -0 0 1
UV: 0.324572 0.938978

Position: -17.5 0 9.28272
Normal: -0 0 -1
UV: 0.324572 0.938978

Position: -15 0 9.28272
Normal: -0 0 -1
UV: 0.324572 0.938978

Position: -15 1.28649 9.28272
Normal: -0 0 -1
UV: 0.324572 0.938978

Position: -17.5 1.28649 9.28272
Normal: -0 0 -1
UV: 0.324572 0.938978

Position: -20 1.28649 10
Normal: -0 0 1
UV: 0.324572 0.938978

Position: -20 0 10
Normal: -0 0 1
UV: 0.324572 0.938978

Position: -20 0 9.28272
Normal: -1 0 0
UV: 0.294899 0.936281

Position: -20 1.28649 9.28272
Normal: -1 0 0
UV: 0.294899 0.936281

Position: -20 0 10
Normal: -1 0 0
UV: 0.294899 0.936281

Position: -20 1.28649 10
Normal: -1 0 0
UV: 0.294899 0.936281

Position: -20 0 9.28272
Normal: -0 0 -1
UV: 0.324572 0.938978

Position: -20 1.28649 9.28272
Normal: -0 0 -1
UV: 0.324572 0.938978

Position: -12.5 1.28649 10
Normal: -0 0 1
UV: 0.324572 0.938978

Position: -10 1.28649 10
Normal: -0 0 1
UV: 0.324572 0.938978

Position: -10 0 10
Normal: -0 0 1
UV: 0.324572 0.938978

Position: -12.5 0 10
Normal: -0 0 1
UV: 0.324572 0.938978

Position: -10 1.28649 9.28272
Normal: -0 0 -1
UV: 0.324572 0.938978

Position: -12.5 0 9.28272
Normal: -0 0 -1
UV: 0.324572 0.938978

Position: -10 0 9.28272
Normal: -0 0 -1
UV: 0.324572 0.938978

Position: -12.5 1.28649 9.28272
Normal: -0 0 -1
UV: 0.324572 0.938978

Position: -7.5 1.28649 10
Normal: -0 0 1
UV: 0.324572 0.938978

Position: -5 1.28649 10
Normal: -0 0 1
UV: 0.324572 0.938978

Position: -5 0 10
Normal: -0 0 1
UV: 0.324572 0.938978

Position: -7.5 0 10
Normal: -0 0 1
UV: 0.324572 0.938978

Position: -5 1.28649 9.28272
Normal: -0 0 -1
UV: 0.324572 0.938978

Position: -7.5 0 9.28272
Normal: -0 0 -1
UV: 0.324572 0.938978

Position: -5 0 9.28272
Normal: -0 0 -1
UV: 0.324572 0.938978

Position: -7.5 1.28649 9.28272
Normal: -0 0 -1
UV: 0.324572 0.938978

Position: -2.49999 1.28649 10
Normal: -0 0 1
UV: 0.324572 0.938978

Position: -0 1.28649 10
Normal: -0 0 1
UV: 0.324572 0.938978

Position: -0 0 10
Normal: -0 0 1
UV: 0.324572 0.938978

Position: -2.49999 0 10
Normal: -0 0 1
UV: 0.324572 0.938978

Position: -2.49999 0 9.28272
Normal: -0 0 -1
UV: 0.324572 0.938978

Position: -0 0 9.28272
Normal: -0 0 -1
UV: 0.324572 0.938978

Position: -0 1.28649 9.28272
Normal: -0 0 -1
UV: 0.324572 0.938978

Position: -2.49999 1.28649 9.28272
Normal: -0 0 -1
UV: 0.324572 0.938978

Position: -0 1.28649 10
Normal: 1 0 0
UV: 0.294899 0.936281

Position: -0 0 9.28272
Normal: 1 0 0
UV: 0.294899 0.936281

Position: -0 0 10
Normal: 1 0 0
UV: 0.294899 0.936281

Position: -0 1.28649 9.28272
Normal: 1 0 0
UV: 0.294899 0.936281

Position: -20 -1.02741 -10
Normal: -0 0 -1
UV: 0.279195 0.943352

Position: -17.5 -1.02741 -10
Normal: -0 0 -1
UV: 0.279195 0.943352

Position: -17.5 0 -10
Normal: -0 0 -1
UV: 0.279195 0.943352

Position: -20 0 -10
Normal: -0 0 -1
UV: 0.279195 0.943352

Position: -15 -1.02741 -10
Normal: -0 0 -1
UV: 0.279195 0.943352

Position: -15 0 -10
Normal: -0 0 -1
UV: 0.279195 0.943352

Position: -17.5 0 10
Normal: -0 0 1
UV: 0.279195 0.943352

Position: -15 0 10
Normal: -0 0 1
UV: 0.279195 0.943352

Position: -15 -1.02741 10
Normal: -0 0 1
UV: 0.279195 0.943352

Position: -17.5 -1.02741 10
Normal: -0 0 1
UV: 0.279195 0.943352

Position: -20 0 10
Normal: -0 0 1
UV: 0.279195 0.943352

Position: -20 -1.02741 10
Normal: -0 0 1
UV: 0.279195 0.943352

Position: -12.5 -1.02741 -10
Normal: -0 0 -1
UV: 0.279195 0.943352

Position: -12.5 0 -10
Normal: -0 0 -1
UV: 0.279195 0.943352

Position: -10 -1.02741 -10
Normal: -0 0 -1
UV: 0.279195 0.943352

Position: -10 0 -10
Normal: -0 0 -1
UV: 0.279195 0.943352

Position: -12.5 0 10
Normal: -0 0 1
UV: 0.279195 0.943352

Position: -10 0 10
Normal: -0 0 1
UV: 0.279195 0.943352

Position: -10 -1.02741 10
Normal: -0 0 1
UV: 0.279195 0.943352

Position: -12.5 -1.02741 10
Normal: -0 0 1
UV: 0.279195 0.943352

Position: -7.5 -1.02741 -10
Normal: -0 0 -1
UV: 0.279195 0.943352

Position: -7.5 0 -10
Normal: -0 0 -1
UV: 0.279195 0.943352

Position: -5 -1.02741 -10
Normal: -0 0 -1
UV: 0.279195 0.943352

Position: -5 0 -10
Normal: -0 0 -1
UV: 0.279195 0.943352

Position: -7.5 0 10
Normal: -0 0 1
UV: 0.279195 0.943352

Position: -5 0 10
Normal: -0 0 1
UV: 0.279195 0.943352

Position: -5 -1.02741 10
Normal: -0 0 1
UV: 0.279195 0.943352

Position: -7.5 -1.02741 10
Normal: -0 0 1
UV: 0.279195 0.943352

Position: -2.49999 -1.02741 -10
Normal: -0 0 -1
UV: 0.279195 0.943352

Position: -2.49999 0 -10
Normal: -0 0 -1
UV: 0.279195 0.943352

Position: -0 -1.02741 -10
Normal: -0 0 -1
UV: 0.279195 0.943352

Position: -0 0 -10
Normal: -0 0 -1
UV: 0.279195 0.943352

Position: -0 -1.02741 10
Normal: -0 0 1
UV: 0.279195 0.943352

Position: -2.49999 0 10
Normal: -0 0 1
UV: 0.279195 0.943352

Position: -0 0 10
Normal: -0 0 1
UV: 0.279195 0.943352

Position: -2.49999 -1.02741 10
Normal: -0 0 1
UV: 0.279195 0.943352

Position: -4.45428 4.27791 9.89965
Normal: 2.75422e-007 0 1
UV: 0.204639 0.826242

Position: -15.2884 3.76458 9.89965
Normal: -2.16664e-007 0 1
UV: 0.204639 0.826242

Position: -15.5457 4.27791 9.89965
Normal: -2.75422e-007 0 1
UV: 0.204639 0.826242

Position: -4.71154 3.76458 9.89965
Normal: 2.16664e-007 0 1
UV: 0.204639 0.826242

Position: -4.45428 4.27791 9.89965
Normal: -0 1 0
UV: 0.266581 0.82222

Position: -15.5457 4.27791 9.89965
Normal: -0 1 0
UV: 0.266581 0.82222

Position: -15.5457 4.27791 9.36658
Normal: -0 1 0
UV: 0.266581 0.82222

Position: -4.45428 4.27791 9.36658
Normal: -0 1 0
UV: 0.266581 0.82222

Position: -4.45428 4.27791 9.36658
Normal: 2.75422e-007 0 -1
UV: 0.204639 0.826242

Position: -15.5457 4.27791 9.36658
Normal: -2.75422e-007 0 -1
UV: 0.204639 0.826242

Position: -15.2884 3.76458 9.36658
Normal: -2.16664e-007 0 -1
UV: 0.204639 0.826242

Position: -4.71154 3.76458 9.36658
Normal: 2.16664e-007 0 -1
UV: 0.204639 0.826242

Position: -15.2884 3.76458 9.89965
Normal: -0 -1 0
UV: 0.141893 0.82222

Position: -4.71154 3.76458 9.89965
Normal: -0 -1 0
UV: 0.141893 0.82222

Position: -4.71154 3.76458 9.36658
Normal: -0 -1 0
UV: 0.141893 0.82222

Position: -15.2884 3.76458 9.36658
Normal: -0 -1 0
UV: 0.141893 0.82222

Position: -19.306 1.28649 9.89965
Normal: -0 -1 0
UV: 0.204639 0.826242

Position: -18.4482 1.28649 9.89965
Normal: -0 -1 0
UV: 0.204639 0.826242

Position: -19.306 1.28649 9.36658
Normal: -0 -1 0
UV: 0.204639 0.826242

Position: -18.4482 1.28649 9.36658
Normal: -0 -1 0
UV: 0.204639 0.826242

Position: -0.694029 1.28649 9.89965
Normal: -0 -1 0
UV: 0.204639 0.826242

Position: -1.55173 1.28649 9.36658
Normal: -0 -1 0
UV: 0.204639 0.826242

Position: -1.55173 1.28649 9.89965
Normal: -0 -1 0
UV: 0.204639 0.826242

Position: -0.694029 1.28649 9.36658
Normal: -0 -1 0
UV: 0.204639 0.826242

Position: -15.2884 3.76458 9.36658
Normal: 0.617112 -0.786876 0
UV: 0.141893 0.82222

Position: -18.4482 1.28649 9.36658
Normal: 0.617112 -0.786876 0
UV: 0.141893 0.82222

Position: -15.2884 3.76458 9.89965
Normal: 0.617112 -0.786876 0
UV: 0.141893 0.82222

Position: -18.4482 1.28649 9.89965
Normal: 0.617112 -0.786876 0
UV: 0.141893 0.82222

Position: -18.4482 1.28649 9.36658
Normal: -7.90566e-007 0 -1
UV: 0.204639 0.826242

Position: -19.306 1.28649 9.36658
Normal: -7.90566e-007 0 -1
UV: 0.204639 0.826242

Position: -19.306 1.28649 9.89965
Normal: -0.622563 0.78257 0
UV: 0.234403 0.823829

Position: -15.5457 4.27791 9.36658
Normal: -0.622563 0.78257 0
UV: 0.234403 0.823829

Position: -15.5457 4.27791 9.89965
Normal: -0.622563 0.78257 0
UV: 0.234403 0.823829

Position: -19.306 1.28649 9.36658
Normal: -0.622563 0.78257 0
UV: 0.234403 0.823829

Position: -19.306 1.28649 9.89965
Normal: -7.90566e-007 0 1
UV: 0.204639 0.826242

Position: -18.4482 1.28649 9.89965
Normal: -7.90566e-007 0 1
UV: 0.204639 0.826242

Position: -1.55173 1.28649 9.89965
Normal: -0.617112 -0.786876 0
UV: 0.141893 0.82222

Position: -4.71154 3.76458 9.36658
Normal: -0.617112 -0.786876 0
UV: 0.141893 0.82222

Position: -4.71154 3.76458 9.89965
Normal: -0.617112 -0.786876 0
UV: 0.141893 0.82222

Position: -1.55173 1.28649 9.36658
Normal: -0.617112 -0.786876 0
UV: 0.141893 0.82222

Position: -1.55173 1.28649 9.89965
Normal: 7.90566e-007 0 1
UV: 0.204639 0.826242

Position: -0.694029 1.28649 9.89965
Normal: 7.90566e-007 0 1
UV: 0.204639 0.826242

Position: -4.45428 4.27791 9.36658
Normal: 0.622563 0.78257 0
UV: 0.234403 0.823829

Position: -0.694029 1.28649 9.36658
Normal: 0.622563 0.78257 0
UV: 0.234403 0.823829

Position: -4.45428 4.27791 9.89965
Normal: 0.622563 0.78257 0
UV: 0.234403 0.823829

Position: -0.694029 1.28649 9.89965
Normal: 0.622563 0.78257 0
UV: 0.234403 0.823829

Position: -1.55173 1.28649 9.36658
Normal: 7.90566e-007 0 -1
UV: 0.204639 0.826242

Position: -0.694029 1.28649 9.36658
Normal: 7.90566e-007 0 -1
UV: 0.204639 0.826242

Position: -14.9144 3.76458 9.80874
Normal: -0 0 1
UV: 0.166831 0.823828

Position: -14.9144 1.28649 9.80874
Normal: -0 0 1
UV: 0.166831 0.823828

Position: -15.2125 3.76458 9.80874
Normal: -0 0 1
UV: 0.166831 0.823828

Position: -15.2125 1.28649 9.80874
Normal: -0 0 1
UV: 0.166831 0.823828

Position: -14.9144 1.28649 9.51057
Normal: -0 0 -1
UV: 0.166831 0.823828

Position: -14.9144 3.76458 9.51057
Normal: -0 0 -1
UV: 0.166831 0.823828

Position: -15.2125 1.28649 9.51057
Normal: -0 0 -1
UV: 0.166831 0.823828

Position: -15.2125 3.76458 9.51057
Normal: -0 0 -1
UV: 0.166831 0.823828

Position: -15.2125 1.28649 9.51057
Normal: -1 0 0
UV: 0.137871 0.82222

Position: -15.2125 3.76458 9.51057
Normal: -1 0 0
UV: 0.137871 0.82222

Position: -15.2125 1.28649 9.80874
Normal: -1 0 0
UV: 0.137871 0.82222

Position: -15.2125 3.76458 9.80874
Normal: -1 0 0
UV: 0.137871 0.82222

Position: -14.9144 3.76458 9.80874
Normal: 1 0 0
UV: 0.137871 0.82222

Position: -14.9144 1.28649 9.51057
Normal: 1 0 0
UV: 0.137871 0.82222

Position: -14.9144 1.28649 9.80874
Normal: 1 0 0
UV: 0.137871 0.82222

Position: -14.9144 3.76458 9.51057
Normal: 1 0 0
UV: 0.137871 0.82222

Position: -4.79032 3.76458 9.80874
Normal: -0 0 1
UV: 0.166831 0.823828

Position: -4.79032 1.28649 9.80874
Normal: -0 0 1
UV: 0.166831 0.823828

Position: -5.08849 3.76458 9.80874
Normal: -0 0 1
UV: 0.166831 0.823828

Position: -5.08849 1.28649 9.80874
Normal: -0 0 1
UV: 0.166831 0.823828

Position: -4.79032 1.28649 9.51057
Normal: -0 0 -1
UV: 0.166831 0.823828

Position: -4.79032 3.76458 9.51057
Normal: -0 0 -1
UV: 0.166831 0.823828

Position: -5.08849 1.28649 9.51057
Normal: -0 0 -1
UV: 0.166831 0.823828

Position: -5.08849 3.76458 9.51057
Normal: -0 0 -1
UV: 0.166831 0.823828

Position: -5.08849 1.28649 9.51057
Normal: -1 0 0
UV: 0.137871 0.82222

Position: -5.08849 3.76458 9.51057
Normal: -1 0 0
UV: 0.137871 0.82222

Position: -5.08849 1.28649 9.80874
Normal: -1 0 0
UV: 0.137871 0.82222

Position: -5.08849 3.76458 9.80874
Normal: -1 0 0
UV: 0.137871 0.82222

Position: -4.79032 3.76458 9.80874
Normal: 1 0 0
UV: 0.137871 0.82222

Position: -4.79032 1.28649 9.51057
Normal: 1 0 0
UV: 0.137871 0.82222

Position: -4.79032 1.28649 9.80874
Normal: 1 0 0
UV: 0.137871 0.82222

Position: -4.79032 3.76458 9.51057
Normal: 1 0 0
UV: 0.137871 0.82222

Position: -9.80138 3.76458 9.80874
Normal: -0 0 1
UV: 0.166831 0.823828

Position: -9.80138 1.28649 9.80874
Normal: -0 0 1
UV: 0.166831 0.823828

Position: -10.0996 3.76458 9.80874
Normal: -0 0 1
UV: 0.166831 0.823828

Position: -10.0996 1.28649 9.80874
Normal: -0 0 1
UV: 0.166831 0.823828

Position: -9.80138 1.28649 9.51057
Normal: -0 0 -1
UV: 0.166831 0.823828

Position: -9.80138 3.76458 9.51057
Normal: -0 0 -1
UV: 0.166831 0.823828

Position: -10.0996 1.28649 9.51057
Normal: -0 0 -1
UV: 0.166831 0.823828

Position: -10.0996 3.76458 9.51057
Normal: -0 0 -1
UV: 0.166831 0.823828

Position: -10.0996 1.28649 9.51057
Normal: -1 0 0
UV: 0.166831 0.823828

Position: -10.0996 3.76458 9.51057
Normal: -1 0 0
UV: 0.166831 0.823828

Position: -10.0996 1.28649 9.80874
Normal: -1 0 0
UV: 0.166831 0.823828

Position: -10.0996 3.76458 9.80874
Normal: -1 0 0
UV: 0.166831 0.823828

Position: -9.80138 3.76458 9.80874
Normal: 1 0 0
UV: 0.137871 0.82222

Position: -9.80138 1.28649 9.51057
Normal: 1 0 0
UV: 0.137871 0.82222

Position: -9.80138 1.28649 9.80874
Normal: 1 0 0
UV: 0.137871 0.82222

Position: -9.80138 3.76458 9.51057
Normal: 1 0 0
UV: 0.137871 0.82222

Position: -4.45428 4.27791 -9.37633
Normal: -0 0 1
UV: 0.204639 0.826242

Position: -15.2884 3.76458 -9.37633
Normal: -0 0 1
UV: 0.204639 0.826242

Position: -15.5457 4.27791 -9.37633
Normal: -0 0 1
UV: 0.204639 0.826242

Position: -4.71154 3.76458 -9.37633
Normal: -0 0 1
UV: 0.204639 0.826242

Position: -4.45428 4.27791 -9.37633
Normal: -0 1 0
UV: 0.266581 0.82222

Position: -15.5457 4.27791 -9.37633
Normal: -0 1 0
UV: 0.266581 0.82222

Position: -15.5457 4.27791 -9.9094
Normal: -0 1 0
UV: 0.266581 0.82222

Position: -4.45428 4.27791 -9.9094
Normal: -0 1 0
UV: 0.266581 0.82222

Position: -4.45428 4.27791 -9.9094
Normal: -0 0 -1
UV: 0.204639 0.826242

Position: -15.5457 4.27791 -9.9094
Normal: -0 0 -1
UV: 0.204639 0.826242

Position: -15.2884 3.76458 -9.9094
Normal: -0 0 -1
UV: 0.204639 0.826242

Position: -4.71154 3.76458 -9.9094
Normal: -0 0 -1
UV: 0.204639 0.826242

Position: -15.2884 3.76458 -9.37633
Normal: -0 -1 0
UV: 0.141893 0.82222

Position: -4.71154 3.76458 -9.37633
Normal: -0 -1 0
UV: 0.141893 0.82222

Position: -4.71154 3.76458 -9.9094
Normal: -0 -1 0
UV: 0.141893 0.82222

Position: -15.2884 3.76458 -9.9094
Normal: -0 -1 0
UV: 0.141893 0.82222

Position: -19.306 1.28649 -9.37633
Normal: -0 -1 0
UV: 0.204639 0.826242

Position: -18.4482 1.28649 -9.37633
Normal: -0 -1 0
UV: 0.204639 0.826242

Position: -19.306 1.28649 -9.9094
Normal: -0 -1 0
UV: 0.204639 0.826242

Position: -18.4482 1.28649 -9.9094
Normal: -0 -1 0
UV: 0.204639 0.826242

Position: -0.694029 1.28649 -9.37633
Normal: -0 -1 0
UV: 0.204639 0.826242

Position: -1.55173 1.28649 -9.9094
Normal: -0 -1 0
UV: 0.204639 0.826242

Position: -1.55173 1.28649 -9.37633
Normal: -0 -1 0
UV: 0.204639 0.826242

Position: -0.694029 1.28649 -9.9094
Normal: -0 -1 0
UV: 0.204639 0.826242

Position: -15.2884 3.76458 -9.9094
Normal: 0.617112 -0.786876 0
UV: 0.141893 0.82222

Position: -18.4482 1.28649 -9.9094
Normal: 0.617112 -0.786876 0
UV: 0.141893 0.82222

Position: -15.2884 3.76458 -9.37633
Normal: 0.617112 -0.786876 0
UV: 0.141893 0.82222

Position: -18.4482 1.28649 -9.37633
Normal: 0.617112 -0.786876 0
UV: 0.141893 0.82222

Position: -18.4482 1.28649 -9.9094
Normal: -0 0 -1
UV: 0.204639 0.826242

Position: -19.306 1.28649 -9.9094
Normal: -0 0 -1
UV: 0.204639 0.826242

Position: -19.306 1.28649 -9.37633
Normal: -0.622563 0.782569 0
UV: 0.234403 0.823829

Position: -15.5457 4.27791 -9.9094
Normal: -0.622563 0.782569 0
UV: 0.234403 0.823829

Position: -15.5457 4.27791 -9.37633
Normal: -0.622563 0.782569 0
UV: 0.234403 0.823829

Position: -19.306 1.28649 -9.9094
Normal: -0.622563 0.782569 0
UV: 0.234403 0.823829

Position: -19.306 1.28649 -9.37633
Normal: -0 0 1
UV: 0.204639 0.826242

Position: -18.4482 1.28649 -9.37633
Normal: -0 0 1
UV: 0.204639 0.826242

Position: -1.55173 1.28649 -9.37633
Normal: -0.617112 -0.786876 0
UV: 0.141893 0.82222

Position: -4.71154 3.76458 -9.9094
Normal: -0.617112 -0.786876 0
UV: 0.141893 0.82222

Position: -4.71154 3.76458 -9.37633
Normal: -0.617112 -0.786876 0
UV: 0.141893 0.82222

Position: -1.55173 1.28649 -9.9094
Normal: -0.617112 -0.786876 0
UV: 0.141893 0.82222

Position: -1.55173 1.28649 -9.37633
Normal: -0 0 1
UV: 0.204639 0.826242

Position: -0.694029 1.28649 -9.37633
Normal: -0 0 1
UV: 0.204639 0.826242

Position: -4.45428 4.27791 -9.9094
Normal: 0.622563 0.782569 0
UV: 0.234403 0.823829

Position: -0.694029 1.28649 -9.9094
Normal: 0.622563 0.782569 0
UV: 0.234403 0.823829

Position: -4.45428 4.27791 -9.37633
Normal: 0.622563 0.782569 0
UV: 0.234403 0.823829

Position: -0.694029 1.28649 -9.37633
Normal: 0.622563 0.782569 0
UV: 0.234403 0.823829

Position: -1.55173 1.28649 -9.9094
Normal: -0 0 -1
UV: 0.204639 0.826242

Position: -0.694029 1.28649 -9.9094
Normal: -0 0 -1
UV: 0.204639 0.826242

Position: -14.9144 3.76458 -9.46724
Normal: -0 0 1
UV: 0.166831 0.823828

Position: -14.9144 1.28649 -9.46724
Normal: -0 0 1
UV: 0.166831 0.823828

Position: -15.2125 3.76458 -9.46724
Normal: -0 0 1
UV: 0.166831 0.823828

Position: -15.2125 1.28649 -9.46724
Normal: -0 0 1
UV: 0.166831 0.823828

Position: -14.9144 1.28649 -9.76541
Normal: -0 0 -1
UV: 0.166831 0.823828

Position: -14.9144 3.76458 -9.76541
Normal: -0 0 -1
UV: 0.166831 0.823828

Position: -15.2125 1.28649 -9.76541
Normal: -0 0 -1
UV: 0.166831 0.823828

Position: -15.2125 3.76458 -9.76541
Normal: -0 0 -1
UV: 0.166831 0.823828

Position: -15.2125 1.28649 -9.76541
Normal: -1 0 0
UV: 0.137871 0.82222

Position: -15.2125 3.76458 -9.76541
Normal: -1 0 0
UV: 0.137871 0.82222

Position: -15.2125 1.28649 -9.46724
Normal: -1 0 0
UV: 0.137871 0.82222

Position: -15.2125 3.76458 -9.46724
Normal: -1 0 0
UV: 0.137871 0.82222

Position: -14.9144 3.76458 -9.46724
Normal: 1 0 0
UV: 0.137871 0.82222

Position: -14.9144 1.28649 -9.76541
Normal: 1 0 0
UV: 0.137871 0.82222

Position: -14.9144 1.28649 -9.46724
Normal: 1 0 0
UV: 0.137871 0.82222

Position: -14.9144 3.76458 -9.76541
Normal: 1 0 0
UV: 0.137871 0.82222

Position: -4.79032 3.76458 -9.46724
Normal: -0 0 1
UV: 0.166831 0.823828

Position: -4.79032 1.28649 -9.46724
Normal: -0 0 1
UV: 0.166831 0.823828

Position: -5.08849 3.76458 -9.46724
Normal: -0 0 1
UV: 0.166831 0.823828

Position: -5.08849 1.28649 -9.46724
Normal: -0 0 1
UV: 0.166831 0.823828

Position: -4.79032 1.28649 -9.76541
Normal: -0 0 -1
UV: 0.166831 0.823828

Position: -4.79032 3.76458 -9.76541
Normal: -0 0 -1
UV: 0.166831 0.823828

Position: -5.08849 1.28649 -9.76541
Normal: -0 0 -1
UV: 0.166831 0.823828

Position: -5.08849 3.76458 -9.76541
Normal: -0 0 -1
UV: 0.166831 0.823828

Position: -5.08849 1.28649 -9.76541
Normal: -1 0 0
UV: 0.137871 0.82222

Position: -5.08849 3.76458 -9.76541
Normal: -1 0 0
UV: 0.137871 0.82222

Position: -5.08849 1.28649 -9.46724
Normal: -1 0 0
UV: 0.137871 0.82222

Position: -5.08849 3.76458 -9.46724
Normal: -1 0 0
UV: 0.137871 0.82222

Position: -4.79032 3.76458 -9.46724
Normal: 1 0 0
UV: 0.137871 0.82222

Position: -4.79032 1.28649 -9.76541
Normal: 1 0 0
UV: 0.137871 0.82222

Position: -4.79032 1.28649 -9.46724
Normal: 1 0 0
UV: 0.137871 0.82222

Position: -4.79032 3.76458 -9.76541
Normal: 1 0 0
UV: 0.137871 0.82222

Position: -9.80138 3.76458 -9.46724
Normal: -0 0 1
UV: 0.166831 0.823828

Position: -9.80138 1.28649 -9.46724
Normal: -0 0 1
UV: 0.166831 0.823828

Position: -10.0996 3.76458 -9.46724
Normal: -0 0 1
UV: 0.166831 0.823828

Position: -10.0996 1.28649 -9.46724
Normal: -0 0 1
UV: 0.166831 0.823828

Position: -9.80138 1.28649 -9.76541
Normal: -0 0 -1
UV: 0.166831 0.823828

Position: -9.80138 3.76458 -9.76541
Normal: -0 0 -1
UV: 0.166831 0.823828

Position: -10.0996 1.28649 -9.76541
Normal: -0 0 -1
UV: 0.166831 0.823828

Position: -10.0996 3.76458 -9.76541
Normal: -0 0 -1
UV: 0.166831 0.823828

Position: -10.0996 1.28649 -9.76541
Normal: -1 0 0
UV: 0.166831 0.823828

Position: -10.0996 3.76458 -9.76541
Normal: -1 0 0
UV: 0.166831 0.823828

Position: -10.0996 1.28649 -9.46724
Normal: -1 0 0
UV: 0.166831 0.823828

Position: -10.0996 3.76458 -9.46724
Normal: -1 0 0
UV: 0.166831 0.823828

Position: -9.80138 3.76458 -9.46724
Normal: 1 0 0
UV: 0.137871 0.82222

Position: -9.80138 1.28649 -9.76541
Normal: 1 0 0
UV: 0.137871 0.82222

Position: -9.80138 1.28649 -9.46724
Normal: 1 0 0
UV: 0.137871 0.82222

Position: -9.80138 3.76458 -9.76541
Normal: 1 0 0
UV: 0.137871 0.82222

Position: -11.9444 -2.37422 10.3461
Normal: 1 0 0
UV: 0.227505 0.936376

Position: -11.9444 -3.02367 -10.3461
Normal: 1 0 0
UV: 0.227505 0.936376

Position: -11.9444 -3.02367 10.3461
Normal: 1 0 0
UV: 0.227505 0.936376

Position: -11.9444 -2.37422 -10.3461
Normal: 1 0 0
UV: 0.227505 0.936376

Position: -14.8695 -3.02367 10.3461
Normal: -1 0 0
UV: 0.227505 0.936376

Position: -14.8695 -2.37422 -10.3461
Normal: -1 0 0
UV: 0.227505 0.936376

Position: -14.8695 -2.37422 10.3461
Normal: -1 0 0
UV: 0.227505 0.936376

Position: -14.8695 -3.02367 -10.3461
Normal: -1 0 0
UV: 0.227505 0.936376

Position: -14.8695 -2.37422 10.3461
Normal: -0 0 1
UV: 0.260024 0.939204

Position: -11.9444 -2.37422 10.3461
Normal: -0 0 1
UV: 0.260024 0.939204

Position: -11.9444 -3.02367 10.3461
Normal: -0 0 1
UV: 0.260024 0.939204

Position: -14.8695 -3.02367 10.3461
Normal: -0 0 1
UV: 0.260024 0.939204

Position: -11.9444 -2.37422 -10.3461
Normal: -0 0 -1
UV: 0.260024 0.939204

Position: -14.8695 -3.02367 -10.3461
Normal: -0 0 -1
UV: 0.260024 0.939204

Position: -11.9444 -3.02367 -10.3461
Normal: -0 0 -1
UV: 0.260024 0.939204

Position: -14.8695 -2.37422 -10.3461
Normal: -0 0 -1
UV: 0.260024 0.939204

Position: -11.9444 -2.37422 -10.3461
Normal: -0 1 9.42087e-009
UV: 0.324355 0.936376

Position: -11.9444 -2.37422 10.3461
Normal: -0 1 0
UV: 0.324355 0.936376

Position: -12.5568 -2.37422 9.68478
Normal: -0 1 0
UV: 0.324355 0.936376

Position: -12.5568 -2.37422 -9.68472
Normal: -0 1 8.39291e-009
UV: 0.324355 0.936376

Position: -14.8695 -2.37422 10.3461
Normal: -0 1 0
UV: 0.324355 0.936376

Position: -14.2571 -2.37422 9.68478
Normal: -0 1 0
UV: 0.324355 0.936376

Position: -14.8695 -2.37422 -10.3461
Normal: -0 1 9.42091e-009
UV: 0.324355 0.936376

Position: -14.2571 -2.37422 -9.68472
Normal: -0 1 8.39292e-009
UV: 0.324355 0.936376

Position: -12.5568 -0.484271 9.68478
Normal: 1 0 0
UV: 0.227505 0.936376

Position: -12.5568 -2.37422 -9.68472
Normal: 1 0 0
UV: 0.227505 0.936376

Position: -12.5568 -2.37422 9.68478
Normal: 1 0 0
UV: 0.227505 0.936376

Position: -12.5568 -0.484271 -9.68472
Normal: 1 0 0
UV: 0.227505 0.936376

Position: -14.2571 -0.484271 9.68478
Normal: -0 0 1
UV: 0.260024 0.939204

Position: -12.5568 -0.484271 9.68478
Normal: -0 0 1
UV: 0.260024 0.939204

Position: -12.5568 -2.37422 9.68478
Normal: -0 0 1
UV: 0.260024 0.939204

Position: -14.2571 -2.37422 9.68478
Normal: -0 0 1
UV: 0.260024 0.939204

Position: -14.2571 -0.484271 -9.68472
Normal: -1 0 0
UV: 0.227505 0.936376

Position: -14.2571 -0.484271 9.68478
Normal: -1 0 0
UV: 0.227505 0.936376

Position: -14.2571 -2.37422 9.68478
Normal: -1 0 0
UV: 0.227505 0.936376

Position: -14.2571 -2.37422 -9.68472
Normal: -1 0 0
UV: 0.227505 0.936376

Position: -12.5568 -2.37422 -9.68472
Normal: -0 0 -1
UV: 0.260024 0.939204

Position: -12.5568 -0.484271 -9.68472
Normal: -0 0 -1
UV: 0.260024 0.939204

Position: -14.2571 -2.37422 -9.68472
Normal: -0 0 -1
UV: 0.260024 0.939204

Position: -14.2571 -0.484271 -9.68472
Normal: -0 0 -1
UV: 0.260024 0.939204

Position: -5.15672 -2.37422 10.3461
Normal: 1 0 0
UV: 0.227505 0.936376

Position: -5.15672 -3.02367 -10.3461
Normal: 1 0 0
UV: 0.227505 0.936376

Position: -5.15672 -3.02367 10.3461
Normal: 1 0 0
UV: 0.227505 0.936376

Position: -5.15672 -2.37422 -10.3461
Normal: 1 0 0
UV: 0.227505 0.936376

Position: -8.08191 -3.02367 10.3461
Normal: -1 0 0
UV: 0.227505 0.936376

Position: -8.08191 -2.37422 -10.3461
Normal: -1 0 0
UV: 0.227505 0.936376

Position: -8.08191 -2.37422 10.3461
Normal: -1 0 0
UV: 0.227505 0.936376

Position: -8.08191 -3.02367 -10.3461
Normal: -1 0 0
UV: 0.227505 0.936376

Position: -8.08191 -2.37422 10.3461
Normal: -0 0 1
UV: 0.260024 0.939204

Position: -5.15672 -2.37422 10.3461
Normal: -0 0 1
UV: 0.260024 0.939204

Position: -5.15672 -3.02367 10.3461
Normal: -0 0 1
UV: 0.260024 0.939204

Position: -8.08191 -3.02367 10.3461
Normal: -0 0 1
UV: 0.260024 0.939204

Position: -8.08191 -3.02367 -10.3461
Normal: -0 0 -1
UV: 0.260024 0.939204

Position: -5.15672 -3.02367 -10.3461
Normal: -0 0 -1
UV: 0.260024 0.939204

Position: -5.15672 -2.37422 -10.3461
Normal: -0 0 -1
UV: 0.260024 0.939204

Position: -8.08191 -2.37422 -10.3461
Normal: -0 0 -1
UV: 0.260024 0.939204

Position: -5.15672 -2.37422 -10.3461
Normal: -0 1 0
UV: 0.324355 0.936376

Position: -5.15672 -2.37422 10.3461
Normal: -0 1 -9.42092e-009
UV: 0.324355 0.936376

Position: -5.76915 -2.37422 9.68478
Normal: -0 1 -8.39293e-009
UV: 0.324355 0.936376

Position: -5.76915 -2.37422 -9.68472
Normal: -0 1 0
UV: 0.324355 0.936376

Position: -8.08191 -2.37422 10.3461
Normal: -0 1 -9.42089e-009
UV: 0.324355 0.936376

Position: -7.46947 -2.37422 9.68478
Normal: -0 1 -8.39292e-009
UV: 0.324355 0.936376

Position: -8.08191 -2.37422 -10.3461
Normal: -0 1 0
UV: 0.324355 0.936376

Position: -7.46947 -2.37422 -9.68472
Normal: -0 1 0
UV: 0.324355 0.936376

Position: -5.76915 -0.484271 9.68478
Normal: 1 0 0
UV: 0.227505 0.936376

Position: -5.76915 -2.37422 -9.68472
Normal: 1 0 0
UV: 0.227505 0.936376

Position: -5.76915 -2.37422 9.68478
Normal: 1 0 0
UV: 0.227505 0.936376

Position: -5.76915 -0.484271 -9.68472
Normal: 1 0 0
UV: 0.227505 0.936376

Position: -7.46947 -0.484271 9.68478
Normal: -0 0 1
UV: 0.260024 0.939204

Position: -5.76915 -0.484271 9.68478
Normal: -0 0 1
UV: 0.260024 0.939204

Position: -5.76915 -2.37422 9.68478
Normal: -0 0 1
UV: 0.260024 0.939204

Position: -7.46947 -2.37422 9.68478
Normal: -0 0 1
UV: 0.260024 0.939204

Position: -7.46947 -0.484271 -9.68472
Normal: -1 0 0
UV: 0.227505 0.936376

Position: -7.46947 -0.484271 9.68478
Normal: -1 0 0
UV: 0.227505 0.936376

Position: -7.46947 -2.37422 9.68478
Normal: -1 0 0
UV: 0.227505 0.936376

Position: -7.46947 -2.37422 -9.68472
Normal: -1 0 0
UV: 0.227505 0.936376

Position: -5.76915 -0.484271 -9.68472
Normal: -0 0 -1
UV: 0.260024 0.939204

Position: -7.46947 -2.37422 -9.68472
Normal: -0 0 -1
UV: 0.260024 0.939204

Position: -5.76915 -2.37422 -9.68472
Normal: -0 0 -1
UV: 0.260024 0.939204

Position: -7.46947 -0.484271 -9.68472
Normal: -0 0 -1
UV: 0.260024 0.939204


[INDEX_DATA]
0 2 1
3 5 4
5 6 4
7 9 8
9 10 8
11 13 12
11 14 13
15 17 16
17 18 16
19 14 11
19 20 14
21 22 7
22 9 7
18 23 16
23 24 16
25 27 26
2 26 27
2 27 1
0 28 2
29 26 30
29 25 26
29 32 31
33 35 34
35 36 34
37 39 38
39 40 38
41 43 42
42 44 41
45 47 46
47 48 46
49 50 43
43 41 49
51 52 37
52 39 37
48 53 46
53 54 46
55 57 56
32 56 57
32 57 31
29 30 32
0 56 28
0 55 56
29 58 25
59 61 60
61 62 60
63 64 21
64 22 21
65 20 19
65 66 20
24 23 67
23 68 67
69 66 65
69 70 66
71 72 63
72 64 63
68 73 67
73 74 67
75 77 76
58 76 77
58 77 25
29 78 58
79 76 80
79 75 76
79 82 81
83 85 84
85 86 84
87 89 88
89 90 88
91 93 92
91 94 93
95 97 96
97 98 96
44 42 92
92 93 44
38 40 87
40 89 87
98 47 96
47 45 96
31 100 99
82 99 100
82 100 81
79 80 82
29 99 78
29 31 99
79 101 75
102 104 103
104 105 103
106 107 71
107 72 71
108 70 69
108 109 70
74 73 110
73 111 110
112 109 108
112 113 109
114 115 106
115 107 106
111 116 110
116 117 110
118 120 119
101 119 120
101 120 75
79 121 101
122 119 123
122 118 119
122 125 124
126 128 127
128 129 127
130 132 131
132 133 131
134 136 135
135 137 134
138 140 139
140 141 139
91 134 137
137 94 91
88 90 130
90 132 130
141 97 139
97 95 139
81 143 142
125 142 143
125 143 124
122 123 125
79 142 121
79 81 142
122 144 118
145 147 146
147 148 146
149 150 114
150 115 114
151 113 112
151 152 113
117 116 153
116 154 153
155 152 151
155 156 152
157 158 149
158 150 149
154 159 153
159 160 153
161 163 162
144 162 163
144 163 118
122 164 144
165 162 166
165 161 162
165 168 167
169 171 170
171 172 170
173 175 174
175 176 174
177 179 178
177 180 179
181 183 182
183 184 182
135 136 178
178 179 135
131 133 173
133 175 173
184 140 182
140 138 182
124 186 185
168 185 186
168 186 167
165 166 168
122 185 164
122 124 185
187 189 188
188 189 190
188 190 191
191 190 192
191 192 193
193 192 194
193 194 195
195 194 196
195 196 197
197 196 198
197 198 199
199 198 200
199 200 201
201 200 202
201 202 203
203 202 204
205 207 206
206 208 205
207 209 206
209 210 206
209 212 211
211 210 209
212 213 211
213 214 211
215 216 214
214 213 215
215 217 216
217 218 216
217 220 219
219 218 217
220 222 221
221 219 220
223 225 224
223 226 225
227 229 228
227 230 229
231 233 232
234 232 233
235 236 224
224 225 235
237 228 229
229 238 237
239 240 236
236 235 239
237 242 241
237 238 242
243 244 240
240 239 243
241 246 245
241 242 246
247 248 244
244 243 247
245 250 249
245 246 250
251 252 248
248 247 251
249 254 253
249 250 254
255 256 252
252 251 255
253 258 257
253 254 258
256 260 259
256 255 260
261 263 262
262 264 261
257 266 265
257 258 266
267 269 268
267 270 269
271 273 272
271 274 273
275 270 267
275 276 270
277 279 278
280 278 279
281 274 271
281 282 274
283 285 284
283 286 285
287 289 288
288 290 287
268 286 283
268 269 286
290 288 272
272 273 290
291 293 292
291 294 293
295 297 296
296 298 295
284 294 291
284 285 294
289 298 296
289 287 298
299 301 300
299 302 301
303 305 304
303 306 305
307 309 308
308 310 307
292 302 299
292 293 302
306 303 297
297 295 306
311 313 312
311 314 313
312 316 315
312 313 316
317 319 318
317 320 319
321 320 317
321 322 320
315 324 323
315 316 324
323 326 325
323 324 326
327 329 328
327 330 329
318 330 327
318 319 330
325 332 331
325 326 332
331 334 333
331 332 334
335 337 336
335 338 337
328 338 335
328 329 338
333 340 339
333 334 340
339 342 341
339 340 342
343 345 344
344 346 343
336 346 344
336 337 346
347 349 348
348 350 347
351 353 352
351 354 353
355 357 356
355 358 357
359 361 360
359 362 361
363 365 364
364 365 366
367 369 368
368 370 367
371 373 372
374 372 373
356 357 375
375 376 356
377 379 378
378 380 377
381 382 349
382 348 349
383 385 384
384 386 383
347 350 387
387 388 347
389 391 390
392 390 391
393 358 355
394 393 355
395 397 396
397 398 396
399 401 400
401 402 400
403 405 404
406 404 405
407 409 408
408 410 407
411 413 412
413 414 412
415 417 416
417 418 416
419 421 420
422 420 421
423 425 424
424 426 423
427 429 428
429 430 428
431 433 432
433 434 432
435 437 436
438 436 437
439 441 440
440 442 439
443 445 444
444 446 443
447 449 448
447 450 449
451 453 452
451 454 453
455 457 456
455 458 457
459 461 460
460 461 462
463 465 464
464 466 463
467 469 468
470 468 469
452 453 471
471 472 452
473 475 474
474 476 473
477 478 445
478 444 445
479 481 480
480 482 479
443 446 483
483 484 443
485 487 486
488 486 487
489 454 451
490 489 451
491 493 492
493 494 492
495 497 496
497 498 496
499 501 500
502 500 501
503 505 504
504 506 503
507 509 508
509 510 508
511 513 512
513 514 512
515 517 516
518 516 517
519 521 520
520 522 519
523 525 524
525 526 524
527 529 528
529 530 528
531 533 532
534 532 533
535 537 536
536 538 535
539 541 540
540 542 539
543 545 544
544 546 543
547 549 548
547 550 549
551 553 552
552 554 551
555 557 556
555 558 557
559 556 557
557 560 559
559 562 561
559 560 562
561 558 555
561 562 558
563 565 564
564 566 563
567 569 568
567 570 569
571 573 572
573 571 574
575 577 576
577 578 576
579 581 580
580 582 579
583 585 584
584 586 583
587 589 588
587 590 589
591 593 592
591 594 593
595 597 596
595 598 597
596 600 599
596 597 600
599 602 601
599 600 602
595 601 602
602 598 595
603 605 604
604 606 603
607 609 608
607 610 609
611 613 612
613 611 614
615 617 616
616 618 615

