[FBX_META_DATA]
MeshCount: 1

[MESH_DATA]
VertexCount: 76
IndexCount: 126
BoneCount: 0
AnimationClips: 1

[VERTEX_DATA]
Position: 1.92689 8.85578 10.7593
Normal: 1 0 0
UV: 0.234724 0.527251

Position: 1.92689 7.45458 -10.7593
Normal: 1 0 0
UV: 0.234724 0.527251

Position: 1.92689 7.45458 10.7593
Normal: 1 0 0
UV: 0.234724 0.527251

Position: 1.92689 8.85578 -10.7593
Normal: 1 0 0
UV: 0.234724 0.527251

Position: 1.92689 8.85578 10.7593
Normal: -0 1 0
UV: 0.234724 0.527251

Position: -2.02127 8.85578 -10.7593
Normal: -0 1 0
UV: 0.234724 0.527251

Position: 1.92689 8.85578 -10.7593
Normal: -0 1 0
UV: 0.234724 0.527251

Position: -2.02127 8.85578 10.7593
Normal: -0 1 0
UV: 0.234724 0.527251

Position: -2.02127 7.45458 10.7593
Normal: -1 -4.31761e-009 0
UV: 0.234724 0.527251

Position: -2.02127 8.85578 -10.7593
Normal: -1 0 0
UV: 0.234724 0.527251

Position: -2.02127 8.85578 10.7593
Normal: -1 0 0
UV: 0.234724 0.527251

Position: -2.02127 7.45458 -10.7593
Normal: -1 -4.31761e-009 0
UV: 0.234724 0.527251

Position: -2.02127 8.85578 10.7593
Normal: 5.17162e-007 0 1
UV: 0.169422 0.531092

Position: 1.92689 8.85578 10.7593
Normal: 5.17162e-007 0 1
UV: 0.169422 0.531092

Position: 1.92689 7.45458 10.7593
Normal: 5.17162e-007 0 1
UV: 0.169422 0.531092

Position: -2.02127 7.45458 10.7593
Normal: 5.17162e-007 0 1
UV: 0.169422 0.531092

Position: -2.02127 7.45458 -10.7593
Normal: -0 0 -1
UV: 0.169422 0.531092

Position: 1.92689 7.45458 -10.7593
Normal: -0 0 -1
UV: 0.169422 0.531092

Position: 1.92689 8.85578 -10.7593
Normal: -0 0 -1
UV: 0.169422 0.531092

Position: -2.02127 8.85578 -10.7593
Normal: -0 0 -1
UV: 0.169422 0.531092

Position: -2.02127 6.39562 1.20443
Normal: -1 -9.68538e-008 0
UV: 0.224608 0.523941

Position: -2.02127 7.45458 -10.7593
Normal: -1 -4.31761e-009 0
UV: 0.224608 0.523941

Position: -2.02127 7.45458 10.7593
Normal: -1 -4.31761e-009 0
UV: 0.224608 0.523941

Position: -2.02127 6.39562 -1.20443
Normal: -1 -9.68538e-008 0
UV: 0.224608 0.523941

Position: 1.92689 7.45458 10.7593
Normal: 2.51264e-008 -0.993914 0.110155
UV: 0.10604 0.529172

Position: -2.02127 6.39562 1.20443
Normal: 2.51264e-008 -0.993914 0.110155
UV: 0.10604 0.529172

Position: -2.02127 7.45458 10.7593
Normal: 2.51264e-008 -0.993914 0.110155
UV: 0.10604 0.529172

Position: 1.92689 6.39562 1.20443
Normal: 2.51264e-008 -0.993914 0.110155
UV: 0.10604 0.529172

Position: 1.92689 6.39562 -1.20443
Normal: 1 0 0
UV: 0.224608 0.523941

Position: 1.92689 7.45458 10.7593
Normal: 1 0 0
UV: 0.224608 0.523941

Position: 1.92689 7.45458 -10.7593
Normal: 1 0 0
UV: 0.224608 0.523941

Position: 1.92689 6.39562 1.20443
Normal: 1 0 0
UV: 0.224608 0.523941

Position: 1.92689 6.39562 -1.20443
Normal: -0 -0.993914 -0.110155
UV: 0.10604 0.529172

Position: 1.92689 7.45458 -10.7593
Normal: -0 -0.993914 -0.110155
UV: 0.10604 0.529172

Position: -2.02127 6.39562 -1.20443
Normal: -0 -0.993914 -0.110155
UV: 0.10604 0.529172

Position: -2.02127 7.45458 -10.7593
Normal: -0 -0.993914 -0.110155
UV: 0.10604 0.529172

Position: -2.02127 0.768747 1.20443
Normal: -1 0 0
UV: 0.426926 0.935945

Position: -2.02127 6.39562 -1.20443
Normal: -1 -9.68538e-008 0
UV: 0.426926 0.935945

Position: -2.02127 6.39562 1.20443
Normal: -1 -9.68538e-008 0
UV: 0.426926 0.935945

Position: -2.02127 0.768747 -1.20443
Normal: -1 0 0
UV: 0.426926 0.935945

Position: 1.92689 0.768747 1.20443
Normal: -0 0 1
UV: 0.361624 0.939786

Position: -2.02127 6.39562 1.20443
Normal: -0 0 1
UV: 0.361624 0.939786

Position: 1.92689 6.39562 1.20443
Normal: -0 0 1
UV: 0.361624 0.939786

Position: -2.02127 0.768747 1.20443
Normal: -0 0 1
UV: 0.361624 0.939786

Position: 1.92689 6.39562 -1.20443
Normal: 1 0 0
UV: 0.426926 0.935945

Position: 1.92689 0.768747 -1.20443
Normal: 1 0 0
UV: 0.426926 0.935945

Position: 1.92689 6.39562 1.20443
Normal: 1 0 0
UV: 0.426926 0.935945

Position: 1.92689 0.768747 1.20443
Normal: 1 0 0
UV: 0.426926 0.935945

Position: -2.02127 0.768747 -1.20443
Normal: -0 0 -1
UV: 0.361624 0.939786

Position: 1.92689 0.768747 -1.20443
Normal: -0 0 -1
UV: 0.361624 0.939786

Position: 1.92689 6.39562 -1.20443
Normal: -0 0 -1
UV: 0.361624 0.939786

Position: -2.02127 6.39562 -1.20443
Normal: -0 0 -1
UV: 0.361624 0.939786

Position: -2.5 0.768747 1.77398
Normal: -0 1 0
UV: 0.267375 0.529172

Position: -2.02127 0.768747 -1.20443
Normal: -0 1 -2.18992e-008
UV: 0.267375 0.529172

Position: -2.02127 0.768747 1.20443
Normal: -0 1 0
UV: 0.267375 0.529172

Position: -2.5 0.768747 -1.77398
Normal: -0 1 -2.42204e-008
UV: 0.267375 0.529172

Position: 1.92689 0.768747 1.20443
Normal: -0 1 0
UV: 0.267375 0.529172

Position: 2.5 0.768747 1.77398
Normal: -0 1 0
UV: 0.267375 0.529172

Position: 2.5 0.768747 -1.77398
Normal: -0 1 -2.09444e-008
UV: 0.267375 0.529172

Position: 1.92689 0.768747 -1.20443
Normal: -0 1 -2.10335e-008
UV: 0.267375 0.529172

Position: -2.5 -3 1.77398
Normal: -1 0 0
UV: 0.234724 0.527251

Position: -2.5 0.768747 -1.77398
Normal: -1 0 0
UV: 0.234724 0.527251

Position: -2.5 0.768747 1.77398
Normal: -1 0 0
UV: 0.234724 0.527251

Position: -2.5 -3 -1.77398
Normal: -1 0 0
UV: 0.234724 0.527251

Position: 2.5 0.768747 1.77398
Normal: -0 0 1
UV: 0.169422 0.531092

Position: 2.5 -3 1.77398
Normal: -0 0 1
UV: 0.169422 0.531092

Position: -2.5 0.768747 1.77398
Normal: -0 0 1
UV: 0.169422 0.531092

Position: -2.5 -3 1.77398
Normal: -0 0 1
UV: 0.169422 0.531092

Position: 2.5 -3 1.77398
Normal: 1 0 0
UV: 0.234724 0.527251

Position: 2.5 0.768747 1.77398
Normal: 1 0 0
UV: 0.234724 0.527251

Position: 2.5 -3 -1.77398
Normal: 1 0 0
UV: 0.234724 0.527251

Position: 2.5 0.768747 -1.77398
Normal: 1 0 0
UV: 0.234724 0.527251

Position: -2.5 -3 -1.77398
Normal: -0 0 -1
UV: 0.169422 0.531092

Position: 2.5 -3 -1.77398
Normal: -0 0 -1
UV: 0.169422 0.531092

Position: 2.5 0.768747 -1.77398
Normal: -0 0 -1
UV: 0.169422 0.531092

Position: -2.5 0.768747 -1.77398
Normal: -0 0 -1
UV: 0.169422 0.531092


[INDEX_DATA]
0 2 1
1 3 0
4 6 5
5 7 4
8 10 9
9 11 8
12 14 13
12 15 14
16 18 17
16 19 18
20 22 21
21 23 20
24 26 25
25 27 24
28 30 29
29 31 28
32 34 33
34 35 33
36 38 37
37 39 36
40 42 41
41 43 40
44 46 45
47 45 46
48 50 49
48 51 50
52 54 53
52 53 55
52 57 56
56 54 52
58 56 57
58 59 56
59 55 53
59 58 55
60 62 61
61 63 60
64 66 65
66 67 65
68 70 69
69 70 71
72 74 73
72 75 74

