[FBX_META_DATA]
MeshCount: 1

[MESH_DATA]
VertexCount: 784
IndexCount: 1428
BoneCount: 0
AnimationClips: 1

[VERTEX_DATA]
Position: 1.71222 -1.42778 5.77751
Normal: -0 1 5.13581e-008
UV: 0.296563 0.598864

Position: -1.74173 -1.42778 5.77751
Normal: -0 1 5.13581e-008
UV: 0.296563 0.598864

Position: 1.35919 -1.42778 5.38329
Normal: -0 1 9.34292e-009
UV: 0.296563 0.598864

Position: -1.3887 -1.42778 5.38329
Normal: -0 1 9.34292e-009
UV: 0.296563 0.598864

Position: 1.71222 -1.87637 -5.76495
Normal: -1.53879e-007 0 -1
UV: 0.263201 0.603868

Position: -1.74173 -1.42778 -5.76495
Normal: -1.53879e-007 0 -1
UV: 0.263201 0.603868

Position: -1.74173 -1.87637 -5.76495
Normal: -1.53879e-007 0 -1
UV: 0.263201 0.603868

Position: 1.71222 -1.42778 -5.76495
Normal: -1.53879e-007 0 -1
UV: 0.263201 0.603868

Position: 1.71222 -1.87637 5.77751
Normal: -0 0 1
UV: 0.263201 0.603868

Position: -1.74173 -1.87637 5.77751
Normal: -0 0 1
UV: 0.263201 0.603868

Position: 1.71222 -1.42778 5.77751
Normal: -0 0 1
UV: 0.263201 0.603868

Position: -1.74173 -1.42778 5.77751
Normal: -0 0 1
UV: 0.263201 0.603868

Position: 1.71222 -1.42778 -5.76495
Normal: -0 1 -1.02716e-007
UV: 0.296563 0.598864

Position: -1.3887 -1.42778 -5.37073
Normal: -0 1 -1.86858e-008
UV: 0.296563 0.598864

Position: -1.74173 -1.42778 -5.76495
Normal: -0 1 -1.02716e-007
UV: 0.296563 0.598863

Position: 1.35919 -1.42778 -5.37073
Normal: -0 1 -1.86858e-008
UV: 0.296563 0.598864

Position: -1.3887 -1.42778 5.38329
Normal: -0 1 9.34292e-009
UV: 0.392836 0.601332

Position: 1.35919 -1.42778 -5.37073
Normal: -0 1 -1.86858e-008
UV: 0.392836 0.601332

Position: 1.35919 -1.42778 5.38329
Normal: -0 1 9.34292e-009
UV: 0.392836 0.601332

Position: -1.3887 -1.42778 -5.37073
Normal: -0 1 -1.86858e-008
UV: 0.392836 0.601332

Position: 1.71222 -1.42778 5.77751
Normal: 1 0 0
UV: 0.229838 0.598863

Position: 1.71222 -1.87637 -5.76495
Normal: 1 0 0
UV: 0.229838 0.598863

Position: 1.71222 -1.87637 5.77751
Normal: 1 0 0
UV: 0.229838 0.598863

Position: 1.71222 -1.42778 -5.76495
Normal: 1 0 0
UV: 0.229838 0.598864

Position: -1.74173 -1.87637 -5.76495
Normal: 1.7257e-008 -1 0
UV: 0.20148 0.605536

Position: -1.74173 -1.87637 5.77751
Normal: 1.7257e-008 -1 0
UV: 0.20148 0.605536

Position: 1.71222 -1.87637 5.77751
Normal: 1.7257e-008 -1 0
UV: 0.20148 0.605536

Position: 1.71222 -1.87637 -5.76495
Normal: 1.7257e-008 -1 0
UV: 0.20148 0.605536

Position: -1.74173 -1.87637 5.77751
Normal: -1 0 0
UV: 0.229838 0.598864

Position: -1.74173 -1.42778 -5.76495
Normal: -1 0 0
UV: 0.229838 0.598863

Position: -1.74173 -1.42778 5.77751
Normal: -1 0 0
UV: 0.229838 0.598864

Position: -1.74173 -1.87637 -5.76495
Normal: -1 0 0
UV: 0.229838 0.598863

Position: -1.44825 -0.568541 -5.45889
Normal: 1 0 0
UV: 0.168278 0.605489

Position: -1.44825 -4.14746 -6.07102
Normal: 1 0 0
UV: 0.168278 0.605489

Position: -1.44825 -4.14746 -5.45889
Normal: 1 0 0
UV: 0.168278 0.605489

Position: -1.44825 -0.568541 -6.07102
Normal: 1 0 0
UV: 0.168278 0.605489

Position: -1.95695 -0.568541 -5.5405
Normal: -0 1 5.22821e-008
UV: 0.485795 0.599362

Position: -1.52651 -0.568541 -5.9894
Normal: -0 1 -5.22821e-008
UV: 0.485796 0.599362

Position: -1.52651 -0.568541 -5.5405
Normal: -0 1 5.22821e-008
UV: 0.485796 0.599362

Position: -1.95695 -0.568541 -5.9894
Normal: -0 1 -5.22821e-008
UV: 0.485795 0.599362

Position: -2.03522 -4.14746 -5.45889
Normal: -1 0 0
UV: 0.168278 0.605489

Position: -2.03522 -0.568541 -6.07102
Normal: -1 0 0
UV: 0.168278 0.605489

Position: -2.03522 -0.568541 -5.45889
Normal: -1 0 0
UV: 0.168278 0.605489

Position: -2.03522 -4.14746 -6.07102
Normal: -1 0 0
UV: 0.168278 0.605489

Position: -1.44825 -4.14746 -5.45889
Normal: -0 -1 0
UV: 0.206645 0.602153

Position: -2.03522 -4.14746 -6.07102
Normal: -0 -1 0
UV: 0.206645 0.602153

Position: -2.03522 -4.14746 -5.45889
Normal: -0 -1 0
UV: 0.206645 0.602153

Position: -1.44825 -4.14746 -6.07102
Normal: -0 -1 0
UV: 0.206645 0.602153

Position: -1.44825 -0.568541 -5.45889
Normal: -0 0 1
UV: 0.206645 0.602153

Position: -1.44825 -4.14746 -5.45889
Normal: -0 0 1
UV: 0.206645 0.602153

Position: -2.03522 -0.568541 -5.45889
Normal: -0 0 1
UV: 0.206645 0.602153

Position: -2.03522 -4.14746 -5.45889
Normal: -0 0 1
UV: 0.206645 0.602153

Position: -1.44825 -0.568541 -6.07102
Normal: -0 0 -1
UV: 0.206645 0.602153

Position: -2.03522 -4.14746 -6.07102
Normal: -0 0 -1
UV: 0.206645 0.602153

Position: -1.44825 -4.14746 -6.07102
Normal: -0 0 -1
UV: 0.206645 0.602153

Position: -2.03522 -0.568541 -6.07102
Normal: -0 0 -1
UV: 0.206645 0.602153

Position: -1.44825 -0.568541 -6.07102
Normal: -0 1 -1.38182e-007
UV: 0.301728 0.598817

Position: -1.44825 -0.568541 -5.45889
Normal: -0 1 1.38182e-007
UV: 0.301728 0.598817

Position: -1.52651 -0.568541 -5.5405
Normal: -0 1 5.22821e-008
UV: 0.301728 0.598817

Position: -1.52651 -0.568541 -5.9894
Normal: -0 1 -5.22821e-008
UV: 0.301728 0.598817

Position: -1.95695 -0.568541 -5.5405
Normal: -0 1 5.22821e-008
UV: 0.301728 0.598817

Position: -2.03522 -0.568541 -5.45889
Normal: -0 1 1.38182e-007
UV: 0.301728 0.598817

Position: -2.03522 -0.568541 -6.07102
Normal: -0 1 -1.38182e-007
UV: 0.301728 0.598817

Position: -1.95695 -0.568541 -5.9894
Normal: -0 1 -5.22821e-008
UV: 0.301728 0.598817

Position: 2.00571 -0.568541 -5.45889
Normal: 1 0 -1.55794e-006
UV: 0.168278 0.605489

Position: 2.00571 -4.14746 -6.07102
Normal: 1 0 -1.55794e-006
UV: 0.168278 0.605489

Position: 2.00571 -4.14746 -5.45889
Normal: 1 0 -1.55794e-006
UV: 0.168278 0.605489

Position: 2.00571 -0.568541 -6.07102
Normal: 1 0 -1.55794e-006
UV: 0.168278 0.605489

Position: 1.49699 -0.568541 -5.5405
Normal: -0 1 -5.22813e-008
UV: 0.485796 0.599362

Position: 1.92744 -0.568541 -5.9894
Normal: -0 1 1.71138e-008
UV: 0.485796 0.599362

Position: 1.92744 -0.568541 -5.5405
Normal: -0 1 -7.00218e-008
UV: 0.485796 0.599362

Position: 1.49699 -0.568541 -5.9894
Normal: -0 1 3.48543e-008
UV: 0.485796 0.599362

Position: 1.41873 -4.14746 -5.45889
Normal: -1 0 1.55794e-006
UV: 0.168278 0.605489

Position: 1.41873 -0.568541 -6.07102
Normal: -1 0 1.55794e-006
UV: 0.168278 0.605489

Position: 1.41873 -0.568541 -5.45889
Normal: -1 0 1.55794e-006
UV: 0.168278 0.605489

Position: 1.41873 -4.14746 -6.07102
Normal: -1 0 1.55794e-006
UV: 0.168278 0.605489

Position: 1.41873 -4.14746 -5.45889
Normal: -0 -1 0
UV: 0.206645 0.602153

Position: 2.00571 -4.14746 -6.07102
Normal: -0 -1 0
UV: 0.206645 0.602153

Position: 1.41873 -4.14746 -6.07102
Normal: -0 -1 0
UV: 0.206645 0.602153

Position: 2.00571 -4.14746 -5.45889
Normal: -0 -1 0
UV: 0.206645 0.602153

Position: 2.00571 -0.568541 -5.45889
Normal: -0 0 1
UV: 0.206645 0.602153

Position: 2.00571 -4.14746 -5.45889
Normal: -0 0 1
UV: 0.206645 0.602153

Position: 1.41873 -0.568541 -5.45889
Normal: -0 0 1
UV: 0.206645 0.602153

Position: 1.41873 -4.14746 -5.45889
Normal: -0 0 1
UV: 0.206645 0.602153

Position: 2.00571 -4.14746 -6.07102
Normal: -0 0 -1
UV: 0.206645 0.602153

Position: 2.00571 -0.568541 -6.07102
Normal: -0 0 -1
UV: 0.206645 0.602153

Position: 1.41873 -4.14746 -6.07102
Normal: -0 0 -1
UV: 0.206645 0.602153

Position: 1.41873 -0.568541 -6.07102
Normal: -0 0 -1
UV: 0.206645 0.602153

Position: 2.00571 -0.568541 -5.45889
Normal: -0 1 -1.81842e-007
UV: 0.301728 0.598817

Position: 1.92744 -0.568541 -5.9894
Normal: -0 1 1.71138e-008
UV: 0.301728 0.598817

Position: 2.00571 -0.568541 -6.07102
Normal: -0 1 4.84583e-008
UV: 0.301728 0.598817

Position: 1.92744 -0.568541 -5.5405
Normal: -0 1 -7.00218e-008
UV: 0.301728 0.598817

Position: 1.41873 -0.568541 -5.45889
Normal: -0 1 -1.38182e-007
UV: 0.301728 0.598817

Position: 1.49699 -0.568541 -5.5405
Normal: -0 1 -5.22813e-008
UV: 0.301728 0.598817

Position: 1.41873 -0.568541 -6.07102
Normal: -0 1 9.2121e-008
UV: 0.301728 0.598817

Position: 1.49699 -0.568541 -5.9894
Normal: -0 1 3.48543e-008
UV: 0.301728 0.598817

Position: 2.0057 -0.568542 6.08359
Normal: 1 0 0
UV: 0.168278 0.605489

Position: 2.0057 -4.14746 5.47144
Normal: 1 0 0
UV: 0.168278 0.605489

Position: 2.0057 -4.14746 6.08359
Normal: 1 0 0
UV: 0.168278 0.605489

Position: 2.0057 -0.568542 5.47144
Normal: 1 0 0
UV: 0.168278 0.605489

Position: 1.49699 -0.568542 6.00197
Normal: -0 1 3.48538e-008
UV: 0.485796 0.599362

Position: 1.92744 -0.568542 5.55306
Normal: -0 1 5.22807e-008
UV: 0.485796 0.599362

Position: 1.92744 -0.568542 6.00197
Normal: -0 1 3.48538e-008
UV: 0.485796 0.599362

Position: 1.49699 -0.568542 5.55306
Normal: -0 1 5.22808e-008
UV: 0.485796 0.599362

Position: 1.41873 -4.14746 6.08359
Normal: -1 0 0
UV: 0.168278 0.605489

Position: 1.41873 -0.568542 5.47144
Normal: -1 0 0
UV: 0.168278 0.605489

Position: 1.41873 -0.568542 6.08359
Normal: -1 0 0
UV: 0.168278 0.605489

Position: 1.41873 -4.14746 5.47144
Normal: -1 0 0
UV: 0.168278 0.605489

Position: 2.0057 -4.14746 6.08359
Normal: -0 -1 0
UV: 0.206645 0.602153

Position: 1.41873 -4.14746 5.47144
Normal: -0 -1 0
UV: 0.206645 0.602153

Position: 1.41873 -4.14746 6.08359
Normal: -0 -1 0
UV: 0.206645 0.602153

Position: 2.0057 -4.14746 5.47144
Normal: -0 -1 0
UV: 0.206645 0.602153

Position: 2.0057 -0.568542 6.08359
Normal: -0 0 1
UV: 0.206645 0.602153

Position: 2.0057 -4.14746 6.08359
Normal: -0 0 1
UV: 0.206645 0.602153

Position: 1.41873 -0.568542 6.08359
Normal: -0 0 1
UV: 0.206645 0.602153

Position: 1.41873 -4.14746 6.08359
Normal: -0 0 1
UV: 0.206645 0.602153

Position: 2.0057 -0.568542 5.47144
Normal: -0 0 -1
UV: 0.206645 0.602153

Position: 1.41873 -4.14746 5.47144
Normal: -0 0 -1
UV: 0.206645 0.602153

Position: 2.0057 -4.14746 5.47144
Normal: -0 0 -1
UV: 0.206645 0.602153

Position: 1.41873 -0.568542 5.47144
Normal: -0 0 -1
UV: 0.206645 0.602153

Position: 2.0057 -0.568542 5.47144
Normal: -0 1 1.38196e-007
UV: 0.301728 0.598817

Position: 2.0057 -0.568542 6.08359
Normal: -0 1 9.21304e-008
UV: 0.301728 0.598817

Position: 1.92744 -0.568542 6.00197
Normal: -0 1 3.48538e-008
UV: 0.301728 0.598817

Position: 1.92744 -0.568542 5.55306
Normal: -0 1 5.22807e-008
UV: 0.301728 0.598817

Position: 1.41873 -0.568542 6.08359
Normal: -0 1 9.21203e-008
UV: 0.301728 0.598817

Position: 1.49699 -0.568542 6.00197
Normal: -0 1 3.48538e-008
UV: 0.301728 0.598817

Position: 1.41873 -0.568542 5.47144
Normal: -0 1 1.38181e-007
UV: 0.301728 0.598817

Position: 1.49699 -0.568542 5.55306
Normal: -0 1 5.22808e-008
UV: 0.301728 0.598817

Position: -1.44825 -0.568541 6.08359
Normal: 1 0 0
UV: 0.168278 0.605489

Position: -1.44825 -4.14746 5.47144
Normal: 1 0 0
UV: 0.168278 0.605489

Position: -1.44825 -4.14746 6.08359
Normal: 1 0 0
UV: 0.168278 0.605489

Position: -1.44825 -0.568541 5.47144
Normal: 1 0 0
UV: 0.168278 0.605489

Position: -1.95695 -0.568541 6.00197
Normal: -0 1 -1.04563e-007
UV: 0.485795 0.599362

Position: -1.52651 -0.568541 5.55306
Normal: -0 1 1.04563e-007
UV: 0.485796 0.599362

Position: -1.52651 -0.568541 6.00197
Normal: -0 1 -1.04563e-007
UV: 0.485796 0.599362

Position: -1.95695 -0.568541 5.55306
Normal: -0 1 1.04563e-007
UV: 0.485795 0.599362

Position: -2.03522 -4.14746 6.08359
Normal: -1 0 0
UV: 0.168278 0.605489

Position: -2.03522 -0.568541 5.47144
Normal: -1 0 0
UV: 0.168278 0.605489

Position: -2.03522 -0.568541 6.08359
Normal: -1 0 0
UV: 0.168278 0.605489

Position: -2.03522 -4.14746 5.47144
Normal: -1 0 0
UV: 0.168278 0.605489

Position: -1.44825 -4.14746 6.08359
Normal: -0 -1 0
UV: 0.206645 0.602153

Position: -2.03522 -4.14746 5.47144
Normal: -0 -1 0
UV: 0.206645 0.602153

Position: -2.03522 -4.14746 6.08359
Normal: -0 -1 0
UV: 0.206645 0.602153

Position: -1.44825 -4.14746 5.47144
Normal: -0 -1 0
UV: 0.206645 0.602153

Position: -1.44825 -0.568541 6.08359
Normal: -0 0 1
UV: 0.206645 0.602153

Position: -1.44825 -4.14746 6.08359
Normal: -0 0 1
UV: 0.206645 0.602153

Position: -2.03522 -0.568541 6.08359
Normal: -0 0 1
UV: 0.206645 0.602153

Position: -2.03522 -4.14746 6.08359
Normal: -0 0 1
UV: 0.206645 0.602153

Position: -1.44825 -4.14746 5.47144
Normal: -0 0 -1
UV: 0.206645 0.602153

Position: -1.44825 -0.568541 5.47144
Normal: -0 0 -1
UV: 0.206645 0.602153

Position: -2.03522 -4.14746 5.47144
Normal: -0 0 -1
UV: 0.206645 0.602153

Position: -2.03522 -0.568541 5.47144
Normal: -0 0 -1
UV: 0.206645 0.602153

Position: -1.44825 -0.568541 5.47144
Normal: -0 1 2.76362e-007
UV: 0.301728 0.598817

Position: -1.44825 -0.568541 6.08359
Normal: -0 1 -2.76362e-007
UV: 0.301728 0.598817

Position: -1.52651 -0.568541 6.00197
Normal: -0 1 -1.04563e-007
UV: 0.301728 0.598817

Position: -1.52651 -0.568541 5.55306
Normal: -0 1 1.04563e-007
UV: 0.301728 0.598817

Position: -1.95695 -0.568541 6.00197
Normal: -0 1 -1.04563e-007
UV: 0.301728 0.598817

Position: -2.03522 -0.568541 6.08359
Normal: -0 1 -2.76362e-007
UV: 0.301728 0.598817

Position: -2.03522 -0.568541 5.47144
Normal: -0 1 2.76362e-007
UV: 0.301728 0.598817

Position: -1.95695 -0.568541 5.55306
Normal: -0 1 1.04563e-007
UV: 0.301728 0.598817

Position: 2.00571 -0.568541 -1.72266
Normal: 1 0 0
UV: 0.168278 0.605489

Position: 2.00571 -4.14746 -2.3348
Normal: 1 0 0
UV: 0.168278 0.605489

Position: 2.00571 -4.14746 -1.72266
Normal: 1 0 0
UV: 0.168278 0.605489

Position: 2.00571 -0.568541 -2.3348
Normal: 1 0 0
UV: 0.168278 0.605489

Position: 1.49699 -0.568541 -1.80428
Normal: -0 1 -3.48543e-008
UV: 0.485796 0.599362

Position: 1.92744 -0.568541 -2.25318
Normal: -0 1 3.48543e-008
UV: 0.485796 0.599362

Position: 1.92744 -0.568541 -1.80428
Normal: -0 1 -3.48543e-008
UV: 0.485796 0.599362

Position: 1.49699 -0.568541 -2.25318
Normal: -0 1 3.48543e-008
UV: 0.485796 0.599362

Position: 1.41873 -4.14746 -1.72266
Normal: -1 0 0
UV: 0.168278 0.605489

Position: 1.41873 -0.568541 -2.3348
Normal: -1 0 0
UV: 0.168278 0.605489

Position: 1.41873 -0.568541 -1.72266
Normal: -1 0 0
UV: 0.168278 0.605489

Position: 1.41873 -4.14746 -2.3348
Normal: -1 0 0
UV: 0.168278 0.605489

Position: 2.00571 -4.14746 -1.72266
Normal: -0 -1 0
UV: 0.206645 0.602153

Position: 1.41873 -4.14746 -2.3348
Normal: -0 -1 0
UV: 0.206645 0.602153

Position: 1.41873 -4.14746 -1.72266
Normal: -0 -1 0
UV: 0.206645 0.602153

Position: 2.00571 -4.14746 -2.3348
Normal: -0 -1 0
UV: 0.206645 0.602153

Position: 2.00571 -0.568541 -1.72266
Normal: -0 0 1
UV: 0.206645 0.602153

Position: 2.00571 -4.14746 -1.72266
Normal: -0 0 1
UV: 0.206645 0.602153

Position: 1.41873 -0.568541 -1.72266
Normal: -0 0 1
UV: 0.206645 0.602153

Position: 1.41873 -4.14746 -1.72266
Normal: -0 0 1
UV: 0.206645 0.602153

Position: 2.00571 -4.14746 -2.3348
Normal: -0 0 -1
UV: 0.206645 0.602153

Position: 2.00571 -0.568541 -2.3348
Normal: -0 0 -1
UV: 0.206645 0.602153

Position: 1.41873 -4.14746 -2.3348
Normal: -0 0 -1
UV: 0.206645 0.602153

Position: 1.41873 -0.568541 -2.3348
Normal: -0 0 -1
UV: 0.206645 0.602153

Position: 2.00571 -0.568541 -2.3348
Normal: -0 1 9.21206e-008
UV: 0.301728 0.598817

Position: 2.00571 -0.568541 -1.72266
Normal: -0 1 -9.21206e-008
UV: 0.301728 0.598817

Position: 1.92744 -0.568541 -1.80428
Normal: -0 1 -3.48543e-008
UV: 0.301728 0.598817

Position: 1.92744 -0.568541 -2.25318
Normal: -0 1 3.48543e-008
UV: 0.301728 0.598817

Position: 1.41873 -0.568541 -1.72266
Normal: -0 1 -9.21206e-008
UV: 0.301728 0.598817

Position: 1.49699 -0.568541 -1.80428
Normal: -0 1 -3.48543e-008
UV: 0.301728 0.598817

Position: 1.41873 -0.568541 -2.3348
Normal: -0 1 9.21206e-008
UV: 0.301728 0.598817

Position: 1.49699 -0.568541 -2.25318
Normal: -0 1 3.48543e-008
UV: 0.301728 0.598817

Position: -1.44825 -0.568542 -1.72266
Normal: 1 0 0
UV: 0.168278 0.605489

Position: -1.44825 -4.14746 -2.3348
Normal: 1 0 0
UV: 0.168278 0.605489

Position: -1.44825 -4.14746 -1.72266
Normal: 1 0 0
UV: 0.168278 0.605489

Position: -1.44825 -0.568541 -2.3348
Normal: 1 0 0
UV: 0.168278 0.605489

Position: -1.95695 -0.568541 -1.80428
Normal: 2.1391e-007 1 1.93581e-007
UV: 0.485795 0.599362

Position: -1.52651 -0.568541 -2.25318
Normal: 2.13911e-007 1 1.5904e-007
UV: 0.485796 0.599362

Position: -1.52651 -0.568542 -1.80428
Normal: 2.13911e-007 1 2.11322e-007
UV: 0.485796 0.599362

Position: -1.95695 -0.568541 -2.25318
Normal: 2.1391e-007 1 1.41299e-007
UV: 0.485795 0.599362

Position: -2.03522 -0.568541 -1.72266
Normal: -1 0 0
UV: 0.168278 0.605489

Position: -2.03522 -4.14746 -2.3348
Normal: -1 0 0
UV: 0.168278 0.605489

Position: -2.03522 -0.568541 -2.3348
Normal: -1 0 0
UV: 0.168278 0.605489

Position: -2.03522 -4.14746 -1.72266
Normal: -1 0 0
UV: 0.168278 0.605489

Position: -1.44825 -4.14746 -1.72266
Normal: -0 -1 0
UV: 0.206645 0.602153

Position: -2.03522 -4.14746 -2.3348
Normal: -0 -1 0
UV: 0.206645 0.602153

Position: -2.03522 -4.14746 -1.72266
Normal: -0 -1 0
UV: 0.206645 0.602153

Position: -1.44825 -4.14746 -2.3348
Normal: -0 -1 0
UV: 0.206645 0.602153

Position: -1.44825 -0.568542 -1.72266
Normal: -0 0 1
UV: 0.206645 0.602153

Position: -2.03522 -4.14746 -1.72266
Normal: -0 0 1
UV: 0.206645 0.602153

Position: -2.03522 -0.568541 -1.72266
Normal: -0 0 1
UV: 0.206645 0.602153

Position: -1.44825 -4.14746 -1.72266
Normal: -0 0 1
UV: 0.206645 0.602153

Position: -1.44825 -4.14746 -2.3348
Normal: 4.53977e-007 0 -1
UV: 0.206645 0.602153

Position: -1.44825 -0.568541 -2.3348
Normal: 4.53977e-007 0 -1
UV: 0.206645 0.602153

Position: -2.03522 -4.14746 -2.3348
Normal: 4.53977e-007 0 -1
UV: 0.206645 0.602153

Position: -2.03522 -0.568541 -2.3348
Normal: 4.53977e-007 0 -1
UV: 0.206645 0.602153

Position: -1.44825 -0.568541 -2.3348
Normal: 1.20302e-007 1 3.88659e-008
UV: 0.301728 0.598817

Position: -1.44825 -0.568542 -1.72266
Normal: 1.20302e-007 1 1.77048e-007
UV: 0.301728 0.598817

Position: -1.52651 -0.568542 -1.80428
Normal: 2.13911e-007 1 2.11322e-007
UV: 0.301728 0.598817

Position: -1.52651 -0.568541 -2.25318
Normal: 2.13911e-007 1 1.5904e-007
UV: 0.301728 0.598817

Position: -1.95695 -0.568541 -1.80428
Normal: 2.1391e-007 1 1.93581e-007
UV: 0.301728 0.598817

Position: -2.03522 -0.568541 -1.72266
Normal: 1.20302e-007 1 1.33385e-007
UV: 0.301728 0.598817

Position: -2.03522 -0.568541 -2.3348
Normal: 1.20302e-007 1 -4.79643e-009
UV: 0.301728 0.598817

Position: -1.95695 -0.568541 -2.25318
Normal: 2.1391e-007 1 1.41299e-007
UV: 0.301728 0.598817

Position: 2.00571 -0.568541 2.62901
Normal: 1 0 -1.55792e-006
UV: 0.168278 0.605489

Position: 2.00571 -4.14746 2.01687
Normal: 1 0 -1.55792e-006
UV: 0.168278 0.605489

Position: 2.00571 -4.14746 2.62901
Normal: 1 0 -1.55792e-006
UV: 0.168278 0.605489

Position: 2.00571 -0.568541 2.01687
Normal: 1 0 -1.55792e-006
UV: 0.168278 0.605489

Position: 1.49699 -0.568541 2.54739
Normal: -0 1 -5.22792e-008
UV: 0.485796 0.599362

Position: 1.92744 -0.568541 2.09849
Normal: -0 1 1.71138e-008
UV: 0.485796 0.599362

Position: 1.92744 -0.568541 2.54739
Normal: -0 1 -7.00198e-008
UV: 0.485796 0.599362

Position: 1.49699 -0.568541 2.09849
Normal: -0 1 3.48542e-008
UV: 0.485796 0.599362

Position: 1.41873 -4.14746 2.62901
Normal: -1 0 1.55792e-006
UV: 0.168278 0.605489

Position: 1.41873 -0.568541 2.01687
Normal: -1 0 1.55792e-006
UV: 0.168278 0.605489

Position: 1.41873 -0.568541 2.62901
Normal: -1 0 1.55792e-006
UV: 0.168278 0.605489

Position: 1.41873 -4.14746 2.01687
Normal: -1 0 1.55792e-006
UV: 0.168278 0.605489

Position: 1.41873 -4.14746 2.62901
Normal: -0 -1 0
UV: 0.206645 0.602153

Position: 2.00571 -4.14746 2.01687
Normal: -0 -1 0
UV: 0.206645 0.602153

Position: 1.41873 -4.14746 2.01687
Normal: -0 -1 0
UV: 0.206645 0.602153

Position: 2.00571 -4.14746 2.62901
Normal: -0 -1 0
UV: 0.206645 0.602153

Position: 2.00571 -0.568541 2.62901
Normal: -0 0 1
UV: 0.206645 0.602153

Position: 2.00571 -4.14746 2.62901
Normal: -0 0 1
UV: 0.206645 0.602153

Position: 1.41873 -0.568541 2.62901
Normal: -0 0 1
UV: 0.206645 0.602153

Position: 1.41873 -4.14746 2.62901
Normal: -0 0 1
UV: 0.206645 0.602153

Position: 2.00571 -4.14746 2.01687
Normal: -0 0 -1
UV: 0.206645 0.602153

Position: 2.00571 -0.568541 2.01687
Normal: -0 0 -1
UV: 0.206645 0.602153

Position: 1.41873 -4.14746 2.01687
Normal: -0 0 -1
UV: 0.206645 0.602153

Position: 1.41873 -0.568541 2.01687
Normal: -0 0 -1
UV: 0.206645 0.602153

Position: 2.00571 -0.568541 2.01687
Normal: -0 1 4.84582e-008
UV: 0.301728 0.598817

Position: 2.00571 -0.568541 2.62901
Normal: -0 1 -1.81838e-007
UV: 0.301728 0.598817

Position: 1.92744 -0.568541 2.54739
Normal: -0 1 -7.00198e-008
UV: 0.301728 0.598817

Position: 1.92744 -0.568541 2.09849
Normal: -0 1 1.71138e-008
UV: 0.301728 0.598817

Position: 1.41873 -0.568541 2.62901
Normal: -0 1 -1.38183e-007
UV: 0.301728 0.598817

Position: 1.49699 -0.568541 2.54739
Normal: -0 1 -5.22792e-008
UV: 0.301728 0.598817

Position: 1.41873 -0.568541 2.01687
Normal: -0 1 9.21207e-008
UV: 0.301728 0.598817

Position: 1.49699 -0.568541 2.09849
Normal: -0 1 3.48542e-008
UV: 0.301728 0.598817

Position: -1.44825 -0.568541 2.62901
Normal: 1 0 0
UV: 0.168278 0.605489

Position: -1.44825 -4.14746 2.01687
Normal: 1 0 0
UV: 0.168278 0.605489

Position: -1.44825 -4.14746 2.62901
Normal: 1 0 0
UV: 0.168278 0.605489

Position: -1.44825 -0.568541 2.01687
Normal: 1 0 0
UV: 0.168278 0.605489

Position: -1.95695 -0.568541 2.54739
Normal: -0 1 -1.04564e-007
UV: 0.485795 0.599362

Position: -1.52651 -0.568541 2.09849
Normal: -0 1 1.04564e-007
UV: 0.485796 0.599362

Position: -1.52651 -0.568541 2.54739
Normal: -0 1 -1.04564e-007
UV: 0.485796 0.599362

Position: -1.95695 -0.568541 2.09849
Normal: -0 1 1.04564e-007
UV: 0.485795 0.599362

Position: -2.03522 -4.14746 2.62901
Normal: -1 0 0
UV: 0.168278 0.605489

Position: -2.03522 -0.568541 2.01687
Normal: -1 0 0
UV: 0.168278 0.605489

Position: -2.03522 -0.568541 2.62901
Normal: -1 0 0
UV: 0.168278 0.605489

Position: -2.03522 -4.14746 2.01687
Normal: -1 0 0
UV: 0.168278 0.605489

Position: -1.44825 -4.14746 2.62901
Normal: -0 -1 0
UV: 0.206645 0.602153

Position: -2.03522 -4.14746 2.01687
Normal: -0 -1 0
UV: 0.206645 0.602153

Position: -2.03522 -4.14746 2.62901
Normal: -0 -1 0
UV: 0.206645 0.602153

Position: -1.44825 -4.14746 2.01687
Normal: -0 -1 0
UV: 0.206645 0.602153

Position: -1.44825 -0.568541 2.62901
Normal: -0 0 1
UV: 0.206645 0.602153

Position: -1.44825 -4.14746 2.62901
Normal: -0 0 1
UV: 0.206645 0.602153

Position: -2.03522 -0.568541 2.62901
Normal: -0 0 1
UV: 0.206645 0.602153

Position: -2.03522 -4.14746 2.62901
Normal: -0 0 1
UV: 0.206645 0.602153

Position: -1.44825 -4.14746 2.01687
Normal: -0 0 -1
UV: 0.206645 0.602153

Position: -1.44825 -0.568541 2.01687
Normal: -0 0 -1
UV: 0.206645 0.602153

Position: -2.03522 -4.14746 2.01687
Normal: -0 0 -1
UV: 0.206645 0.602153

Position: -2.03522 -0.568541 2.01687
Normal: -0 0 -1
UV: 0.206645 0.602153

Position: -1.44825 -0.568541 2.01687
Normal: -0 1 2.76364e-007
UV: 0.301728 0.598817

Position: -1.44825 -0.568541 2.62901
Normal: -0 1 -2.76364e-007
UV: 0.301728 0.598817

Position: -1.52651 -0.568541 2.54739
Normal: -0 1 -1.04564e-007
UV: 0.301728 0.598817

Position: -1.52651 -0.568541 2.09849
Normal: -0 1 1.04564e-007
UV: 0.301728 0.598817

Position: -1.95695 -0.568541 2.54739
Normal: -0 1 -1.04564e-007
UV: 0.301728 0.598817

Position: -2.03522 -0.568541 2.62901
Normal: -0 1 -2.76364e-007
UV: 0.301728 0.598817

Position: -2.03522 -0.568541 2.01687
Normal: -0 1 2.76364e-007
UV: 0.301728 0.598817

Position: -1.95695 -0.568541 2.09849
Normal: -0 1 1.04564e-007
UV: 0.301728 0.598817

Position: 2.34568 -2.17153 -1.36811
Normal: 1 0 0
UV: 0.0706437 0.523839

Position: 2.34568 -2.54447 -2.68935
Normal: 1 0 0
UV: 0.0706437 0.523839

Position: 2.34568 -2.54447 -1.36811
Normal: 1 0 0
UV: 0.0706437 0.523839

Position: 2.34568 -2.17153 -2.68935
Normal: 1 0 0
UV: 0.0706437 0.523839

Position: 1.07876 -2.17153 -1.36811
Normal: -0 1 0
UV: 0.137293 0.523589

Position: 2.34568 -2.17153 -2.68935
Normal: -0 1 0
UV: 0.137293 0.523589

Position: 2.34568 -2.17153 -1.36811
Normal: -0 1 0
UV: 0.137293 0.523589

Position: 1.07876 -2.17153 -2.68935
Normal: -0 1 0
UV: 0.137293 0.523589

Position: 1.07876 -2.54447 -1.36811
Normal: -1 0 0
UV: 0.0706437 0.523839

Position: 1.07876 -2.17153 -2.68935
Normal: -1 0 0
UV: 0.0706437 0.523839

Position: 1.07876 -2.17153 -1.36811
Normal: -1 0 0
UV: 0.0706437 0.523839

Position: 1.07876 -2.54447 -2.68935
Normal: -1 0 0
UV: 0.0706437 0.523839

Position: 2.34568 -2.54447 -1.36811
Normal: -0 -1 0
UV: 0.10901 0.520502

Position: 1.07876 -2.54447 -2.68935
Normal: -0 -1 0
UV: 0.10901 0.520502

Position: 1.07876 -2.54447 -1.36811
Normal: -0 -1 0
UV: 0.10901 0.520502

Position: 2.34568 -2.54447 -2.68935
Normal: -0 -1 0
UV: 0.10901 0.520502

Position: 1.07876 -2.17153 -1.36811
Normal: -0 0 1
UV: 0.10901 0.520502

Position: 2.34568 -2.17153 -1.36811
Normal: -0 0 1
UV: 0.10901 0.520502

Position: 2.34568 -2.54447 -1.36811
Normal: -0 0 1
UV: 0.10901 0.520502

Position: 1.07876 -2.54447 -1.36811
Normal: -0 0 1
UV: 0.10901 0.520502

Position: 1.07876 -2.54447 -2.68935
Normal: -0 0 -1
UV: 0.10901 0.520502

Position: 2.34568 -2.54447 -2.68935
Normal: -0 0 -1
UV: 0.10901 0.520502

Position: 2.34568 -2.17153 -2.68935
Normal: -0 0 -1
UV: 0.10901 0.520502

Position: 1.07876 -2.17153 -2.68935
Normal: -0 0 -1
UV: 0.10901 0.520502

Position: 2.34568 -2.17153 2.98122
Normal: 1 0 7.21805e-007
UV: 0.0706437 0.523839

Position: 2.34568 -2.54447 1.65998
Normal: 1 0 7.21805e-007
UV: 0.0706437 0.523839

Position: 2.34568 -2.54447 2.98122
Normal: 1 0 7.21805e-007
UV: 0.0706437 0.523839

Position: 2.34568 -2.17153 1.65998
Normal: 1 0 7.21805e-007
UV: 0.0706437 0.523839

Position: 2.34568 -2.17153 2.98122
Normal: -0 1 0
UV: 0.137293 0.523589

Position: 1.07876 -2.17153 1.65998
Normal: -0 1 0
UV: 0.137293 0.523589

Position: 2.34568 -2.17153 1.65998
Normal: -0 1 0
UV: 0.137293 0.523589

Position: 1.07876 -2.17153 2.98122
Normal: -0 1 0
UV: 0.137293 0.523589

Position: 1.07876 -2.54447 2.98122
Normal: -1 0 0
UV: 0.0706437 0.523839

Position: 1.07876 -2.17153 1.65998
Normal: -1 0 0
UV: 0.0706437 0.523839

Position: 1.07876 -2.17153 2.98122
Normal: -1 0 0
UV: 0.0706437 0.523839

Position: 1.07876 -2.54447 1.65998
Normal: -1 0 0
UV: 0.0706437 0.523839

Position: 2.34568 -2.54447 2.98122
Normal: -0 -1 0
UV: 0.10901 0.520502

Position: 1.07876 -2.54447 1.65998
Normal: -0 -1 0
UV: 0.10901 0.520502

Position: 1.07876 -2.54447 2.98122
Normal: -0 -1 0
UV: 0.10901 0.520502

Position: 2.34568 -2.54447 1.65998
Normal: -0 -1 0
UV: 0.10901 0.520502

Position: 1.07876 -2.17153 2.98122
Normal: -0 0 1
UV: 0.10901 0.520502

Position: 2.34568 -2.17153 2.98122
Normal: -0 0 1
UV: 0.10901 0.520502

Position: 2.34568 -2.54447 2.98122
Normal: -0 0 1
UV: 0.10901 0.520502

Position: 1.07876 -2.54447 2.98122
Normal: -0 0 1
UV: 0.10901 0.520502

Position: 1.07876 -2.54447 1.65998
Normal: -0 0 -1
UV: 0.10901 0.520502

Position: 2.34568 -2.54447 1.65998
Normal: -0 0 -1
UV: 0.10901 0.520502

Position: 2.34568 -2.17153 1.65998
Normal: -0 0 -1
UV: 0.10901 0.520502

Position: 1.07876 -2.17153 1.65998
Normal: -0 0 -1
UV: 0.10901 0.520502

Position: 2.34568 -2.17153 6.44459
Normal: 1 0 0
UV: 0.0706437 0.523839

Position: 2.34568 -2.54447 5.12335
Normal: 1 0 0
UV: 0.0706437 0.523839

Position: 2.34568 -2.54447 6.44459
Normal: 1 0 0
UV: 0.0706437 0.523839

Position: 2.34568 -2.17153 5.12335
Normal: 1 0 0
UV: 0.0706437 0.523839

Position: 1.07876 -2.17153 6.44459
Normal: -0 1 0
UV: 0.137293 0.523589

Position: 2.34568 -2.17153 5.12335
Normal: -0 1 0
UV: 0.137293 0.523589

Position: 2.34568 -2.17153 6.44459
Normal: -0 1 0
UV: 0.137293 0.523589

Position: 1.07876 -2.17153 5.12335
Normal: -0 1 0
UV: 0.137293 0.523589

Position: 1.07876 -2.54447 6.44459
Normal: -1 0 0
UV: 0.0706437 0.523839

Position: 1.07876 -2.17153 5.12335
Normal: -1 0 0
UV: 0.0706437 0.523839

Position: 1.07876 -2.17153 6.44459
Normal: -1 0 0
UV: 0.0706437 0.523839

Position: 1.07876 -2.54447 5.12335
Normal: -1 0 0
UV: 0.0706437 0.523839

Position: 2.34568 -2.54447 6.44459
Normal: -0 -1 0
UV: 0.10901 0.520502

Position: 1.07876 -2.54447 5.12335
Normal: -0 -1 0
UV: 0.10901 0.520502

Position: 1.07876 -2.54447 6.44459
Normal: -0 -1 0
UV: 0.10901 0.520502

Position: 2.34568 -2.54447 5.12335
Normal: -0 -1 0
UV: 0.10901 0.520502

Position: 1.07876 -2.17153 6.44459
Normal: -0 0 1
UV: 0.10901 0.520502

Position: 2.34568 -2.17153 6.44459
Normal: -0 0 1
UV: 0.10901 0.520502

Position: 2.34568 -2.54447 6.44459
Normal: -0 0 1
UV: 0.10901 0.520502

Position: 1.07876 -2.54447 6.44459
Normal: -0 0 1
UV: 0.10901 0.520502

Position: 1.07876 -2.54447 5.12335
Normal: -0 0 -1
UV: 0.10901 0.520502

Position: 2.34568 -2.54447 5.12335
Normal: -0 0 -1
UV: 0.10901 0.520502

Position: 2.34568 -2.17153 5.12335
Normal: -0 0 -1
UV: 0.10901 0.520502

Position: 1.07876 -2.17153 5.12335
Normal: -0 0 -1
UV: 0.10901 0.520502

Position: 2.34568 -2.17153 -5.12334
Normal: 1 0 -7.21801e-007
UV: 0.0706437 0.523839

Position: 2.34568 -2.54447 -6.44459
Normal: 1 0 -7.21801e-007
UV: 0.0706437 0.523839

Position: 2.34568 -2.54447 -5.12334
Normal: 1 0 -7.21801e-007
UV: 0.0706437 0.523839

Position: 2.34568 -2.17153 -6.44459
Normal: 1 0 -7.21801e-007
UV: 0.0706437 0.523839

Position: 1.07876 -2.17153 -5.12334
Normal: -0 1 -1.42432e-007
UV: 0.137293 0.523589

Position: 2.34568 -2.17153 -6.44459
Normal: -0 1 -1.42432e-007
UV: 0.137293 0.523589

Position: 2.34568 -2.17153 -5.12334
Normal: -0 1 -1.42432e-007
UV: 0.137293 0.523589

Position: 1.07876 -2.17153 -6.44459
Normal: -0 1 -1.42432e-007
UV: 0.137293 0.523589

Position: 1.07876 -2.54447 -5.12334
Normal: -1 0 3.609e-007
UV: 0.0706437 0.523839

Position: 1.07876 -2.17153 -6.44459
Normal: -1 0 3.609e-007
UV: 0.0706437 0.523839

Position: 1.07876 -2.17153 -5.12334
Normal: -1 0 3.609e-007
UV: 0.0706437 0.523839

Position: 1.07876 -2.54447 -6.44459
Normal: -1 0 3.609e-007
UV: 0.0706437 0.523839

Position: 1.07876 -2.54447 -5.12334
Normal: -0 -1 -1.42432e-007
UV: 0.10901 0.520502

Position: 2.34568 -2.54447 -6.44459
Normal: -0 -1 -1.42432e-007
UV: 0.10901 0.520502

Position: 1.07876 -2.54447 -6.44459
Normal: -0 -1 -1.42432e-007
UV: 0.10901 0.520502

Position: 2.34568 -2.54447 -5.12334
Normal: -0 -1 -1.42432e-007
UV: 0.10901 0.520502

Position: 1.07876 -2.17153 -5.12334
Normal: -0 0 1
UV: 0.10901 0.520502

Position: 2.34568 -2.17153 -5.12334
Normal: -0 0 1
UV: 0.10901 0.520502

Position: 2.34568 -2.54447 -5.12334
Normal: -0 0 1
UV: 0.10901 0.520502

Position: 1.07876 -2.54447 -5.12334
Normal: -0 0 1
UV: 0.10901 0.520502

Position: 1.07876 -2.54447 -6.44459
Normal: -0 0 -1
UV: 0.10901 0.520502

Position: 2.34568 -2.54447 -6.44459
Normal: -0 0 -1
UV: 0.10901 0.520502

Position: 2.34568 -2.17153 -6.44459
Normal: -0 0 -1
UV: 0.10901 0.520502

Position: 1.07876 -2.17153 -6.44459
Normal: -0 0 -1
UV: 0.10901 0.520502

Position: -1.07876 -2.17153 -5.12334
Normal: 1 0 0
UV: 0.0706437 0.523839

Position: -1.07876 -2.54447 -6.44459
Normal: 1 0 0
UV: 0.0706437 0.523839

Position: -1.07876 -2.54447 -5.12334
Normal: 1 0 0
UV: 0.0706437 0.523839

Position: -1.07876 -2.17153 -6.44459
Normal: 1 0 0
UV: 0.0706437 0.523839

Position: -2.34568 -2.17153 -5.12334
Normal: -0 1 0
UV: 0.137293 0.523589

Position: -1.07876 -2.17153 -6.44459
Normal: -0 1 0
UV: 0.137293 0.523589

Position: -1.07876 -2.17153 -5.12334
Normal: -0 1 0
UV: 0.137293 0.523589

Position: -2.34568 -2.17153 -6.44459
Normal: -0 1 0
UV: 0.137293 0.523589

Position: -2.34568 -2.54447 -5.12334
Normal: -1 0 0
UV: 0.0706437 0.523839

Position: -2.34568 -2.17153 -6.44459
Normal: -1 0 0
UV: 0.0706437 0.523839

Position: -2.34568 -2.17153 -5.12334
Normal: -1 0 0
UV: 0.0706437 0.523839

Position: -2.34568 -2.54447 -6.44459
Normal: -1 0 0
UV: 0.0706437 0.523839

Position: -1.07876 -2.54447 -5.12334
Normal: -0 -1 0
UV: 0.10901 0.520502

Position: -2.34568 -2.54447 -6.44459
Normal: -0 -1 0
UV: 0.10901 0.520502

Position: -2.34568 -2.54447 -5.12334
Normal: -0 -1 0
UV: 0.10901 0.520502

Position: -1.07876 -2.54447 -6.44459
Normal: -0 -1 0
UV: 0.10901 0.520502

Position: -2.34568 -2.17153 -5.12334
Normal: -0 0 1
UV: 0.10901 0.520502

Position: -1.07876 -2.17153 -5.12334
Normal: -0 0 1
UV: 0.10901 0.520502

Position: -1.07876 -2.54447 -5.12334
Normal: -0 0 1
UV: 0.10901 0.520502

Position: -2.34568 -2.54447 -5.12334
Normal: -0 0 1
UV: 0.10901 0.520502

Position: -2.34568 -2.54447 -6.44459
Normal: -0 0 -1
UV: 0.10901 0.520502

Position: -1.07876 -2.54447 -6.44459
Normal: -0 0 -1
UV: 0.10901 0.520502

Position: -1.07876 -2.17153 -6.44459
Normal: -0 0 -1
UV: 0.10901 0.520502

Position: -2.34568 -2.17153 -6.44459
Normal: -0 0 -1
UV: 0.10901 0.520502

Position: -1.07876 -2.17153 -1.36811
Normal: 1 0 0
UV: 0.0706437 0.523839

Position: -1.07876 -2.54447 -2.68935
Normal: 1 0 0
UV: 0.0706437 0.523839

Position: -1.07876 -2.54447 -1.36811
Normal: 1 0 0
UV: 0.0706437 0.523839

Position: -1.07876 -2.17153 -2.68935
Normal: 1 0 0
UV: 0.0706437 0.523839

Position: -2.34568 -2.17153 -1.36811
Normal: -0 1 0
UV: 0.137293 0.523589

Position: -1.07876 -2.17153 -2.68935
Normal: -0 1 0
UV: 0.137293 0.523589

Position: -1.07876 -2.17153 -1.36811
Normal: -0 1 0
UV: 0.137293 0.523589

Position: -2.34568 -2.17153 -2.68935
Normal: -0 1 0
UV: 0.137293 0.523589

Position: -2.34568 -2.54447 -1.36811
Normal: -1 0 0
UV: 0.0706437 0.523839

Position: -2.34568 -2.17153 -2.68935
Normal: -1 0 0
UV: 0.0706437 0.523839

Position: -2.34568 -2.17153 -1.36811
Normal: -1 0 0
UV: 0.0706437 0.523839

Position: -2.34568 -2.54447 -2.68935
Normal: -1 0 0
UV: 0.0706437 0.523839

Position: -1.07876 -2.54447 -1.36811
Normal: -0 -1 0
UV: 0.10901 0.520502

Position: -2.34568 -2.54447 -2.68935
Normal: -0 -1 0
UV: 0.10901 0.520502

Position: -2.34568 -2.54447 -1.36811
Normal: -0 -1 0
UV: 0.10901 0.520502

Position: -1.07876 -2.54447 -2.68935
Normal: -0 -1 0
UV: 0.10901 0.520502

Position: -2.34568 -2.17153 -1.36811
Normal: -0 0 1
UV: 0.10901 0.520502

Position: -1.07876 -2.17153 -1.36811
Normal: -0 0 1
UV: 0.10901 0.520502

Position: -1.07876 -2.54447 -1.36811
Normal: -0 0 1
UV: 0.10901 0.520502

Position: -2.34568 -2.54447 -1.36811
Normal: -0 0 1
UV: 0.10901 0.520502

Position: -2.34568 -2.54447 -2.68935
Normal: -0 0 -1
UV: 0.10901 0.520502

Position: -1.07876 -2.54447 -2.68935
Normal: -0 0 -1
UV: 0.10901 0.520502

Position: -1.07876 -2.17153 -2.68935
Normal: -0 0 -1
UV: 0.10901 0.520502

Position: -2.34568 -2.17153 -2.68935
Normal: -0 0 -1
UV: 0.10901 0.520502

Position: -1.07876 -2.17153 2.98122
Normal: 1 0 0
UV: 0.0706437 0.523839

Position: -1.07876 -2.54447 1.65998
Normal: 1 0 0
UV: 0.0706437 0.523839

Position: -1.07876 -2.54447 2.98122
Normal: 1 0 0
UV: 0.0706437 0.523839

Position: -1.07876 -2.17153 1.65998
Normal: 1 0 0
UV: 0.0706437 0.523839

Position: -2.34568 -2.17153 2.98122
Normal: -0 1 0
UV: 0.137293 0.523589

Position: -1.07876 -2.17153 1.65998
Normal: -0 1 0
UV: 0.137293 0.523589

Position: -1.07876 -2.17153 2.98122
Normal: -0 1 0
UV: 0.137293 0.523589

Position: -2.34568 -2.17153 1.65998
Normal: -0 1 0
UV: 0.137293 0.523589

Position: -2.34568 -2.54447 2.98122
Normal: -1 0 0
UV: 0.0706437 0.523839

Position: -2.34568 -2.17153 1.65998
Normal: -1 0 0
UV: 0.0706437 0.523839

Position: -2.34568 -2.17153 2.98122
Normal: -1 0 0
UV: 0.0706437 0.523839

Position: -2.34568 -2.54447 1.65998
Normal: -1 0 0
UV: 0.0706437 0.523839

Position: -1.07876 -2.54447 2.98122
Normal: -0 -1 0
UV: 0.10901 0.520502

Position: -2.34568 -2.54447 1.65998
Normal: -0 -1 0
UV: 0.10901 0.520502

Position: -2.34568 -2.54447 2.98122
Normal: -0 -1 0
UV: 0.10901 0.520502

Position: -1.07876 -2.54447 1.65998
Normal: -0 -1 0
UV: 0.10901 0.520502

Position: -2.34568 -2.17153 2.98122
Normal: -0 0 1
UV: 0.10901 0.520502

Position: -1.07876 -2.17153 2.98122
Normal: -0 0 1
UV: 0.10901 0.520502

Position: -1.07876 -2.54447 2.98122
Normal: -0 0 1
UV: 0.10901 0.520502

Position: -2.34568 -2.54447 2.98122
Normal: -0 0 1
UV: 0.10901 0.520502

Position: -2.34568 -2.54447 1.65998
Normal: -0 0 -1
UV: 0.10901 0.520502

Position: -1.07876 -2.54447 1.65998
Normal: -0 0 -1
UV: 0.10901 0.520502

Position: -1.07876 -2.17153 1.65998
Normal: -0 0 -1
UV: 0.10901 0.520502

Position: -2.34568 -2.17153 1.65998
Normal: -0 0 -1
UV: 0.10901 0.520502

Position: -1.07876 -2.17153 6.44459
Normal: 1 0 0
UV: 0.0706437 0.523839

Position: -1.07876 -2.54447 5.12335
Normal: 1 0 0
UV: 0.0706437 0.523839

Position: -1.07876 -2.54447 6.44459
Normal: 1 0 0
UV: 0.0706437 0.523839

Position: -1.07876 -2.17153 5.12335
Normal: 1 0 0
UV: 0.0706437 0.523839

Position: -2.34568 -2.17153 6.44459
Normal: -0 1 0
UV: 0.137293 0.523589

Position: -1.07876 -2.17153 5.12335
Normal: -0 1 0
UV: 0.137293 0.523589

Position: -1.07876 -2.17153 6.44459
Normal: -0 1 0
UV: 0.137293 0.523589

Position: -2.34568 -2.17153 5.12335
Normal: -0 1 0
UV: 0.137293 0.523589

Position: -2.34568 -2.54447 6.44459
Normal: -1 0 0
UV: 0.0706437 0.523839

Position: -2.34568 -2.17153 5.12335
Normal: -1 0 0
UV: 0.0706437 0.523839

Position: -2.34568 -2.17153 6.44459
Normal: -1 0 0
UV: 0.0706437 0.523839

Position: -2.34568 -2.54447 5.12335
Normal: -1 0 0
UV: 0.0706437 0.523839

Position: -1.07876 -2.54447 6.44459
Normal: -0 -1 0
UV: 0.10901 0.520502

Position: -2.34568 -2.54447 5.12335
Normal: -0 -1 0
UV: 0.10901 0.520502

Position: -2.34568 -2.54447 6.44459
Normal: -0 -1 0
UV: 0.10901 0.520502

Position: -1.07876 -2.54447 5.12335
Normal: -0 -1 0
UV: 0.10901 0.520502

Position: -2.34568 -2.17153 6.44459
Normal: -0 0 1
UV: 0.10901 0.520502

Position: -1.07876 -2.17153 6.44459
Normal: -0 0 1
UV: 0.10901 0.520502

Position: -1.07876 -2.54447 6.44459
Normal: -0 0 1
UV: 0.10901 0.520502

Position: -2.34568 -2.54447 6.44459
Normal: -0 0 1
UV: 0.10901 0.520502

Position: -2.34568 -2.54447 5.12335
Normal: -0 0 -1
UV: 0.10901 0.520502

Position: -1.07876 -2.54447 5.12335
Normal: -0 0 -1
UV: 0.10901 0.520502

Position: -1.07876 -2.17153 5.12335
Normal: -0 0 -1
UV: 0.10901 0.520502

Position: -2.34568 -2.17153 5.12335
Normal: -0 0 -1
UV: 0.10901 0.520502

Position: 1.4645 -1.31199 -3.60786
Normal: 1 0 0
UV: 0.165705 0.824437

Position: 1.4645 -1.42778 -4.22533
Normal: 1 0 0
UV: 0.165705 0.824437

Position: 1.4645 -1.42778 -3.60786
Normal: 1 0 0
UV: 0.165705 0.824437

Position: 1.4645 -1.31199 -4.22533
Normal: 1 0 0
UV: 0.165705 0.824437

Position: 1.07329 -0.642658 -3.81734
Normal: -0 1 0
UV: 0.259331 0.824187

Position: 1.26363 -0.642658 -4.01585
Normal: -0 1 0
UV: 0.259331 0.824187

Position: 1.26363 -0.642658 -3.81734
Normal: -0 1 0
UV: 0.259331 0.824187

Position: 1.07329 -0.642658 -4.01585
Normal: -0 1 0
UV: 0.259331 0.824187

Position: 0.872414 -1.42778 -3.60786
Normal: -1 0 0
UV: 0.165705 0.824437

Position: 0.872414 -1.31199 -4.22533
Normal: -1 0 0
UV: 0.165705 0.824437

Position: 0.872414 -1.31199 -3.60786
Normal: -1 0 0
UV: 0.165705 0.824437

Position: 0.872414 -1.42778 -4.22533
Normal: -1 0 0
UV: 0.165705 0.824437

Position: 0.872414 -1.31199 -3.60786
Normal: -0 0 1
UV: 0.265732 0.822385

Position: 1.4645 -1.31199 -3.60786
Normal: -0 0 1
UV: 0.265732 0.822385

Position: 1.4645 -1.42778 -3.60786
Normal: -0 0 1
UV: 0.265732 0.822385

Position: 0.872414 -1.42778 -3.60786
Normal: -0 0 1
UV: 0.265732 0.822385

Position: 0.872414 -1.42778 -4.22533
Normal: -0 0 -1
UV: 0.204071 0.821101

Position: 1.4645 -1.42778 -4.22533
Normal: -0 0 -1
UV: 0.204071 0.821101

Position: 1.4645 -1.31199 -4.22533
Normal: -0 0 -1
UV: 0.204071 0.821101

Position: 0.872414 -1.31199 -4.22533
Normal: -0 0 -1
UV: 0.204071 0.821101

Position: 1.4645 -1.31199 -4.22533
Normal: -0 1 0
UV: 0.294015 0.825472

Position: 1.4645 -1.31199 -3.60786
Normal: -0 1 0
UV: 0.294015 0.825472

Position: 1.26363 -1.31199 -3.81734
Normal: -0 1 0
UV: 0.294015 0.825472

Position: 1.26363 -1.31199 -4.01585
Normal: -0 1 0
UV: 0.294015 0.825472

Position: 0.872414 -1.31199 -3.60786
Normal: -0 1 0
UV: 0.294015 0.825472

Position: 1.07329 -1.31199 -3.81734
Normal: -0 1 0
UV: 0.294015 0.825472

Position: 1.07329 -1.31199 -4.01585
Normal: -0 1 0
UV: 0.294015 0.825472

Position: 0.872414 -1.31199 -4.22533
Normal: -0 1 0
UV: 0.294015 0.825472

Position: 1.26363 -0.890322 -3.81734
Normal: 1 0 0
UV: 0.166839 0.825472

Position: 1.26363 -1.31199 -4.01585
Normal: 1 0 0
UV: 0.166839 0.825472

Position: 1.26363 -1.31199 -3.81734
Normal: 1 0 0
UV: 0.166839 0.825472

Position: 1.26363 -0.890322 -4.01585
Normal: 1 0 0
UV: 0.166839 0.825472

Position: 1.26363 -0.890322 -3.81734
Normal: -0 0 1
UV: 0.232354 0.824187

Position: 1.26363 -1.31199 -3.81734
Normal: -0 0 1
UV: 0.232354 0.824187

Position: 1.07329 -0.890322 -3.81734
Normal: -0 0 1
UV: 0.232354 0.824187

Position: 1.07329 -1.31199 -3.81734
Normal: -0 0 1
UV: 0.232354 0.824187

Position: 1.07329 -1.31199 -4.01585
Normal: -1 0 0
UV: 0.166839 0.825472

Position: 1.07329 -0.890322 -4.01585
Normal: -1 0 0
UV: 0.166839 0.825472

Position: 1.07329 -1.31199 -3.81734
Normal: -1 0 0
UV: 0.166839 0.825472

Position: 1.07329 -0.890322 -3.81734
Normal: -1 0 0
UV: 0.166839 0.825472

Position: 1.26363 -1.31199 -4.01585
Normal: -0 0 -1
UV: 0.232354 0.824187

Position: 1.26363 -0.890322 -4.01585
Normal: -0 0 -1
UV: 0.232354 0.824187

Position: 1.07329 -1.31199 -4.01585
Normal: -0 0 -1
UV: 0.232354 0.824187

Position: 1.07329 -0.890322 -4.01585
Normal: -0 0 -1
UV: 0.232354 0.824187

Position: 1.26363 -0.642658 -3.81734
Normal: 1 0 0
UV: 0.166839 0.825472

Position: 1.26363 -0.642658 -4.01585
Normal: 1 0 0
UV: 0.166839 0.825472

Position: 1.07329 -0.642658 -3.69707
Normal: -0 0 1
UV: 0.232354 0.824187

Position: 1.26363 -0.642658 -3.69707
Normal: -0 0 1
UV: 0.232354 0.824187

Position: 1.26363 -0.890322 -3.69707
Normal: -0 0 1
UV: 0.232354 0.824187

Position: 1.07329 -0.890322 -3.69707
Normal: -0 0 1
UV: 0.232354 0.824187

Position: 1.07329 -0.642658 -3.81734
Normal: -1 0 0
UV: 0.166839 0.825472

Position: 1.07329 -0.642658 -4.01585
Normal: -1 0 0
UV: 0.166839 0.825472

Position: 1.26363 -0.642658 -4.13613
Normal: -0 0 -1
UV: 0.232354 0.824187

Position: 1.07329 -0.890322 -4.13613
Normal: -0 0 -1
UV: 0.232354 0.824187

Position: 1.26363 -0.890322 -4.13613
Normal: -0 0 -1
UV: 0.232354 0.824187

Position: 1.07329 -0.642658 -4.13613
Normal: -0 0 -1
UV: 0.232354 0.824187

Position: 1.07329 -0.890322 -3.69707
Normal: -0 -1 0
UV: 0.232354 0.824187

Position: 1.26363 -0.890322 -3.69707
Normal: -0 -1 0
UV: 0.232354 0.824187

Position: 1.26363 -0.890322 -3.81734
Normal: -0 -1 0
UV: 0.232354 0.824187

Position: 1.07329 -0.890322 -3.81734
Normal: -0 -1 0
UV: 0.232354 0.824187

Position: 1.07329 -0.642658 -3.69707
Normal: -1 0 0
UV: 0.166839 0.825472

Position: 1.07329 -0.890322 -3.69707
Normal: -1 0 0
UV: 0.166839 0.825472

Position: 1.26363 -0.642658 -3.69707
Normal: -0 1 0
UV: 0.259331 0.824187

Position: 1.07329 -0.642658 -3.69707
Normal: -0 1 0
UV: 0.259331 0.824187

Position: 1.26363 -0.890322 -3.69707
Normal: 1 0 0
UV: 0.166839 0.825472

Position: 1.26363 -0.642658 -3.69707
Normal: 1 0 0
UV: 0.166839 0.825472

Position: 1.26363 -0.890322 -4.13613
Normal: -0 -1 0
UV: 0.232354 0.824187

Position: 1.07329 -0.890322 -4.01585
Normal: -0 -1 0
UV: 0.232354 0.824187

Position: 1.26363 -0.890322 -4.01585
Normal: -0 -1 0
UV: 0.232354 0.824187

Position: 1.07329 -0.890322 -4.13613
Normal: -0 -1 0
UV: 0.232354 0.824187

Position: 1.26363 -0.642658 -4.13613
Normal: 1 0 0
UV: 0.166839 0.825472

Position: 1.26363 -0.890322 -4.13613
Normal: 1 0 0
UV: 0.166839 0.825472

Position: 1.07329 -0.642658 -4.13613
Normal: -0 1 0
UV: 0.259331 0.824187

Position: 1.26363 -0.642658 -4.13613
Normal: -0 1 0
UV: 0.259331 0.824187

Position: 1.07329 -0.890322 -4.13613
Normal: -1 0 0
UV: 0.166839 0.825472

Position: 1.07329 -0.642658 -4.13613
Normal: -1 0 0
UV: 0.166839 0.825472

Position: -0.888992 -1.31199 -3.60786
Normal: 1 0 0
UV: 0.165705 0.824437

Position: -0.888992 -1.42778 -4.22533
Normal: 1 0 0
UV: 0.165705 0.824437

Position: -0.888992 -1.42778 -3.60786
Normal: 1 0 0
UV: 0.165705 0.824437

Position: -0.888992 -1.31199 -4.22533
Normal: 1 0 0
UV: 0.165705 0.824437

Position: -1.2802 -0.642658 -3.81734
Normal: -0 1 0
UV: 0.259331 0.824187

Position: -1.08987 -0.642658 -4.01585
Normal: -0 1 0
UV: 0.259331 0.824187

Position: -1.08987 -0.642658 -3.81734
Normal: -0 1 0
UV: 0.259331 0.824187

Position: -1.2802 -0.642658 -4.01585
Normal: -0 1 0
UV: 0.259331 0.824187

Position: -1.48108 -1.42778 -3.60786
Normal: -1 0 0
UV: 0.165705 0.824437

Position: -1.48108 -1.31199 -4.22533
Normal: -1 0 0
UV: 0.165705 0.824437

Position: -1.48108 -1.31199 -3.60786
Normal: -1 0 0
UV: 0.165705 0.824437

Position: -1.48108 -1.42778 -4.22533
Normal: -1 0 0
UV: 0.165705 0.824437

Position: -1.48108 -1.31199 -3.60786
Normal: -0 0 1
UV: 0.265732 0.822385

Position: -0.888992 -1.31199 -3.60786
Normal: -0 0 1
UV: 0.265732 0.822385

Position: -0.888992 -1.42778 -3.60786
Normal: -0 0 1
UV: 0.265732 0.822385

Position: -1.48108 -1.42778 -3.60786
Normal: -0 0 1
UV: 0.265732 0.822385

Position: -1.48108 -1.42778 -4.22533
Normal: -0 0 -1
UV: 0.204071 0.821101

Position: -0.888992 -1.42778 -4.22533
Normal: -0 0 -1
UV: 0.204071 0.821101

Position: -0.888992 -1.31199 -4.22533
Normal: -0 0 -1
UV: 0.204071 0.821101

Position: -1.48108 -1.31199 -4.22533
Normal: -0 0 -1
UV: 0.204071 0.821101

Position: -0.888992 -1.31199 -4.22533
Normal: -0 1 0
UV: 0.294015 0.825472

Position: -0.888992 -1.31199 -3.60786
Normal: -0 1 0
UV: 0.294015 0.825472

Position: -1.08987 -1.31199 -3.81734
Normal: -0 1 0
UV: 0.294015 0.825472

Position: -1.08987 -1.31199 -4.01585
Normal: -0 1 0
UV: 0.294015 0.825472

Position: -1.48108 -1.31199 -3.60786
Normal: -0 1 0
UV: 0.294015 0.825472

Position: -1.2802 -1.31199 -3.81734
Normal: -0 1 0
UV: 0.294015 0.825472

Position: -1.2802 -1.31199 -4.01585
Normal: -0 1 0
UV: 0.294015 0.825472

Position: -1.48108 -1.31199 -4.22533
Normal: -0 1 0
UV: 0.294015 0.825472

Position: -1.08987 -0.890322 -3.81734
Normal: 1 0 0
UV: 0.166839 0.825472

Position: -1.08987 -1.31199 -4.01585
Normal: 1 0 0
UV: 0.166839 0.825472

Position: -1.08987 -1.31199 -3.81734
Normal: 1 0 0
UV: 0.166839 0.825472

Position: -1.08987 -0.890322 -4.01585
Normal: 1 0 0
UV: 0.166839 0.825472

Position: -1.08987 -0.890322 -3.81734
Normal: -0 0 1
UV: 0.232354 0.824187

Position: -1.08987 -1.31199 -3.81734
Normal: -0 0 1
UV: 0.232354 0.824187

Position: -1.2802 -0.890322 -3.81734
Normal: -0 0 1
UV: 0.232354 0.824187

Position: -1.2802 -1.31199 -3.81734
Normal: -0 0 1
UV: 0.232354 0.824187

Position: -1.2802 -1.31199 -4.01585
Normal: -1 0 0
UV: 0.166839 0.825472

Position: -1.2802 -0.890322 -4.01585
Normal: -1 0 0
UV: 0.166839 0.825472

Position: -1.2802 -1.31199 -3.81734
Normal: -1 0 0
UV: 0.166839 0.825472

Position: -1.2802 -0.890322 -3.81734
Normal: -1 0 0
UV: 0.166839 0.825472

Position: -1.08987 -1.31199 -4.01585
Normal: -0 0 -1
UV: 0.232354 0.824187

Position: -1.08987 -0.890322 -4.01585
Normal: -0 0 -1
UV: 0.232354 0.824187

Position: -1.2802 -1.31199 -4.01585
Normal: -0 0 -1
UV: 0.232354 0.824187

Position: -1.2802 -0.890322 -4.01585
Normal: -0 0 -1
UV: 0.232354 0.824187

Position: -1.08987 -0.642658 -3.81734
Normal: 1 0 0
UV: 0.166839 0.825472

Position: -1.08987 -0.642658 -4.01585
Normal: 1 0 0
UV: 0.166839 0.825472

Position: -1.2802 -0.642658 -3.69707
Normal: -0 0 1
UV: 0.232354 0.824187

Position: -1.08987 -0.642658 -3.69707
Normal: -0 0 1
UV: 0.232354 0.824187

Position: -1.08987 -0.890322 -3.69707
Normal: -0 0 1
UV: 0.232354 0.824187

Position: -1.2802 -0.890322 -3.69707
Normal: -0 0 1
UV: 0.232354 0.824187

Position: -1.2802 -0.642658 -3.81734
Normal: -1 0 0
UV: 0.166839 0.825472

Position: -1.2802 -0.642658 -4.01585
Normal: -1 0 0
UV: 0.166839 0.825472

Position: -1.08987 -0.890322 -4.13613
Normal: -0 0 -1
UV: 0.232354 0.824187

Position: -1.08987 -0.642658 -4.13613
Normal: -0 0 -1
UV: 0.232354 0.824187

Position: -1.2802 -0.890322 -4.13613
Normal: -0 0 -1
UV: 0.232354 0.824187

Position: -1.2802 -0.642658 -4.13613
Normal: -0 0 -1
UV: 0.232354 0.824187

Position: -1.2802 -0.890322 -3.69707
Normal: -0 -1 0
UV: 0.232354 0.824187

Position: -1.08987 -0.890322 -3.69707
Normal: -0 -1 0
UV: 0.232354 0.824187

Position: -1.08987 -0.890322 -3.81734
Normal: -0 -1 0
UV: 0.232354 0.824187

Position: -1.2802 -0.890322 -3.81734
Normal: -0 -1 0
UV: 0.232354 0.824187

Position: -1.2802 -0.642658 -3.69707
Normal: -1 0 0
UV: 0.166839 0.825472

Position: -1.2802 -0.890322 -3.69707
Normal: -1 0 0
UV: 0.166839 0.825472

Position: -1.08987 -0.642658 -3.69707
Normal: -0 1 0
UV: 0.259331 0.824187

Position: -1.2802 -0.642658 -3.69707
Normal: -0 1 0
UV: 0.259331 0.824187

Position: -1.08987 -0.890322 -3.69707
Normal: 1 0 0
UV: 0.166839 0.825472

Position: -1.08987 -0.642658 -3.69707
Normal: 1 0 0
UV: 0.166839 0.825472

Position: -1.08987 -0.890322 -4.13613
Normal: -0 -1 0
UV: 0.232354 0.824187

Position: -1.2802 -0.890322 -4.01585
Normal: -0 -1 0
UV: 0.232354 0.824187

Position: -1.08987 -0.890322 -4.01585
Normal: -0 -1 0
UV: 0.232354 0.824187

Position: -1.2802 -0.890322 -4.13613
Normal: -0 -1 0
UV: 0.232354 0.824187

Position: -1.08987 -0.642658 -4.13613
Normal: 1 0 0
UV: 0.166839 0.825472

Position: -1.08987 -0.890322 -4.13613
Normal: 1 0 0
UV: 0.166839 0.825472

Position: -1.2802 -0.642658 -4.13613
Normal: -0 1 0
UV: 0.259331 0.824187

Position: -1.08987 -0.642658 -4.13613
Normal: -0 1 0
UV: 0.259331 0.824187

Position: -1.2802 -0.890322 -4.13613
Normal: -1 0 0
UV: 0.166839 0.825472

Position: -1.2802 -0.642658 -4.13613
Normal: -1 0 0
UV: 0.166839 0.825472

Position: -0.888992 -1.31199 4.38809
Normal: 1 0 0
UV: 0.165705 0.824437

Position: -0.888992 -1.42778 3.77062
Normal: 1 0 0
UV: 0.165705 0.824437

Position: -0.888992 -1.42778 4.38809
Normal: 1 0 0
UV: 0.165705 0.824437

Position: -0.888992 -1.31199 3.77062
Normal: 1 0 0
UV: 0.165705 0.824437

Position: -1.2802 -0.642658 4.17861
Normal: -0 1 0
UV: 0.259331 0.824187

Position: -1.08987 -0.642658 3.9801
Normal: -0 1 0
UV: 0.259331 0.824187

Position: -1.08987 -0.642658 4.17861
Normal: -0 1 0
UV: 0.259331 0.824187

Position: -1.2802 -0.642658 3.9801
Normal: -0 1 0
UV: 0.259331 0.824187

Position: -1.48108 -1.42778 4.38809
Normal: -1 0 0
UV: 0.165705 0.824437

Position: -1.48108 -1.31199 3.77062
Normal: -1 0 0
UV: 0.165705 0.824437

Position: -1.48108 -1.31199 4.38809
Normal: -1 0 0
UV: 0.165705 0.824437

Position: -1.48108 -1.42778 3.77062
Normal: -1 0 0
UV: 0.165705 0.824437

Position: -1.48108 -1.31199 4.38809
Normal: -0 0 1
UV: 0.265732 0.822385

Position: -0.888992 -1.31199 4.38809
Normal: -0 0 1
UV: 0.265732 0.822385

Position: -0.888992 -1.42778 4.38809
Normal: -0 0 1
UV: 0.265732 0.822385

Position: -1.48108 -1.42778 4.38809
Normal: -0 0 1
UV: 0.265732 0.822385

Position: -1.48108 -1.42778 3.77062
Normal: -0 0 -1
UV: 0.204071 0.821101

Position: -0.888992 -1.42778 3.77062
Normal: -0 0 -1
UV: 0.204071 0.821101

Position: -0.888992 -1.31199 3.77062
Normal: -0 0 -1
UV: 0.204071 0.821101

Position: -1.48108 -1.31199 3.77062
Normal: -0 0 -1
UV: 0.204071 0.821101

Position: -0.888992 -1.31199 3.77062
Normal: -0 1 0
UV: 0.294015 0.825472

Position: -0.888992 -1.31199 4.38809
Normal: -0 1 0
UV: 0.294015 0.825472

Position: -1.08987 -1.31199 4.17861
Normal: -0 1 0
UV: 0.294015 0.825472

Position: -1.08987 -1.31199 3.9801
Normal: -0 1 0
UV: 0.294015 0.825472

Position: -1.48108 -1.31199 4.38809
Normal: -0 1 0
UV: 0.294015 0.825472

Position: -1.2802 -1.31199 4.17861
Normal: -0 1 0
UV: 0.294015 0.825472

Position: -1.2802 -1.31199 3.9801
Normal: -0 1 0
UV: 0.294015 0.825472

Position: -1.48108 -1.31199 3.77062
Normal: -0 1 0
UV: 0.294015 0.825472

Position: -1.08987 -0.890322 4.17861
Normal: 1 0 0
UV: 0.166839 0.825472

Position: -1.08987 -1.31199 3.9801
Normal: 1 0 0
UV: 0.166839 0.825472

Position: -1.08987 -1.31199 4.17861
Normal: 1 0 0
UV: 0.166839 0.825472

Position: -1.08987 -0.890322 3.9801
Normal: 1 0 0
UV: 0.166839 0.825472

Position: -1.08987 -0.890322 4.17861
Normal: -0 0 1
UV: 0.232354 0.824187

Position: -1.08987 -1.31199 4.17861
Normal: -0 0 1
UV: 0.232354 0.824187

Position: -1.2802 -0.890322 4.17861
Normal: -0 0 1
UV: 0.232354 0.824187

Position: -1.2802 -1.31199 4.17861
Normal: -0 0 1
UV: 0.232354 0.824187

Position: -1.2802 -1.31199 3.9801
Normal: -1 0 0
UV: 0.166839 0.825472

Position: -1.2802 -0.890322 3.9801
Normal: -1 0 0
UV: 0.166839 0.825472

Position: -1.2802 -1.31199 4.17861
Normal: -1 0 0
UV: 0.166839 0.825472

Position: -1.2802 -0.890322 4.17861
Normal: -1 0 0
UV: 0.166839 0.825472

Position: -1.08987 -1.31199 3.9801
Normal: -0 0 -1
UV: 0.232354 0.824187

Position: -1.08987 -0.890322 3.9801
Normal: -0 0 -1
UV: 0.232354 0.824187

Position: -1.2802 -1.31199 3.9801
Normal: -0 0 -1
UV: 0.232354 0.824187

Position: -1.2802 -0.890322 3.9801
Normal: -0 0 -1
UV: 0.232354 0.824187

Position: -1.08987 -0.642658 4.17861
Normal: 1 0 0
UV: 0.166839 0.825472

Position: -1.08987 -0.642658 3.9801
Normal: 1 0 0
UV: 0.166839 0.825472

Position: -1.2802 -0.642658 4.29888
Normal: -0 0 1
UV: 0.232354 0.824187

Position: -1.08987 -0.642658 4.29888
Normal: -0 0 1
UV: 0.232354 0.824187

Position: -1.08987 -0.890322 4.29888
Normal: -0 0 1
UV: 0.232354 0.824187

Position: -1.2802 -0.890322 4.29888
Normal: -0 0 1
UV: 0.232354 0.824187

Position: -1.2802 -0.642658 4.17861
Normal: -1 0 0
UV: 0.166839 0.825472

Position: -1.2802 -0.642658 3.9801
Normal: -1 0 0
UV: 0.166839 0.825472

Position: -1.08987 -0.890322 3.85983
Normal: -0 0 -1
UV: 0.232354 0.824187

Position: -1.08987 -0.642658 3.85983
Normal: -0 0 -1
UV: 0.232354 0.824187

Position: -1.2802 -0.890322 3.85983
Normal: -0 0 -1
UV: 0.232354 0.824187

Position: -1.2802 -0.642658 3.85983
Normal: -0 0 -1
UV: 0.232354 0.824187

Position: -1.2802 -0.890322 4.29888
Normal: -0 -1 0
UV: 0.232354 0.824187

Position: -1.08987 -0.890322 4.29888
Normal: -0 -1 0
UV: 0.232354 0.824187

Position: -1.08987 -0.890322 4.17861
Normal: -0 -1 0
UV: 0.232354 0.824187

Position: -1.2802 -0.890322 4.17861
Normal: -0 -1 0
UV: 0.232354 0.824187

Position: -1.2802 -0.642658 4.29888
Normal: -1 0 0
UV: 0.166839 0.825472

Position: -1.2802 -0.890322 4.29888
Normal: -1 0 0
UV: 0.166839 0.825472

Position: -1.08987 -0.642658 4.29888
Normal: -0 1 0
UV: 0.259331 0.824187

Position: -1.2802 -0.642658 4.29888
Normal: -0 1 0
UV: 0.259331 0.824187

Position: -1.08987 -0.890322 4.29888
Normal: 1 0 0
UV: 0.166839 0.825472

Position: -1.08987 -0.642658 4.29888
Normal: 1 0 0
UV: 0.166839 0.825472

Position: -1.08987 -0.890322 3.9801
Normal: -0 -1 0
UV: 0.232354 0.824187

Position: -1.08987 -0.890322 3.85983
Normal: -0 -1 0
UV: 0.232354 0.824187

Position: -1.2802 -0.890322 3.9801
Normal: -0 -1 0
UV: 0.232354 0.824187

Position: -1.2802 -0.890322 3.85983
Normal: -0 -1 0
UV: 0.232354 0.824187

Position: -1.08987 -0.642658 3.85983
Normal: 1 0 0
UV: 0.166839 0.825472

Position: -1.08987 -0.890322 3.85983
Normal: 1 0 0
UV: 0.166839 0.825472

Position: -1.2802 -0.642658 3.85983
Normal: -0 1 0
UV: 0.259331 0.824187

Position: -1.08987 -0.642658 3.85983
Normal: -0 1 0
UV: 0.259331 0.824187

Position: -1.2802 -0.890322 3.85983
Normal: -1 0 0
UV: 0.166839 0.825472

Position: -1.2802 -0.642658 3.85983
Normal: -1 0 0
UV: 0.166839 0.825472

Position: 1.4645 -1.31199 4.38809
Normal: 1 0 0
UV: 0.165705 0.824437

Position: 1.4645 -1.42778 3.77062
Normal: 1 0 0
UV: 0.165705 0.824437

Position: 1.4645 -1.42778 4.38809
Normal: 1 0 0
UV: 0.165705 0.824437

Position: 1.4645 -1.31199 3.77062
Normal: 1 0 0
UV: 0.165705 0.824437

Position: 1.07329 -0.642658 4.17861
Normal: -0 1 0
UV: 0.259331 0.824187

Position: 1.26363 -0.642658 3.9801
Normal: -0 1 0
UV: 0.259331 0.824187

Position: 1.26363 -0.642658 4.17861
Normal: -0 1 0
UV: 0.259331 0.824187

Position: 1.07329 -0.642658 3.9801
Normal: -0 1 0
UV: 0.259331 0.824187

Position: 0.872414 -1.42778 4.38809
Normal: -1 0 0
UV: 0.165705 0.824437

Position: 0.872414 -1.31199 3.77062
Normal: -1 0 0
UV: 0.165705 0.824437

Position: 0.872414 -1.31199 4.38809
Normal: -1 0 0
UV: 0.165705 0.824437

Position: 0.872414 -1.42778 3.77062
Normal: -1 0 0
UV: 0.165705 0.824437

Position: 0.872414 -1.31199 4.38809
Normal: -0 0 1
UV: 0.265732 0.822385

Position: 1.4645 -1.31199 4.38809
Normal: -0 0 1
UV: 0.265732 0.822385

Position: 1.4645 -1.42778 4.38809
Normal: -0 0 1
UV: 0.265732 0.822385

Position: 0.872414 -1.42778 4.38809
Normal: -0 0 1
UV: 0.265732 0.822385

Position: 0.872414 -1.42778 3.77062
Normal: -0 0 -1
UV: 0.204071 0.821101

Position: 1.4645 -1.42778 3.77062
Normal: -0 0 -1
UV: 0.204071 0.821101

Position: 1.4645 -1.31199 3.77062
Normal: -0 0 -1
UV: 0.204071 0.821101

Position: 0.872414 -1.31199 3.77062
Normal: -0 0 -1
UV: 0.204071 0.821101

Position: 1.4645 -1.31199 3.77062
Normal: -0 1 0
UV: 0.294015 0.825472

Position: 1.4645 -1.31199 4.38809
Normal: -0 1 0
UV: 0.294015 0.825472

Position: 1.26363 -1.31199 4.17861
Normal: -0 1 0
UV: 0.294015 0.825472

Position: 1.26363 -1.31199 3.9801
Normal: -0 1 0
UV: 0.294015 0.825472

Position: 0.872414 -1.31199 4.38809
Normal: -0 1 0
UV: 0.294015 0.825472

Position: 1.07329 -1.31199 4.17861
Normal: -0 1 0
UV: 0.294015 0.825472

Position: 1.07329 -1.31199 3.9801
Normal: -0 1 0
UV: 0.294015 0.825472

Position: 0.872414 -1.31199 3.77062
Normal: -0 1 0
UV: 0.294015 0.825472

Position: 1.26363 -0.890322 4.17861
Normal: 1 0 0
UV: 0.166839 0.825472

Position: 1.26363 -1.31199 3.9801
Normal: 1 0 0
UV: 0.166839 0.825472

Position: 1.26363 -1.31199 4.17861
Normal: 1 0 0
UV: 0.166839 0.825472

Position: 1.26363 -0.890322 3.9801
Normal: 1 0 0
UV: 0.166839 0.825472

Position: 1.26363 -0.890322 4.17861
Normal: -0 0 1
UV: 0.232354 0.824187

Position: 1.26363 -1.31199 4.17861
Normal: -0 0 1
UV: 0.232354 0.824187

Position: 1.07329 -0.890322 4.17861
Normal: -0 0 1
UV: 0.232354 0.824187

Position: 1.07329 -1.31199 4.17861
Normal: -0 0 1
UV: 0.232354 0.824187

Position: 1.07329 -1.31199 3.9801
Normal: -1 0 0
UV: 0.166839 0.825472

Position: 1.07329 -0.890322 3.9801
Normal: -1 0 0
UV: 0.166839 0.825472

Position: 1.07329 -1.31199 4.17861
Normal: -1 0 0
UV: 0.166839 0.825472

Position: 1.07329 -0.890322 4.17861
Normal: -1 0 0
UV: 0.166839 0.825472

Position: 1.26363 -1.31199 3.9801
Normal: -0 0 -1
UV: 0.232354 0.824187

Position: 1.26363 -0.890322 3.9801
Normal: -0 0 -1
UV: 0.232354 0.824187

Position: 1.07329 -1.31199 3.9801
Normal: -0 0 -1
UV: 0.232354 0.824187

Position: 1.07329 -0.890322 3.9801
Normal: -0 0 -1
UV: 0.232354 0.824187

Position: 1.26363 -0.642658 4.17861
Normal: 1 0 0
UV: 0.166839 0.825472

Position: 1.26363 -0.642658 3.9801
Normal: 1 0 0
UV: 0.166839 0.825472

Position: 1.07329 -0.642658 4.29888
Normal: -0 0 1
UV: 0.232354 0.824187

Position: 1.26363 -0.642658 4.29888
Normal: -0 0 1
UV: 0.232354 0.824187

Position: 1.26363 -0.890322 4.29888
Normal: -0 0 1
UV: 0.232354 0.824187

Position: 1.07329 -0.890322 4.29888
Normal: -0 0 1
UV: 0.232354 0.824187

Position: 1.07329 -0.642658 4.17861
Normal: -1 0 0
UV: 0.166839 0.825472

Position: 1.07329 -0.642658 3.9801
Normal: -1 0 0
UV: 0.166839 0.825472

Position: 1.26363 -0.642658 3.85983
Normal: -0 0 -1
UV: 0.232354 0.824187

Position: 1.07329 -0.890322 3.85983
Normal: -0 0 -1
UV: 0.232354 0.824187

Position: 1.26363 -0.890322 3.85983
Normal: -0 0 -1
UV: 0.232354 0.824187

Position: 1.07329 -0.642658 3.85983
Normal: -0 0 -1
UV: 0.232354 0.824187

Position: 1.07329 -0.890322 4.29888
Normal: -0 -1 0
UV: 0.232354 0.824187

Position: 1.26363 -0.890322 4.29888
Normal: -0 -1 0
UV: 0.232354 0.824187

Position: 1.26363 -0.890322 4.17861
Normal: -0 -1 0
UV: 0.232354 0.824187

Position: 1.07329 -0.890322 4.17861
Normal: -0 -1 0
UV: 0.232354 0.824187

Position: 1.07329 -0.642658 4.29888
Normal: -1 0 0
UV: 0.166839 0.825472

Position: 1.07329 -0.890322 4.29888
Normal: -1 0 0
UV: 0.166839 0.825472

Position: 1.26363 -0.642658 4.29888
Normal: -0 1 0
UV: 0.259331 0.824187

Position: 1.07329 -0.642658 4.29888
Normal: -0 1 0
UV: 0.259331 0.824187

Position: 1.26363 -0.890322 4.29888
Normal: 1 0 0
UV: 0.166839 0.825472

Position: 1.26363 -0.642658 4.29888
Normal: 1 0 0
UV: 0.166839 0.825472

Position: 1.26363 -0.890322 3.9801
Normal: -0 -1 0
UV: 0.232354 0.824187

Position: 1.26363 -0.890322 3.85983
Normal: -0 -1 0
UV: 0.232354 0.824187

Position: 1.07329 -0.890322 3.9801
Normal: -0 -1 0
UV: 0.232354 0.824187

Position: 1.07329 -0.890322 3.85983
Normal: -0 -1 0
UV: 0.232354 0.824187

Position: 1.26363 -0.642658 3.85983
Normal: 1 0 0
UV: 0.166839 0.825472

Position: 1.26363 -0.890322 3.85983
Normal: 1 0 0
UV: 0.166839 0.825472

Position: 1.07329 -0.642658 3.85983
Normal: -0 1 0
UV: 0.259331 0.824187

Position: 1.26363 -0.642658 3.85983
Normal: -0 1 0
UV: 0.259331 0.824187

Position: 1.07329 -0.890322 3.85983
Normal: -1 0 0
UV: 0.166839 0.825472

Position: 1.07329 -0.642658 3.85983
Normal: -1 0 0
UV: 0.166839 0.825472


[INDEX_DATA]
0 2 1
2 3 1
4 6 5
5 7 4
8 10 9
11 9 10
12 14 13
13 15 12
16 18 17
17 19 16
12 2 0
12 15 2
20 22 21
21 23 20
24 26 25
26 24 27
28 30 29
29 31 28
1 3 14
3 13 14
32 34 33
33 35 32
36 38 37
37 39 36
40 42 41
41 43 40
44 46 45
45 47 44
48 50 49
50 51 49
52 54 53
53 55 52
56 58 57
56 59 58
60 61 57
57 58 60
61 63 62
61 60 63
62 59 56
62 63 59
64 66 65
65 67 64
68 70 69
69 71 68
72 74 73
73 75 72
76 78 77
77 79 76
80 82 81
82 83 81
84 86 85
86 87 85
88 90 89
89 91 88
92 88 91
91 93 92
94 92 93
93 95 94
94 89 90
94 95 89
96 98 97
97 99 96
100 102 101
101 103 100
104 106 105
105 107 104
108 110 109
109 111 108
112 114 113
114 115 113
116 118 117
117 119 116
120 122 121
120 123 122
121 125 124
121 122 125
124 127 126
124 125 127
120 126 127
127 123 120
128 130 129
129 131 128
132 134 133
133 135 132
136 138 137
137 139 136
140 142 141
141 143 140
144 146 145
146 147 145
148 150 149
150 151 149
152 154 153
152 155 154
156 157 153
153 154 156
157 159 158
157 156 159
158 155 152
158 159 155
160 162 161
161 163 160
164 166 165
165 167 164
168 170 169
169 171 168
172 174 173
173 175 172
176 178 177
178 179 177
180 182 181
182 183 181
184 186 185
184 187 186
185 189 188
185 186 189
188 191 190
188 189 191
190 187 184
190 191 187
192 194 193
193 195 192
196 198 197
197 199 196
200 202 201
201 203 200
204 206 205
205 207 204
208 210 209
209 211 208
212 214 213
214 215 213
216 218 217
216 219 218
220 221 217
217 218 220
221 223 222
221 220 223
222 219 216
222 223 219
224 226 225
225 227 224
228 230 229
229 231 228
232 234 233
233 235 232
236 238 237
237 239 236
240 242 241
242 243 241
244 246 245
246 247 245
248 250 249
248 251 250
252 249 250
250 253 252
254 252 253
253 255 254
254 251 248
254 255 251
256 258 257
257 259 256
260 262 261
261 263 260
264 266 265
265 267 264
268 270 269
269 271 268
272 274 273
274 275 273
276 278 277
278 279 277
280 282 281
280 283 282
284 285 281
281 282 284
285 287 286
285 284 287
286 283 280
286 287 283
288 290 289
289 291 288
292 294 293
293 295 292
296 298 297
297 299 296
300 302 301
301 303 300
304 306 305
304 307 306
308 310 309
308 311 310
312 314 313
313 315 312
316 318 317
317 319 316
320 322 321
321 323 320
324 326 325
325 327 324
328 330 329
328 331 330
332 334 333
332 335 334
336 338 337
337 339 336
340 342 341
341 343 340
344 346 345
345 347 344
348 350 349
349 351 348
352 354 353
352 355 354
356 358 357
356 359 358
360 362 361
361 363 360
364 366 365
365 367 364
368 370 369
369 371 368
372 374 373
373 375 372
376 378 377
376 379 378
380 382 381
380 383 382
384 386 385
385 387 384
388 390 389
389 391 388
392 394 393
393 395 392
396 398 397
397 399 396
400 402 401
400 403 402
404 406 405
404 407 406
408 410 409
409 411 408
412 414 413
413 415 412
416 418 417
417 419 416
420 422 421
421 423 420
424 426 425
424 427 426
428 430 429
428 431 430
432 434 433
433 435 432
436 438 437
437 439 436
440 442 441
441 443 440
444 446 445
445 447 444
448 450 449
448 451 450
452 454 453
452 455 454
456 458 457
457 459 456
460 462 461
461 463 460
464 466 465
465 467 464
468 470 469
469 471 468
472 474 473
472 475 474
476 478 477
476 479 478
480 482 481
481 483 480
484 486 485
485 487 484
488 490 489
489 491 488
492 494 493
492 495 494
496 498 497
496 499 498
500 502 501
500 503 502
504 501 505
501 502 505
505 506 504
504 506 507
507 503 500
507 506 503
508 510 509
509 511 508
512 514 513
514 515 513
516 518 517
519 517 518
520 522 521
522 523 521
524 508 511
511 525 524
526 528 527
526 529 528
530 531 519
519 531 517
532 534 533
533 535 532
536 538 537
536 539 538
540 519 541
540 530 519
542 484 543
542 486 484
544 524 545
544 508 524
546 548 547
547 549 546
550 525 511
511 551 550
552 487 485
485 553 552
531 554 517
531 555 554
556 558 557
557 559 556
560 562 561
561 563 560
564 566 565
565 567 564
568 570 569
568 571 570
572 574 573
572 575 574
576 578 577
576 579 578
580 577 581
577 578 581
581 582 580
580 582 583
583 579 576
583 582 579
584 586 585
585 587 584
588 590 589
590 591 589
592 594 593
595 593 594
596 598 597
598 599 597
600 584 587
587 601 600
602 604 603
602 605 604
606 607 595
595 607 593
608 610 609
610 611 609
612 614 613
612 615 614
616 595 617
616 606 595
618 560 619
618 562 560
620 600 621
620 584 600
622 624 623
623 625 622
626 601 587
587 627 626
628 563 561
561 629 628
607 630 593
607 631 630
632 634 633
633 635 632
636 638 637
637 639 636
640 642 641
641 643 640
644 646 645
644 647 646
648 650 649
648 651 650
652 654 653
652 655 654
656 653 657
653 654 657
657 658 656
656 658 659
659 655 652
659 658 655
660 662 661
661 663 660
664 666 665
666 667 665
668 670 669
671 669 670
672 674 673
674 675 673
676 660 663
663 677 676
678 680 679
678 681 680
682 683 671
671 683 669
684 686 685
686 687 685
688 690 689
688 691 690
692 671 693
692 682 671
694 636 695
694 638 636
696 676 697
696 660 676
698 700 699
700 701 699
702 677 663
663 703 702
639 637 704
637 705 704
683 706 669
683 707 706
708 710 709
709 711 708
712 714 713
713 715 712
716 718 717
717 719 716
720 722 721
720 723 722
724 726 725
724 727 726
728 730 729
728 731 730
732 729 733
729 730 733
733 734 732
732 734 735
735 731 728
735 734 731
736 738 737
737 739 736
740 742 741
742 743 741
744 746 745
747 745 746
748 750 749
750 751 749
752 736 739
739 753 752
754 756 755
754 757 756
758 759 747
747 759 745
760 762 761
761 763 760
764 766 765
764 767 766
768 747 769
768 758 747
770 712 771
770 714 712
772 752 773
772 736 752
774 776 775
776 777 775
778 753 739
739 779 778
715 713 780
713 781 780
759 782 745
759 783 782

