[FBX_META_DATA]
MeshCount: 1

[MESH_DATA]
VertexCount: 160
IndexCount: 240
BoneCount: 0
AnimationClips: 1

[VERTEX_DATA]
Position: 0.783371 0 4.02657
Normal: -0 0.289778 0.957094
UV: 0.228636 0.524328

Position: -4.34064 0 4.02657
Normal: -0 0.289778 0.957094
UV: 0.235841 0.524328

Position: -3.56494 2.56201 3.25087
Normal: -0 0.289778 0.957094
UV: 0.234751 0.520725

Position: 0.00767422 2.56201 3.25087
Normal: -0 0.289778 0.957094
UV: 0.229726 0.520725

Position: -3.56494 2.56201 3.25087
Normal: -0 1 0
UV: 0.30057 0.520845

Position: -3.56494 2.56201 -0.321762
Normal: -0 1 0
UV: 0.30057 0.515821

Position: 0.00767422 2.56201 3.25087
Normal: -0 1 0
UV: 0.295546 0.520845

Position: 0.00767422 2.56201 -0.321762
Normal: -0 1 0
UV: 0.295546 0.515821

Position: -4.34064 0 -1.09746
Normal: -0 0.289778 -0.957094
UV: 0.235048 0.517095

Position: 0.783371 0 -1.09746
Normal: -0 0.289778 -0.957094
UV: 0.227843 0.517095

Position: 0.00767422 2.56201 -0.321762
Normal: -0 0.289778 -0.957094
UV: 0.228933 0.520698

Position: -3.56494 2.56201 -0.321762
Normal: -0 0.289778 -0.957094
UV: 0.233958 0.520698

Position: -3.56494 2.56201 3.25087
Normal: -0.957094 0.289779 0
UV: 0.263876 0.516398

Position: -4.34064 0 4.02657
Normal: -0.957094 0.289779 0
UV: 0.263876 0.516398

Position: -3.56494 2.56201 -0.321762
Normal: -0.957094 0.289779 0
UV: 0.263876 0.516398

Position: -4.34064 0 -1.09746
Normal: -0.957094 0.289779 0
UV: 0.263876 0.516398

Position: 0.00767422 2.56201 3.25087
Normal: 0.957094 0.289779 0
UV: 0.263876 0.516398

Position: 0.783371 0 -1.09746
Normal: 0.957094 0.289779 0
UV: 0.263876 0.516398

Position: 0.783371 0 4.02657
Normal: 0.957094 0.289779 0
UV: 0.263876 0.516398

Position: 0.00767422 2.56201 -0.321762
Normal: 0.957094 0.289779 0
UV: 0.263876 0.516398

Position: 3.081 0 3.31781
Normal: -0 0.289777 0.957094
UV: 0.228636 0.524328

Position: -0.364389 0 3.31781
Normal: -0 0.289777 0.957094
UV: 0.235841 0.524328

Position: 0.15719 1.72269 2.79623
Normal: -0 0.289777 0.957094
UV: 0.234751 0.520725

Position: 2.55942 1.72269 2.79623
Normal: -0 0.289777 0.957094
UV: 0.229726 0.520725

Position: 0.15719 1.72269 2.79623
Normal: -0 1 0
UV: 0.30057 0.520845

Position: 0.15719 1.72269 0.394012
Normal: -0 1 0
UV: 0.30057 0.515821

Position: 2.55942 1.72269 2.79623
Normal: -0 1 0
UV: 0.295546 0.520845

Position: 2.55942 1.72269 0.394012
Normal: -0 1 0
UV: 0.295546 0.515821

Position: -0.364389 0 -0.127563
Normal: -0 0.289777 -0.957094
UV: 0.235048 0.517095

Position: 3.081 0 -0.127563
Normal: -0 0.289777 -0.957094
UV: 0.227843 0.517095

Position: 2.55942 1.72269 0.394012
Normal: -0 0.289777 -0.957094
UV: 0.228933 0.520698

Position: 0.15719 1.72269 0.394012
Normal: -0 0.289777 -0.957094
UV: 0.233958 0.520698

Position: 0.15719 1.72269 2.79623
Normal: -0.957094 0.289779 0
UV: 0.263876 0.516398

Position: -0.364389 0 3.31781
Normal: -0.957094 0.289779 0
UV: 0.263876 0.516398

Position: 0.15719 1.72269 0.394012
Normal: -0.957094 0.289779 0
UV: 0.263876 0.516398

Position: -0.364389 0 -0.127563
Normal: -0.957094 0.289779 0
UV: 0.263876 0.516398

Position: 2.55942 1.72269 2.79623
Normal: 0.957094 0.289779 0
UV: 0.263876 0.516398

Position: 3.081 0 -0.127563
Normal: 0.957094 0.289779 0
UV: 0.263876 0.516398

Position: 3.081 0 3.31781
Normal: 0.957094 0.289779 0
UV: 0.263876 0.516398

Position: 2.55942 1.72269 0.394012
Normal: 0.957094 0.289779 0
UV: 0.263876 0.516398

Position: -0.746879 0 0.550629
Normal: -0 0.289777 0.957094
UV: 0.228636 0.524328

Position: -4.19227 0 0.550629
Normal: -0 0.289777 0.957094
UV: 0.235841 0.524328

Position: -3.67069 1.72269 0.0290527
Normal: -0 0.289777 0.957094
UV: 0.234751 0.520725

Position: -1.26846 1.72269 0.0290527
Normal: -0 0.289777 0.957094
UV: 0.229726 0.520725

Position: -3.67069 1.72269 0.0290527
Normal: -0 1 0
UV: 0.30057 0.520845

Position: -3.67069 1.72269 -2.37317
Normal: -0 1 0
UV: 0.30057 0.515821

Position: -1.26846 1.72269 0.0290527
Normal: -0 1 0
UV: 0.295546 0.520845

Position: -1.26846 1.72269 -2.37317
Normal: -0 1 0
UV: 0.295546 0.515821

Position: -4.19227 0 -2.89474
Normal: -0 0.289777 -0.957094
UV: 0.235048 0.517095

Position: -0.746879 0 -2.89474
Normal: -0 0.289777 -0.957094
UV: 0.227843 0.517095

Position: -1.26846 1.72269 -2.37317
Normal: -0 0.289777 -0.957094
UV: 0.228933 0.520698

Position: -3.67069 1.72269 -2.37317
Normal: -0 0.289777 -0.957094
UV: 0.233958 0.520698

Position: -3.67069 1.72269 0.0290527
Normal: -0.957094 0.289779 0
UV: 0.263876 0.516398

Position: -4.19227 0 0.550629
Normal: -0.957094 0.289779 0
UV: 0.263876 0.516398

Position: -3.67069 1.72269 -2.37317
Normal: -0.957094 0.289779 0
UV: 0.263876 0.516398

Position: -4.19227 0 -2.89474
Normal: -0.957094 0.289779 0
UV: 0.263876 0.516398

Position: -1.26846 1.72269 0.0290527
Normal: 0.957094 0.289779 0
UV: 0.263876 0.516398

Position: -0.746879 0 -2.89474
Normal: 0.957094 0.289779 0
UV: 0.263876 0.516398

Position: -0.746879 0 0.550629
Normal: 0.957094 0.289779 0
UV: 0.263876 0.516398

Position: -1.26846 1.72269 -2.37317
Normal: 0.957094 0.289779 0
UV: 0.263876 0.516398

Position: 1.92124 0 0.781906
Normal: -0 0.289781 0.957093
UV: 0.228636 0.524328

Position: -2.00099 0 0.781906
Normal: -0 0.289781 0.957093
UV: 0.235841 0.524328

Position: -1.40722 1.28553 0.392685
Normal: -0 0.289781 0.957093
UV: 0.234751 0.520725

Position: 1.32748 1.28553 0.392685
Normal: -0 0.289781 0.957093
UV: 0.229726 0.520725

Position: -1.40722 1.28553 0.392685
Normal: -0 1 0
UV: 0.30057 0.520845

Position: -1.40722 1.28553 -1.39992
Normal: -0 1 0
UV: 0.30057 0.515821

Position: 1.32748 1.28553 0.392685
Normal: -0 1 0
UV: 0.295546 0.520845

Position: 1.32748 1.28553 -1.39992
Normal: -0 1 0
UV: 0.295546 0.515821

Position: -2.00099 0 -1.78914
Normal: -0 0.289781 -0.957093
UV: 0.235048 0.517095

Position: 1.92124 0 -1.78914
Normal: -0 0.289781 -0.957093
UV: 0.227843 0.517095

Position: 1.32748 1.28553 -1.39992
Normal: -0 0.289781 -0.957093
UV: 0.228933 0.520698

Position: -1.40722 1.28553 -1.39992
Normal: -0 0.289781 -0.957093
UV: 0.233958 0.520698

Position: -1.40722 1.28553 0.392685
Normal: -0.90784 0.419317 0
UV: 0.263876 0.516398

Position: -2.00099 0 0.781906
Normal: -0.90784 0.419318 0
UV: 0.263876 0.516398

Position: -1.40722 1.28553 -1.39992
Normal: -0.90784 0.419317 0
UV: 0.263876 0.516398

Position: -2.00099 0 -1.78914
Normal: -0.90784 0.419318 0
UV: 0.263876 0.516398

Position: 1.32748 1.28553 0.392685
Normal: 0.90784 0.419318 0
UV: 0.263876 0.516398

Position: 1.92124 0 -1.78914
Normal: 0.90784 0.419318 0
UV: 0.263876 0.516398

Position: 1.92124 0 0.781906
Normal: 0.90784 0.419318 0
UV: 0.263876 0.516398

Position: 1.32748 1.28553 -1.39992
Normal: 0.90784 0.419318 0
UV: 0.263876 0.516398

Position: 0.0492191 0 -0.942108
Normal: -0 0.289787 0.957091
UV: 0.228636 0.524328

Position: -1.65234 0 -0.942108
Normal: -0 0.289787 0.957091
UV: 0.235841 0.524328

Position: -1.39475 0.850781 -1.19971
Normal: -0 0.289787 0.957091
UV: 0.234751 0.520725

Position: -0.208371 0.850781 -1.19971
Normal: -0 0.289787 0.957091
UV: 0.229726 0.520725

Position: -1.39475 0.850781 -1.19971
Normal: -0 1 0
UV: 0.30057 0.520845

Position: -1.39475 0.850781 -2.38608
Normal: -0 1 0
UV: 0.30057 0.515821

Position: -0.208371 0.850781 -1.19971
Normal: -0 1 0
UV: 0.295546 0.520845

Position: -0.208371 0.850781 -2.38608
Normal: -0 1 0
UV: 0.295546 0.515821

Position: -1.65234 0 -2.64368
Normal: -0 0.289787 -0.957091
UV: 0.235048 0.517095

Position: 0.0492191 0 -2.64368
Normal: -0 0.289787 -0.957091
UV: 0.227843 0.517095

Position: -0.208371 0.850781 -2.38608
Normal: -0 0.289787 -0.957091
UV: 0.228933 0.520698

Position: -1.39475 0.850781 -2.38608
Normal: -0 0.289787 -0.957091
UV: 0.233958 0.520698

Position: -1.39475 0.850781 -1.19971
Normal: -0.957094 0.289778 0
UV: 0.263876 0.516398

Position: -1.65234 0 -0.942108
Normal: -0.957094 0.289778 0
UV: 0.263876 0.516398

Position: -1.39475 0.850781 -2.38608
Normal: -0.957094 0.289778 0
UV: 0.263876 0.516398

Position: -1.65234 0 -2.64368
Normal: -0.957094 0.289778 0
UV: 0.263876 0.516398

Position: -0.208371 0.850781 -1.19971
Normal: 0.957094 0.289778 0
UV: 0.263876 0.516398

Position: 0.0492191 0 -2.64368
Normal: 0.957094 0.289778 0
UV: 0.263876 0.516398

Position: 0.0492191 0 -0.942108
Normal: 0.957094 0.289778 0
UV: 0.263876 0.516398

Position: -0.208371 0.850781 -2.38608
Normal: 0.957094 0.289778 0
UV: 0.263876 0.516398

Position: -0.359391 0.254109 3.91753
Normal: -0 0.209922 0.977718
UV: 0.228636 0.524328

Position: -3.99303 0.254109 3.91753
Normal: -0 0.209922 0.977718
UV: 0.235841 0.524328

Position: -3.44295 2.81611 3.36745
Normal: -0 0.209922 0.977718
UV: 0.234751 0.520725

Position: -0.909468 2.81611 3.36745
Normal: -0 0.209922 0.977718
UV: 0.229726 0.520725

Position: -3.44295 2.81611 3.36745
Normal: -0 1 0
UV: 0.30057 0.520845

Position: -3.44295 2.81611 0.833969
Normal: -0 1 0
UV: 0.30057 0.515821

Position: -0.909468 2.81611 3.36745
Normal: -0 1 0
UV: 0.295546 0.520845

Position: -0.909468 2.81611 0.833969
Normal: -0 1 0
UV: 0.295546 0.515821

Position: -3.99303 0.254109 0.28389
Normal: -0 0.209922 -0.977718
UV: 0.235048 0.517095

Position: -0.359391 0.254109 0.28389
Normal: -0 0.209922 -0.977718
UV: 0.227843 0.517095

Position: -0.909468 2.81611 0.833969
Normal: -0 0.209922 -0.977718
UV: 0.228933 0.520698

Position: -3.44295 2.81611 0.833969
Normal: -0 0.209922 -0.977718
UV: 0.233958 0.520698

Position: -3.44295 2.81611 3.36745
Normal: -0.977718 0.209921 0
UV: 0.263876 0.516398

Position: -3.99303 0.254109 3.91753
Normal: -0.977718 0.209921 0
UV: 0.263876 0.516398

Position: -3.44295 2.81611 0.833969
Normal: -0.977718 0.209921 0
UV: 0.263876 0.516398

Position: -3.99303 0.254109 0.28389
Normal: -0.977718 0.209921 0
UV: 0.263876 0.516398

Position: -0.909468 2.81611 3.36745
Normal: 0.977718 0.209921 0
UV: 0.263876 0.516398

Position: -0.359391 0.254109 0.28389
Normal: 0.977718 0.209921 0
UV: 0.263876 0.516398

Position: -0.359391 0.254109 3.91753
Normal: 0.977718 0.209921 0
UV: 0.263876 0.516398

Position: -0.909468 2.81611 0.833969
Normal: 0.977718 0.209921 0
UV: 0.263876 0.516398

Position: -3.70354 0 -2.07582
Normal: -0 0.289785 0.957092
UV: 0.235841 0.524328

Position: -2.04812 0.975367 -2.37114
Normal: -0 0.289785 0.957092
UV: 0.229726 0.520725

Position: -1.75281 0 -2.07582
Normal: -0 0.289785 0.957092
UV: 0.228636 0.524328

Position: -3.40823 0.975367 -2.37114
Normal: -0 0.289785 0.957092
UV: 0.234751 0.520725

Position: -3.40823 0.975367 -2.37114
Normal: -0 1 0
UV: 0.30057 0.520845

Position: -3.40823 0.975367 -3.73125
Normal: -0 1 0
UV: 0.30057 0.515821

Position: -2.04812 0.975367 -2.37114
Normal: -0 1 0
UV: 0.295546 0.520845

Position: -2.04812 0.975367 -3.73125
Normal: -0 1 0
UV: 0.295546 0.515821

Position: -3.70354 0 -4.02657
Normal: -0 0.289785 -0.957092
UV: 0.235048 0.517095

Position: -1.75281 0 -4.02657
Normal: -0 0.289785 -0.957092
UV: 0.227843 0.517095

Position: -2.04812 0.975367 -3.73125
Normal: -0 0.289785 -0.957092
UV: 0.228933 0.520698

Position: -3.40823 0.975367 -3.73125
Normal: -0 0.289785 -0.957092
UV: 0.233958 0.520698

Position: -3.40823 0.975367 -2.37114
Normal: -0.957094 0.289778 0
UV: 0.263876 0.516398

Position: -3.70354 0 -2.07582
Normal: -0.957094 0.289778 0
UV: 0.263876 0.516398

Position: -3.40823 0.975367 -3.73125
Normal: -0.957094 0.289778 0
UV: 0.263876 0.516398

Position: -3.70354 0 -4.02657
Normal: -0.957094 0.289778 0
UV: 0.263876 0.516398

Position: -2.04812 0.975367 -2.37114
Normal: 0.957094 0.289779 0
UV: 0.263876 0.516398

Position: -1.75281 0 -4.02657
Normal: 0.957094 0.289779 0
UV: 0.263876 0.516398

Position: -1.75281 0 -2.07582
Normal: 0.957094 0.289779 0
UV: 0.263876 0.516398

Position: -2.04812 0.975367 -3.73125
Normal: 0.957094 0.289779 0
UV: 0.263876 0.516398

Position: 4.34064 0 3.64928
Normal: -0 0.289785 0.957092
UV: 0.228636 0.524328

Position: 2.38991 0 3.64928
Normal: -0 0.289785 0.957092
UV: 0.235841 0.524328

Position: 2.68522 0.975367 3.35396
Normal: -0 0.289785 0.957092
UV: 0.234751 0.520725

Position: 4.04533 0.975367 3.35396
Normal: -0 0.289785 0.957092
UV: 0.229726 0.520725

Position: 2.68522 0.975367 1.99385
Normal: -0 1 0
UV: 0.30057 0.515821

Position: 4.04533 0.975367 3.35396
Normal: -0 1 0
UV: 0.295546 0.520845

Position: 2.68522 0.975367 3.35396
Normal: -0 1 0
UV: 0.30057 0.520845

Position: 4.04533 0.975367 1.99385
Normal: -0 1 0
UV: 0.295546 0.515821

Position: 4.34064 0 1.69853
Normal: -0 0.289785 -0.957092
UV: 0.227843 0.517095

Position: 2.68522 0.975367 1.99385
Normal: -0 0.289785 -0.957092
UV: 0.233958 0.520698

Position: 2.38991 0 1.69853
Normal: -0 0.289785 -0.957092
UV: 0.235048 0.517095

Position: 4.04533 0.975367 1.99385
Normal: -0 0.289785 -0.957092
UV: 0.228933 0.520698

Position: 2.68522 0.975367 3.35396
Normal: -0.957094 0.289779 0
UV: 0.263876 0.516398

Position: 2.38991 0 3.64928
Normal: -0.957094 0.289779 0
UV: 0.263876 0.516398

Position: 2.68522 0.975367 1.99385
Normal: -0.957094 0.289779 0
UV: 0.263876 0.516398

Position: 2.38991 0 1.69853
Normal: -0.957094 0.289779 0
UV: 0.263876 0.516398

Position: 4.04533 0.975367 3.35396
Normal: 0.957094 0.289778 0
UV: 0.263876 0.516398

Position: 4.34064 0 1.69853
Normal: 0.957094 0.289778 0
UV: 0.263876 0.516398

Position: 4.34064 0 3.64928
Normal: 0.957094 0.289778 0
UV: 0.263876 0.516398

Position: 4.04533 0.975367 1.99385
Normal: 0.957094 0.289778 0
UV: 0.263876 0.516398


[INDEX_DATA]
0 2 1
0 3 2
4 6 5
6 7 5
8 10 9
8 11 10
12 14 13
13 14 15
16 18 17
17 19 16
20 22 21
20 23 22
24 26 25
26 27 25
28 30 29
28 31 30
32 34 33
33 34 35
36 38 37
37 39 36
40 42 41
40 43 42
44 46 45
46 47 45
48 50 49
48 51 50
52 54 53
53 54 55
56 58 57
57 59 56
60 62 61
60 63 62
64 66 65
66 67 65
68 70 69
68 71 70
72 74 73
73 74 75
76 78 77
77 79 76
80 82 81
80 83 82
84 86 85
86 87 85
88 90 89
88 91 90
92 94 93
93 94 95
96 98 97
97 99 96
100 102 101
100 103 102
104 106 105
106 107 105
108 110 109
108 111 110
112 114 113
113 114 115
116 118 117
117 119 116
120 122 121
121 123 120
124 126 125
126 127 125
128 130 129
128 131 130
132 134 133
133 134 135
136 138 137
137 139 136
140 142 141
140 143 142
144 146 145
145 147 144
148 150 149
149 151 148
152 154 153
153 154 155
156 158 157
157 159 156

