[FBX_META_DATA]
MeshCount: 1

[MESH_DATA]
VertexCount: 56
IndexCount: 126
BoneCount: 0
AnimationClips: 1

[VERTEX_DATA]
Position: -6.00082 0 0
Normal: 1.73532e-008 1 0
UV: 0.386365 0.935096

Position: -0 -2.38419e-007 -1
Normal: 3.9731e-008 1 0
UV: 0.386365 0.935096

Position: -0 -2.38419e-007 0
Normal: 3.9731e-008 1 0
UV: 0.386365 0.935096

Position: -6.00082 0 -1
Normal: 1.73532e-008 1 0
UV: 0.386365 0.935096

Position: -6.00082 -2.57231 -16.6976
Normal: -0.00209631 0.979013 -0.203788
UV: 0.0470022 0.378424

Position: -0 -3 -18.806
Normal: -0 0.98004 -0.1988
UV: 0.0470022 0.378424

Position: -0 -2.57231 -16.6976
Normal: 2.14659e-008 0.980011 -0.198941
UV: 0.0470022 0.378424

Position: -6.00082 -3 -18.806
Normal: -0.0119244 0.97401 -0.226189
UV: 0.0470022 0.378424

Position: -0 -3 -18.806
Normal: -0 1 0
UV: 0.394396 0.670965

Position: -6.00082 -3 -18.806
Normal: -0 1 0
UV: 0.394396 0.670965

Position: -6.00082 -3 -20
Normal: -0 1 0
UV: 0.394396 0.670965

Position: -0 -3 -20
Normal: -0 1 0
UV: 0.394396 0.670965

Position: -6.00082 0 -1.10128
Normal: 1.73532e-008 1 -1.18256e-007
UV: 0.292346 0.579077

Position: -0 -4.76837e-007 -4.02419
Normal: 1.98655e-008 1 -1.22353e-007
UV: 0.292346 0.579077

Position: -0 -2.38419e-007 -1.10128
Normal: 2.05308e-008 1 -1.18256e-007
UV: 0.292346 0.579077

Position: -6.00082 -4.76837e-007 -4.02419
Normal: 1.73532e-008 1 -1.22353e-007
UV: 0.292346 0.579077

Position: -6.00082 -0.0542535 -4.29493
Normal: 1.53459e-005 0.980019 -0.198902
UV: 0.0187064 0.378424

Position: -0 -2.57231 -16.6976
Normal: 2.14659e-008 0.980011 -0.198941
UV: 0.0187064 0.378424

Position: -0 -0.0542538 -4.29493
Normal: 2.51007e-008 0.980017 -0.198913
UV: 0.0187064 0.378424

Position: -6.00082 -2.57231 -16.6976
Normal: -0.00209631 0.979013 -0.203788
UV: 0.0187064 0.378424

Position: -6.00082 -4.76837e-007 -4.02419
Normal: 1.85355e-008 0.980506 -0.196488
UV: 0.444941 0.60232

Position: -0 -0.0542538 -4.29493
Normal: 2.51007e-008 0.980017 -0.198913
UV: 0.444941 0.60232

Position: -0 -4.76837e-007 -4.02419
Normal: 2.44512e-008 0.980506 -0.196488
UV: 0.444941 0.60232

Position: -6.00082 -0.0542535 -4.29493
Normal: 1.53459e-005 0.980019 -0.198902
UV: 0.444941 0.60232

Position: -6.00082 0 -1
Normal: 1.73532e-008 1 0
UV: 0.341864 0.938837

Position: -0 -2.38419e-007 -1.10128
Normal: 2.05308e-008 1 -1.18256e-007
UV: 0.341864 0.938837

Position: -0 -2.38419e-007 -1
Normal: 3.9731e-008 1 0
UV: 0.341864 0.938837

Position: -6.00082 0 -1.10128
Normal: 1.73532e-008 1 -1.18256e-007
UV: 0.341864 0.938837

Position: -13.7391 0 -1
Normal: -0 1 0
UV: 0.386365 0.935096

Position: -13.7391 0 0
Normal: -0 1 0
UV: 0.386365 0.935096

Position: -13.7391 0 -1.10128
Normal: 1.64606e-008 1 -8.29975e-008
UV: 0.341864 0.938837

Position: -13.7391 0 -1
Normal: -0 1 0
UV: 0.341864 0.938837

Position: -13.7391 0 -1.10128
Normal: 1.64606e-008 1 -8.29975e-008
UV: 0.292346 0.579077

Position: -13.7391 -2.38419e-007 -4.02419
Normal: 1.70309e-008 1 -8.58733e-008
UV: 0.292346 0.579077

Position: -13.7391 -2.38419e-007 -4.02419
Normal: 2.59013e-008 0.980506 -0.196488
UV: 0.444941 0.60232

Position: -13.7391 -0.0542535 -4.29493
Normal: -7.69157e-009 0.980021 -0.198894
UV: 0.444941 0.60232

Position: -13.7391 -2.34285 -15.5695
Normal: -3.76901e-005 0.97868 -0.205391
UV: 0.0187064 0.378424

Position: -13.7391 -0.0542535 -4.29493
Normal: -7.69157e-009 0.980021 -0.198894
UV: 0.0187064 0.378424

Position: -13.7391 -3 -17.6779
Normal: 0.000225119 0.968464 -0.249152
UV: 0.0470022 0.378424

Position: -13.7391 -2.34285 -15.5695
Normal: -3.76901e-005 0.97868 -0.205391
UV: 0.0470022 0.378424

Position: -13.7391 -3 -17.6779
Normal: -0 1 0
UV: 0.394396 0.670965

Position: -13.7391 -3 -20
Normal: -0 1 0
UV: 0.394396 0.670965

Position: -20 0 0
Normal: -0 1 0
UV: 0.386365 0.935096

Position: -20 0 -1
Normal: -0 1 0
UV: 0.386365 0.935096

Position: -20 0 -1
Normal: -0 1 0
UV: 0.341864 0.938837

Position: -20 0 -1.10128
Normal: 1.84029e-008 1 -3.94186e-008
UV: 0.341864 0.938837

Position: -20 0 -1.10128
Normal: 1.84029e-008 1 -3.94186e-008
UV: 0.292346 0.579077

Position: -20 0 -4.02419
Normal: 1.90405e-008 1 -4.07844e-008
UV: 0.292346 0.579077

Position: -20 0 -4.02419
Normal: 4.06755e-008 0.980506 -0.196488
UV: 0.444941 0.60232

Position: -20 -0.0542533 -4.29493
Normal: -3.43533e-005 0.980021 -0.198894
UV: 0.444941 0.60232

Position: -20 -0.0542533 -4.29493
Normal: -3.43533e-005 0.980021 -0.198894
UV: 0.0187064 0.378424

Position: -20 -2.57231 -16.6976
Normal: 0.00500192 0.978054 -0.208289
UV: 0.0187064 0.378424

Position: -20 -2.57231 -16.6976
Normal: 0.00500192 0.978054 -0.208289
UV: 0.0470022 0.378424

Position: -20 -3 -18.806
Normal: 0.0271367 0.968108 -0.249061
UV: 0.0470022 0.378424

Position: -20 -3 -18.806
Normal: -0 1 0
UV: 0.394396 0.670965

Position: -20 -3 -20
Normal: -0 1 0
UV: 0.394396 0.670965


[INDEX_DATA]
0 2 1
1 3 0
4 6 5
5 7 4
8 10 9
8 11 10
12 14 13
13 15 12
16 18 17
17 19 16
20 22 21
21 23 20
24 26 25
25 27 24
0 3 28
28 29 0
24 27 30
30 31 24
32 12 15
15 33 32
34 20 23
23 35 34
16 19 36
36 37 16
4 7 38
38 39 4
9 41 40
9 10 41
42 29 28
28 43 42
44 31 30
30 45 44
46 32 33
33 47 46
48 34 35
35 49 48
50 37 36
36 51 50
52 39 38
38 53 52
54 40 41
41 55 54

