[FBX_META_DATA]
MeshCount: 1

[MESH_DATA]
VertexCount: 18
IndexCount: 30
BoneCount: 0
AnimationClips: 1

[VERTEX_DATA]
Position: -1.10128 -2.38419e-007 -7.33601e-016
Normal: 2.43277e-009 1 8.62804e-008
UV: 0.331754 0.519796

Position: 7.33601e-016 -1.46079e-007 -1.10128
Normal: 2.43277e-009 1 8.62804e-008
UV: 0.331754 0.519796

Position: -0 -2.38419e-007 0
Normal: 2.43277e-009 1 8.62804e-008
UV: 0.331754 0.519796

Position: -1.10128 -1.4072e-007 -1.10128
Normal: 2.43277e-009 1 8.62804e-008
UV: 0.331754 0.519796

Position: -1.10128 -2.38419e-007 -7.33601e-016
Normal: -1 0 0
UV: 0.203416 0.524446

Position: -1.10128 -3 -7.33601e-016
Normal: -1 0 0
UV: 0.203416 0.524446

Position: -1.10128 -3 -1.10128
Normal: -1 0 0
UV: 0.203416 0.524446

Position: -1.10128 -1.4072e-007 -1.10128
Normal: -1 0 0
UV: 0.203416 0.524446

Position: -1.10128 -3 -1.10128
Normal: -1.78611e-009 0 -1
UV: 0.200665 0.526278

Position: 7.33601e-016 -1.46079e-007 -1.10128
Normal: -1.78611e-009 0 -1
UV: 0.200665 0.526278

Position: -1.10128 -1.4072e-007 -1.10128
Normal: -1.78611e-009 0 -1
UV: 0.200665 0.526278

Position: 7.33601e-016 -3 -1.10128
Normal: -1.78611e-009 0 -1
UV: 0.200665 0.526278

Position: -20 -3 -1.33227e-014
Normal: -0 1 0
UV: 0.384819 0.667252

Position: -1.10128 -3 -1.10128
Normal: -0 1 0
UV: 0.384819 0.667252

Position: -1.10128 -3 -7.33601e-016
Normal: -0 1 0
UV: 0.384819 0.667252

Position: -20 -3 -20
Normal: -0 1 0
UV: 0.384819 0.667252

Position: 1.33227e-014 -3 -20
Normal: -0 1 1.8941e-016
UV: 0.384819 0.667252

Position: 7.33601e-016 -3 -1.10128
Normal: -0 1 1.8941e-016
UV: 0.384819 0.667252


[INDEX_DATA]
0 2 1
1 3 0
4 6 5
4 7 6
8 10 9
9 11 8
12 14 13
12 13 15
13 17 16
16 15 13

