[FBX_META_DATA]
MeshCount: 1

[MESH_DATA]
VertexCount: 631
IndexCount: 1386
BoneCount: 0
AnimationClips: 1

[VERTEX_DATA]
Position: -0.999992 -3 10
Normal: -1 0 0
UV: 0.233733 0.938837

Position: -0.999992 -1.02741 -10
Normal: -1 0 0
UV: 0.233733 0.938837

Position: -0.999992 -1.02741 10
Normal: -1 0 0
UV: 0.233733 0.938837

Position: -0.999992 -3 -10
Normal: -1 0 0
UV: 0.233733 0.938837

Position: -19 -3 10
Normal: 1 0 0
UV: 0.233733 0.938837

Position: -19 -1.02741 -10
Normal: 1 0 0
UV: 0.233733 0.938837

Position: -19 -3 -10
Normal: 1 0 0
UV: 0.233733 0.938837

Position: -19 -1.02741 10
Normal: 1 0 0
UV: 0.233733 0.938837

Position: -0.999992 -3 10
Normal: -0 1 0
UV: 0.394396 0.670965

Position: -19 -3 10
Normal: -0 1 0
UV: 0.394396 0.670965

Position: -0.999992 -3 -10
Normal: -0 1 0
UV: 0.394396 0.670965

Position: -19 -3 -10
Normal: -0 1 0
UV: 0.394396 0.670965

Position: -20 -0.194796 0
Normal: -0 1 0
UV: 0.959012 0.374811

Position: -20 -0.194796 -6.83468
Normal: -0 1 0
UV: 0.95087 0.374811

Position: -18.5185 -0.194796 -0.444885
Normal: -0 1 0
UV: 0.95773 0.407387

Position: -16.4815 -0.194796 0
Normal: -0 1 0
UV: 0.987875 0.481183

Position: -18.5185 -0.194796 0
Normal: -0 1 0
UV: 0.987875 0.353507

Position: -16.4815 -0.194796 -0.444885
Normal: -0 1 5.30333e-010
UV: 0.959896 0.481183

Position: -18.5185 -0.194796 -0.444885
Normal: -0 1 0
UV: 0.959896 0.353507

Position: -17.5 -0.194796 -7.13087
Normal: -0 0 1
UV: 0.669254 0.47214

Position: -20 -0.194796 -7.13087
Normal: -0 0 1
UV: 0.669254 0.384382

Position: -17.5 0 -7.13087
Normal: -0 0 1
UV: 0.658293 0.474625

Position: -20 0 -7.13087
Normal: -0 0 1
UV: 0.658293 0.384382

Position: -17.5 1.28649 -9.28272
Normal: 9.53675e-008 1 0
UV: 0.35664 0.93978

Position: -20 1.28649 -9.28272
Normal: -0 1 0
UV: 0.35664 0.93978

Position: -20 1.28649 -10
Normal: -0 1 0
UV: 0.35664 0.93978

Position: -17.5 1.28649 -10
Normal: 9.53675e-008 1 0
UV: 0.35664 0.93978

Position: -20 -0.194796 -7.13087
Normal: -0 1 0
UV: 0.673299 0.386195

Position: -17.5 -0.194796 -7.13087
Normal: -0 1 0
UV: 0.673299 0.473953

Position: -20 -0.194796 -6.83468
Normal: -0 1 0
UV: 0.673299 0.386195

Position: -17.5 -0.194796 -6.83468
Normal: -0 1 1.63265e-009
UV: 0.673299 0.473953

Position: -15 1.28649 -9.28272
Normal: 9.53674e-008 1 0
UV: 0.35664 0.93978

Position: -15 1.28649 -10
Normal: 9.53674e-008 1 0
UV: 0.35664 0.93978

Position: -15 -0.194796 -7.13087
Normal: -0 0 1
UV: 0.669254 0.384382

Position: -15 0 -7.13087
Normal: -0 0 1
UV: 0.658293 0.384382

Position: -15 -0.194796 -6.83468
Normal: -0 1 1.60586e-009
UV: 0.673299 0.386195

Position: -15 -0.194796 -7.13087
Normal: -0 1 0
UV: 0.673299 0.386195

Position: -15 -0.194796 -6.83468
Normal: -0 1 1.60586e-009
UV: 0.95087 0.374811

Position: -16.4815 -0.194796 -0.444885
Normal: -0 1 5.30333e-010
UV: 0.95773 0.407387

Position: -17.5 -0.194796 -6.83468
Normal: -0 1 1.63265e-009
UV: 0.95087 0.429151

Position: -18.5185 -0.194796 0
Normal: -0 1 0
UV: 0.959012 0.407387

Position: -15 -0.194796 0
Normal: -0 1 0
UV: 0.959012 0.374811

Position: -16.4815 -0.194796 0
Normal: -0 1 0
UV: 0.959012 0.407387

Position: -15 -0.194796 6.83468
Normal: -0 1 -8.02932e-010
UV: 0.95087 0.374811

Position: -16.4815 -0.194796 0.444885
Normal: -0 1 -2.65167e-010
UV: 0.95773 0.407387

Position: -18.5185 -0.194796 0
Normal: -0 1 0
UV: 0.987875 0.481183

Position: -16.4815 -0.194796 0
Normal: -0 1 0
UV: 0.987875 0.353507

Position: -18.5185 -0.194796 0.444885
Normal: -0 1 0
UV: 0.959896 0.481183

Position: -16.4815 -0.194796 0.444885
Normal: -0 1 -2.65167e-010
UV: 0.959896 0.353507

Position: -17.5 -0.194796 7.13087
Normal: -0 0 -1
UV: 0.669254 0.47214

Position: -15 -0.194796 7.13087
Normal: -0 0 -1
UV: 0.669254 0.384382

Position: -17.5 0 7.13087
Normal: -0 0 -1
UV: 0.658293 0.474625

Position: -15 0 7.13087
Normal: -0 0 -1
UV: 0.658293 0.384382

Position: -17.5 1.28649 9.28272
Normal: -0 1 0
UV: 0.35664 0.93978

Position: -15 1.28649 10
Normal: -0 1 0
UV: 0.35664 0.93978

Position: -17.5 1.28649 10
Normal: -0 1 0
UV: 0.35664 0.93978

Position: -15 1.28649 9.28272
Normal: -0 1 0
UV: 0.35664 0.93978

Position: -15 -0.194796 7.13087
Normal: -0 1 0
UV: 0.673299 0.386195

Position: -17.5 -0.194796 7.13087
Normal: -0 1 0
UV: 0.673299 0.473953

Position: -15 -0.194796 6.83468
Normal: -0 1 -8.02932e-010
UV: 0.673299 0.386195

Position: -17.5 -0.194796 6.83468
Normal: -0 1 -8.16323e-010
UV: 0.673299 0.473953

Position: -20 1.28649 9.28272
Normal: -0 1 0
UV: 0.35664 0.93978

Position: -20 1.28649 10
Normal: -0 1 0
UV: 0.35664 0.93978

Position: -20 -0.194796 7.13087
Normal: -0 0 -1
UV: 0.669254 0.384382

Position: -20 0 7.13087
Normal: -0 0 -1
UV: 0.658293 0.384382

Position: -20 -0.194796 6.83468
Normal: -0 1 0
UV: 0.673299 0.386195

Position: -20 -0.194796 7.13087
Normal: -0 1 0
UV: 0.673299 0.386195

Position: -20 -0.194796 6.83468
Normal: -0 1 0
UV: 0.95087 0.374811

Position: -18.5185 -0.194796 0.444885
Normal: -0 1 0
UV: 0.95773 0.407387

Position: -17.5 -0.194796 6.83468
Normal: -0 1 -8.16323e-010
UV: 0.95087 0.429151

Position: -13.5185 -0.194796 -0.444885
Normal: -0 1 0
UV: 0.95773 0.407387

Position: -11.4815 -0.194796 0
Normal: -0 1 0
UV: 0.987875 0.481183

Position: -13.5185 -0.194796 0
Normal: -0 1 0
UV: 0.987875 0.353507

Position: -11.4815 -0.194796 -0.444885
Normal: -0 1 0
UV: 0.959896 0.481183

Position: -13.5185 -0.194796 -0.444885
Normal: -0 1 0
UV: 0.959896 0.353507

Position: -12.5 -0.194796 -7.13087
Normal: -0 0 1
UV: 0.669254 0.47214

Position: -12.5 0 -7.13087
Normal: -0 0 1
UV: 0.658293 0.474625

Position: -12.5 1.28649 -9.28272
Normal: -0 1 0
UV: 0.35664 0.93978

Position: -12.5 1.28649 -10
Normal: -0 1 0
UV: 0.35664 0.93978

Position: -12.5 -0.194796 -7.13087
Normal: -0 1 0
UV: 0.673299 0.473953

Position: -12.5 -0.194796 -6.83468
Normal: -0 1 0
UV: 0.673299 0.473953

Position: -10 1.28649 -9.28272
Normal: -0 1 0
UV: 0.35664 0.93978

Position: -10 1.28649 -10
Normal: -0 1 0
UV: 0.35664 0.93978

Position: -10 -0.194796 -7.13087
Normal: -0 0 1
UV: 0.669254 0.384382

Position: -10 0 -7.13087
Normal: -0 0 1
UV: 0.658293 0.384382

Position: -10 -0.194796 -6.83468
Normal: -0 1 0
UV: 0.673299 0.386195

Position: -10 -0.194796 -7.13087
Normal: -0 1 0
UV: 0.673299 0.386195

Position: -10 -0.194796 -6.83468
Normal: -0 1 0
UV: 0.95087 0.374811

Position: -11.4815 -0.194796 -0.444885
Normal: -0 1 0
UV: 0.95773 0.407387

Position: -12.5 -0.194796 -6.83468
Normal: -0 1 0
UV: 0.95087 0.429151

Position: -13.5185 -0.194796 0
Normal: -0 1 0
UV: 0.959012 0.407387

Position: -10 -0.194796 0
Normal: -0 1 0
UV: 0.959012 0.374811

Position: -11.4815 -0.194796 0
Normal: -0 1 0
UV: 0.959012 0.407387

Position: -10 -0.194796 6.83468
Normal: -0 1 0
UV: 0.95087 0.374811

Position: -11.4815 -0.194796 0.444885
Normal: -0 1 0
UV: 0.95773 0.407387

Position: -13.5185 -0.194796 0
Normal: -0 1 0
UV: 0.987875 0.481183

Position: -11.4815 -0.194796 0
Normal: -0 1 0
UV: 0.987875 0.353507

Position: -13.5185 -0.194796 0.444885
Normal: -0 1 0
UV: 0.959896 0.481183

Position: -11.4815 -0.194796 0.444885
Normal: -0 1 0
UV: 0.959896 0.353507

Position: -12.5 -0.194796 7.13087
Normal: -0 0 -1
UV: 0.669254 0.47214

Position: -10 -0.194796 7.13087
Normal: -0 0 -1
UV: 0.669254 0.384382

Position: -12.5 0 7.13087
Normal: -0 0 -1
UV: 0.658293 0.474625

Position: -10 0 7.13087
Normal: -0 0 -1
UV: 0.658293 0.384382

Position: -10 1.28649 10
Normal: -0 1 9.70331e-009
UV: 0.35664 0.93978

Position: -12.5 1.28649 10
Normal: -0 1 0
UV: 0.35664 0.93978

Position: -12.5 1.28649 9.28272
Normal: -0 1 0
UV: 0.35664 0.93978

Position: -10 1.28649 9.28272
Normal: -0 1 9.70331e-009
UV: 0.35664 0.93978

Position: -10 -0.194796 7.13087
Normal: -0 1 0
UV: 0.673299 0.386195

Position: -12.5 -0.194796 7.13087
Normal: -0 1 0
UV: 0.673299 0.473953

Position: -10 -0.194796 6.83468
Normal: -0 1 0
UV: 0.673299 0.386195

Position: -12.5 -0.194796 6.83468
Normal: -0 1 0
UV: 0.673299 0.473953

Position: -13.5185 -0.194796 0.444885
Normal: -0 1 0
UV: 0.95773 0.407387

Position: -12.5 -0.194796 6.83468
Normal: -0 1 0
UV: 0.95087 0.429151

Position: -8.51846 -0.194796 -0.444885
Normal: -0 1 0
UV: 0.95773 0.407387

Position: -6.48153 -0.194796 0
Normal: -0 1 0
UV: 0.987875 0.481183

Position: -8.51846 -0.194796 0
Normal: -0 1 0
UV: 0.987875 0.353507

Position: -6.48153 -0.194796 -0.444885
Normal: -0 1 0
UV: 0.959896 0.481183

Position: -8.51846 -0.194796 -0.444885
Normal: -0 1 0
UV: 0.959896 0.353507

Position: -7.5 -0.194796 -7.13087
Normal: -0 0 1
UV: 0.669254 0.47214

Position: -7.5 0 -7.13087
Normal: -0 0 1
UV: 0.658293 0.474625

Position: -7.5 1.28649 -9.28272
Normal: -0 1 9.7033e-009
UV: 0.35664 0.93978

Position: -7.5 1.28649 -10
Normal: -0 1 9.70331e-009
UV: 0.35664 0.93978

Position: -7.5 -0.194796 -7.13087
Normal: -0 1 0
UV: 0.673299 0.473953

Position: -7.5 -0.194796 -6.83468
Normal: -0 1 0
UV: 0.673299 0.473953

Position: -5 1.28649 -9.28272
Normal: -0 1 9.7033e-009
UV: 0.35664 0.93978

Position: -5 1.28649 -10
Normal: -0 1 9.7033e-009
UV: 0.35664 0.93978

Position: -5 -0.194796 -7.13087
Normal: -0 0 1
UV: 0.669254 0.384382

Position: -5 0 -7.13087
Normal: -0 0 1
UV: 0.658293 0.384382

Position: -5 -0.194796 -6.83468
Normal: -0 1 8.02931e-010
UV: 0.673299 0.386195

Position: -5 -0.194796 -7.13087
Normal: -0 1 0
UV: 0.673299 0.386195

Position: -5 -0.194796 -6.83468
Normal: -0 1 8.02931e-010
UV: 0.95087 0.374811

Position: -6.48153 -0.194796 -0.444885
Normal: -0 1 0
UV: 0.95773 0.407387

Position: -7.5 -0.194796 -6.83468
Normal: -0 1 0
UV: 0.95087 0.429151

Position: -8.51846 -0.194796 0
Normal: -0 1 0
UV: 0.959012 0.407387

Position: -5 -0.194796 0
Normal: -0 1 0
UV: 0.959012 0.374811

Position: -6.48153 -0.194796 0
Normal: -0 1 0
UV: 0.959012 0.407387

Position: -5 -0.194796 6.83468
Normal: -0 1 -1.60586e-009
UV: 0.95087 0.374811

Position: -6.48153 -0.194796 0.444885
Normal: -0 1 0
UV: 0.95773 0.407387

Position: -8.51846 -0.194796 0
Normal: -0 1 0
UV: 0.987875 0.481183

Position: -6.48153 -0.194796 0
Normal: -0 1 0
UV: 0.987875 0.353507

Position: -8.51846 -0.194796 0.444885
Normal: -0 1 0
UV: 0.959896 0.481183

Position: -6.48153 -0.194796 0.444885
Normal: -0 1 0
UV: 0.959896 0.353507

Position: -7.5 -0.194796 7.13087
Normal: -0 0 -1
UV: 0.669254 0.47214

Position: -5 -0.194796 7.13087
Normal: -0 0 -1
UV: 0.669254 0.384382

Position: -7.5 0 7.13087
Normal: -0 0 -1
UV: 0.658293 0.474625

Position: -5 0 7.13087
Normal: -0 0 -1
UV: 0.658293 0.384382

Position: -7.5 1.28649 10
Normal: -0 1 9.7033e-009
UV: 0.35664 0.93978

Position: -5 1.28649 9.28272
Normal: -0 1 0
UV: 0.35664 0.93978

Position: -5 1.28649 10
Normal: -0 1 0
UV: 0.35664 0.93978

Position: -7.5 1.28649 9.28272
Normal: -0 1 9.70331e-009
UV: 0.35664 0.93978

Position: -5 -0.194796 7.13087
Normal: -0 1 0
UV: 0.673299 0.386195

Position: -7.5 -0.194796 7.13087
Normal: -0 1 0
UV: 0.673299 0.473953

Position: -5 -0.194796 6.83468
Normal: -0 1 -1.60586e-009
UV: 0.673299 0.386195

Position: -7.5 -0.194796 6.83468
Normal: -0 1 0
UV: 0.673299 0.473953

Position: -8.51846 -0.194796 0.444885
Normal: -0 1 0
UV: 0.95773 0.407387

Position: -7.5 -0.194796 6.83468
Normal: -0 1 0
UV: 0.95087 0.429151

Position: -3.51846 -0.194796 -0.444885
Normal: -0 1 2.65166e-010
UV: 0.95773 0.407387

Position: -1.48153 -0.194796 0
Normal: -0 1 0
UV: 0.987875 0.481183

Position: -3.51846 -0.194796 0
Normal: -0 1 0
UV: 0.987875 0.353507

Position: -1.48153 -0.194796 -0.444885
Normal: -0 1 0
UV: 0.959896 0.481183

Position: -3.51846 -0.194796 -0.444885
Normal: -0 1 2.65166e-010
UV: 0.959896 0.353507

Position: -2.49999 -0.194796 -7.13087
Normal: -0 0 1
UV: 0.669254 0.47214

Position: -2.49999 0 -7.13087
Normal: -0 0 1
UV: 0.658293 0.474625

Position: -2.49999 1.28649 -9.28272
Normal: -0 1 0
UV: 0.35664 0.93978

Position: -2.49999 1.28649 -10
Normal: -0 1 0
UV: 0.35664 0.93978

Position: -2.49999 -0.194796 -7.13087
Normal: -0 1 0
UV: 0.673299 0.473953

Position: -2.49999 -0.194796 -6.83468
Normal: -0 1 8.16323e-010
UV: 0.673299 0.473953

Position: -0 1.28649 -9.28272
Normal: -0 1 0
UV: 0.35664 0.93978

Position: -0 1.28649 -10
Normal: -0 1 0
UV: 0.35664 0.93978

Position: -0 -0.194796 -7.13087
Normal: -0 0 1
UV: 0.669254 0.384382

Position: -0 0 -7.13087
Normal: -0 0 1
UV: 0.658293 0.384382

Position: -0 -0.194796 -6.83468
Normal: -0 1 0
UV: 0.673299 0.386195

Position: -0 -0.194796 -7.13087
Normal: -0 1 0
UV: 0.673299 0.386195

Position: -0 -0.194796 -6.83468
Normal: -0 1 0
UV: 0.95087 0.374811

Position: -1.48153 -0.194796 -0.444885
Normal: -0 1 0
UV: 0.95773 0.407387

Position: -2.49999 -0.194796 -6.83468
Normal: -0 1 8.16323e-010
UV: 0.95087 0.429151

Position: -3.51846 -0.194796 0
Normal: -0 1 0
UV: 0.959012 0.407387

Position: -0 -0.194796 0
Normal: -0 1 0
UV: 0.959012 0.374811

Position: -1.48153 -0.194796 0
Normal: -0 1 0
UV: 0.959012 0.407387

Position: -0 -0.194796 6.83468
Normal: -0 1 0
UV: 0.95087 0.374811

Position: -1.48153 -0.194796 0.444885
Normal: -0 1 0
UV: 0.95773 0.407387

Position: -3.51846 -0.194796 0
Normal: -0 1 0
UV: 0.987875 0.481183

Position: -1.48153 -0.194796 0
Normal: -0 1 0
UV: 0.987875 0.353507

Position: -3.51846 -0.194796 0.444885
Normal: -0 1 -5.30333e-010
UV: 0.959896 0.481183

Position: -1.48153 -0.194796 0.444885
Normal: -0 1 0
UV: 0.959896 0.353507

Position: -2.49999 -0.194796 7.13087
Normal: -0 0 -1
UV: 0.669254 0.47214

Position: -0 -0.194796 7.13087
Normal: -0 0 -1
UV: 0.669254 0.384382

Position: -2.49999 0 7.13087
Normal: -0 0 -1
UV: 0.658293 0.474625

Position: -0 0 7.13087
Normal: -0 0 -1
UV: 0.658293 0.384382

Position: -0 1.28649 10
Normal: -0 1 0
UV: 0.35664 0.93978

Position: -2.49999 1.28649 10
Normal: -0 1 0
UV: 0.35664 0.93978

Position: -2.49999 1.28649 9.28272
Normal: -0 1 0
UV: 0.35664 0.93978

Position: -0 1.28649 9.28272
Normal: -0 1 0
UV: 0.35664 0.93978

Position: -0 -0.194796 7.13087
Normal: -0 1 0
UV: 0.673299 0.386195

Position: -2.49999 -0.194796 7.13087
Normal: -0 1 0
UV: 0.673299 0.473953

Position: -0 -0.194796 6.83468
Normal: -0 1 0
UV: 0.673299 0.386195

Position: -2.49999 -0.194796 6.83468
Normal: -0 1 -1.63265e-009
UV: 0.673299 0.473953

Position: -3.51846 -0.194796 0.444885
Normal: -0 1 -5.30333e-010
UV: 0.95773 0.407387

Position: -2.49999 -0.194796 6.83468
Normal: -0 1 -1.63265e-009
UV: 0.95087 0.429151

Position: -0 0 -7.13087
Normal: -0 1 0
UV: 0.658293 0.384382

Position: -2.49999 0 -7.13087
Normal: -0 1 0
UV: 0.658293 0.474625

Position: -0 0 -9.28272
Normal: -0 1 0
UV: 0.549127 0.384382

Position: -2.49999 0 -9.28272
Normal: -0 1 0
UV: 0.549127 0.474625

Position: -5 0 -7.13087
Normal: -0 1 0
UV: 0.658293 0.384382

Position: -5 0 -9.28272
Normal: -0 1 0
UV: 0.549127 0.384382

Position: -7.5 0 -7.13087
Normal: -0 1 0
UV: 0.658293 0.474625

Position: -7.5 0 -9.28272
Normal: -0 1 0
UV: 0.549127 0.474625

Position: -10 0 -7.13087
Normal: -0 1 0
UV: 0.658293 0.384382

Position: -10 0 -9.28272
Normal: -0 1 0
UV: 0.549127 0.384382

Position: -12.5 0 -7.13087
Normal: -0 1 0
UV: 0.658293 0.474625

Position: -12.5 0 -9.28272
Normal: -0 1 0
UV: 0.549127 0.474625

Position: -15 0 -7.13087
Normal: -0 1 0
UV: 0.658293 0.384382

Position: -15 0 -9.28272
Normal: -0 1 0
UV: 0.549127 0.384382

Position: -17.5 0 -7.13087
Normal: -0 1 0
UV: 0.658293 0.474625

Position: -17.5 0 -9.28272
Normal: -0 1 0
UV: 0.549127 0.474625

Position: -20 0 -7.13087
Normal: -0 1 0
UV: 0.658293 0.384382

Position: -20 0 -9.28272
Normal: -0 1 0
UV: 0.549127 0.384382

Position: -20 0 9.28272
Normal: -0 1 0
UV: 0.549127 0.384382

Position: -17.5 0 7.13087
Normal: -0 1 0
UV: 0.658293 0.474625

Position: -17.5 0 9.28272
Normal: -0 1 0
UV: 0.549127 0.474625

Position: -20 0 7.13087
Normal: -0 1 0
UV: 0.658293 0.384382

Position: -15 0 9.28272
Normal: -0 1 0
UV: 0.549127 0.384382

Position: -15 0 7.13087
Normal: -0 1 0
UV: 0.658293 0.384382

Position: -12.5 0 7.13087
Normal: -0 1 0
UV: 0.658293 0.474625

Position: -12.5 0 9.28272
Normal: -0 1 0
UV: 0.549127 0.474625

Position: -10 0 9.28272
Normal: -0 1 0
UV: 0.549127 0.384382

Position: -10 0 7.13087
Normal: -0 1 0
UV: 0.658293 0.384382

Position: -7.5 0 9.28272
Normal: -0 1 0
UV: 0.549127 0.474625

Position: -7.5 0 7.13087
Normal: -0 1 0
UV: 0.658293 0.474625

Position: -5 0 9.28272
Normal: -0 1 0
UV: 0.549127 0.384382

Position: -5 0 7.13087
Normal: -0 1 0
UV: 0.658293 0.384382

Position: -2.49999 0 7.13087
Normal: -0 1 0
UV: 0.658293 0.474625

Position: -2.49999 0 9.28272
Normal: -0 1 0
UV: 0.549127 0.474625

Position: -0 0 7.13087
Normal: -0 1 0
UV: 0.658293 0.384382

Position: -0 0 9.28272
Normal: -0 1 0
UV: 0.549127 0.384382

Position: -20 0 -10
Normal: -0 0 -1
UV: 0.324572 0.938978

Position: -17.5 0 -10
Normal: -0 0 -1
UV: 0.324572 0.938978

Position: -17.5 1.28649 -10
Normal: -0 0 -1
UV: 0.324572 0.938978

Position: -20 1.28649 -10
Normal: -0 0 -1
UV: 0.324572 0.938978

Position: -20 1.28649 -9.28272
Normal: -0 0 1
UV: 0.324572 0.938978

Position: -17.5 1.28649 -9.28272
Normal: 1.4826e-007 0 1
UV: 0.324572 0.938978

Position: -17.5 0 -9.28272
Normal: 1.4826e-007 0 1
UV: 0.324572 0.938978

Position: -20 0 -9.28272
Normal: -0 0 1
UV: 0.324572 0.938978

Position: -20 0 -10
Normal: -1 0 0
UV: 0.294899 0.936281

Position: -20 1.28649 -10
Normal: -1 0 0
UV: 0.294899 0.936281

Position: -20 0 -9.28272
Normal: -1 0 0
UV: 0.294899 0.936281

Position: -20 1.28649 -9.28272
Normal: -1 0 0
UV: 0.294899 0.936281

Position: -15 1.28649 -10
Normal: -0 0 -1
UV: 0.324572 0.938978

Position: -15 0 -10
Normal: -0 0 -1
UV: 0.324572 0.938978

Position: -15 1.28649 -9.28272
Normal: 1.4826e-007 0 1
UV: 0.324572 0.938978

Position: -15 0 -9.28272
Normal: 1.4826e-007 0 1
UV: 0.324572 0.938978

Position: -12.5 1.28649 -10
Normal: -0 0 -1
UV: 0.324572 0.938978

Position: -12.5 0 -10
Normal: -0 0 -1
UV: 0.324572 0.938978

Position: -12.5 1.28649 -9.28272
Normal: -0 0 1
UV: 0.324572 0.938978

Position: -12.5 0 -9.28272
Normal: -0 0 1
UV: 0.324572 0.938978

Position: -10 1.28649 -10
Normal: -0 0 -1
UV: 0.324572 0.938978

Position: -10 0 -10
Normal: -0 0 -1
UV: 0.324572 0.938978

Position: -10 1.28649 -9.28272
Normal: -0 0 1
UV: 0.324572 0.938978

Position: -10 0 -9.28272
Normal: -0 0 1
UV: 0.324572 0.938978

Position: -7.5 1.28649 -10
Normal: -0 0 -1
UV: 0.324572 0.938978

Position: -7.5 0 -10
Normal: -0 0 -1
UV: 0.324572 0.938978

Position: -7.5 1.28649 -9.28272
Normal: -0 0 1
UV: 0.324572 0.938978

Position: -7.5 0 -9.28272
Normal: -0 0 1
UV: 0.324572 0.938978

Position: -5 1.28649 -10
Normal: -0 0 -1
UV: 0.324572 0.938978

Position: -5 0 -10
Normal: -0 0 -1
UV: 0.324572 0.938978

Position: -5 1.28649 -9.28272
Normal: -0 0 1
UV: 0.324572 0.938978

Position: -5 0 -9.28272
Normal: -0 0 1
UV: 0.324572 0.938978

Position: -2.49999 1.28649 -10
Normal: -0 0 -1
UV: 0.324572 0.938978

Position: -2.49999 0 -10
Normal: -0 0 -1
UV: 0.324572 0.938978

Position: -2.49999 1.28649 -9.28272
Normal: -0 0 1
UV: 0.324572 0.938978

Position: -2.49999 0 -9.28272
Normal: -0 0 1
UV: 0.324572 0.938978

Position: -0 0 -10
Normal: -0 0 -1
UV: 0.324572 0.938978

Position: -0 1.28649 -10
Normal: -0 0 -1
UV: 0.324572 0.938978

Position: -0 1.28649 -9.28272
Normal: 1 0 0
UV: 0.294899 0.936281

Position: -0 0 -10
Normal: 1 0 0
UV: 0.294899 0.936281

Position: -0 0 -9.28272
Normal: 1 0 0
UV: 0.294899 0.936281

Position: -0 1.28649 -10
Normal: 1 0 0
UV: 0.294899 0.936281

Position: -0 1.28649 -9.28272
Normal: -0 0 1
UV: 0.324572 0.938978

Position: -0 0 -9.28272
Normal: -0 0 1
UV: 0.324572 0.938978

Position: -17.5 1.28649 10
Normal: -0 0 1
UV: 0.324572 0.938978

Position: -15 1.28649 10
Normal: -0 0 1
UV: 0.324572 0.938978

Position: -15 0 10
Normal: -0 0 1
UV: 0.324572 0.938978

Position: -17.5 0 10
Normal: -0 0 1
UV: 0.324572 0.938978

Position: -17.5 0 9.28272
Normal: -0 0 -1
UV: 0.324572 0.938978

Position: -15 0 9.28272
Normal: -0 0 -1
UV: 0.324572 0.938978

Position: -15 1.28649 9.28272
Normal: -0 0 -1
UV: 0.324572 0.938978

Position: -17.5 1.28649 9.28272
Normal: -0 0 -1
UV: 0.324572 0.938978

Position: -20 1.28649 10
Normal: -0 0 1
UV: 0.324572 0.938978

Position: -20 0 10
Normal: -0 0 1
UV: 0.324572 0.938978

Position: -20 0 9.28272
Normal: -1 0 0
UV: 0.294899 0.936281

Position: -20 1.28649 9.28272
Normal: -1 0 0
UV: 0.294899 0.936281

Position: -20 0 10
Normal: -1 0 0
UV: 0.294899 0.936281

Position: -20 1.28649 10
Normal: -1 0 0
UV: 0.294899 0.936281

Position: -20 0 9.28272
Normal: -0 0 -1
UV: 0.324572 0.938978

Position: -20 1.28649 9.28272
Normal: -0 0 -1
UV: 0.324572 0.938978

Position: -12.5 1.28649 10
Normal: -0 0 1
UV: 0.324572 0.938978

Position: -10 1.28649 10
Normal: -0 0 1
UV: 0.324572 0.938978

Position: -10 0 10
Normal: -0 0 1
UV: 0.324572 0.938978

Position: -12.5 0 10
Normal: -0 0 1
UV: 0.324572 0.938978

Position: -10 1.28649 9.28272
Normal: -0 0 -1
UV: 0.324572 0.938978

Position: -12.5 0 9.28272
Normal: -0 0 -1
UV: 0.324572 0.938978

Position: -10 0 9.28272
Normal: -0 0 -1
UV: 0.324572 0.938978

Position: -12.5 1.28649 9.28272
Normal: -0 0 -1
UV: 0.324572 0.938978

Position: -7.5 1.28649 10
Normal: -0 0 1
UV: 0.324572 0.938978

Position: -5 1.28649 10
Normal: -0 0 1
UV: 0.324572 0.938978

Position: -5 0 10
Normal: -0 0 1
UV: 0.324572 0.938978

Position: -7.5 0 10
Normal: -0 0 1
UV: 0.324572 0.938978

Position: -5 1.28649 9.28272
Normal: -0 0 -1
UV: 0.324572 0.938978

Position: -7.5 0 9.28272
Normal: -0 0 -1
UV: 0.324572 0.938978

Position: -5 0 9.28272
Normal: -0 0 -1
UV: 0.324572 0.938978

Position: -7.5 1.28649 9.28272
Normal: -0 0 -1
UV: 0.324572 0.938978

Position: -2.49999 1.28649 10
Normal: -0 0 1
UV: 0.324572 0.938978

Position: -0 1.28649 10
Normal: -0 0 1
UV: 0.324572 0.938978

Position: -0 0 10
Normal: -0 0 1
UV: 0.324572 0.938978

Position: -2.49999 0 10
Normal: -0 0 1
UV: 0.324572 0.938978

Position: -2.49999 0 9.28272
Normal: -0 0 -1
UV: 0.324572 0.938978

Position: -0 0 9.28272
Normal: -0 0 -1
UV: 0.324572 0.938978

Position: -0 1.28649 9.28272
Normal: -0 0 -1
UV: 0.324572 0.938978

Position: -2.49999 1.28649 9.28272
Normal: -0 0 -1
UV: 0.324572 0.938978

Position: -0 1.28649 10
Normal: 1 0 0
UV: 0.294899 0.936281

Position: -0 0 9.28272
Normal: 1 0 0
UV: 0.294899 0.936281

Position: -0 0 10
Normal: 1 0 0
UV: 0.294899 0.936281

Position: -0 1.28649 9.28272
Normal: 1 0 0
UV: 0.294899 0.936281

Position: -20 -1.02741 -10
Normal: -0 0 -1
UV: 0.279195 0.943352

Position: -17.5 -1.02741 -10
Normal: -0 0 -1
UV: 0.279195 0.943352

Position: -17.5 0 -10
Normal: -0 0 -1
UV: 0.279195 0.943352

Position: -20 0 -10
Normal: -0 0 -1
UV: 0.279195 0.943352

Position: -15 -1.02741 -10
Normal: -0 0 -1
UV: 0.279195 0.943352

Position: -15 0 -10
Normal: -0 0 -1
UV: 0.279195 0.943352

Position: -17.5 0 10
Normal: -0 0 1
UV: 0.279195 0.943352

Position: -15 0 10
Normal: -0 0 1
UV: 0.279195 0.943352

Position: -15 -1.02741 10
Normal: -0 0 1
UV: 0.279195 0.943352

Position: -17.5 -1.02741 10
Normal: -0 0 1
UV: 0.279195 0.943352

Position: -20 0 10
Normal: -0 0 1
UV: 0.279195 0.943352

Position: -20 -1.02741 10
Normal: -0 0 1
UV: 0.279195 0.943352

Position: -12.5 -1.02741 -10
Normal: -0 0 -1
UV: 0.279195 0.943352

Position: -12.5 0 -10
Normal: -0 0 -1
UV: 0.279195 0.943352

Position: -10 -1.02741 -10
Normal: -0 0 -1
UV: 0.279195 0.943352

Position: -10 0 -10
Normal: -0 0 -1
UV: 0.279195 0.943352

Position: -12.5 0 10
Normal: -0 0 1
UV: 0.279195 0.943352

Position: -10 0 10
Normal: -0 0 1
UV: 0.279195 0.943352

Position: -10 -1.02741 10
Normal: -0 0 1
UV: 0.279195 0.943352

Position: -12.5 -1.02741 10
Normal: -0 0 1
UV: 0.279195 0.943352

Position: -7.5 -1.02741 -10
Normal: -0 0 -1
UV: 0.279195 0.943352

Position: -7.5 0 -10
Normal: -0 0 -1
UV: 0.279195 0.943352

Position: -5 -1.02741 -10
Normal: -0 0 -1
UV: 0.279195 0.943352

Position: -5 0 -10
Normal: -0 0 -1
UV: 0.279195 0.943352

Position: -7.5 0 10
Normal: -0 0 1
UV: 0.279195 0.943352

Position: -5 0 10
Normal: -0 0 1
UV: 0.279195 0.943352

Position: -5 -1.02741 10
Normal: -0 0 1
UV: 0.279195 0.943352

Position: -7.5 -1.02741 10
Normal: -0 0 1
UV: 0.279195 0.943352

Position: -2.49999 -1.02741 -10
Normal: -0 0 -1
UV: 0.279195 0.943352

Position: -2.49999 0 -10
Normal: -0 0 -1
UV: 0.279195 0.943352

Position: -0 -1.02741 -10
Normal: -0 0 -1
UV: 0.279195 0.943352

Position: -0 0 -10
Normal: -0 0 -1
UV: 0.279195 0.943352

Position: -0 -1.02741 10
Normal: -0 0 1
UV: 0.279195 0.943352

Position: -2.49999 0 10
Normal: -0 0 1
UV: 0.279195 0.943352

Position: -0 0 10
Normal: -0 0 1
UV: 0.279195 0.943352

Position: -2.49999 -1.02741 10
Normal: -0 0 1
UV: 0.279195 0.943352

Position: -4.45428 4.27791 9.89965
Normal: 2.75422e-007 0 1
UV: 0.204639 0.826242

Position: -15.2884 3.76458 9.89965
Normal: -2.16664e-007 0 1
UV: 0.204639 0.826242

Position: -15.5457 4.27791 9.89965
Normal: -2.75422e-007 0 1
UV: 0.204639 0.826242

Position: -4.71154 3.76458 9.89965
Normal: 2.16664e-007 0 1
UV: 0.204639 0.826242

Position: -4.45428 4.27791 9.89965
Normal: -0 1 0
UV: 0.266581 0.82222

Position: -15.5457 4.27791 9.89965
Normal: -0 1 0
UV: 0.266581 0.82222

Position: -15.5457 4.27791 9.36658
Normal: -0 1 0
UV: 0.266581 0.82222

Position: -4.45428 4.27791 9.36658
Normal: -0 1 0
UV: 0.266581 0.82222

Position: -4.45428 4.27791 9.36658
Normal: 2.75422e-007 0 -1
UV: 0.204639 0.826242

Position: -15.5457 4.27791 9.36658
Normal: -2.75422e-007 0 -1
UV: 0.204639 0.826242

Position: -15.2884 3.76458 9.36658
Normal: -2.16664e-007 0 -1
UV: 0.204639 0.826242

Position: -4.71154 3.76458 9.36658
Normal: 2.16664e-007 0 -1
UV: 0.204639 0.826242

Position: -15.2884 3.76458 9.89965
Normal: -0 -1 0
UV: 0.141893 0.82222

Position: -4.71154 3.76458 9.89965
Normal: -0 -1 0
UV: 0.141893 0.82222

Position: -4.71154 3.76458 9.36658
Normal: -0 -1 0
UV: 0.141893 0.82222

Position: -15.2884 3.76458 9.36658
Normal: -0 -1 0
UV: 0.141893 0.82222

Position: -19.306 1.28649 9.89965
Normal: -0 -1 0
UV: 0.204639 0.826242

Position: -18.4482 1.28649 9.89965
Normal: -0 -1 0
UV: 0.204639 0.826242

Position: -19.306 1.28649 9.36658
Normal: -0 -1 0
UV: 0.204639 0.826242

Position: -18.4482 1.28649 9.36658
Normal: -0 -1 0
UV: 0.204639 0.826242

Position: -0.694029 1.28649 9.89965
Normal: -0 -1 0
UV: 0.204639 0.826242

Position: -1.55173 1.28649 9.36658
Normal: -0 -1 0
UV: 0.204639 0.826242

Position: -1.55173 1.28649 9.89965
Normal: -0 -1 0
UV: 0.204639 0.826242

Position: -0.694029 1.28649 9.36658
Normal: -0 -1 0
UV: 0.204639 0.826242

Position: -15.2884 3.76458 9.36658
Normal: 0.617112 -0.786876 0
UV: 0.141893 0.82222

Position: -18.4482 1.28649 9.36658
Normal: 0.617112 -0.786876 0
UV: 0.141893 0.82222

Position: -15.2884 3.76458 9.89965
Normal: 0.617112 -0.786876 0
UV: 0.141893 0.82222

Position: -18.4482 1.28649 9.89965
Normal: 0.617112 -0.786876 0
UV: 0.141893 0.82222

Position: -18.4482 1.28649 9.36658
Normal: -7.90566e-007 0 -1
UV: 0.204639 0.826242

Position: -19.306 1.28649 9.36658
Normal: -7.90566e-007 0 -1
UV: 0.204639 0.826242

Position: -19.306 1.28649 9.89965
Normal: -0.622563 0.78257 0
UV: 0.234403 0.823829

Position: -15.5457 4.27791 9.36658
Normal: -0.622563 0.78257 0
UV: 0.234403 0.823829

Position: -15.5457 4.27791 9.89965
Normal: -0.622563 0.78257 0
UV: 0.234403 0.823829

Position: -19.306 1.28649 9.36658
Normal: -0.622563 0.78257 0
UV: 0.234403 0.823829

Position: -19.306 1.28649 9.89965
Normal: -7.90566e-007 0 1
UV: 0.204639 0.826242

Position: -18.4482 1.28649 9.89965
Normal: -7.90566e-007 0 1
UV: 0.204639 0.826242

Position: -1.55173 1.28649 9.89965
Normal: -0.617112 -0.786876 0
UV: 0.141893 0.82222

Position: -4.71154 3.76458 9.36658
Normal: -0.617112 -0.786876 0
UV: 0.141893 0.82222

Position: -4.71154 3.76458 9.89965
Normal: -0.617112 -0.786876 0
UV: 0.141893 0.82222

Position: -1.55173 1.28649 9.36658
Normal: -0.617112 -0.786876 0
UV: 0.141893 0.82222

Position: -1.55173 1.28649 9.89965
Normal: 7.90566e-007 0 1
UV: 0.204639 0.826242

Position: -0.694029 1.28649 9.89965
Normal: 7.90566e-007 0 1
UV: 0.204639 0.826242

Position: -4.45428 4.27791 9.36658
Normal: 0.622563 0.78257 0
UV: 0.234403 0.823829

Position: -0.694029 1.28649 9.36658
Normal: 0.622563 0.78257 0
UV: 0.234403 0.823829

Position: -4.45428 4.27791 9.89965
Normal: 0.622563 0.78257 0
UV: 0.234403 0.823829

Position: -0.694029 1.28649 9.89965
Normal: 0.622563 0.78257 0
UV: 0.234403 0.823829

Position: -1.55173 1.28649 9.36658
Normal: 7.90566e-007 0 -1
UV: 0.204639 0.826242

Position: -0.694029 1.28649 9.36658
Normal: 7.90566e-007 0 -1
UV: 0.204639 0.826242

Position: -14.9144 3.76458 9.80874
Normal: -0 0 1
UV: 0.166831 0.823828

Position: -14.9144 1.28649 9.80874
Normal: -0 0 1
UV: 0.166831 0.823828

Position: -15.2125 3.76458 9.80874
Normal: -0 0 1
UV: 0.166831 0.823828

Position: -15.2125 1.28649 9.80874
Normal: -0 0 1
UV: 0.166831 0.823828

Position: -14.9144 1.28649 9.51057
Normal: -0 0 -1
UV: 0.166831 0.823828

Position: -14.9144 3.76458 9.51057
Normal: -0 0 -1
UV: 0.166831 0.823828

Position: -15.2125 1.28649 9.51057
Normal: -0 0 -1
UV: 0.166831 0.823828

Position: -15.2125 3.76458 9.51057
Normal: -0 0 -1
UV: 0.166831 0.823828

Position: -15.2125 1.28649 9.51057
Normal: -1 0 0
UV: 0.137871 0.82222

Position: -15.2125 3.76458 9.51057
Normal: -1 0 0
UV: 0.137871 0.82222

Position: -15.2125 1.28649 9.80874
Normal: -1 0 0
UV: 0.137871 0.82222

Position: -15.2125 3.76458 9.80874
Normal: -1 0 0
UV: 0.137871 0.82222

Position: -14.9144 3.76458 9.80874
Normal: 1 0 0
UV: 0.137871 0.82222

Position: -14.9144 1.28649 9.51057
Normal: 1 0 0
UV: 0.137871 0.82222

Position: -14.9144 1.28649 9.80874
Normal: 1 0 0
UV: 0.137871 0.82222

Position: -14.9144 3.76458 9.51057
Normal: 1 0 0
UV: 0.137871 0.82222

Position: -4.79032 3.76458 9.80874
Normal: -0 0 1
UV: 0.166831 0.823828

Position: -4.79032 1.28649 9.80874
Normal: -0 0 1
UV: 0.166831 0.823828

Position: -5.08849 3.76458 9.80874
Normal: -0 0 1
UV: 0.166831 0.823828

Position: -5.08849 1.28649 9.80874
Normal: -0 0 1
UV: 0.166831 0.823828

Position: -4.79032 1.28649 9.51057
Normal: -0 0 -1
UV: 0.166831 0.823828

Position: -4.79032 3.76458 9.51057
Normal: -0 0 -1
UV: 0.166831 0.823828

Position: -5.08849 1.28649 9.51057
Normal: -0 0 -1
UV: 0.166831 0.823828

Position: -5.08849 3.76458 9.51057
Normal: -0 0 -1
UV: 0.166831 0.823828

Position: -5.08849 1.28649 9.51057
Normal: -1 0 0
UV: 0.137871 0.82222

Position: -5.08849 3.76458 9.51057
Normal: -1 0 0
UV: 0.137871 0.82222

Position: -5.08849 1.28649 9.80874
Normal: -1 0 0
UV: 0.137871 0.82222

Position: -5.08849 3.76458 9.80874
Normal: -1 0 0
UV: 0.137871 0.82222

Position: -4.79032 3.76458 9.80874
Normal: 1 0 0
UV: 0.137871 0.82222

Position: -4.79032 1.28649 9.51057
Normal: 1 0 0
UV: 0.137871 0.82222

Position: -4.79032 1.28649 9.80874
Normal: 1 0 0
UV: 0.137871 0.82222

Position: -4.79032 3.76458 9.51057
Normal: 1 0 0
UV: 0.137871 0.82222

Position: -9.80138 3.76458 9.80874
Normal: -0 0 1
UV: 0.166831 0.823828

Position: -9.80138 1.28649 9.80874
Normal: -0 0 1
UV: 0.166831 0.823828

Position: -10.0996 3.76458 9.80874
Normal: -0 0 1
UV: 0.166831 0.823828

Position: -10.0996 1.28649 9.80874
Normal: -0 0 1
UV: 0.166831 0.823828

Position: -9.80138 1.28649 9.51057
Normal: -0 0 -1
UV: 0.166831 0.823828

Position: -9.80138 3.76458 9.51057
Normal: -0 0 -1
UV: 0.166831 0.823828

Position: -10.0996 1.28649 9.51057
Normal: -0 0 -1
UV: 0.166831 0.823828

Position: -10.0996 3.76458 9.51057
Normal: -0 0 -1
UV: 0.166831 0.823828

Position: -10.0996 1.28649 9.51057
Normal: -1 0 0
UV: 0.166831 0.823828

Position: -10.0996 3.76458 9.51057
Normal: -1 0 0
UV: 0.166831 0.823828

Position: -10.0996 1.28649 9.80874
Normal: -1 0 0
UV: 0.166831 0.823828

Position: -10.0996 3.76458 9.80874
Normal: -1 0 0
UV: 0.166831 0.823828

Position: -9.80138 3.76458 9.80874
Normal: 1 0 0
UV: 0.137871 0.82222

Position: -9.80138 1.28649 9.51057
Normal: 1 0 0
UV: 0.137871 0.82222

Position: -9.80138 1.28649 9.80874
Normal: 1 0 0
UV: 0.137871 0.82222

Position: -9.80138 3.76458 9.51057
Normal: 1 0 0
UV: 0.137871 0.82222

Position: -4.45428 4.27791 -9.37633
Normal: -0 0 1
UV: 0.204639 0.826242

Position: -15.2884 3.76458 -9.37633
Normal: -0 0 1
UV: 0.204639 0.826242

Position: -15.5457 4.27791 -9.37633
Normal: -0 0 1
UV: 0.204639 0.826242

Position: -4.71154 3.76458 -9.37633
Normal: -0 0 1
UV: 0.204639 0.826242

Position: -4.45428 4.27791 -9.37633
Normal: -0 1 0
UV: 0.266581 0.82222

Position: -15.5457 4.27791 -9.37633
Normal: -0 1 0
UV: 0.266581 0.82222

Position: -15.5457 4.27791 -9.9094
Normal: -0 1 0
UV: 0.266581 0.82222

Position: -4.45428 4.27791 -9.9094
Normal: -0 1 0
UV: 0.266581 0.82222

Position: -4.45428 4.27791 -9.9094
Normal: -0 0 -1
UV: 0.204639 0.826242

Position: -15.5457 4.27791 -9.9094
Normal: -0 0 -1
UV: 0.204639 0.826242

Position: -15.2884 3.76458 -9.9094
Normal: -0 0 -1
UV: 0.204639 0.826242

Position: -4.71154 3.76458 -9.9094
Normal: -0 0 -1
UV: 0.204639 0.826242

Position: -15.2884 3.76458 -9.37633
Normal: -0 -1 0
UV: 0.141893 0.82222

Position: -4.71154 3.76458 -9.37633
Normal: -0 -1 0
UV: 0.141893 0.82222

Position: -4.71154 3.76458 -9.9094
Normal: -0 -1 0
UV: 0.141893 0.82222

Position: -15.2884 3.76458 -9.9094
Normal: -0 -1 0
UV: 0.141893 0.82222

Position: -19.306 1.28649 -9.37633
Normal: -0 -1 0
UV: 0.204639 0.826242

Position: -18.4482 1.28649 -9.37633
Normal: -0 -1 0
UV: 0.204639 0.826242

Position: -19.306 1.28649 -9.9094
Normal: -0 -1 0
UV: 0.204639 0.826242

Position: -18.4482 1.28649 -9.9094
Normal: -0 -1 0
UV: 0.204639 0.826242

Position: -0.694029 1.28649 -9.37633
Normal: -0 -1 0
UV: 0.204639 0.826242

Position: -1.55173 1.28649 -9.9094
Normal: -0 -1 0
UV: 0.204639 0.826242

Position: -1.55173 1.28649 -9.37633
Normal: -0 -1 0
UV: 0.204639 0.826242

Position: -0.694029 1.28649 -9.9094
Normal: -0 -1 0
UV: 0.204639 0.826242

Position: -15.2884 3.76458 -9.9094
Normal: 0.617112 -0.786876 0
UV: 0.141893 0.82222

Position: -18.4482 1.28649 -9.9094
Normal: 0.617112 -0.786876 0
UV: 0.141893 0.82222

Position: -15.2884 3.76458 -9.37633
Normal: 0.617112 -0.786876 0
UV: 0.141893 0.82222

Position: -18.4482 1.28649 -9.37633
Normal: 0.617112 -0.786876 0
UV: 0.141893 0.82222

Position: -18.4482 1.28649 -9.9094
Normal: -0 0 -1
UV: 0.204639 0.826242

Position: -19.306 1.28649 -9.9094
Normal: -0 0 -1
UV: 0.204639 0.826242

Position: -19.306 1.28649 -9.37633
Normal: -0.622563 0.782569 0
UV: 0.234403 0.823829

Position: -15.5457 4.27791 -9.9094
Normal: -0.622563 0.782569 0
UV: 0.234403 0.823829

Position: -15.5457 4.27791 -9.37633
Normal: -0.622563 0.782569 0
UV: 0.234403 0.823829

Position: -19.306 1.28649 -9.9094
Normal: -0.622563 0.782569 0
UV: 0.234403 0.823829

Position: -19.306 1.28649 -9.37633
Normal: -0 0 1
UV: 0.204639 0.826242

Position: -18.4482 1.28649 -9.37633
Normal: -0 0 1
UV: 0.204639 0.826242

Position: -1.55173 1.28649 -9.37633
Normal: -0.617112 -0.786876 0
UV: 0.141893 0.82222

Position: -4.71154 3.76458 -9.9094
Normal: -0.617112 -0.786876 0
UV: 0.141893 0.82222

Position: -4.71154 3.76458 -9.37633
Normal: -0.617112 -0.786876 0
UV: 0.141893 0.82222

Position: -1.55173 1.28649 -9.9094
Normal: -0.617112 -0.786876 0
UV: 0.141893 0.82222

Position: -1.55173 1.28649 -9.37633
Normal: -0 0 1
UV: 0.204639 0.826242

Position: -0.694029 1.28649 -9.37633
Normal: -0 0 1
UV: 0.204639 0.826242

Position: -4.45428 4.27791 -9.9094
Normal: 0.622563 0.782569 0
UV: 0.234403 0.823829

Position: -0.694029 1.28649 -9.9094
Normal: 0.622563 0.782569 0
UV: 0.234403 0.823829

Position: -4.45428 4.27791 -9.37633
Normal: 0.622563 0.782569 0
UV: 0.234403 0.823829

Position: -0.694029 1.28649 -9.37633
Normal: 0.622563 0.782569 0
UV: 0.234403 0.823829

Position: -1.55173 1.28649 -9.9094
Normal: -0 0 -1
UV: 0.204639 0.826242

Position: -0.694029 1.28649 -9.9094
Normal: -0 0 -1
UV: 0.204639 0.826242

Position: -14.9144 3.76458 -9.46724
Normal: -0 0 1
UV: 0.166831 0.823828

Position: -14.9144 1.28649 -9.46724
Normal: -0 0 1
UV: 0.166831 0.823828

Position: -15.2125 3.76458 -9.46724
Normal: -0 0 1
UV: 0.166831 0.823828

Position: -15.2125 1.28649 -9.46724
Normal: -0 0 1
UV: 0.166831 0.823828

Position: -14.9144 1.28649 -9.76541
Normal: -0 0 -1
UV: 0.166831 0.823828

Position: -14.9144 3.76458 -9.76541
Normal: -0 0 -1
UV: 0.166831 0.823828

Position: -15.2125 1.28649 -9.76541
Normal: -0 0 -1
UV: 0.166831 0.823828

Position: -15.2125 3.76458 -9.76541
Normal: -0 0 -1
UV: 0.166831 0.823828

Position: -15.2125 1.28649 -9.76541
Normal: -1 0 0
UV: 0.137871 0.82222

Position: -15.2125 3.76458 -9.76541
Normal: -1 0 0
UV: 0.137871 0.82222

Position: -15.2125 1.28649 -9.46724
Normal: -1 0 0
UV: 0.137871 0.82222

Position: -15.2125 3.76458 -9.46724
Normal: -1 0 0
UV: 0.137871 0.82222

Position: -14.9144 3.76458 -9.46724
Normal: 1 0 0
UV: 0.137871 0.82222

Position: -14.9144 1.28649 -9.76541
Normal: 1 0 0
UV: 0.137871 0.82222

Position: -14.9144 1.28649 -9.46724
Normal: 1 0 0
UV: 0.137871 0.82222

Position: -14.9144 3.76458 -9.76541
Normal: 1 0 0
UV: 0.137871 0.82222

Position: -4.79032 3.76458 -9.46724
Normal: -0 0 1
UV: 0.166831 0.823828

Position: -4.79032 1.28649 -9.46724
Normal: -0 0 1
UV: 0.166831 0.823828

Position: -5.08849 3.76458 -9.46724
Normal: -0 0 1
UV: 0.166831 0.823828

Position: -5.08849 1.28649 -9.46724
Normal: -0 0 1
UV: 0.166831 0.823828

Position: -4.79032 1.28649 -9.76541
Normal: -0 0 -1
UV: 0.166831 0.823828

Position: -4.79032 3.76458 -9.76541
Normal: -0 0 -1
UV: 0.166831 0.823828

Position: -5.08849 1.28649 -9.76541
Normal: -0 0 -1
UV: 0.166831 0.823828

Position: -5.08849 3.76458 -9.76541
Normal: -0 0 -1
UV: 0.166831 0.823828

Position: -5.08849 1.28649 -9.76541
Normal: -1 0 0
UV: 0.137871 0.82222

Position: -5.08849 3.76458 -9.76541
Normal: -1 0 0
UV: 0.137871 0.82222

Position: -5.08849 1.28649 -9.46724
Normal: -1 0 0
UV: 0.137871 0.82222

Position: -5.08849 3.76458 -9.46724
Normal: -1 0 0
UV: 0.137871 0.82222

Position: -4.79032 3.76458 -9.46724
Normal: 1 0 0
UV: 0.137871 0.82222

Position: -4.79032 1.28649 -9.76541
Normal: 1 0 0
UV: 0.137871 0.82222

Position: -4.79032 1.28649 -9.46724
Normal: 1 0 0
UV: 0.137871 0.82222

Position: -4.79032 3.76458 -9.76541
Normal: 1 0 0
UV: 0.137871 0.82222

Position: -9.80138 3.76458 -9.46724
Normal: -0 0 1
UV: 0.166831 0.823828

Position: -9.80138 1.28649 -9.46724
Normal: -0 0 1
UV: 0.166831 0.823828

Position: -10.0996 3.76458 -9.46724
Normal: -0 0 1
UV: 0.166831 0.823828

Position: -10.0996 1.28649 -9.46724
Normal: -0 0 1
UV: 0.166831 0.823828

Position: -9.80138 1.28649 -9.76541
Normal: -0 0 -1
UV: 0.166831 0.823828

Position: -9.80138 3.76458 -9.76541
Normal: -0 0 -1
UV: 0.166831 0.823828

Position: -10.0996 1.28649 -9.76541
Normal: -0 0 -1
UV: 0.166831 0.823828

Position: -10.0996 3.76458 -9.76541
Normal: -0 0 -1
UV: 0.166831 0.823828

Position: -10.0996 1.28649 -9.76541
Normal: -1 0 0
UV: 0.166831 0.823828

Position: -10.0996 3.76458 -9.76541
Normal: -1 0 0
UV: 0.166831 0.823828

Position: -10.0996 1.28649 -9.46724
Normal: -1 0 0
UV: 0.166831 0.823828

Position: -10.0996 3.76458 -9.46724
Normal: -1 0 0
UV: 0.166831 0.823828

Position: -9.80138 3.76458 -9.46724
Normal: 1 0 0
UV: 0.137871 0.82222

Position: -9.80138 1.28649 -9.76541
Normal: 1 0 0
UV: 0.137871 0.82222

Position: -9.80138 1.28649 -9.46724
Normal: 1 0 0
UV: 0.137871 0.82222

Position: -9.80138 3.76458 -9.76541
Normal: 1 0 0
UV: 0.137871 0.82222

Position: -11.9444 -2.37422 10.3461
Normal: 1 0 0
UV: 0.227505 0.936376

Position: -11.9444 -3.02367 -10.3461
Normal: 1 0 0
UV: 0.227505 0.936376

Position: -11.9444 -3.02367 10.3461
Normal: 1 0 0
UV: 0.227505 0.936376

Position: -11.9444 -2.37422 -10.3461
Normal: 1 0 0
UV: 0.227505 0.936376

Position: -14.8695 -3.02367 10.3461
Normal: -1 0 0
UV: 0.227505 0.936376

Position: -14.8695 -2.37422 -10.3461
Normal: -1 0 0
UV: 0.227505 0.936376

Position: -14.8695 -2.37422 10.3461
Normal: -1 0 0
UV: 0.227505 0.936376

Position: -14.8695 -3.02367 -10.3461
Normal: -1 0 0
UV: 0.227505 0.936376

Position: -14.8695 -2.37422 10.3461
Normal: -0 0 1
UV: 0.260024 0.939204

Position: -11.9444 -2.37422 10.3461
Normal: -0 0 1
UV: 0.260024 0.939204

Position: -11.9444 -3.02367 10.3461
Normal: -0 0 1
UV: 0.260024 0.939204

Position: -14.8695 -3.02367 10.3461
Normal: -0 0 1
UV: 0.260024 0.939204

Position: -11.9444 -2.37422 -10.3461
Normal: -0 0 -1
UV: 0.260024 0.939204

Position: -14.8695 -3.02367 -10.3461
Normal: -0 0 -1
UV: 0.260024 0.939204

Position: -11.9444 -3.02367 -10.3461
Normal: -0 0 -1
UV: 0.260024 0.939204

Position: -14.8695 -2.37422 -10.3461
Normal: -0 0 -1
UV: 0.260024 0.939204

Position: -11.9444 -2.37422 -10.3461
Normal: -0 1 9.42087e-009
UV: 0.324355 0.936376

Position: -11.9444 -2.37422 10.3461
Normal: -0 1 0
UV: 0.324355 0.936376

Position: -12.5568 -2.37422 9.68478
Normal: -0 1 0
UV: 0.324355 0.936376

Position: -12.5568 -2.37422 -9.68472
Normal: -0 1 8.39291e-009
UV: 0.324355 0.936376

Position: -14.8695 -2.37422 10.3461
Normal: -0 1 0
UV: 0.324355 0.936376

Position: -14.2571 -2.37422 9.68478
Normal: -0 1 0
UV: 0.324355 0.936376

Position: -14.8695 -2.37422 -10.3461
Normal: -0 1 9.42091e-009
UV: 0.324355 0.936376

Position: -14.2571 -2.37422 -9.68472
Normal: -0 1 8.39292e-009
UV: 0.324355 0.936376

Position: -12.5568 -0.484271 9.68478
Normal: 1 0 0
UV: 0.227505 0.936376

Position: -12.5568 -2.37422 -9.68472
Normal: 1 0 0
UV: 0.227505 0.936376

Position: -12.5568 -2.37422 9.68478
Normal: 1 0 0
UV: 0.227505 0.936376

Position: -12.5568 -0.484271 -9.68472
Normal: 1 0 0
UV: 0.227505 0.936376

Position: -14.2571 -0.484271 9.68478
Normal: -0 0 1
UV: 0.260024 0.939204

Position: -12.5568 -0.484271 9.68478
Normal: -0 0 1
UV: 0.260024 0.939204

Position: -12.5568 -2.37422 9.68478
Normal: -0 0 1
UV: 0.260024 0.939204

Position: -14.2571 -2.37422 9.68478
Normal: -0 0 1
UV: 0.260024 0.939204

Position: -14.2571 -0.484271 -9.68472
Normal: -1 0 0
UV: 0.227505 0.936376

Position: -14.2571 -0.484271 9.68478
Normal: -1 0 0
UV: 0.227505 0.936376

Position: -14.2571 -2.37422 9.68478
Normal: -1 0 0
UV: 0.227505 0.936376

Position: -14.2571 -2.37422 -9.68472
Normal: -1 0 0
UV: 0.227505 0.936376

Position: -12.5568 -2.37422 -9.68472
Normal: -0 0 -1
UV: 0.260024 0.939204

Position: -12.5568 -0.484271 -9.68472
Normal: -0 0 -1
UV: 0.260024 0.939204

Position: -14.2571 -2.37422 -9.68472
Normal: -0 0 -1
UV: 0.260024 0.939204

Position: -14.2571 -0.484271 -9.68472
Normal: -0 0 -1
UV: 0.260024 0.939204

Position: -5.15672 -2.37422 10.3461
Normal: 1 0 0
UV: 0.227505 0.936376

Position: -5.15672 -3.02367 -10.3461
Normal: 1 0 0
UV: 0.227505 0.936376

Position: -5.15672 -3.02367 10.3461
Normal: 1 0 0
UV: 0.227505 0.936376

Position: -5.15672 -2.37422 -10.3461
Normal: 1 0 0
UV: 0.227505 0.936376

Position: -8.08191 -3.02367 10.3461
Normal: -1 0 0
UV: 0.227505 0.936376

Position: -8.08191 -2.37422 -10.3461
Normal: -1 0 0
UV: 0.227505 0.936376

Position: -8.08191 -2.37422 10.3461
Normal: -1 0 0
UV: 0.227505 0.936376

Position: -8.08191 -3.02367 -10.3461
Normal: -1 0 0
UV: 0.227505 0.936376

Position: -8.08191 -2.37422 10.3461
Normal: -0 0 1
UV: 0.260024 0.939204

Position: -5.15672 -2.37422 10.3461
Normal: -0 0 1
UV: 0.260024 0.939204

Position: -5.15672 -3.02367 10.3461
Normal: -0 0 1
UV: 0.260024 0.939204

Position: -8.08191 -3.02367 10.3461
Normal: -0 0 1
UV: 0.260024 0.939204

Position: -8.08191 -3.02367 -10.3461
Normal: -0 0 -1
UV: 0.260024 0.939204

Position: -5.15672 -3.02367 -10.3461
Normal: -0 0 -1
UV: 0.260024 0.939204

Position: -5.15672 -2.37422 -10.3461
Normal: -0 0 -1
UV: 0.260024 0.939204

Position: -8.08191 -2.37422 -10.3461
Normal: -0 0 -1
UV: 0.260024 0.939204

Position: -5.15672 -2.37422 -10.3461
Normal: -0 1 0
UV: 0.324355 0.936376

Position: -5.15672 -2.37422 10.3461
Normal: -0 1 -9.42092e-009
UV: 0.324355 0.936376

Position: -5.76915 -2.37422 9.68478
Normal: -0 1 -8.39293e-009
UV: 0.324355 0.936376

Position: -5.76915 -2.37422 -9.68472
Normal: -0 1 0
UV: 0.324355 0.936376

Position: -8.08191 -2.37422 10.3461
Normal: -0 1 -9.42089e-009
UV: 0.324355 0.936376

Position: -7.46947 -2.37422 9.68478
Normal: -0 1 -8.39292e-009
UV: 0.324355 0.936376

Position: -8.08191 -2.37422 -10.3461
Normal: -0 1 0
UV: 0.324355 0.936376

Position: -7.46947 -2.37422 -9.68472
Normal: -0 1 0
UV: 0.324355 0.936376

Position: -5.76915 -0.484271 9.68478
Normal: 1 0 0
UV: 0.227505 0.936376

Position: -5.76915 -2.37422 -9.68472
Normal: 1 0 0
UV: 0.227505 0.936376

Position: -5.76915 -2.37422 9.68478
Normal: 1 0 0
UV: 0.227505 0.936376

Position: -5.76915 -0.484271 -9.68472
Normal: 1 0 0
UV: 0.227505 0.936376

Position: -7.46947 -0.484271 9.68478
Normal: -0 0 1
UV: 0.260024 0.939204

Position: -5.76915 -0.484271 9.68478
Normal: -0 0 1
UV: 0.260024 0.939204

Position: -5.76915 -2.37422 9.68478
Normal: -0 0 1
UV: 0.260024 0.939204

Position: -7.46947 -2.37422 9.68478
Normal: -0 0 1
UV: 0.260024 0.939204

Position: -7.46947 -0.484271 -9.68472
Normal: -1 0 0
UV: 0.227505 0.936376

Position: -7.46947 -0.484271 9.68478
Normal: -1 0 0
UV: 0.227505 0.936376

Position: -7.46947 -2.37422 9.68478
Normal: -1 0 0
UV: 0.227505 0.936376

Position: -7.46947 -2.37422 -9.68472
Normal: -1 0 0
UV: 0.227505 0.936376

Position: -5.76915 -0.484271 -9.68472
Normal: -0 0 -1
UV: 0.260024 0.939204

Position: -7.46947 -2.37422 -9.68472
Normal: -0 0 -1
UV: 0.260024 0.939204

Position: -5.76915 -2.37422 -9.68472
Normal: -0 0 -1
UV: 0.260024 0.939204

Position: -7.46947 -0.484271 -9.68472
Normal: -0 0 -1
UV: 0.260024 0.939204


[INDEX_DATA]
0 2 1
1 3 0
4 6 5
5 7 4
8 10 9
9 10 11
12 14 13
15 17 16
17 18 16
19 21 20
21 22 20
23 25 24
23 26 25
27 29 28
29 30 28
31 26 23
31 32 26
33 34 19
34 21 19
30 35 28
35 36 28
37 39 38
14 38 39
14 39 13
12 40 14
41 38 42
41 37 38
41 44 43
45 47 46
47 48 46
49 51 50
51 52 50
53 55 54
54 56 53
57 59 58
59 60 58
61 62 55
55 53 61
63 64 49
64 51 49
60 65 58
65 66 58
67 69 68
44 68 69
44 69 43
41 42 44
12 68 40
12 67 68
41 70 37
71 73 72
73 74 72
75 76 33
76 34 33
77 32 31
77 78 32
36 35 79
35 80 79
81 78 77
81 82 78
83 84 75
84 76 75
80 85 79
85 86 79
87 89 88
70 88 89
70 89 37
41 90 70
91 88 92
91 87 88
91 94 93
95 97 96
97 98 96
99 101 100
101 102 100
103 105 104
103 106 105
107 109 108
109 110 108
56 54 104
104 105 56
50 52 99
52 101 99
110 59 108
59 57 108
43 112 111
94 111 112
94 112 93
91 92 94
41 111 90
41 43 111
91 113 87
114 116 115
116 117 115
118 119 83
119 84 83
120 82 81
120 121 82
86 85 122
85 123 122
124 121 120
124 125 121
126 127 118
127 119 118
123 128 122
128 129 122
130 132 131
113 131 132
113 132 87
91 133 113
134 131 135
134 130 131
134 137 136
138 140 139
140 141 139
142 144 143
144 145 143
146 148 147
147 149 146
150 152 151
152 153 151
103 146 149
149 106 103
100 102 142
102 144 142
153 109 151
109 107 151
93 155 154
137 154 155
137 155 136
134 135 137
91 154 133
91 93 154
134 156 130
157 159 158
159 160 158
161 162 126
162 127 126
163 125 124
163 164 125
129 128 165
128 166 165
167 164 163
167 168 164
169 170 161
170 162 161
166 171 165
171 172 165
173 175 174
156 174 175
156 175 130
134 176 156
177 174 178
177 173 174
177 180 179
181 183 182
183 184 182
185 187 186
187 188 186
189 191 190
189 192 191
193 195 194
195 196 194
147 148 190
190 191 147
143 145 185
145 187 185
196 152 194
152 150 194
136 198 197
180 197 198
180 198 179
177 178 180
134 197 176
134 136 197
199 201 200
200 201 202
200 202 203
203 202 204
203 204 205
205 204 206
205 206 207
207 206 208
207 208 209
209 208 210
209 210 211
211 210 212
211 212 213
213 212 214
213 214 215
215 214 216
217 219 218
218 220 217
219 221 218
221 222 218
221 224 223
223 222 221
224 225 223
225 226 223
227 228 226
226 225 227
227 229 228
229 230 228
229 232 231
231 230 229
232 234 233
233 231 232
235 237 236
235 238 237
239 241 240
239 242 241
243 245 244
246 244 245
247 248 236
236 237 247
249 240 241
241 250 249
251 252 248
248 247 251
249 254 253
249 250 254
255 256 252
252 251 255
253 258 257
253 254 258
259 260 256
256 255 259
257 262 261
257 258 262
263 264 260
260 259 263
261 266 265
261 262 266
267 268 264
264 263 267
265 270 269
265 266 270
268 272 271
268 267 272
273 275 274
274 276 273
269 278 277
269 270 278
279 281 280
279 282 281
283 285 284
283 286 285
287 282 279
287 288 282
289 291 290
292 290 291
293 286 283
293 294 286
295 297 296
295 298 297
299 301 300
300 302 299
280 298 295
280 281 298
302 300 284
284 285 302
303 305 304
303 306 305
307 309 308
308 310 307
296 306 303
296 297 306
301 310 308
301 299 310
311 313 312
311 314 313
315 317 316
315 318 317
319 321 320
320 322 319
304 314 311
304 305 314
318 315 309
309 307 318
323 325 324
323 326 325
324 328 327
324 325 328
329 331 330
329 332 331
333 332 329
333 334 332
327 336 335
327 328 336
335 338 337
335 336 338
339 341 340
339 342 341
330 342 339
330 331 342
337 344 343
337 338 344
343 346 345
343 344 346
347 349 348
347 350 349
340 350 347
340 341 350
345 352 351
345 346 352
351 354 353
351 352 354
355 357 356
356 358 355
348 358 356
348 349 358
359 361 360
360 362 359
363 365 364
363 366 365
367 369 368
367 370 369
371 373 372
371 374 373
375 377 376
376 377 378
379 381 380
380 382 379
383 385 384
386 384 385
368 369 387
387 388 368
389 391 390
390 392 389
393 394 361
394 360 361
395 397 396
396 398 395
359 362 399
399 400 359
401 403 402
404 402 403
405 370 367
406 405 367
407 409 408
409 410 408
411 413 412
413 414 412
415 417 416
418 416 417
419 421 420
420 422 419
423 425 424
425 426 424
427 429 428
429 430 428
431 433 432
434 432 433
435 437 436
436 438 435
439 441 440
441 442 440
443 445 444
445 446 444
447 449 448
450 448 449
451 453 452
452 454 451
455 457 456
456 458 455
459 461 460
459 462 461
463 465 464
463 466 465
467 469 468
467 470 469
471 473 472
472 473 474
475 477 476
476 478 475
479 481 480
482 480 481
464 465 483
483 484 464
485 487 486
486 488 485
489 490 457
490 456 457
491 493 492
492 494 491
455 458 495
495 496 455
497 499 498
500 498 499
501 466 463
502 501 463
503 505 504
505 506 504
507 509 508
509 510 508
511 513 512
514 512 513
515 517 516
516 518 515
519 521 520
521 522 520
523 525 524
525 526 524
527 529 528
530 528 529
531 533 532
532 534 531
535 537 536
537 538 536
539 541 540
541 542 540
543 545 544
546 544 545
547 549 548
548 550 547
551 553 552
552 554 551
555 557 556
556 558 555
559 561 560
559 562 561
563 565 564
564 566 563
567 569 568
567 570 569
571 568 569
569 572 571
571 574 573
571 572 574
573 570 567
573 574 570
575 577 576
576 578 575
579 581 580
579 582 581
583 585 584
585 583 586
587 589 588
589 590 588
591 593 592
592 594 591
595 597 596
596 598 595
599 601 600
599 602 601
603 605 604
603 606 605
607 609 608
607 610 609
608 612 611
608 609 612
611 614 613
611 612 614
607 613 614
614 610 607
615 617 616
616 618 615
619 621 620
619 622 621
623 625 624
625 623 626
627 629 628
628 630 627

