[FBX_META_DATA]
MeshCount: 1

[MESH_DATA]
VertexCount: 67
IndexCount: 141
BoneCount: 0
AnimationClips: 1

[VERTEX_DATA]
Position: -0 -7.15256e-007 -1
Normal: 5.64625e-010 1 -5.90024e-007
UV: 0.386365 0.935096

Position: -0 0 0
Normal: -3.49412e-007 1 -3.58334e-007
UV: 0.386365 0.935096

Position: -1.02049 -7.15256e-007 -1.00098
Normal: -2.14858e-007 1 -2.14927e-007
UV: 0.386365 0.935096

Position: -6.00083 -2.54171 -16.7007
Normal: -0.00149616 0.9785 -0.206241
UV: 0.0470022 0.378424

Position: -0 -3 -18.806
Normal: 0.00254748 0.9786 -0.205758
UV: 0.0470022 0.378424

Position: 4.57764e-005 -2.57231 -16.6976
Normal: 0.0025377 0.979977 -0.199094
UV: 0.0470022 0.378424

Position: -6.00083 -3 -18.806
Normal: -0.0109592 0.971164 -0.238162
UV: 0.0470022 0.378424

Position: -0 -3 -18.806
Normal: -0 1 0
UV: 0.394396 0.670965

Position: -6.00083 -3 -18.806
Normal: -0 1 0
UV: 0.394396 0.670965

Position: -6.00083 -3 -20
Normal: -0 1 0
UV: 0.394396 0.670965

Position: -0 -3 -20
Normal: -0 1 0
UV: 0.394396 0.670965

Position: -1.12177 -7.15256e-007 -1.10225
Normal: -8.72906e-009 1 -6.37085e-008
UV: 0.292346 0.579077

Position: -0 -9.53674e-007 -4.02419
Normal: 3.06012e-011 1 -8.15841e-008
UV: 0.292346 0.579077

Position: -0 -7.15256e-007 -1.10128
Normal: 3.01674e-011 1 -8.04276e-008
UV: 0.292346 0.579077

Position: -4.04468 -9.53674e-007 -4.02516
Normal: -8.70951e-009 1 -6.41267e-008
UV: 0.292346 0.579077

Position: -4.32014 -0.0584735 -4.29346
Normal: 0.00202621 0.980291 -0.19755
UV: 0.0187064 0.378424

Position: 4.57764e-005 -2.57231 -16.6976
Normal: 0.0025377 0.979977 -0.199094
UV: 0.0187064 0.378424

Position: 4.57764e-005 -0.0542533 -4.29493
Normal: 0.00248306 0.980221 -0.197889
UV: 0.0187064 0.378424

Position: -6.00083 -2.54171 -16.7007
Normal: -0.00149616 0.9785 -0.206241
UV: 0.0187064 0.378424

Position: -4.04468 -9.53674e-007 -4.02516
Normal: -0.000506076 0.978877 -0.20445
UV: 0.444941 0.60232

Position: 4.57764e-005 -0.0542533 -4.29493
Normal: 0.00248306 0.980221 -0.197889
UV: 0.444941 0.60232

Position: -0 -9.53674e-007 -4.02419
Normal: -0.000506076 0.978877 -0.20445
UV: 0.444941 0.60232

Position: -4.32014 -0.0584735 -4.29346
Normal: 0.00202621 0.980291 -0.19755
UV: 0.444941 0.60232

Position: -1.02049 -7.15256e-007 -1.00098
Normal: -2.14858e-007 1 -2.14927e-007
UV: 0.341864 0.938837

Position: -0 -7.15256e-007 -1.10128
Normal: 3.01674e-011 1 -8.04276e-008
UV: 0.341864 0.938837

Position: -0 -7.15256e-007 -1
Normal: 5.64625e-010 1 -5.90024e-007
UV: 0.341864 0.938837

Position: -1.12177 -7.15256e-007 -1.10225
Normal: -8.72906e-009 1 -6.37085e-008
UV: 0.341864 0.938837

Position: -13.7991 -2.38633 -15.9174
Normal: 0.000916774 0.975102 -0.221756
UV: 0.0187064 0.378424

Position: -13.7392 -3 -17.6779
Normal: -0.00344054 0.961188 -0.275874
UV: 0.0470022 0.378424

Position: -13.7991 -2.38633 -15.9174
Normal: 0.000916774 0.975102 -0.221756
UV: 0.0470022 0.378424

Position: -13.7392 -3 -17.6779
Normal: -2.02651e-010 1 -3.95272e-008
UV: 0.394396 0.670965

Position: -13.7392 -3 -20
Normal: -2.05439e-010 1 -4.00709e-008
UV: 0.394396 0.670965

Position: -16.0255 -2.38633 -15.9846
Normal: 0.0272155 0.965074 -0.26056
UV: 0.0187064 0.378424

Position: -16.0255 -2.38633 -15.9846
Normal: 0.0272155 0.965074 -0.26056
UV: 0.0470022 0.378424

Position: -18.5936 -3 -18.5526
Normal: 0.0390349 0.955178 -0.293447
UV: 0.0470022 0.378424

Position: -18.5936 -3 -18.5526
Normal: -4.7955e-010 1 -9.35365e-008
UV: 0.394396 0.670965

Position: -20 -3 -20
Normal: -4.7955e-010 1 -9.35365e-008
UV: 0.394396 0.670965

Position: -20 -3 -19.959
Normal: -4.7955e-010 1 -9.35365e-008
UV: 0.394396 0.670965

Position: -18.806 -3 -13.9992
Normal: -3.34784e-008 1 0
UV: 0.394396 0.670965

Position: -20 -3 -13.9992
Normal: -3.48238e-008 1 0
UV: 0.394396 0.670965

Position: -16.7007 -2.38633 -13.9992
Normal: -0.217132 0.976138 -0.00289609
UV: 0.0187064 0.378424

Position: -4.32014 -0.0584735 -4.29346
Normal: -0.196924 0.980401 0.00583123
UV: 0.0187064 0.378424

Position: -15.5726 -2.29695 -6.26086
Normal: -0.213853 0.976811 0.0103557
UV: 0.0187064 0.378424

Position: -17.6779 -3 -6.26086
Normal: -0.280864 0.9597 0.00953336
UV: 0.0470022 0.378424

Position: -16.7007 -2.38633 -13.9992
Normal: -0.217132 0.976138 -0.00289609
UV: 0.0470022 0.378424

Position: -15.5726 -2.29695 -6.26086
Normal: -0.213853 0.976811 0.0103557
UV: 0.0470022 0.378424

Position: -18.806 -3 -13.9992
Normal: -0.277468 0.960636 0.0137476
UV: 0.0470022 0.378424

Position: -17.6779 -3 -6.26086
Normal: -0 1 0
UV: 0.394396 0.670965

Position: -20 -3 -6.26086
Normal: -0 1 0
UV: 0.394396 0.670965

Position: -16.6976 -2.57231 0
Normal: -0.210632 0.977564 -0.00175058
UV: 0.0187064 0.378424

Position: -4.29493 -0.0542538 0
Normal: -0.197586 0.980275 0.00453217
UV: 0.0187064 0.378424

Position: -18.806 -3 -4.57764e-005
Normal: -0.259093 0.965519 -0.0253892
UV: 0.0470022 0.378424

Position: -16.6976 -2.57231 0
Normal: -0.210632 0.977564 -0.00175058
UV: 0.0470022 0.378424

Position: -18.806 -3 -4.57764e-005
Normal: -0 1 0
UV: 0.394396 0.670965

Position: -20 -3 -4.57764e-005
Normal: -0 1 0
UV: 0.394396 0.670965

Position: -16.0255 -2.38633 -15.9846
Normal: -0.191485 0.980629 -0.0412214
UV: 0.0470022 0.378424

Position: -18.5936 -3 -18.5526
Normal: -0.23728 0.970907 -0.032208
UV: 0.0470022 0.378424

Position: -1 -7.15256e-007 -4.57764e-005
Normal: -5.93427e-007 1 1.21495e-008
UV: 0.386365 0.935096

Position: -1.10128 -7.15256e-007 -4.57764e-005
Normal: -1.73538e-008 1 -4.56978e-008
UV: 0.341864 0.938837

Position: -1 -7.15256e-007 -4.57764e-005
Normal: -5.93427e-007 1 1.21495e-008
UV: 0.341864 0.938837

Position: -4.02419 -7.15256e-007 -4.57764e-005
Normal: -1.76049e-008 1 -4.6359e-008
UV: 0.292346 0.579077

Position: -1.10128 -7.15256e-007 -4.57764e-005
Normal: -1.73538e-008 1 -4.56978e-008
UV: 0.292346 0.579077

Position: -4.29493 -0.0542538 0
Normal: -0.197586 0.980275 0.00453217
UV: 0.444941 0.60232

Position: -4.04468 -9.53674e-007 -4.02516
Normal: -0.202412 0.9793 0.000615288
UV: 0.444941 0.60232

Position: -4.02419 -7.15256e-007 -4.57764e-005
Normal: -0.202412 0.9793 0.000615288
UV: 0.444941 0.60232

Position: -4.32014 -0.0584735 -4.29346
Normal: -0.196924 0.980401 0.00583123
UV: 0.444941 0.60232

Position: -16.0255 -2.38633 -15.9846
Normal: -0.191485 0.980629 -0.0412214
UV: 0.0187064 0.378424


[INDEX_DATA]
0 2 1
3 5 4
4 6 3
7 9 8
7 10 9
11 13 12
12 14 11
15 17 16
16 18 15
19 21 20
20 22 19
23 25 24
24 26 23
18 27 15
3 6 28
28 29 3
8 31 30
8 9 31
27 32 15
33 29 28
28 34 33
35 30 31
31 36 35
35 36 37
35 39 38
39 35 36
40 42 41
43 45 44
44 46 43
38 48 47
48 38 39
49 50 41
41 42 49
51 52 43
43 52 45
53 47 48
48 54 53
46 44 55
55 56 46
2 57 1
58 59 23
23 26 58
60 61 11
11 14 60
62 64 63
63 65 62
40 41 66

