[FBX_META_DATA]
MeshCount: 1

[MESH_DATA]
VertexCount: 39
IndexCount: 60
BoneCount: 0
AnimationClips: 1

[VERTEX_DATA]
Position: -19 4.76837e-007 0
Normal: 3.29394e-008 1 -8.94066e-008
UV: 0.386365 0.935096

Position: -0 -2.38419e-007 -1
Normal: 3.29394e-008 1 -8.94066e-008
UV: 0.386365 0.935096

Position: -0 -2.38419e-007 0
Normal: 3.29394e-008 1 -8.94066e-008
UV: 0.386365 0.935096

Position: -19 2.98023e-007 -1
Normal: 3.29394e-008 1 -8.94066e-008
UV: 0.386365 0.935096

Position: -19 -3 -1
Normal: -0 0 -1
UV: 0.233733 0.938837

Position: -0 -3 -1
Normal: -0 0 -1
UV: 0.233733 0.938837

Position: -0 -2.38419e-007 -1
Normal: -0 0 -1
UV: 0.233733 0.938837

Position: -19 2.98023e-007 -1
Normal: -0 0 -1
UV: 0.233733 0.938837

Position: -19 2.09808e-006 -20
Normal: -3.63588e-007 1 1.03838e-007
UV: 0.386365 0.935096

Position: -20 -2.38419e-007 -1
Normal: -3.72231e-007 1 9.8646e-008
UV: 0.386365 0.935096

Position: -20 1.90735e-006 -20
Normal: -3.63588e-007 1 1.03838e-007
UV: 0.386365 0.935096

Position: -19 -3 -20
Normal: 1 0 -8.03094e-007
UV: 0.233733 0.938837

Position: -19 -3 -1
Normal: 1 0 -8.03094e-007
UV: 0.233733 0.938837

Position: -19 2.98023e-007 -1
Normal: 1 0 -8.03094e-007
UV: 0.233733 0.938837

Position: -19 2.09808e-006 -20
Normal: 1 0 -8.03094e-007
UV: 0.233733 0.938837

Position: -0 -3 -1
Normal: 4.34816e-009 1 6.75759e-008
UV: 0.394396 0.670965

Position: -19 -3 -1
Normal: -0 1 8.45362e-008
UV: 0.394396 0.670965

Position: -19 -3 -20
Normal: 4.32272e-009 1 6.91018e-008
UV: 0.394396 0.670965

Position: -1 -3 -19
Normal: 8.11574e-009 1 8.40266e-008
UV: 0.394396 0.670965

Position: -1.00002 1.19209e-006 -19
Normal: -0 1 7.15256e-007
UV: 0.386365 0.935096

Position: -1.52588e-005 1.90735e-006 -20
Normal: -0 1 7.15256e-007
UV: 0.386365 0.935096

Position: -0 1.19209e-006 -19
Normal: -0 1 7.15256e-007
UV: 0.386365 0.935096

Position: -1.00002 1.90735e-006 -20
Normal: -0 1 7.15256e-007
UV: 0.386365 0.935096

Position: -1.00002 1.19209e-006 -19
Normal: -1 -2.54313e-006 7.6294e-006
UV: 0.233733 0.938837

Position: -1.00002 -3 -20
Normal: -1 -2.54313e-006 7.6294e-006
UV: 0.233733 0.938837

Position: -1.00002 1.90735e-006 -20
Normal: -1 -2.54313e-006 7.6294e-006
UV: 0.233733 0.938837

Position: -1 -3 -19
Normal: -1 -2.54313e-006 7.6294e-006
UV: 0.233733 0.938837

Position: -1.00002 -3 -20
Normal: -1.32455e-008 1 8.47711e-007
UV: 0.394396 0.670965

Position: -0 1.19209e-006 -19
Normal: -0 0 1
UV: 0.232286 0.93861

Position: -1 -3 -19
Normal: -0 0 1
UV: 0.232286 0.93861

Position: -1.00002 1.19209e-006 -19
Normal: -0 0 1
UV: 0.232286 0.93861

Position: -0 -3 -19
Normal: -0 0 1
UV: 0.232286 0.93861

Position: -0 -3 -1
Normal: 4.34816e-009 1 6.75759e-008
UV: 0.399864 0.666503

Position: -1 -3 -19
Normal: 8.11574e-009 1 8.40266e-008
UV: 0.399864 0.666503

Position: -0 -3 -19
Normal: -0 1 5.29819e-008
UV: 0.399864 0.666503

Position: -19 2.98023e-007 -3.8147e-006
Normal: -5.36442e-007 1 0
UV: 0.396546 0.928655

Position: -20 -2.38419e-007 -3.8147e-006
Normal: -5.36442e-007 1 0
UV: 0.396546 0.928655

Position: -20 -2.38419e-007 -1
Normal: -3.72231e-007 1 9.8646e-008
UV: 0.396546 0.928655

Position: -19 2.98023e-007 -1
Normal: -3.72231e-007 1 9.86459e-008
UV: 0.396546 0.928655


[INDEX_DATA]
0 2 1
1 3 0
4 6 5
4 7 6
8 9 3
9 8 10
11 13 12
13 11 14
15 17 16
18 17 15
19 21 20
20 22 19
23 25 24
24 26 23
27 17 18
28 30 29
29 31 28
32 34 33
35 37 36
35 38 37

