[FBX_META_DATA]
MeshCount: 1

[MESH_DATA]
VertexCount: 588
IndexCount: 1308
BoneCount: 0
AnimationClips: 0

[VERTEX_DATA]
Position: 15 9.8052 -10
Normal: -0 1 8.26834e-008
UV: 0.949794 0.414931

Position: 8.16531 9.8052 -6.83468
Normal: -0 1 8.26834e-008
UV: 0.949794 0.414931

Position: 14.5551 9.8052 -11.4815
Normal: -0 1 8.26834e-008
UV: 0.949794 0.414931

Position: 15 9.8052 -13.5185
Normal: -0 1 0
UV: 0.990737 0.477912

Position: 15 9.8052 -11.4815
Normal: -0 1 0
UV: 0.990737 0.356141

Position: 14.5551 9.8052 -13.5185
Normal: -0 1 0
UV: 0.959379 0.477912

Position: 14.5551 9.8052 -11.4815
Normal: -0 1 0
UV: 0.959379 0.356141

Position: 7.86911 9.8052 -12.5
Normal: 1 0 0
UV: 0.671101 0.439745

Position: 7.86911 9.8052 -7.13087
Normal: 1 0 0
UV: 0.671101 0.439745

Position: 7.86911 10 -12.5
Normal: 1 0 0
UV: 0.658603 0.439745

Position: 7.86911 10 -7.13087
Normal: 1 0 0
UV: 0.658603 0.439745

Position: 4.99998 10 -12.5
Normal: -0 1 0
UV: 0.507875 0.439745

Position: 7.86911 10 -12.5
Normal: -0 1 0
UV: 0.658603 0.439745

Position: 4.99998 10 -10
Normal: -0 1 0
UV: 0.507875 0.439745

Position: 7.86911 10 -7.13087
Normal: -0 1 0
UV: 0.658603 0.439745

Position: 7.86911 9.8052 -7.13087
Normal: -0 1 0
UV: 0.671101 0.439745

Position: 7.86911 9.8052 -12.5
Normal: -0 1 0
UV: 0.671101 0.439745

Position: 8.16531 9.8052 -6.83468
Normal: -0 1 0
UV: 0.674934 0.439745

Position: 8.16531 9.8052 -12.5
Normal: -0 1 0
UV: 0.674934 0.439745

Position: 4.99998 10 -12.5812
Normal: -0 1 0
UV: 0.642005 0.43987

Position: 7.86911 10 -12.5812
Normal: -0 1 0
UV: 0.642005 0.43987

Position: 4.99998 10 -12.5
Normal: -0 1 0
UV: 0.642005 0.43987

Position: 7.86911 10 -12.5
Normal: -0 1 0
UV: 0.642005 0.43987

Position: 7.86911 10 -12.5812
Normal: 1 3.91663e-006 0
UV: 0.658603 0.439745

Position: 7.86911 9.8052 -15
Normal: 1 0 0
UV: 0.671101 0.439745

Position: 7.86911 10 -15
Normal: 1 0 0
UV: 0.658603 0.439745

Position: 8.16531 9.8052 -15
Normal: -0 1 0
UV: 0.674934 0.439745

Position: 7.86911 9.8052 -15
Normal: -0 1 0
UV: 0.671101 0.439745

Position: 8.16531 9.8052 -15
Normal: -0 1 0
UV: 0.949794 0.414931

Position: 14.5551 9.8052 -13.5185
Normal: -0 1 0
UV: 0.949794 0.414931

Position: 8.16531 9.8052 -12.5
Normal: -0 1 0
UV: 0.949794 0.414931

Position: 4.99998 10 -12.5
Normal: -1 0 0
UV: 0.661207 0.464964

Position: 4.99998 10 -10
Normal: -1 0 0
UV: 0.6627 0.464964

Position: 4.99998 9.8052 -12.5
Normal: -1 0 0
UV: 0.661207 0.459482

Position: 4.99998 9.8052 -10
Normal: -1 0 0
UV: 0.6627 0.459482

Position: 4.99998 10 -12.5
Normal: -1 0 0
UV: 0.6627 0.464964

Position: 4.99998 9.8052 -15
Normal: -1 0 0
UV: 0.661207 0.459482

Position: 4.99998 10 -12.5812
Normal: -1 0 0
UV: 0.661954 0.464964

Position: 4.99998 10 -15
Normal: -1 0 0
UV: 0.661207 0.464964

Position: 4.99998 9.8052 -12.5
Normal: -1 0 0
UV: 0.6627 0.459482

Position: 15 9.8052 -11.4815
Normal: -0 1 0
UV: 0.949794 0.414931

Position: 15 9.8052 -15
Normal: -0 1 0
UV: 0.949794 0.414931

Position: 15 9.8052 -13.5185
Normal: -0 1 0
UV: 0.949794 0.414931

Position: 21.8347 9.8052 -15
Normal: -0 1 -9.41829e-008
UV: 0.949794 0.414931

Position: 15.4449 9.8052 -13.5185
Normal: -0 1 -9.41829e-008
UV: 0.949794 0.414931

Position: 15 9.8052 -11.4815
Normal: -0 1 0
UV: 0.990737 0.477912

Position: 15 9.8052 -13.5185
Normal: -0 1 0
UV: 0.990737 0.356141

Position: 15.4449 9.8052 -11.4815
Normal: -0 1 0
UV: 0.959379 0.477912

Position: 15.4449 9.8052 -13.5185
Normal: -0 1 0
UV: 0.959379 0.356141

Position: 22.1309 9.8052 -12.5
Normal: -1 0 0
UV: 0.671101 0.439745

Position: 22.1309 9.8052 -15
Normal: -1 0 0
UV: 0.671101 0.439745

Position: 22.1309 10 -12.5
Normal: -1 0 0
UV: 0.658603 0.439745

Position: 22.1309 10 -15
Normal: -1 0 0
UV: 0.658603 0.439745

Position: 22.1309 10 -12.5
Normal: -0 1 0
UV: 0.658603 0.439745

Position: 25 10 -15
Normal: -0 1 0
UV: 0.507875 0.439745

Position: 25 10 -12.5
Normal: -0 1 0
UV: 0.507875 0.439745

Position: 22.1309 10 -15
Normal: -0 1 0
UV: 0.658603 0.439745

Position: 22.1309 9.8052 -15
Normal: -0 1 0
UV: 0.671101 0.439745

Position: 22.1309 9.8052 -12.5
Normal: -0 1 0
UV: 0.671101 0.439745

Position: 21.8347 9.8052 -15
Normal: -0 1 0
UV: 0.674934 0.439745

Position: 21.8347 9.8052 -12.5
Normal: -0 1 0
UV: 0.674934 0.439745

Position: 25 10 -10
Normal: -0 1 0
UV: 0.507875 0.439745

Position: 22.1309 10 -10
Normal: -0 1 0
UV: 0.658603 0.439745

Position: 22.1309 10 -12.4208
Normal: -0 1 0
UV: 0.658603 0.439745

Position: 25 10 -12.4208
Normal: -0 1 0
UV: 0.507875 0.439745

Position: 22.1309 9.8052 -10
Normal: -1 0 0
UV: 0.671101 0.439745

Position: 22.1309 10 -12.4208
Normal: -1 0 0
UV: 0.658603 0.439745

Position: 22.1309 10 -10
Normal: -1 0 0
UV: 0.658603 0.439745

Position: 21.8347 9.8052 -10
Normal: -0 1 0
UV: 0.674934 0.439745

Position: 22.1309 9.8052 -10
Normal: -0 1 0
UV: 0.671101 0.439745

Position: 21.8347 9.8052 -10
Normal: -0 1 0
UV: 0.949794 0.414931

Position: 15.4449 9.8052 -11.4815
Normal: -0 1 0
UV: 0.949794 0.414931

Position: 21.8347 9.8052 -12.5
Normal: -0 1 0
UV: 0.949794 0.414931

Position: 25.9814 12.094 -10
Normal: 1 0 0
UV: 0.391701 0.938801

Position: 25.9814 9.63206 -15
Normal: 1 0 0
UV: 0.391701 0.938801

Position: 25.9814 9.63206 -10
Normal: 1 0 0
UV: 0.391701 0.938801

Position: 25.9814 12.094 -15
Normal: 1 0 0
UV: 0.391701 0.938801

Position: 24.9998 12.094 -10
Normal: -0 1 0
UV: 0.420769 0.934648

Position: 25.9814 12.094 -15
Normal: -0 1 0
UV: 0.420769 0.934648

Position: 25.9814 12.094 -10
Normal: -0 1 0
UV: 0.420769 0.934648

Position: 24.9998 12.094 -15
Normal: -0 1 0
UV: 0.420769 0.934648

Position: 24.9998 10.5786 -10
Normal: -1 0 0
UV: 0.391701 0.938801

Position: 24.9998 12.094 -15
Normal: -1 0 0
UV: 0.391701 0.938801

Position: 24.9998 12.094 -10
Normal: -1 0 0
UV: 0.391701 0.938801

Position: 24.9998 10.5786 -15
Normal: -1 0 0
UV: 0.391701 0.938801

Position: 24.9998 9.3139 -10
Normal: -1 0 0
UV: 0.32526 0.934648

Position: 24.9998 10.5786 -15
Normal: -1 0 0
UV: 0.32526 0.934648

Position: 24.9998 10.5786 -10
Normal: -1 0 0
UV: 0.32526 0.934648

Position: 24.9998 9.3139 -15
Normal: -1 0 0
UV: 0.32526 0.934648

Position: 25.9814 8.8529 -10
Normal: 0.000237389 -1 -0.000173828
UV: 0.235863 0.93387

Position: 15 8.85117 -15
Normal: 0.000237389 -1 -0.000173828
UV: 0.235863 0.93387

Position: 15 8.85117 -10
Normal: 0.000237389 -1 -0.000173828
UV: 0.235863 0.93387

Position: 25.9814 8.85464 -15
Normal: 0.000237389 -1 -0.000173828
UV: 0.235863 0.93387

Position: 25.9814 9.63206 -10
Normal: 1 0 0
UV: 0.3205 0.9359

Position: 25.9814 8.85464 -15
Normal: 1 0 0
UV: 0.3205 0.9359

Position: 25.9814 8.8529 -10
Normal: 1 0 0
UV: 0.3205 0.9359

Position: 25.9814 9.63206 -15
Normal: 1 0 0
UV: 0.3205 0.9359

Position: 4.01857 12.094 -10.9814
Normal: -1 0 0
UV: 0.391701 0.938801

Position: 4.01857 9.63206 -10.9814
Normal: -1 0 0
UV: 0.391701 0.938801

Position: 4.01857 9.63206 -15
Normal: -1 0 0
UV: 0.391701 0.938801

Position: 4.01857 12.094 -15
Normal: -1 0 0
UV: 0.391701 0.938801

Position: 5.00018 12.094 -15
Normal: -0 1 -2.1546e-007
UV: 0.420769 0.934648

Position: 4.01857 12.094 -10.9814
Normal: -0 1 -2.1546e-007
UV: 0.420769 0.934648

Position: 4.01857 12.094 -15
Normal: -0 1 -2.1546e-007
UV: 0.420769 0.934648

Position: 5.00008 12.094 -9.9999
Normal: -0 1 -2.1546e-007
UV: 0.420769 0.934648

Position: 5.00008 12.094 -9.9999
Normal: 1 0 1.9836e-005
UV: 0.391701 0.938801

Position: 5.00018 12.094 -15
Normal: 1 0 1.9836e-005
UV: 0.391701 0.938801

Position: 5.00008 10.5786 -9.9999
Normal: 1 0 1.9836e-005
UV: 0.391701 0.938801

Position: 5.00018 10.5786 -15
Normal: 1 0 1.9836e-005
UV: 0.391701 0.938801

Position: 5.00008 10.5786 -9.9999
Normal: 1 0 1.9836e-005
UV: 0.32526 0.934648

Position: 5.00018 10.5786 -15
Normal: 1 0 1.9836e-005
UV: 0.32526 0.934648

Position: 5.00008 9.3139 -9.9999
Normal: 1 0 1.9836e-005
UV: 0.32526 0.934648

Position: 5.00018 9.3139 -15
Normal: 1 0 1.9836e-005
UV: 0.32526 0.934648

Position: 4.01857 8.8529 -10.9814
Normal: -0.000228775 -1 -0.000192744
UV: 0.235863 0.93387

Position: 15 8.85117 -10
Normal: -0.000228775 -1 -0.000192744
UV: 0.235863 0.93387

Position: 15 8.85117 -15
Normal: -0.000228775 -1 -0.000192744
UV: 0.235863 0.93387

Position: 4.01857 8.85464 -15
Normal: -0.000228775 -1 -0.000192744
UV: 0.235863 0.93387

Position: 4.01857 9.63206 -10.9814
Normal: -1 0 0
UV: 0.3205 0.9359

Position: 4.01857 8.85464 -15
Normal: -1 0 0
UV: 0.3205 0.9359

Position: 4.01857 9.63206 -15
Normal: -1 0 0
UV: 0.3205 0.9359

Position: 4.01857 8.8529 -10.9814
Normal: -1 0 0
UV: 0.3205 0.9359

Position: 13.5185 9.8052 -8.5223e-017
Normal: -0 1 0
UV: 0.990737 0.477912

Position: 11.4815 9.8052 -8.17179e-017
Normal: -0 1 0
UV: 0.990737 0.356141

Position: 13.5185 9.8052 -0.444885
Normal: -0 1 0
UV: 0.959379 0.477912

Position: 11.4815 9.8052 -0.444885
Normal: -0 1 0
UV: 0.959379 0.356141

Position: 9.99999 9.8052 -4.29851e-017
Normal: -0 1 0
UV: 0.949794 0.414931

Position: 11.4815 9.8052 -0.444885
Normal: -0 1 0
UV: 0.949794 0.414931

Position: 11.4815 9.8052 -8.17179e-017
Normal: -0 1 0
UV: 0.949794 0.414931

Position: 15 9.8052 -5.72205e-006
Normal: -0 1 0
UV: 0.949794 0.414931

Position: 13.5185 9.8052 -8.5223e-017
Normal: -0 1 0
UV: 0.949794 0.414931

Position: 13.5185 9.8052 -0.444885
Normal: -0 1 0
UV: 0.949794 0.414931

Position: 15 9.8052 6.83468
Normal: -0 1 0
UV: 0.949794 0.414931

Position: 13.5185 9.8052 0.444885
Normal: -0 1 0
UV: 0.949794 0.414931

Position: 11.4815 9.8052 -8.17179e-017
Normal: -0 1 0
UV: 0.990737 0.477912

Position: 13.5185 9.8052 -8.5223e-017
Normal: -0 1 0
UV: 0.990737 0.356141

Position: 11.4815 9.8052 0.444885
Normal: -0 1 0
UV: 0.959379 0.477912

Position: 13.5185 9.8052 0.444885
Normal: -0 1 0
UV: 0.959379 0.356141

Position: 12.5 9.8052 7.13087
Normal: -0 0 -1
UV: 0.671101 0.439745

Position: 12.5752 10 7.13087
Normal: -0 0 -1
UV: 0.658603 0.439745

Position: 12.5 10 7.13087
Normal: -0 0 -1
UV: 0.658603 0.439745

Position: 15 9.8052 7.13087
Normal: -0 0 -1
UV: 0.671101 0.439745

Position: 15 10 7.13087
Normal: -0 0 -1
UV: 0.658603 0.439745

Position: 12.5 10 10
Normal: -0 1 0
UV: 0.64216 0.439816

Position: 12.5752 10 7.13087
Normal: -0 1 0
UV: 0.64216 0.439816

Position: 12.5752 10 10
Normal: -0 1 0
UV: 0.64216 0.439816

Position: 12.5 10 7.13087
Normal: -0 1 0
UV: 0.64216 0.439816

Position: 15 9.8052 7.13087
Normal: -0 1 -4.01402e-006
UV: 0.671101 0.439745

Position: 12.5 9.8052 7.13087
Normal: -0 1 -4.01402e-006
UV: 0.671101 0.439745

Position: 15 9.8052 6.83468
Normal: -0 1 -4.01402e-006
UV: 0.674934 0.439745

Position: 12.5 9.8052 6.83468
Normal: -0 1 0
UV: 0.674934 0.439745

Position: 9.99999 10 10
Normal: -0 1 0
UV: 0.507875 0.439745

Position: 9.99999 10 7.13087
Normal: -0 1 0
UV: 0.658603 0.439745

Position: 12.5 10 10
Normal: -0 1 0
UV: 0.507875 0.439745

Position: 12.5 10 7.13087
Normal: -0 1 0
UV: 0.658603 0.439745

Position: 9.99999 9.8052 7.13087
Normal: -0 0 -1
UV: 0.671101 0.439745

Position: 9.99999 10 7.13087
Normal: -0 0 -1
UV: 0.658603 0.439745

Position: 9.99998 9.8052 6.83468
Normal: -0 1 0
UV: 0.674934 0.439745

Position: 9.99999 9.8052 7.13087
Normal: -0 1 -1.13756e-006
UV: 0.671101 0.439745

Position: 9.99998 9.8052 6.83468
Normal: -0 1 0
UV: 0.949794 0.414931

Position: 11.4815 9.8052 0.444885
Normal: -0 1 0
UV: 0.949794 0.414931

Position: 12.5 9.8052 6.83468
Normal: -0 1 0
UV: 0.949794 0.414931

Position: 9.99998 12.094 10.9814
Normal: -0 0 1
UV: 0.391701 0.938801

Position: 15 12.094 10.9814
Normal: -0 0 1
UV: 0.391701 0.938801

Position: 15 9.63206 10.9814
Normal: -0 0 1
UV: 0.391701 0.938801

Position: 9.99998 9.63206 10.9814
Normal: -0 0 1
UV: 0.391701 0.938801

Position: 15 12.094 10.9814
Normal: -0 1 0
UV: 0.420769 0.934648

Position: 9.99998 12.094 10.9814
Normal: -0 1 0
UV: 0.420769 0.934648

Position: 9.99998 12.094 9.9998
Normal: -0 1 0
UV: 0.420769 0.934648

Position: 15 12.094 9.9998
Normal: -0 1 0
UV: 0.420769 0.934648

Position: 9.99998 10.5786 9.9998
Normal: -0 0 -1
UV: 0.391701 0.938801

Position: 15 10.5786 9.9998
Normal: -0 0 -1
UV: 0.391701 0.938801

Position: 15 12.094 9.9998
Normal: -0 0 -1
UV: 0.391701 0.938801

Position: 9.99998 12.094 9.9998
Normal: -0 0 -1
UV: 0.391701 0.938801

Position: 9.99998 9.3139 9.9998
Normal: -0 0 -1
UV: 0.32526 0.934648

Position: 15 9.3139 9.9998
Normal: -0 0 -1
UV: 0.32526 0.934648

Position: 15 10.5786 9.9998
Normal: -0 0 -1
UV: 0.32526 0.934648

Position: 9.99998 10.5786 9.9998
Normal: -0 0 -1
UV: 0.32526 0.934648

Position: 15 8.8529 10.9814
Normal: -0 -1 0.000158265
UV: 0.235863 0.93387

Position: 15 8.85117 -8.59702e-017
Normal: -0 -1 0.000158265
UV: 0.235863 0.93387

Position: 9.99998 8.8529 10.9814
Normal: -0 -1 0.000158265
UV: 0.235863 0.93387

Position: 9.99998 8.85117 -8.59702e-017
Normal: -0 -1 0.000158265
UV: 0.235863 0.93387

Position: 15 9.63206 10.9814
Normal: -0 0 1
UV: 0.3205 0.9359

Position: 9.99998 8.8529 10.9814
Normal: -0 0 1
UV: 0.3205 0.9359

Position: 9.99998 9.63206 10.9814
Normal: -0 0 1
UV: 0.3205 0.9359

Position: 15 8.8529 10.9814
Normal: -0 0 1
UV: 0.3205 0.9359

Position: 8.51846 9.8052 -8.5223e-017
Normal: -0 1 0
UV: 0.990737 0.477912

Position: 6.48153 9.8052 -8.17179e-017
Normal: -0 1 0
UV: 0.990737 0.356141

Position: 8.51846 9.8052 -0.444885
Normal: -0 1 0
UV: 0.959379 0.477912

Position: 6.48153 9.8052 -0.444885
Normal: -0 1 0
UV: 0.959379 0.356141

Position: 4.99999 9.8052 -4.29851e-017
Normal: -0 1 0
UV: 0.949794 0.414931

Position: 6.48153 9.8052 -0.444885
Normal: -0 1 0
UV: 0.949794 0.414931

Position: 6.48153 9.8052 -8.17179e-017
Normal: -0 1 0
UV: 0.949794 0.414931

Position: 8.51846 9.8052 -8.5223e-017
Normal: -0 1 0
UV: 0.949794 0.414931

Position: 8.51846 9.8052 -0.444885
Normal: -0 1 0
UV: 0.949794 0.414931

Position: 8.51846 9.8052 0.444885
Normal: -0 1 0
UV: 0.949794 0.414931

Position: 6.48153 9.8052 -8.17179e-017
Normal: -0 1 0
UV: 0.990737 0.477912

Position: 8.51846 9.8052 -8.5223e-017
Normal: -0 1 0
UV: 0.990737 0.356141

Position: 6.48153 9.8052 0.444885
Normal: -0 1 0
UV: 0.959379 0.477912

Position: 8.51846 9.8052 0.444885
Normal: -0 1 0
UV: 0.959379 0.356141

Position: 7.49999 9.8052 7.13087
Normal: -0 0 -1
UV: 0.671101 0.439745

Position: 7.57523 10 7.13087
Normal: -0 0 -1
UV: 0.658603 0.439745

Position: 7.49999 10 7.13087
Normal: -0 0 -1
UV: 0.658603 0.439745

Position: 7.49999 10 10
Normal: -0 1 0
UV: 0.64216 0.439816

Position: 7.57523 10 7.13087
Normal: -0 1 0
UV: 0.64216 0.439816

Position: 7.57523 10 10
Normal: -0 1 0
UV: 0.64216 0.439816

Position: 7.49999 10 7.13087
Normal: -0 1 0
UV: 0.64216 0.439816

Position: 7.49999 9.8052 7.13087
Normal: -0 1 -4.01402e-006
UV: 0.671101 0.439745

Position: 7.49999 9.8052 6.83468
Normal: -0 1 0
UV: 0.674934 0.439745

Position: 4.99999 10 10
Normal: -0 1 0
UV: 0.507875 0.439745

Position: 4.99999 10 7.13087
Normal: -0 1 0
UV: 0.658603 0.439745

Position: 7.49999 10 10
Normal: -0 1 0
UV: 0.507875 0.439745

Position: 7.49999 10 7.13087
Normal: -0 1 0
UV: 0.658603 0.439745

Position: 4.99999 9.8052 7.13087
Normal: -0 0 -1
UV: 0.671101 0.439745

Position: 4.99999 10 7.13087
Normal: -0 0 -1
UV: 0.658603 0.439745

Position: 4.99998 9.8052 6.83468
Normal: -0 1 0
UV: 0.674934 0.439745

Position: 4.99999 9.8052 7.13087
Normal: -0 1 -1.13756e-006
UV: 0.671101 0.439745

Position: 4.99998 9.8052 6.83468
Normal: -0 1 0
UV: 0.949794 0.414931

Position: 6.48153 9.8052 0.444885
Normal: -0 1 0
UV: 0.949794 0.414931

Position: 7.49999 9.8052 6.83468
Normal: -0 1 0
UV: 0.949794 0.414931

Position: 4.99998 12.094 10.9814
Normal: -0 0 1
UV: 0.391701 0.938801

Position: 4.99998 9.63206 10.9814
Normal: -0 0 1
UV: 0.391701 0.938801

Position: 4.99998 12.094 10.9814
Normal: -0 1 0
UV: 0.420769 0.934648

Position: 4.99998 12.094 9.9998
Normal: -0 1 0
UV: 0.420769 0.934648

Position: 4.99998 10.5786 9.9998
Normal: -0 0 -1
UV: 0.391701 0.938801

Position: 4.99998 12.094 9.9998
Normal: -0 0 -1
UV: 0.391701 0.938801

Position: 4.99998 9.3139 9.9998
Normal: -0 0 -1
UV: 0.32526 0.934648

Position: 4.99998 10.5786 9.9998
Normal: -0 0 -1
UV: 0.32526 0.934648

Position: 4.99998 8.8529 10.9814
Normal: -0 -1 0.000158265
UV: 0.235863 0.93387

Position: 4.99998 8.85117 -8.59702e-017
Normal: -0 -1 0.000158265
UV: 0.235863 0.93387

Position: 4.99998 8.8529 10.9814
Normal: -0 0 1
UV: 0.3205 0.9359

Position: 4.99998 9.63206 10.9814
Normal: -0 0 1
UV: 0.3205 0.9359

Position: -0 9.8052 0
Normal: -0 1 0
UV: 0.949794 0.414931

Position: -0 9.8052 -6.83468
Normal: -0 1 0
UV: 0.949794 0.414931

Position: 1.48153 9.8052 -0.444885
Normal: -0 1 0
UV: 0.949794 0.414931

Position: 3.51846 9.8052 -8.5223e-017
Normal: -0 1 0
UV: 0.990737 0.477912

Position: 1.48153 9.8052 -8.17179e-017
Normal: -0 1 0
UV: 0.990737 0.356141

Position: 3.51846 9.8052 -0.444885
Normal: -0 1 0
UV: 0.959379 0.477912

Position: 1.48153 9.8052 -0.444885
Normal: -0 1 0
UV: 0.959379 0.356141

Position: 2.49999 9.8052 -7.13087
Normal: -0 0 1
UV: 0.671101 0.439745

Position: 2.41417 10 -7.13087
Normal: -0 0 1
UV: 0.658603 0.439745

Position: 2.49999 10 -7.13087
Normal: -0 0 1
UV: 0.658603 0.439745

Position: -0 9.8052 -7.13087
Normal: -0 0 1
UV: 0.671101 0.439745

Position: -0 10 -7.13087
Normal: -0 0 1
UV: 0.658603 0.439745

Position: 2.49999 10 -10
Normal: -0 1 0
UV: 0.642275 0.439637

Position: 2.49999 10 -7.13087
Normal: -0 1 0
UV: 0.642275 0.439637

Position: 2.41417 10 -7.13087
Normal: -0 1 0
UV: 0.642275 0.439637

Position: 2.41417 10 -10
Normal: -0 1 0
UV: 0.642275 0.439637

Position: -0 9.8052 -7.13087
Normal: -0 1 0
UV: 0.671101 0.439745

Position: 2.49999 9.8052 -7.13087
Normal: -0 1 0
UV: 0.671101 0.439745

Position: -0 9.8052 -6.83468
Normal: -0 1 0
UV: 0.674934 0.439745

Position: 2.49999 9.8052 -6.83468
Normal: -0 1 0
UV: 0.674934 0.439745

Position: 2.49999 10 -10
Normal: -0 1 0
UV: 0.507875 0.439745

Position: 2.49999 10 -7.13087
Normal: -0 1 0
UV: 0.658603 0.439745

Position: 7.86911 9.8052 -7.13087
Normal: -0 0 1
UV: 0.671101 0.439745

Position: 7.86911 10 -7.13087
Normal: -0 0 1
UV: 0.658603 0.439745

Position: 3.51846 9.8052 -0.444885
Normal: -0 1 0
UV: 0.949794 0.414931

Position: 2.49999 9.8052 -6.83468
Normal: -0 1 0
UV: 0.949794 0.414931

Position: 2.41417 10 -10
Normal: -0 0 -1
UV: 0.661954 0.464964

Position: 2.49999 9.8052 -10
Normal: -0 0 -1
UV: 0.661207 0.459482

Position: 2.49999 10 -10
Normal: -0 0 -1
UV: 0.661207 0.464964

Position: -0 10 -10
Normal: -0 0 -1
UV: 0.6627 0.464964

Position: -0 9.8052 -10
Normal: -0 0 -1
UV: 0.6627 0.459482

Position: 4.99998 10 -10
Normal: -1.95831e-006 0 -1
UV: 0.661207 0.464964

Position: 2.49999 10 -10
Normal: -1.95831e-006 0 -1
UV: 0.6627 0.464964

Position: 4.99998 9.8052 -10
Normal: -1.95831e-006 0 -1
UV: 0.661207 0.459482

Position: 2.49999 9.8052 -10
Normal: -2.44789e-006 0 -1
UV: 0.6627 0.459482

Position: 1.48153 9.8052 -8.17179e-017
Normal: -0 1 0
UV: 0.949794 0.414931

Position: 3.51846 9.8052 -8.5223e-017
Normal: -0 1 0
UV: 0.949794 0.414931

Position: 3.51846 9.8052 0.444885
Normal: -0 1 0
UV: 0.949794 0.414931

Position: 1.48153 9.8052 -8.17179e-017
Normal: -0 1 0
UV: 0.990737 0.477912

Position: 3.51846 9.8052 -8.5223e-017
Normal: -0 1 0
UV: 0.990737 0.356141

Position: 1.48153 9.8052 0.444885
Normal: -0 1 0
UV: 0.959379 0.477912

Position: 3.51846 9.8052 0.444885
Normal: -0 1 0
UV: 0.959379 0.356141

Position: 2.49999 9.8052 7.13087
Normal: -0 0 -1
UV: 0.671101 0.439745

Position: 2.57523 10 7.13087
Normal: -0 0 -1
UV: 0.658603 0.439745

Position: 2.49999 10 7.13087
Normal: -0 0 -1
UV: 0.658603 0.439745

Position: 2.49999 10 10
Normal: -0 1 0
UV: 0.64216 0.439816

Position: 2.57523 10 7.13087
Normal: -0 1 0
UV: 0.64216 0.439816

Position: 2.57523 10 10
Normal: -0 1 0
UV: 0.64216 0.439816

Position: 2.49999 10 7.13087
Normal: -0 1 0
UV: 0.64216 0.439816

Position: 2.49999 9.8052 7.13087
Normal: -0 1 -4.01402e-006
UV: 0.671101 0.439745

Position: 2.49999 9.8052 6.83468
Normal: -0 1 0
UV: 0.674934 0.439745

Position: -0 10 10
Normal: -0 1 0
UV: 0.507875 0.439745

Position: -0 10 7.13087
Normal: -0 1 0
UV: 0.658603 0.439745

Position: 2.49999 10 10
Normal: -0 1 0
UV: 0.507875 0.439745

Position: 2.49999 10 7.13087
Normal: -0 1 0
UV: 0.658603 0.439745

Position: -0 9.8052 7.13087
Normal: -0 0 -1
UV: 0.671101 0.439745

Position: -0 10 7.13087
Normal: -0 0 -1
UV: 0.658603 0.439745

Position: -7.62939e-006 9.8052 6.83468
Normal: -0 1 0
UV: 0.674934 0.439745

Position: -0 9.8052 7.13087
Normal: -0 1 4.01404e-006
UV: 0.671101 0.439745

Position: -7.62939e-006 9.8052 6.83468
Normal: -0 1 0
UV: 0.949794 0.414931

Position: 1.48153 9.8052 0.444885
Normal: -0 1 0
UV: 0.949794 0.414931

Position: 2.49999 9.8052 6.83468
Normal: -0 1 0
UV: 0.949794 0.414931

Position: -1.52588e-005 12.094 10.9814
Normal: -0 0 1
UV: 0.391701 0.938801

Position: -1.52588e-005 9.63206 10.9814
Normal: -0 0 1
UV: 0.391701 0.938801

Position: -1.52588e-005 12.094 10.9814
Normal: -0 1 0
UV: 0.420769 0.934648

Position: -1.52588e-005 12.094 9.9998
Normal: -0 1 0
UV: 0.420769 0.934648

Position: -1.52588e-005 10.5786 9.9998
Normal: -0 0 -1
UV: 0.391701 0.938801

Position: -1.52588e-005 12.094 9.9998
Normal: -0 0 -1
UV: 0.391701 0.938801

Position: -1.52588e-005 9.3139 9.9998
Normal: -0 0 -1
UV: 0.32526 0.934648

Position: -1.52588e-005 10.5786 9.9998
Normal: -0 0 -1
UV: 0.32526 0.934648

Position: 4.99998 8.8529 10.9814
Normal: 0.000173759 -1 7.91326e-005
UV: 0.235863 0.93387

Position: 4.99998 8.85117 -8.59702e-017
Normal: 0.000173759 -1 7.91326e-005
UV: 0.235863 0.93387

Position: -1.52588e-005 8.85117 10.9814
Normal: 0.000173759 -1 7.91326e-005
UV: 0.235863 0.93387

Position: -1.52588e-005 8.85117 -8.59702e-017
Normal: 0.000173759 -1 7.91326e-005
UV: 0.235863 0.93387

Position: -1.52588e-005 9.63206 10.9814
Normal: -3.39084e-008 0 1
UV: 0.3205 0.9359

Position: -1.52588e-005 8.85117 10.9814
Normal: -3.39084e-008 0 1
UV: 0.3205 0.9359

Position: -1.52588e-005 9.63206 -10.9814
Normal: -0 0 -1
UV: 0.391701 0.938801

Position: 4.01857 9.63206 -10.9814
Normal: -0 0 -1
UV: 0.391701 0.938801

Position: -1.52588e-005 12.094 -10.9814
Normal: -0 0 -1
UV: 0.391701 0.938801

Position: 4.01857 12.094 -10.9814
Normal: -0 0 -1
UV: 0.391701 0.938801

Position: -1.52588e-005 12.094 -9.9998
Normal: -0 1 0
UV: 0.420769 0.934648

Position: -1.52588e-005 12.094 -10.9814
Normal: -0 1 0
UV: 0.420769 0.934648

Position: 5.00008 10.5786 -9.9999
Normal: 1.97605e-005 0 1
UV: 0.391701 0.938801

Position: -1.52588e-005 10.5786 -9.9998
Normal: 1.97605e-005 0 1
UV: 0.391701 0.938801

Position: 5.00008 12.094 -9.9999
Normal: 1.97605e-005 0 1
UV: 0.391701 0.938801

Position: -1.52588e-005 12.094 -9.9998
Normal: 1.97605e-005 0 1
UV: 0.391701 0.938801

Position: 5.00008 9.3139 -9.9999
Normal: 1.97559e-005 0 1
UV: 0.32526 0.934648

Position: -1.52588e-005 9.3139 -9.9998
Normal: 1.97559e-005 0 1
UV: 0.32526 0.934648

Position: 5.00008 10.5786 -9.9999
Normal: 1.97559e-005 0 1
UV: 0.32526 0.934648

Position: -1.52588e-005 10.5786 -9.9998
Normal: 1.97559e-005 0 1
UV: 0.32526 0.934648

Position: -1.52588e-005 8.85117 -8.59702e-017
Normal: 0.000192668 -1 -8.77439e-005
UV: 0.235863 0.93387

Position: 4.01857 8.8529 -10.9814
Normal: 0.000192668 -1 -8.77439e-005
UV: 0.235863 0.93387

Position: -1.52588e-005 8.85117 -10.9814
Normal: 0.000192668 -1 -8.77439e-005
UV: 0.235863 0.93387

Position: 4.99998 8.85117 -8.59702e-017
Normal: 0.000192668 -1 -8.77439e-005
UV: 0.235863 0.93387

Position: 4.01857 8.8529 -10.9814
Normal: -0 0 -1
UV: 0.3205 0.9359

Position: -1.52588e-005 9.63206 -10.9814
Normal: -0 0 -1
UV: 0.3205 0.9359

Position: -1.52588e-005 8.85117 -10.9814
Normal: -0 0 -1
UV: 0.3205 0.9359

Position: 4.01857 9.63206 -10.9814
Normal: -0 0 -1
UV: 0.3205 0.9359

Position: 15 9.8052 -3.51847
Normal: -0 1 0
UV: 0.990737 0.477912

Position: 15 9.8052 -1.48154
Normal: -0 1 0
UV: 0.990737 0.356141

Position: 14.5551 9.8052 -3.51847
Normal: -0 1 0
UV: 0.959379 0.477912

Position: 14.5551 9.8052 -1.48154
Normal: -0 1 0
UV: 0.959379 0.356141

Position: 14.5551 9.8052 -1.48154
Normal: -0 1 0
UV: 0.949794 0.414931

Position: 15 9.8052 -1.48154
Normal: -0 1 0
UV: 0.949794 0.414931

Position: 15 9.8052 -5.00001
Normal: -0 1 0
UV: 0.949794 0.414931

Position: 15 9.8052 -3.51847
Normal: -0 1 0
UV: 0.949794 0.414931

Position: 14.5551 9.8052 -3.51847
Normal: -0 1 0
UV: 0.949794 0.414931

Position: 21.8347 9.8052 -5
Normal: -0 1 -9.41825e-008
UV: 0.949794 0.414931

Position: 15.4449 9.8052 -3.51847
Normal: -0 1 -9.41825e-008
UV: 0.949794 0.414931

Position: 15 9.8052 -1.48154
Normal: -0 1 0
UV: 0.990737 0.477912

Position: 15 9.8052 -3.51847
Normal: -0 1 0
UV: 0.990737 0.356141

Position: 15.4449 9.8052 -1.48154
Normal: -0 1 0
UV: 0.959379 0.477912

Position: 15.4449 9.8052 -3.51847
Normal: -0 1 0
UV: 0.959379 0.356141

Position: 22.1309 9.8052 -2.50001
Normal: -1 0 0
UV: 0.671101 0.439745

Position: 22.1309 9.8052 -5.00001
Normal: -1 0 0
UV: 0.671101 0.439745

Position: 22.1309 10 -2.50001
Normal: -1 0 0
UV: 0.658603 0.439745

Position: 22.1309 10 -5.00001
Normal: -1 0 0
UV: 0.658603 0.439745

Position: 22.1309 10 -2.50001
Normal: -0 1 0
UV: 0.658603 0.439745

Position: 25 10 -5.00001
Normal: -0 1 0
UV: 0.507875 0.439745

Position: 25 10 -2.50001
Normal: -0 1 0
UV: 0.507875 0.439745

Position: 22.1309 10 -5.00001
Normal: -0 1 0
UV: 0.658603 0.439745

Position: 22.1309 9.8052 -5.00001
Normal: -0 1 0
UV: 0.671101 0.439745

Position: 22.1309 9.8052 -2.50001
Normal: -0 1 0
UV: 0.671101 0.439745

Position: 21.8347 9.8052 -5
Normal: -0 1 0
UV: 0.674934 0.439745

Position: 21.8347 9.8052 -2.50001
Normal: -0 1 0
UV: 0.674934 0.439745

Position: 25 10 -7.62939e-006
Normal: -0 1 0
UV: 0.507875 0.439745

Position: 22.1309 10 -7.62939e-006
Normal: -0 1 0
UV: 0.658603 0.439745

Position: 22.1309 10 -2.42076
Normal: -0 1 0
UV: 0.658603 0.439745

Position: 25 10 -2.42076
Normal: -0 1 0
UV: 0.507875 0.439745

Position: 22.1309 9.8052 -7.62939e-006
Normal: -1 0 0
UV: 0.671101 0.439745

Position: 22.1309 10 -2.42076
Normal: -1 0 0
UV: 0.658603 0.439745

Position: 22.1309 10 -7.62939e-006
Normal: -1 0 0
UV: 0.658603 0.439745

Position: 21.8347 9.8052 -3.8147e-006
Normal: -0 1 0
UV: 0.674934 0.439745

Position: 22.1309 9.8052 -7.62939e-006
Normal: -0 1 0
UV: 0.671101 0.439745

Position: 21.8347 9.8052 -3.8147e-006
Normal: -0 1 0
UV: 0.949794 0.414931

Position: 15.4449 9.8052 -1.48154
Normal: -0 1 0
UV: 0.949794 0.414931

Position: 21.8347 9.8052 -2.50001
Normal: -0 1 0
UV: 0.949794 0.414931

Position: 25.9814 12.094 2.35239e-015
Normal: 1 0 0
UV: 0.391701 0.938801

Position: 25.9814 9.63206 -5
Normal: 1 0 0
UV: 0.391701 0.938801

Position: 25.9814 9.63206 2.35239e-015
Normal: 1 0 0
UV: 0.391701 0.938801

Position: 25.9814 12.094 -5
Normal: 1 0 0
UV: 0.391701 0.938801

Position: 24.9998 12.094 2.13443e-015
Normal: -0 1 0
UV: 0.420769 0.934648

Position: 25.9814 12.094 -5
Normal: -0 1 0
UV: 0.420769 0.934648

Position: 25.9814 12.094 2.35239e-015
Normal: -0 1 0
UV: 0.420769 0.934648

Position: 24.9998 12.094 -5
Normal: -0 1 0
UV: 0.420769 0.934648

Position: 24.9998 10.5786 2.13443e-015
Normal: -1 0 0
UV: 0.391701 0.938801

Position: 24.9998 12.094 -5
Normal: -1 0 0
UV: 0.391701 0.938801

Position: 24.9998 12.094 2.13443e-015
Normal: -1 0 0
UV: 0.391701 0.938801

Position: 24.9998 10.5786 -5
Normal: -1 0 0
UV: 0.391701 0.938801

Position: 24.9998 9.3139 2.13443e-015
Normal: -1 0 0
UV: 0.32526 0.934648

Position: 24.9998 10.5786 -5
Normal: -1 0 0
UV: 0.32526 0.934648

Position: 24.9998 10.5786 2.13443e-015
Normal: -1 0 0
UV: 0.32526 0.934648

Position: 24.9998 9.3139 -5
Normal: -1 0 0
UV: 0.32526 0.934648

Position: 15 8.85117 -8.59702e-017
Normal: 0.00015823 -1 0
UV: 0.235863 0.93387

Position: 25.9814 8.8529 -5
Normal: 0.00015823 -1 0
UV: 0.235863 0.93387

Position: 15 8.85117 -5
Normal: 0.00015823 -1 0
UV: 0.235863 0.93387

Position: 25.9814 8.8529 2.35239e-015
Normal: 0.00015823 -1 0
UV: 0.235863 0.93387

Position: 25.9814 9.63206 2.35239e-015
Normal: 1 0 0
UV: 0.3205 0.9359

Position: 25.9814 9.63206 -5
Normal: 1 0 0
UV: 0.3205 0.9359

Position: 25.9814 8.8529 2.35239e-015
Normal: 1 0 0
UV: 0.3205 0.9359

Position: 25.9814 8.8529 -5
Normal: 1 0 0
UV: 0.3205 0.9359

Position: 15 9.8052 -8.51847
Normal: -0 1 0
UV: 0.990737 0.477912

Position: 15 9.8052 -6.48154
Normal: -0 1 0
UV: 0.990737 0.356141

Position: 14.5551 9.8052 -8.51847
Normal: -0 1 0
UV: 0.959379 0.477912

Position: 14.5551 9.8052 -6.48154
Normal: -0 1 0
UV: 0.959379 0.356141

Position: 14.5551 9.8052 -6.48154
Normal: -0 1 0
UV: 0.949794 0.414931

Position: 15 9.8052 -6.48154
Normal: -0 1 0
UV: 0.949794 0.414931

Position: 15 9.8052 -8.51847
Normal: -0 1 0
UV: 0.949794 0.414931

Position: 14.5551 9.8052 -8.51847
Normal: -0 1 0
UV: 0.949794 0.414931

Position: 15.4449 9.8052 -8.51847
Normal: -0 1 -9.41825e-008
UV: 0.949794 0.414931

Position: 15 9.8052 -6.48154
Normal: -0 1 0
UV: 0.990737 0.477912

Position: 15 9.8052 -8.51847
Normal: -0 1 0
UV: 0.990737 0.356141

Position: 15.4449 9.8052 -6.48154
Normal: -0 1 0
UV: 0.959379 0.477912

Position: 15.4449 9.8052 -8.51847
Normal: -0 1 0
UV: 0.959379 0.356141

Position: 22.1309 9.8052 -7.50001
Normal: -1 0 0
UV: 0.671101 0.439745

Position: 22.1309 10 -7.50001
Normal: -1 0 0
UV: 0.658603 0.439745

Position: 22.1309 10 -7.50001
Normal: -0 1 0
UV: 0.658603 0.439745

Position: 25 10 -7.50001
Normal: -0 1 0
UV: 0.507875 0.439745

Position: 22.1309 9.8052 -7.50001
Normal: -0 1 0
UV: 0.671101 0.439745

Position: 21.8347 9.8052 -7.50001
Normal: -0 1 0
UV: 0.674934 0.439745

Position: 22.1309 10 -7.42076
Normal: -0 1 0
UV: 0.658603 0.439745

Position: 25 10 -7.42076
Normal: -0 1 0
UV: 0.507875 0.439745

Position: 22.1309 10 -7.42076
Normal: -1 0 0
UV: 0.658603 0.439745

Position: 15.4449 9.8052 -6.48154
Normal: -0 1 0
UV: 0.949794 0.414931

Position: 21.8347 9.8052 -7.50001
Normal: -0 1 0
UV: 0.949794 0.414931

Position: 15 8.85117 -10
Normal: 0.00015823 -1 0
UV: 0.235863 0.93387

Position: 25.9814 8.8529 -10
Normal: 0.00015823 -1 0
UV: 0.235863 0.93387

Position: 22.1309 9.8052 2.49999
Normal: -1 0 0
UV: 0.671101 0.439745

Position: 22.1309 10 2.49999
Normal: -1 0 0
UV: 0.658603 0.439745

Position: 22.1309 10 2.49999
Normal: -0 1 0
UV: 0.658603 0.439745

Position: 25 10 2.49999
Normal: -0 1 0
UV: 0.507875 0.439745

Position: 22.1309 9.8052 2.49999
Normal: -0 1 0
UV: 0.671101 0.439745

Position: 21.8347 9.8052 2.49999
Normal: -0 1 0
UV: 0.674934 0.439745

Position: 25 10 4.99999
Normal: -0 1 0
UV: 0.507875 0.439745

Position: 22.1309 10 4.99999
Normal: -0 1 0
UV: 0.658603 0.439745

Position: 22.1309 10 2.57924
Normal: -0 1 0
UV: 0.658603 0.439745

Position: 25 10 2.57924
Normal: -0 1 0
UV: 0.507875 0.439745

Position: 22.1309 9.8052 4.99999
Normal: -1 0 0
UV: 0.671101 0.439745

Position: 22.1309 10 2.57924
Normal: -1 0 0
UV: 0.658603 0.439745

Position: 22.1309 10 4.99999
Normal: -1 0 0
UV: 0.658603 0.439745

Position: 21.8347 9.8052 5
Normal: -0 1 0
UV: 0.674934 0.439745

Position: 22.1309 9.8052 4.99999
Normal: -0 1 0
UV: 0.671101 0.439745

Position: 25.9814 12.094 5
Normal: 1 0 0
UV: 0.391701 0.938801

Position: 25.9814 9.63206 5
Normal: 1 0 0
UV: 0.391701 0.938801

Position: 24.9998 12.094 5
Normal: -0 1 0
UV: 0.420769 0.934648

Position: 25.9814 12.094 5
Normal: -0 1 0
UV: 0.420769 0.934648

Position: 24.9998 10.5786 5
Normal: -1 0 0
UV: 0.391701 0.938801

Position: 24.9998 12.094 5
Normal: -1 0 0
UV: 0.391701 0.938801

Position: 24.9998 9.3139 5
Normal: -1 0 0
UV: 0.32526 0.934648

Position: 24.9998 10.5786 5
Normal: -1 0 0
UV: 0.32526 0.934648

Position: 25.9814 9.63206 5
Normal: 1 0 0
UV: 0.3205 0.9359

Position: 25.9814 8.8529 5
Normal: 1 0 0
UV: 0.3205 0.9359

Position: 17.5 9.8052 7.13087
Normal: -0 0 -1
UV: 0.671101 0.439745

Position: 17.5752 10 7.13087
Normal: -0 0 -1
UV: 0.658603 0.439745

Position: 17.5 10 7.13087
Normal: -0 0 -1
UV: 0.658603 0.439745

Position: 20 9.8052 7.13087
Normal: -0 0 -1
UV: 0.671101 0.439745

Position: 20 10 7.13087
Normal: -0 0 -1
UV: 0.658603 0.439745

Position: 17.5 10 10
Normal: -0 1 0
UV: 0.642159 0.439816

Position: 17.5752 10 7.13087
Normal: -0 1 0
UV: 0.642159 0.439816

Position: 17.5752 10 10
Normal: -0 1 0
UV: 0.642159 0.439816

Position: 17.5 10 7.13087
Normal: -0 1 0
UV: 0.642159 0.439816

Position: 20 9.8052 7.13087
Normal: -0 1 -4.01402e-006
UV: 0.671101 0.439745

Position: 17.5 9.8052 7.13087
Normal: -0 1 -4.01402e-006
UV: 0.671101 0.439745

Position: 20 9.8052 6.83468
Normal: -0 1 -4.01402e-006
UV: 0.674934 0.439745

Position: 17.5 9.8052 6.83468
Normal: -0 1 0
UV: 0.674934 0.439745

Position: 15 10 10
Normal: -0 1 0
UV: 0.507875 0.439745

Position: 15 10 7.13087
Normal: -0 1 0
UV: 0.658603 0.439745

Position: 17.5 10 10
Normal: -0 1 0
UV: 0.507875 0.439745

Position: 17.5 10 7.13087
Normal: -0 1 0
UV: 0.658603 0.439745

Position: 20 12.094 10.9814
Normal: -0 0 1
UV: 0.391701 0.938801

Position: 20 9.63206 10.9814
Normal: -0 0 1
UV: 0.391701 0.938801

Position: 20 12.094 10.9814
Normal: -0 1 0
UV: 0.420769 0.934648

Position: 20 12.094 9.9998
Normal: -0 1 0
UV: 0.420769 0.934648

Position: 20 10.5786 9.9998
Normal: -0 0 -1
UV: 0.391701 0.938801

Position: 20 12.094 9.9998
Normal: -0 0 -1
UV: 0.391701 0.938801

Position: 20 9.3139 9.9998
Normal: -0 0 -1
UV: 0.32526 0.934648

Position: 20 10.5786 9.9998
Normal: -0 0 -1
UV: 0.32526 0.934648

Position: 20 9.63206 10.9814
Normal: -0 0 1
UV: 0.3205 0.9359

Position: 20 8.8529 10.9814
Normal: -0 0 1
UV: 0.3205 0.9359

Position: 22.1309 9.8052 6.15126
Normal: -1 0 0
UV: 0.671101 0.439745

Position: 22.1309 10 6.15126
Normal: -1 0 0
UV: 0.658603 0.439745

Position: 22.1309 10 6.15126
Normal: -0 1 0
UV: 0.658603 0.439745

Position: 25 10 6.15126
Normal: -0 1 0
UV: 0.507875 0.439745

Position: 22.1309 9.8052 6.15126
Normal: -0 1 0
UV: 0.671101 0.439745

Position: 21.8347 9.8052 6.15126
Normal: -0 1 0
UV: 0.674934 0.439745

Position: 25 10 10
Normal: -0 1 0
UV: 0.507875 0.439745

Position: 22.1309 10 7.13087
Normal: -0 1 0
UV: 0.658603 0.439745

Position: 22.1309 9.8052 7.13087
Normal: -1 0 0
UV: 0.671101 0.439745

Position: 22.1309 10 7.13087
Normal: -1 0 0
UV: 0.658603 0.439745

Position: 21.8347 9.8052 6.83468
Normal: -0 1 0
UV: 0.674934 0.439745

Position: 22.1309 9.8052 7.13087
Normal: -0 1 0
UV: 0.671101 0.439745

Position: 25.9814 12.094 10.9814
Normal: 1 0 0
UV: 0.391701 0.938801

Position: 25.9814 9.63206 10.9814
Normal: 1 0 0
UV: 0.391701 0.938801

Position: 25.9814 12.094 10.9814
Normal: -0 1 -1.76954e-007
UV: 0.420769 0.934648

Position: 24.9999 12.094 9.9999
Normal: -0 1 -1.76954e-007
UV: 0.420769 0.934648

Position: 24.9999 10.5786 9.9999
Normal: -1 0 1.98368e-005
UV: 0.391701 0.938801

Position: 24.9999 12.094 9.9999
Normal: -1 0 1.98368e-005
UV: 0.391701 0.938801

Position: 24.9999 9.3139 9.9999
Normal: -1 0 1.98368e-005
UV: 0.32526 0.934648

Position: 24.9999 10.5786 9.9999
Normal: -1 0 1.98368e-005
UV: 0.32526 0.934648

Position: 25.9814 9.63206 10.9814
Normal: 1 0 0
UV: 0.3205 0.9359

Position: 25.9814 8.8529 10.9814
Normal: 1 0 0
UV: 0.3205 0.9359

Position: 21.4127 9.8052 7.13087
Normal: -6.81751e-006 0 -1
UV: 0.671101 0.439745

Position: 22.1309 9.8052 7.13087
Normal: -6.81752e-006 0 -1
UV: 0.671101 0.439745

Position: 21.4127 10 7.13087
Normal: -6.81752e-006 0 -1
UV: 0.658603 0.439745

Position: 22.1309 10 7.13087
Normal: -5.11317e-006 0 -1
UV: 0.658603 0.439745

Position: 21.4127 10 10
Normal: -0 1 0
UV: 0.507875 0.439745

Position: 21.4127 10 7.13087
Normal: -0 1 0
UV: 0.658603 0.439745

Position: 21.4127 9.8052 7.13087
Normal: -0 1 0
UV: 0.671101 0.439745

Position: 21.4127 9.8052 6.83468
Normal: -0 1 0
UV: 0.674934 0.439745

Position: 20 10 10
Normal: -0 1 0
UV: 0.507875 0.439745

Position: 20 10 7.13087
Normal: -0 1 0
UV: 0.658603 0.439745

Position: 25.9814 12.094 10.9814
Normal: -0 0 1
UV: 0.391701 0.938801

Position: 25.9814 9.63206 10.9814
Normal: -0 0 1
UV: 0.391701 0.938801

Position: 24.9999 10.5786 9.9999
Normal: 2.05165e-005 0 -1
UV: 0.391701 0.938801

Position: 24.9999 12.094 9.9999
Normal: 2.05165e-005 0 -1
UV: 0.391701 0.938801

Position: 24.9999 9.3139 9.9999
Normal: 2.06615e-005 0 -1
UV: 0.32526 0.934648

Position: 24.9999 10.5786 9.9999
Normal: 2.06615e-005 0 -1
UV: 0.32526 0.934648

Position: 25.9814 9.63206 10.9814
Normal: -0 0 1
UV: 0.3205 0.9359

Position: 25.9814 8.8529 10.9814
Normal: -0 0 1
UV: 0.3205 0.9359

Position: 15 9.8052 -5.72205e-006
Normal: -0 1 -4.77549e-007
UV: 0.938066 0.399017

Position: 13.5185 9.8052 -0.444885
Normal: -0 1 -4.77549e-007
UV: 0.938066 0.399017

Position: 14.5551 9.8052 -1.48154
Normal: -0 1 -4.77549e-007
UV: 0.938066 0.399017

Position: 9.99999 9.8052 -4.29851e-017
Normal: -0 1 0
UV: 0.944719 0.36797

Position: 8.51846 9.8052 -0.444885
Normal: -0 1 0
UV: 0.944719 0.36797

Position: 11.4815 9.8052 -0.444885
Normal: -0 1 0
UV: 0.944719 0.36797

Position: 6.48153 9.8052 -0.444885
Normal: -0 1 0
UV: 0.938066 0.399017

Position: 4.99999 9.8052 -4.29851e-017
Normal: -0 1 0
UV: 0.938066 0.399017

Position: 8.16531 9.8052 -6.83468
Normal: -0 1 0
UV: 0.938066 0.399017

Position: 8.51846 9.8052 -0.444885
Normal: -0 1 7.3272e-008
UV: 0.938066 0.399017

Position: 15 9.8052 -10
Normal: -0 1 0
UV: 0.938066 0.399017

Position: 14.5551 9.8052 -8.51847
Normal: -0 1 0
UV: 0.938066 0.399017

Position: 14.5551 9.8052 -6.48154
Normal: -0 1 0
UV: 0.944719 0.36797

Position: 15 9.8052 -5.00001
Normal: -0 1 0
UV: 0.944719 0.36797

Position: 14.5551 9.8052 -3.51847
Normal: -0 1 0
UV: 0.944719 0.36797

Position: 14.5551 9.8052 -3.51847
Normal: -0 1 0
UV: 0.938066 0.399017

Position: 11.4815 9.8052 -0.444885
Normal: -0 1 -6.09312e-007
UV: 0.938066 0.399017

Position: 14.5551 9.8052 -6.48154
Normal: -0 1 0
UV: 0.938066 0.399017

Position: 17.5 9.8052 6.83468
Normal: -0 1 0
UV: 0.938066 0.399017

Position: 15 9.8052 6.83468
Normal: -0 1 0
UV: 0.938066 0.399017

Position: 20 9.8052 6.83468
Normal: -0 1 0
UV: 0.938066 0.399017

Position: 21.8347 9.8052 6.15126
Normal: -0 1 0
UV: 0.938066 0.399017

Position: 21.8347 9.8052 6.83468
Normal: -0 1 0
UV: 0.938066 0.399017

Position: 21.4127 9.8052 6.83468
Normal: -0 1 0
UV: 0.938066 0.399017

Position: 21.8347 9.8052 5
Normal: -0 1 0
UV: 0.938066 0.399017

Position: 21.8347 9.8052 2.49999
Normal: -0 1 0
UV: 0.938066 0.399017

Position: 21.8347 9.8052 -3.8147e-006
Normal: -0 1 -2.97445e-007
UV: 0.938066 0.399017

Position: 15 8.85117 -10
Normal: -0.00015823 -1 0
UV: 0.24509 0.940252

Position: 4.01857 8.8529 -10.9814
Normal: -0.00015823 -1 0
UV: 0.24509 0.940252

Position: 15 8.85117 -5
Normal: -0.00015823 -1 0
UV: 0.24509 0.940252

Position: 9.99998 8.85117 -8.59702e-017
Normal: -7.91152e-005 -1 -7.91326e-005
UV: 0.24509 0.940252

Position: 15 8.85117 -8.59702e-017
Normal: -7.91152e-005 -1 -7.91326e-005
UV: 0.24509 0.940252

Position: 4.99998 8.85117 -8.59702e-017
Normal: -0 -1 -0.000158161
UV: 0.24509 0.940252

Position: 4.01857 8.8529 -10.9814
Normal: -0 -1 -0.000158161
UV: 0.24509 0.940252

Position: 25.9814 8.8529 5
Normal: 0.000158231 -1 0
UV: 0.24509 0.940252

Position: 25.9814 8.8529 2.35239e-015
Normal: 0.00015823 -1 0
UV: 0.24509 0.940252

Position: 15 8.85117 -8.59702e-017
Normal: 0.00015823 -1 0
UV: 0.24509 0.940252

Position: 25.9814 8.8529 10.9814
Normal: -0 -1 0
UV: 0.24509 0.940252

Position: 25.9814 8.8529 5
Normal: -0 -1 0
UV: 0.24509 0.940252

Position: 20 8.8529 10.9814
Normal: -0 -1 0
UV: 0.24509 0.940252

Position: 15 8.8529 10.9814
Normal: -0 -1 0.000158265
UV: 0.24509 0.940252

Position: 20 8.8529 10.9814
Normal: -0 -1 0.000158265
UV: 0.24509 0.940252

Position: 15 8.85117 -8.59702e-017
Normal: -0 -1 0.000158265
UV: 0.24509 0.940252

Position: 20 8.8529 10.9814
Normal: 0.000108726 -1 0.000108784
UV: 0.24509 0.940252

Position: 25.9814 8.8529 5
Normal: 0.000108726 -1 0.000108784
UV: 0.24509 0.940252

Position: 15 8.85117 -8.59702e-017
Normal: 0.000108726 -1 0.000108784
UV: 0.24509 0.940252

Position: 2.57523 10 10
Normal: -0 1 0
UV: 0.507875 0.439745

Position: 2.57523 10 7.13087
Normal: -0 1 0
UV: 0.658603 0.439745

Position: 7.57523 10 10
Normal: -0 1 0
UV: 0.507875 0.439745

Position: 7.57523 10 7.13087
Normal: -0 1 0
UV: 0.658603 0.439745

Position: 12.5752 10 10
Normal: -0 1 0
UV: 0.507875 0.439745

Position: 12.5752 10 7.13087
Normal: -0 1 0
UV: 0.658603 0.439745

Position: 17.5752 10 10
Normal: -0 1 0
UV: 0.507875 0.439745

Position: 17.5752 10 7.13087
Normal: -0 1 0
UV: 0.658603 0.439745

Position: 4.99998 10 -12.5812
Normal: -0 1 0
UV: 0.507875 0.439745

Position: 4.99998 10 -15
Normal: -0 1 0
UV: 0.507875 0.439745

Position: 7.86911 10 -12.5812
Normal: -0 1 0
UV: 0.658603 0.439745

Position: 7.86911 10 -15
Normal: -0 1 0
UV: 0.658603 0.439745

Position: 2.41417 10 -7.13087
Normal: -0 1 0
UV: 0.658603 0.439745

Position: -0 10 -7.13087
Normal: -0 1 0
UV: 0.658603 0.439745

Position: -0 10 -10
Normal: -0 1 0
UV: 0.507875 0.439745

Position: 2.41417 10 -10
Normal: -0 1 0
UV: 0.507875 0.439745

Position: 22.1309 10 2.57924
Normal: -0 1 0
UV: 0.642166 0.439719

Position: 25 10 2.49999
Normal: -0 1 0
UV: 0.642166 0.439719

Position: 25 10 2.57924
Normal: -0 1 0
UV: 0.642166 0.439719

Position: 22.1309 10 2.49999
Normal: -0 1 0
UV: 0.642166 0.439719

Position: 22.1309 10 -2.42076
Normal: -0 1 0
UV: 0.642166 0.439719

Position: 25 10 -2.50001
Normal: -0 1 0
UV: 0.642166 0.439719

Position: 25 10 -2.42076
Normal: -0 1 0
UV: 0.642166 0.439719

Position: 22.1309 10 -2.50001
Normal: -0 1 0
UV: 0.642166 0.439719

Position: 22.1309 10 -7.42076
Normal: -0 1 0
UV: 0.642166 0.439719

Position: 25 10 -7.50001
Normal: -0 1 0
UV: 0.642166 0.439719

Position: 25 10 -7.42076
Normal: -0 1 0
UV: 0.642166 0.439719

Position: 22.1309 10 -7.50001
Normal: -0 1 0
UV: 0.642166 0.439719

Position: 22.1309 10 -12.4208
Normal: -0 1 0
UV: 0.642166 0.439719

Position: 25 10 -12.5
Normal: -0 1 0
UV: 0.642166 0.439719

Position: 25 10 -12.4208
Normal: -0 1 0
UV: 0.642166 0.439719

Position: 22.1309 10 -12.5
Normal: -0 1 0
UV: 0.642166 0.439719


[INDEX_DATA]
0 2 1
3 5 4
5 6 4
7 9 8
9 10 8
11 13 12
13 14 12
15 17 16
17 18 16
19 21 20
22 20 21
7 24 23
23 9 7
24 25 23
18 26 16
26 27 16
28 30 29
31 33 32
33 34 32
35 37 36
38 36 37
36 39 35
2 29 30
2 30 1
0 40 2
41 29 42
41 28 29
41 44 43
45 47 46
47 48 46
49 51 50
51 52 50
53 55 54
54 56 53
57 59 58
59 60 58
61 63 62
61 64 63
65 67 66
66 49 65
66 51 49
60 68 58
68 69 58
70 72 71
44 71 72
44 72 43
41 42 44
0 71 40
0 70 71
73 75 74
74 76 73
77 79 78
78 80 77
81 83 82
82 84 81
85 87 86
86 88 85
89 91 90
90 92 89
93 95 94
94 96 93
97 99 98
97 100 99
101 103 102
102 104 101
105 107 106
107 108 106
109 111 110
111 112 110
113 115 114
113 116 115
117 119 118
118 120 117
121 123 122
123 124 122
125 127 126
128 130 129
128 132 131
133 135 134
135 136 134
137 139 138
138 140 137
140 138 141
142 144 143
143 145 142
146 148 147
148 149 147
150 152 151
152 153 151
154 155 137
155 139 137
149 156 147
156 157 147
158 160 159
132 159 160
132 160 131
128 129 132
125 159 127
125 158 159
161 163 162
161 164 163
165 167 166
165 168 167
169 171 170
169 172 171
173 175 174
173 176 175
177 179 178
179 180 178
181 183 182
182 184 181
185 187 186
187 188 186
189 191 190
125 193 192
125 194 158
195 197 196
197 198 196
199 201 200
200 154 199
154 200 155
202 204 203
203 205 202
157 156 206
156 207 206
208 210 209
210 211 209
212 213 199
213 201 199
207 214 206
214 215 206
216 218 217
194 217 218
194 218 158
125 192 194
189 217 191
189 216 217
219 164 161
219 220 164
166 222 221
166 167 222
223 172 169
223 224 172
225 176 173
225 226 176
179 227 180
227 228 180
183 230 229
229 182 183
231 233 232
234 236 235
236 237 235
238 240 239
239 242 241
239 241 238
243 245 244
245 243 246
247 249 248
249 250 248
13 251 14
251 252 14
253 254 238
254 240 238
250 17 248
17 15 248
1 256 255
257 259 258
260 257 258
258 261 260
262 264 263
264 265 263
233 255 256
233 256 232
231 266 233
189 255 267
189 1 255
189 268 216
269 271 270
271 272 270
273 275 274
274 212 273
212 274 213
276 278 277
277 279 276
215 214 280
214 281 280
282 284 283
284 285 283
286 287 273
287 275 273
281 288 280
288 289 280
290 292 291
268 291 292
268 292 216
189 267 268
231 291 266
231 290 291
293 220 219
293 294 220
221 296 295
221 222 296
297 224 223
297 298 224
299 226 225
299 300 226
301 303 302
303 304 302
305 306 229
229 230 305
307 309 308
308 309 310
104 102 311
102 312 311
313 315 314
316 314 315
317 319 318
320 318 319
321 323 322
322 324 321
325 327 326
326 328 325
329 331 330
331 332 330
128 334 333
335 337 336
335 339 338
340 342 341
342 343 341
344 346 345
346 347 345
348 350 349
349 351 348
352 354 353
354 355 353
356 358 357
356 359 358
360 362 361
361 344 360
361 346 344
355 363 353
363 364 353
365 367 366
339 366 367
339 367 338
335 336 339
128 366 334
128 365 366
368 370 369
369 371 368
372 374 373
373 375 372
376 378 377
377 379 376
380 382 381
381 383 380
384 386 385
385 387 384
388 390 389
390 391 389
392 394 393
394 395 393
335 397 396
0 399 398
0 400 70
401 403 402
403 404 402
405 406 65
406 67 65
407 408 61
61 62 407
69 68 409
68 410 409
349 411 351
349 412 411
345 347 413
413 405 345
413 406 405
410 354 409
354 352 409
338 415 414
400 414 415
400 415 70
0 398 400
335 414 397
335 338 414
371 369 75
75 73 371
375 373 79
79 77 375
379 377 83
83 81 379
383 381 87
87 85 383
385 386 416
416 417 385
93 389 391
391 95 93
418 419 360
419 362 360
420 421 356
356 357 420
364 363 422
363 423 422
424 426 425
424 427 426
428 430 429
429 418 428
429 419 418
423 431 422
431 432 422
433 434 370
370 368 433
435 436 374
374 372 435
437 438 378
378 376 437
439 440 382
382 380 439
441 442 388
442 390 388
443 445 444
444 446 443
446 444 447
448 450 449
449 451 448
452 454 453
454 455 453
456 458 457
458 459 457
140 141 443
141 445 443
455 148 453
148 146 453
162 461 460
162 163 461
462 168 165
462 463 168
170 465 464
170 171 465
174 467 466
174 175 467
468 181 184
184 469 468
470 471 428
471 430 428
472 473 424
424 425 472
432 431 474
431 475 474
476 473 477
473 472 477
478 479 470
479 471 470
475 480 474
480 481 474
482 483 434
434 433 482
436 485 484
436 435 485
486 487 438
438 437 486
488 489 440
440 439 488
490 491 441
491 442 441
492 494 493
494 495 493
496 476 497
476 477 497
481 480 498
480 499 498
500 496 501
496 497 501
446 447 492
447 494 492
499 454 498
454 452 498
460 503 502
460 461 503
462 484 485
485 463 462
464 505 504
464 465 505
466 507 506
466 467 507
508 468 469
469 509 508
510 512 511
513 515 514
516 518 517
519 518 516
520 518 521
522 524 523
512 525 511
525 526 511
518 519 526
526 525 518
527 518 525
521 518 527
528 510 529
530 510 528
531 533 532
531 530 533
534 530 531
535 530 534
535 536 510
510 530 535
537 539 538
540 539 541
539 540 538
542 543 540
544 546 545
547 549 548
550 552 551
553 555 554
556 208 557
208 209 557
558 150 559
150 151 559
560 456 561
456 457 561
562 500 563
500 501 563
564 566 565
566 567 565
568 570 569
568 571 570
572 574 573
573 575 572
576 578 577
577 579 576
580 582 581
581 583 580
584 586 585
585 587 584

