[FBX_META_DATA]
MeshCount: 1

[MESH_DATA]
VertexCount: 112
IndexCount: 168
BoneCount: 0
AnimationClips: 1

[VERTEX_DATA]
Position: -0.0352715 -0.0015688 0.0591709
Normal: -0 0 1
UV: 0.231884 0.879381

Position: -0.0352715 3.16317 0.0591709
Normal: -0 0 1
UV: 0.231884 0.805141

Position: 0.107145 3.16317 0.0591709
Normal: -0 0 1
UV: 0.227566 0.805141

Position: 0.107145 -0.0015688 0.0591709
Normal: -0 0 1
UV: 0.227566 0.879381

Position: 0.107145 -0.00156891 -0.0591705
Normal: -0 0 -1
UV: 0.207315 0.800542

Position: 0.107145 3.16317 -0.0591705
Normal: -0 0 -1
UV: 0.207315 0.840981

Position: -0.0352715 -0.00156891 -0.0591705
Normal: -0 0 -1
UV: 0.209667 0.800542

Position: -0.0352715 3.16317 -0.0591705
Normal: -0 0 -1
UV: 0.209667 0.840981

Position: -0.0352715 -0.0015688 0.0591709
Normal: -1 0 0
UV: 0.0546642 0.869112

Position: -0.0352715 3.16317 -0.0591705
Normal: -1 0 0
UV: 0.0579024 0.802115

Position: -0.0352715 3.16317 0.0591709
Normal: -1 0 0
UV: 0.0546642 0.802115

Position: -0.0352715 -0.00156891 -0.0591705
Normal: -1 0 0
UV: 0.0579024 0.869112

Position: 0.107145 -0.0015688 0.0591709
Normal: 1 0 0
UV: 0.05845 0.793749

Position: 0.107145 3.16317 -0.0591705
Normal: 1 0 0
UV: 0.0616882 0.860746

Position: 0.107145 -0.00156891 -0.0591705
Normal: 1 0 0
UV: 0.0616882 0.793749

Position: 0.107145 3.16317 0.0591709
Normal: 1 0 0
UV: 0.05845 0.860746

Position: 0.107145 3.16317 0.0591709
Normal: -0 1 0
UV: 0.274421 0.792166

Position: -0.0352715 3.16317 0.0591709
Normal: -0 1 0
UV: 0.274421 0.823975

Position: -0.0352715 3.16317 -0.0591705
Normal: -0 1 0
UV: 0.300853 0.823975

Position: 0.107145 3.16317 -0.0591705
Normal: -0 1 0
UV: 0.300853 0.792166

Position: 1.567 -0.0015688 0.0591709
Normal: -0 0 1
UV: 0.231884 0.879381

Position: 1.567 3.16317 0.0591709
Normal: -0 0 1
UV: 0.231884 0.805141

Position: 1.70942 3.16317 0.0591709
Normal: -0 0 1
UV: 0.227566 0.805141

Position: 1.70942 -0.0015688 0.0591709
Normal: -0 0 1
UV: 0.227566 0.879381

Position: 1.70942 -0.00156891 -0.0591705
Normal: -0 0 -1
UV: 0.207315 0.800542

Position: 1.70942 3.16317 -0.0591705
Normal: -0 0 -1
UV: 0.207315 0.840981

Position: 1.567 -0.00156891 -0.0591705
Normal: -0 0 -1
UV: 0.209667 0.800542

Position: 1.567 3.16317 -0.0591705
Normal: -0 0 -1
UV: 0.209667 0.840981

Position: 1.567 -0.0015688 0.0591709
Normal: -1 0 0
UV: 0.0546642 0.869112

Position: 1.567 3.16317 -0.0591705
Normal: -1 0 0
UV: 0.0579024 0.802115

Position: 1.567 3.16317 0.0591709
Normal: -1 0 0
UV: 0.0546642 0.802115

Position: 1.567 -0.00156891 -0.0591705
Normal: -1 0 0
UV: 0.0579024 0.869112

Position: 1.70942 -0.0015688 0.0591709
Normal: 1 0 0
UV: 0.05845 0.793749

Position: 1.70942 3.16317 -0.0591705
Normal: 1 0 0
UV: 0.0616882 0.860746

Position: 1.70942 -0.00156891 -0.0591705
Normal: 1 0 0
UV: 0.0616882 0.793749

Position: 1.70942 3.16317 0.0591709
Normal: 1 0 0
UV: 0.05845 0.860746

Position: 0.77198 -0.0015688 0.0591709
Normal: -0 0 1
UV: 0.231884 0.879381

Position: 0.77198 3.16317 0.0591709
Normal: -0 0 1
UV: 0.231884 0.805141

Position: 0.914397 3.16317 0.0591709
Normal: -0 0 1
UV: 0.227566 0.805141

Position: 0.914397 -0.0015688 0.0591709
Normal: -0 0 1
UV: 0.227566 0.879381

Position: 0.914397 -0.00156891 -0.0591705
Normal: -0 0 -1
UV: 0.207315 0.800542

Position: 0.914397 3.16317 -0.0591705
Normal: -0 0 -1
UV: 0.207315 0.840981

Position: 0.77198 -0.00156891 -0.0591705
Normal: -0 0 -1
UV: 0.209667 0.800542

Position: 0.77198 3.16317 -0.0591705
Normal: -0 0 -1
UV: 0.209667 0.840981

Position: 0.77198 -0.0015688 0.0591709
Normal: -1 0 0
UV: 0.0546642 0.869112

Position: 0.77198 3.16317 -0.0591705
Normal: -1 0 0
UV: 0.0579024 0.802115

Position: 0.77198 3.16317 0.0591709
Normal: -1 0 0
UV: 0.0546642 0.802115

Position: 0.77198 -0.00156891 -0.0591705
Normal: -1 0 0
UV: 0.0579024 0.869112

Position: 0.914397 -0.0015688 0.0591709
Normal: 1 0 0
UV: 0.05845 0.793749

Position: 0.914397 3.16317 -0.0591705
Normal: 1 0 0
UV: 0.0616882 0.860746

Position: 0.914397 -0.00156891 -0.0591705
Normal: 1 0 0
UV: 0.0616882 0.793749

Position: 0.914397 3.16317 0.0591709
Normal: 1 0 0
UV: 0.05845 0.860746

Position: 2.3668 -0.0015688 0.0591709
Normal: -0 0 1
UV: 0.231884 0.879381

Position: 2.3668 3.16317 0.0591709
Normal: -0 0 1
UV: 0.231884 0.805141

Position: 2.50921 3.16317 0.0591709
Normal: -0 0 1
UV: 0.227566 0.805141

Position: 2.50921 -0.0015688 0.0591709
Normal: -0 0 1
UV: 0.227566 0.879381

Position: 2.50921 -0.00156891 -0.0591705
Normal: -0 0 -1
UV: 0.207315 0.800542

Position: 2.50921 3.16317 -0.0591705
Normal: -0 0 -1
UV: 0.207315 0.840981

Position: 2.3668 -0.00156891 -0.0591705
Normal: -0 0 -1
UV: 0.209667 0.800542

Position: 2.3668 3.16317 -0.0591705
Normal: -0 0 -1
UV: 0.209667 0.840981

Position: 2.3668 -0.0015688 0.0591709
Normal: -1 0 0
UV: 0.0546642 0.869112

Position: 2.3668 3.16317 -0.0591705
Normal: -1 0 0
UV: 0.0579024 0.802115

Position: 2.3668 3.16317 0.0591709
Normal: -1 0 0
UV: 0.0546642 0.802115

Position: 2.3668 -0.00156891 -0.0591705
Normal: -1 0 0
UV: 0.0579024 0.869112

Position: 2.50921 -0.0015688 0.0591709
Normal: 1 0 0
UV: 0.05845 0.793749

Position: 2.50921 3.16317 -0.0591705
Normal: 1 0 0
UV: 0.0616882 0.860746

Position: 2.50921 -0.00156891 -0.0591705
Normal: 1 0 0
UV: 0.0616882 0.793749

Position: 2.50921 3.16317 0.0591709
Normal: 1 0 0
UV: 0.05845 0.860746

Position: 0.0517814 2.73687 0.0312546
Normal: -0 -1 0
UV: 0.294812 0.66609

Position: 2.48464 2.73687 0.0312546
Normal: -0 -1 0
UV: 0.294812 0.74033

Position: 2.48464 2.73687 -0.0504688
Normal: -0 -1 0
UV: 0.29913 0.74033

Position: 0.0517814 2.73687 -0.0504688
Normal: -0 -1 0
UV: 0.29913 0.66609

Position: 0.0517814 2.80478 -0.0504688
Normal: -0 1 0
UV: 0.276913 0.701931

Position: 2.48464 2.80478 -0.0504688
Normal: -0 1 0
UV: 0.276913 0.661491

Position: 0.0517814 2.80478 0.0312546
Normal: -0 1 0
UV: 0.274561 0.701931

Position: 2.48464 2.80478 0.0312546
Normal: -0 1 0
UV: 0.274561 0.661491

Position: 2.48464 2.73687 -0.0504688
Normal: -0 0 -1
UV: 0.17092 0.730061

Position: 0.0517814 2.80478 -0.0504688
Normal: -0 0 -1
UV: 0.174158 0.663064

Position: 0.0517814 2.73687 -0.0504688
Normal: -0 0 -1
UV: 0.17092 0.663064

Position: 2.48464 2.80478 -0.0504688
Normal: -0 0 -1
UV: 0.174158 0.730061

Position: 2.48464 2.73687 0.0312546
Normal: -0 0 1
UV: 0.174705 0.654698

Position: 0.0517814 2.73687 0.0312546
Normal: -0 0 1
UV: 0.174705 0.721695

Position: 2.48464 2.80478 0.0312546
Normal: -0 0 1
UV: 0.177944 0.654698

Position: 0.0517814 2.80478 0.0312546
Normal: -0 0 1
UV: 0.177944 0.721695

Position: 0.0517814 0.578897 0.0312546
Normal: -0 -1 0
UV: 0.294812 0.66609

Position: 2.48464 0.578897 0.0312546
Normal: -0 -1 0
UV: 0.294812 0.74033

Position: 2.48464 0.578897 -0.0504688
Normal: -0 -1 0
UV: 0.29913 0.74033

Position: 0.0517814 0.578897 -0.0504688
Normal: -0 -1 0
UV: 0.29913 0.66609

Position: 0.0517814 0.646806 -0.0504688
Normal: -0 1 0
UV: 0.276913 0.701931

Position: 2.48464 0.646806 -0.0504688
Normal: -0 1 0
UV: 0.276913 0.661491

Position: 0.0517814 0.646806 0.0312546
Normal: -0 1 0
UV: 0.274561 0.701931

Position: 2.48464 0.646806 0.0312546
Normal: -0 1 0
UV: 0.274561 0.661491

Position: 2.48464 0.578897 -0.0504688
Normal: -0 0 -1
UV: 0.17092 0.730061

Position: 0.0517814 0.646806 -0.0504688
Normal: -0 0 -1
UV: 0.174158 0.663064

Position: 0.0517814 0.578897 -0.0504688
Normal: -0 0 -1
UV: 0.17092 0.663064

Position: 2.48464 0.646806 -0.0504688
Normal: -0 0 -1
UV: 0.174158 0.730061

Position: 2.48464 0.578897 0.0312546
Normal: -0 0 1
UV: 0.174705 0.654698

Position: 0.0517814 0.578897 0.0312546
Normal: -0 0 1
UV: 0.174705 0.721695

Position: 2.48464 0.646806 0.0312546
Normal: -0 0 1
UV: 0.177944 0.654698

Position: 0.0517814 0.646806 0.0312546
Normal: -0 0 1
UV: 0.177944 0.721695

Position: 1.70942 3.16317 0.0591709
Normal: -0 1 0
UV: 0.328303 0.792167

Position: 1.567 3.16317 0.0591709
Normal: -0 1 0
UV: 0.328303 0.823976

Position: 1.567 3.16317 -0.0591705
Normal: -0 1 0
UV: 0.354735 0.823976

Position: 1.70942 3.16317 -0.0591705
Normal: -0 1 0
UV: 0.354735 0.792167

Position: 0.914397 3.16317 0.0591709
Normal: -0 1 0
UV: 0.301362 0.792167

Position: 0.77198 3.16317 0.0591709
Normal: -0 1 0
UV: 0.301362 0.823976

Position: 0.77198 3.16317 -0.0591705
Normal: -0 1 0
UV: 0.327794 0.823976

Position: 0.914397 3.16317 -0.0591705
Normal: -0 1 0
UV: 0.327794 0.792167

Position: 2.50921 3.16317 0.0591709
Normal: -0 1 0
UV: 0.274421 0.792166

Position: 2.3668 3.16317 0.0591709
Normal: -0 1 0
UV: 0.274421 0.823975

Position: 2.3668 3.16317 -0.0591705
Normal: -0 1 0
UV: 0.300853 0.823975

Position: 2.50921 3.16317 -0.0591705
Normal: -0 1 0
UV: 0.300853 0.792166


[INDEX_DATA]
0 2 1
2 0 3
4 6 5
6 7 5
8 10 9
9 11 8
12 14 13
13 15 12
16 18 17
16 19 18
20 22 21
22 20 23
24 26 25
26 27 25
28 30 29
29 31 28
32 34 33
33 35 32
36 38 37
38 36 39
40 42 41
42 43 41
44 46 45
45 47 44
48 50 49
49 51 48
52 54 53
54 52 55
56 58 57
58 59 57
60 62 61
61 63 60
64 66 65
65 67 64
68 70 69
68 71 70
72 74 73
75 73 74
76 78 77
77 79 76
80 82 81
83 81 82
84 86 85
84 87 86
88 90 89
91 89 90
92 94 93
93 95 92
96 98 97
99 97 98
100 102 101
100 103 102
104 106 105
104 107 106
108 110 109
108 111 110

