[FBX_META_DATA]
MeshCount: 5

[MESH_DATA]
VertexCount: 742
IndexCount: 1398
BoneCount: 0
AnimationClips: 1

[VERTEX_DATA]
Position: -2.00542 2.31747 -3.89559
Normal: -0 0.813086 -0.582144
UV: 0.674504 0.355103

Position: -1.74598 2.31747 -3.89559
Normal: -0 0.813086 -0.582144
UV: 0.704686 0.355103

Position: -2.06214 2.42393 -3.74689
Normal: -0 0.813086 -0.582144
UV: 0.667907 0.376378

Position: -1.68927 2.42393 -3.74689
Normal: -0 0.813086 -0.582144
UV: 0.711283 0.376378

Position: -1.74598 1.83042 -3.89559
Normal: -0 0 -1
UV: 0.65635 0.218274

Position: -2.00542 2.31747 -3.89559
Normal: -0 0 -1
UV: 0.71301 0.248456

Position: -2.00542 1.83042 -3.89559
Normal: -0 0 -1
UV: 0.65635 0.248456

Position: -1.74598 2.31747 -3.89559
Normal: -0 0 -1
UV: 0.71301 0.218274

Position: -2.06214 1.72396 -3.74689
Normal: -0 -0.813085 -0.582145
UV: 0.704845 0.313292

Position: -1.74598 1.83042 -3.89559
Normal: -0 -0.813085 -0.582145
UV: 0.668066 0.292019

Position: -2.00542 1.83042 -3.89559
Normal: -0 -0.813085 -0.582145
UV: 0.698248 0.292019

Position: -1.68927 1.72396 -3.74689
Normal: -0 -0.813085 -0.582145
UV: 0.661471 0.313294

Position: -1.68927 2.42393 -3.74689
Normal: -0 0 1
UV: 0.944324 0.0923805

Position: -2.06214 1.72396 -3.74689
Normal: -0 0 1
UV: 0.862895 0.0490045

Position: -2.06214 2.42393 -3.74689
Normal: -0 0 1
UV: 0.944324 0.0490045

Position: -1.68927 1.72396 -3.74689
Normal: -0 0 1
UV: 0.862895 0.0923805

Position: -1.74598 1.83042 -3.89559
Normal: 0.934349 0 -0.356359
UV: 0.773286 0.272361

Position: -1.68927 2.42393 -3.74689
Normal: 0.934349 0 -0.356359
UV: 0.842331 0.253848

Position: -1.74598 2.31747 -3.89559
Normal: 0.934349 0 -0.356359
UV: 0.829945 0.272361

Position: -1.68927 1.72396 -3.74689
Normal: 0.934349 0 -0.356359
UV: 0.760901 0.253848

Position: -2.00542 1.83042 -3.89559
Normal: -0.934351 0 -0.356355
UV: 0.829827 0.272367

Position: -2.06214 2.42393 -3.74689
Normal: -0.934351 0 -0.356355
UV: 0.760784 0.253853

Position: -2.06214 1.72396 -3.74689
Normal: -0.934351 0 -0.356355
UV: 0.842212 0.253853

Position: -2.00542 2.31747 -3.89559
Normal: -0.934351 0 -0.356355
UV: 0.773169 0.272367

Position: -1.61888 3.20449 1.52404
Normal: -0 0 1
UV: 0.863126 0.214244

Position: -1.61888 2.96213 1.52404
Normal: -0 0 1
UV: 0.863126 0.197728

Position: -1.73421 3.20449 1.52404
Normal: -0 0 1
UV: 0.830741 0.214244

Position: -1.73421 2.96213 1.52404
Normal: -0 0 1
UV: 0.830741 0.197728

Position: -1.73421 3.20449 1.52404
Normal: -0 1 0
UV: 0.830741 0.171433

Position: -1.73421 3.20449 0.786473
Normal: -0 1 0
UV: 0.782802 0.171433

Position: -1.61888 3.20449 1.52404
Normal: -0 1 0
UV: 0.830741 0.186941

Position: -1.61888 3.20449 0.786473
Normal: -0 1 0
UV: 0.782802 0.186941

Position: -1.61888 2.96213 0.786473
Normal: -0 0 -1
UV: 0.750418 0.197728

Position: -1.61888 3.20449 0.786473
Normal: -0 0 -1
UV: 0.750418 0.214244

Position: -1.73421 2.96213 0.786473
Normal: -0 0 -1
UV: 0.782802 0.197728

Position: -1.73421 3.20449 0.786473
Normal: -0 0 -1
UV: 0.782802 0.214244

Position: -1.61888 2.96213 1.52404
Normal: -0 -1 0
UV: 0.830741 0.198307

Position: -1.61888 2.96213 0.786473
Normal: -0 -1 0
UV: 0.782802 0.198307

Position: -1.73421 2.96213 1.52404
Normal: -0 -1 0
UV: 0.830741 0.214263

Position: -1.73421 2.96213 0.786473
Normal: -0 -1 0
UV: 0.782802 0.214263

Position: -1.73421 3.20449 0.786473
Normal: -1 0 0
UV: 0.782802 0.214244

Position: -1.73421 3.20449 1.52404
Normal: -1 0 0
UV: 0.830741 0.214244

Position: -1.73421 2.96213 1.52404
Normal: -1 0 0
UV: 0.830741 0.197728

Position: -1.73421 2.96213 0.786473
Normal: -1 0 0
UV: 0.782802 0.197728

Position: -1.61888 3.20449 3.8562
Normal: -0 0 1
UV: 0.863126 0.214244

Position: -1.61888 2.96213 3.8562
Normal: -0 0 1
UV: 0.863126 0.197728

Position: -1.73421 3.20449 3.8562
Normal: -0 0 1
UV: 0.830741 0.214244

Position: -1.73421 2.96213 3.8562
Normal: -0 0 1
UV: 0.830741 0.197728

Position: -1.73421 3.20449 3.8562
Normal: -0 1 0
UV: 0.830741 0.171433

Position: -1.73421 3.20449 3.11863
Normal: -0 1 0
UV: 0.782802 0.171433

Position: -1.61888 3.20449 3.8562
Normal: -0 1 0
UV: 0.830741 0.186941

Position: -1.61888 3.20449 3.11863
Normal: -0 1 0
UV: 0.782802 0.186941

Position: -1.61888 2.96213 3.11863
Normal: -0 0 -1
UV: 0.750418 0.197728

Position: -1.61888 3.20449 3.11863
Normal: -0 0 -1
UV: 0.750418 0.214244

Position: -1.73421 2.96213 3.11863
Normal: -0 0 -1
UV: 0.782802 0.197728

Position: -1.73421 3.20449 3.11863
Normal: -0 0 -1
UV: 0.782802 0.214244

Position: -1.61888 2.96213 3.8562
Normal: -0 -1 0
UV: 0.830741 0.198307

Position: -1.61888 2.96213 3.11863
Normal: -0 -1 0
UV: 0.782802 0.198307

Position: -1.73421 2.96213 3.8562
Normal: -0 -1 0
UV: 0.830741 0.214263

Position: -1.73421 2.96213 3.11863
Normal: -0 -1 0
UV: 0.782802 0.214263

Position: -1.73421 3.20449 3.11863
Normal: -1 0 0
UV: 0.782802 0.214244

Position: -1.73421 3.20449 3.8562
Normal: -1 0 0
UV: 0.830741 0.214244

Position: -1.73421 2.96213 3.8562
Normal: -1 0 0
UV: 0.830741 0.197728

Position: -1.73421 2.96213 3.11863
Normal: -1 0 0
UV: 0.782802 0.197728

Position: -1.59174 3.47982 -2.74173
Normal: -1 0 0
UV: 0.75217 0.217537

Position: -1.59174 3.47982 -3.08528
Normal: -1 0 0
UV: 0.752154 0.201502

Position: -1.59174 3.7825 -2.74173
Normal: -1 0 0
UV: 0.741257 0.217537

Position: -1.59174 3.7825 -3.08528
Normal: -1 0 0
UV: 0.741272 0.201502

Position: -0 3.7825 -2.74173
Normal: -0 1 0
UV: 0.859282 0.174639

Position: -1.59174 3.7825 -2.74173
Normal: -0 1 0
UV: 0.752148 0.174583

Position: -1.59174 3.7825 -3.08528
Normal: -0 1 0
UV: 0.752148 0.184599

Position: -0 3.7825 -3.08528
Normal: -0 1 0
UV: 0.85932 0.18465

Position: -0 3.47982 -3.08528
Normal: -0 0 -1
UV: 0.85928 0.201479

Position: -1.59174 3.7825 -3.08528
Normal: -0 0 -1
UV: 0.752124 0.194936

Position: -1.59174 3.47982 -3.08528
Normal: -0 0 -1
UV: 0.752154 0.201502

Position: -0 3.7825 -3.08528
Normal: -0 0 -1
UV: 0.859242 0.194909

Position: -1.59174 3.47982 -2.74173
Normal: -0 -1 0
UV: 0.75217 0.217537

Position: -0 3.47982 -2.74173
Normal: -0 -1 0
UV: 0.859307 0.217515

Position: -0 3.47982 -3.08528
Normal: -0 -1 0
UV: 0.85928 0.201479

Position: -1.59174 3.47982 -3.08528
Normal: -0 -1 0
UV: 0.752154 0.201502

Position: 0.478938 3.64394 3.83587
Normal: -0 0 1
UV: 0.308224 0.309353

Position: 0.620666 3.73265 3.83587
Normal: -0 0 1
UV: 0.309048 0.308037

Position: 0.620666 3.48176 3.83587
Normal: -0 0 1
UV: 0.306718 0.308037

Position: 0.438985 3.48176 3.83587
Normal: -0 0 1
UV: 0.306718 0.309724

Position: 0.478938 4.28069 3.83587
Normal: -0 0.999212 0.0396935
UV: 0.281283 0.383968

Position: 0.478938 4.5428 -2.76225
Normal: -0 0.999212 0.0396935
UV: 0.281283 0.327285

Position: 0.620666 4.28069 3.83587
Normal: -0 0.999212 0.0396935
UV: 0.279967 0.383968

Position: 0.620666 4.5428 -2.76225
Normal: -0 0.999212 0.0396935
UV: 0.279967 0.327285

Position: 0.620666 3.82935 -3.50277
Normal: 0.0324102 0.679902 -0.732586
UV: 0.321996 0.308037

Position: 0.478938 3.99153 -3.35852
Normal: 0.00860608 0.676442 -0.736446
UV: 0.32049 0.309353

Position: 0.438985 3.82935 -3.50277
Normal: 0.00485597 0.666944 -0.745092
UV: 0.321996 0.309724

Position: 0.620666 4.08024 -3.26188
Normal: 0.00945448 0.722797 -0.690995
UV: 0.319667 0.308037

Position: 0.620666 3.48176 3.83587
Normal: -0 -0.99888 -0.0473111
UV: 0.0303999 0.301932

Position: 0.620666 3.82935 -3.50277
Normal: -0 -0.99888 -0.0473111
UV: 0.0303999 0.386826

Position: 0.438985 3.48176 3.83587
Normal: -0 -0.99888 -0.0473111
UV: 0.0326341 0.301932

Position: 0.438985 3.82935 -3.50277
Normal: -0 -0.99888 -0.0473111
UV: 0.0326341 0.386826

Position: -0.622081 4.08024 -3.26188
Normal: -1 0 0
UV: 0.166651 0.365987

Position: -0.622081 3.73265 3.83587
Normal: -1 0 0
UV: 0.164649 0.320813

Position: -0.622081 3.48176 3.83587
Normal: -1 0 0
UV: 0.162991 0.320813

Position: -0.622081 3.82935 -3.50277
Normal: -1 0 0
UV: 0.164993 0.366436

Position: 0.620666 3.48176 3.83587
Normal: 1 5.62969e-008 0
UV: 0.170661 0.366436

Position: 0.620666 4.08024 -3.26188
Normal: 1 5.06452e-008 0
UV: 0.174321 0.321262

Position: 0.620666 3.82935 -3.50277
Normal: 1 5.62969e-008 0
UV: 0.172663 0.320813

Position: 0.620666 3.73265 3.83587
Normal: 1 4.72056e-008 0
UV: 0.17232 0.366436

Position: -0.622081 3.82935 -3.50277
Normal: -0.0324102 0.679902 -0.732586
UV: 0.321996 0.319577

Position: -0.480353 3.99153 -3.35852
Normal: -0.00860607 0.676442 -0.736446
UV: 0.32049 0.318261

Position: -0.622081 4.08024 -3.26188
Normal: -0.00945448 0.722798 -0.690995
UV: 0.319667 0.319577

Position: -0.440401 3.82935 -3.50277
Normal: -0.00485597 0.666944 -0.745092
UV: 0.321996 0.31789

Position: -0.622081 3.82935 -3.50277
Normal: -0 -0.99888 -0.0473111
UV: 0.0456827 0.386826

Position: -0.622081 3.48176 3.83587
Normal: -0 -0.99888 -0.0473111
UV: 0.0456827 0.301932

Position: -0.440401 3.48176 3.83587
Normal: -0 -0.99888 -0.0473111
UV: 0.0434485 0.301932

Position: -0.440401 3.82935 -3.50277
Normal: -0 -0.99888 -0.0473111
UV: 0.0434485 0.386826

Position: -0.622081 3.73265 3.83587
Normal: -0 0 1
UV: 0.309048 0.319577

Position: -0.480353 3.64394 3.83587
Normal: -0 0 1
UV: 0.308224 0.318261

Position: -0.622081 3.48176 3.83587
Normal: -0 0 1
UV: 0.306718 0.319577

Position: -0.440401 3.48176 3.83587
Normal: -0 0 1
UV: 0.306718 0.31789

Position: -0.622081 4.28069 3.83587
Normal: -0 0.999212 0.0396935
UV: 0.344563 0.383968

Position: -0.480353 4.5428 -2.76225
Normal: -0 0.999212 0.0396935
UV: 0.343247 0.327285

Position: -0.480353 4.28069 3.83587
Normal: -0 0.999212 0.0396935
UV: 0.343247 0.383968

Position: -0.622081 4.5428 -2.76225
Normal: -0 0.999212 0.0396935
UV: 0.344563 0.327285

Position: -0.480353 3.64394 3.83587
Normal: -0 0.998835 0.0482575
UV: 0.206514 0.379444

Position: 0.478938 3.99153 -3.35852
Normal: -0 0.998835 0.0482575
UV: 0.19568 0.30148

Position: 0.478938 3.64394 3.83587
Normal: -0 0.998835 0.0482575
UV: 0.19568 0.379444

Position: -0.480353 3.99153 -3.35852
Normal: -0 0.998835 0.0482575
UV: 0.206514 0.30148

Position: 0.620666 4.28069 3.83587
Normal: -0 0 1
UV: 0.314137 0.308037

Position: 0.478938 4.28069 3.83587
Normal: -0 0 1
UV: 0.314137 0.309353

Position: 0.478938 4.5428 -2.76225
Normal: -1 0 0
UV: 0.0741137 0.375406

Position: 0.478938 4.28069 3.83587
Normal: -1 0 0
UV: 0.0707942 0.30851

Position: 0.478938 3.64394 3.83587
Normal: -1 0 0
UV: 0.063816 0.30851

Position: 0.478938 3.99153 -3.35852
Normal: -1 0 0
UV: 0.0671354 0.384164

Position: 0.478938 3.99153 -3.35852
Normal: 0.00860608 0.676442 -0.736446
UV: 0.281283 0.319864

Position: 0.620666 4.08024 -3.26188
Normal: 0.00945448 0.722797 -0.690995
UV: 0.279967 0.320495

Position: 0.478938 4.5428 -2.76225
Normal: 0.000500956 0.733872 -0.679288
UV: 0.281283 0.327285

Position: 0.620666 4.5428 -2.76225
Normal: 1 4.21361e-008 0
UV: 0.177943 0.326094

Position: 0.620666 4.28069 3.83587
Normal: 1 4.21361e-008 0
UV: 0.175942 0.366436

Position: -0.480353 3.64394 3.83587
Normal: 1 -2.13516e-008 0
UV: 0.0747184 0.384164

Position: -0.480353 4.5428 -2.76225
Normal: 1 -2.13516e-008 0
UV: 0.0850161 0.317268

Position: -0.480353 3.99153 -3.35852
Normal: 1 -2.13516e-008 0
UV: 0.0780379 0.30851

Position: -0.480353 4.28069 3.83587
Normal: 1 -2.13516e-008 0
UV: 0.0816967 0.384164

Position: -0.480353 4.28069 3.83587
Normal: -0 0 1
UV: 0.314137 0.318261

Position: -0.622081 4.28069 3.83587
Normal: -0 0 1
UV: 0.314137 0.319577

Position: -0.622081 4.5428 -2.76225
Normal: -1 0 0
UV: 0.170273 0.361155

Position: -0.622081 4.28069 3.83587
Normal: -1 0 0
UV: 0.168271 0.320813

Position: -0.480353 4.5428 -2.76225
Normal: -0.000500956 0.733872 -0.679288
UV: 0.314578 0.318261

Position: -0.622081 4.5428 -2.76225
Normal: -0 0.733801 -0.679365
UV: 0.314578 0.319577

Position: 0.620666 4.5428 -2.76225
Normal: -0 0.733801 -0.679364
UV: 0.279967 0.327285

Position: -0.741203 3.48568 4.05384
Normal: -0 0 1
UV: 0.0748593 0.375708

Position: 0.739787 3.48568 4.05384
Normal: -0 0 1
UV: 0.0748593 0.304949

Position: 0.739787 3.2348 4.05384
Normal: -0 0 1
UV: 0.0605742 0.304949

Position: -0.741203 3.2348 4.05384
Normal: -0 0 1
UV: 0.0605742 0.375708

Position: -0.741203 3.48568 4.05384
Normal: -0 1 0
UV: 0.211394 0.378237

Position: -0.741203 3.48568 2.77339
Normal: -0 1 0
UV: 0.211394 0.301684

Position: 0.739787 3.48568 4.05384
Normal: -0 1 0
UV: 0.139138 0.378237

Position: 0.739787 3.48568 2.77339
Normal: -0 1 0
UV: 0.139138 0.301684

Position: -0.741203 3.2348 2.77339
Normal: -0 0 -1
UV: 0.0578725 0.375708

Position: 0.739787 3.2348 2.77339
Normal: -0 0 -1
UV: 0.0578725 0.304949

Position: 0.739787 3.48568 2.77339
Normal: -0 0 -1
UV: 0.0435874 0.304949

Position: -0.741203 3.48568 2.77339
Normal: -0 0 -1
UV: 0.0435874 0.375708

Position: -0.741203 3.48568 2.77339
Normal: -1 0 0
UV: 0.0768261 0.379403

Position: -0.741203 3.48568 4.05384
Normal: -1 0 0
UV: 0.0768261 0.304435

Position: -0.741203 3.2348 4.05384
Normal: -1 0 0
UV: 0.0625409 0.304435

Position: -0.741203 3.2348 2.77339
Normal: -1 0 0
UV: 0.0625409 0.379403

Position: 0.739787 3.48568 4.05384
Normal: 1 0 0
UV: 0.0598392 0.379403

Position: 0.739787 3.2348 2.77339
Normal: 1 0 0
UV: 0.0455542 0.304435

Position: 0.739787 3.2348 4.05384
Normal: 1 0 0
UV: 0.0455542 0.379403

Position: 0.739787 3.48568 2.77339
Normal: 1 0 0
UV: 0.0598392 0.304435

Position: -1.62496 1.40195 3.7786
Normal: -1 0 0
UV: 0.0748359 0.872425

Position: -1.62496 3.27352 4.07841
Normal: -1 0 0
UV: 0.03477 0.622311

Position: -1.62496 1.40195 4.07841
Normal: -1 0 0
UV: 0.0347698 0.872425

Position: -1.62496 0.503363 4.07841
Normal: -1 0 0
UV: 0.731073 0.067502

Position: -1.62496 0.743045 3.87418
Normal: -1 -6.78508e-008 0
UV: 0.707314 0.0953798

Position: -1.62496 0.743045 4.07841
Normal: -1 -1.1527e-007 0
UV: 0.731072 0.095382

Position: -1.62496 0.503363 3.87418
Normal: -1 0 0
UV: 0.707321 0.0675151

Position: -1.62496 0.503363 4.07841
Normal: -0 -1 0
UV: 0.18692 0.199064

Position: -0 0.503363 4.07841
Normal: -0 -1 0
UV: 0.18692 0.17235

Position: -1.62496 0.503363 3.87418
Normal: -0 -1 0
UV: 0.183563 0.199065

Position: -0 0.503363 4.07841
Normal: -0 0 1
UV: 0.920574 0.067517

Position: -1.62496 0.503363 4.07841
Normal: -0 0 1
UV: 0.731073 0.067502

Position: -0 0.743045 4.07841
Normal: 5.96358e-007 0 1
UV: 0.920572 0.095399

Position: -1.62496 0.743045 4.07841
Normal: -0 0 1
UV: 0.731072 0.095382

Position: -0 0.743045 4.07841
Normal: 5.96358e-007 0 1
UV: 0.780477 0.959526

Position: -1.62496 0.743045 4.07841
Normal: -0 0 1
UV: 0.98698 0.959526

Position: -0.992644 1.06175 4.07841
Normal: 5.556e-007 0 1
UV: 0.904022 0.917055

Position: -1.62496 1.06175 4.07841
Normal: -0 0 1
UV: 0.98698 0.916596

Position: -1.62496 1.06175 4.07841
Normal: -1 -8.17325e-008 0
UV: 0.032262 0.0686291

Position: -1.62496 1.40195 3.7786
Normal: -1 0 0
UV: 0.067166 0.0129631

Position: -1.62496 1.40195 4.07841
Normal: -1 0 0
UV: 0.032287 0.0129501

Position: -1.62496 1.06175 3.7786
Normal: -1 -3.07696e-008 0
UV: 0.067139 0.0686411

Position: -1.62496 1.06175 4.07841
Normal: -1 -8.17325e-008 0
UV: 0.0347698 0.917889

Position: -1.62496 0.743045 3.87418
Normal: -1 -6.78508e-008 0
UV: 0.0620632 0.96048

Position: -1.62496 1.06175 3.7786
Normal: -1 -3.07696e-008 0
UV: 0.0748359 0.917889

Position: -1.62496 0.743045 4.07841
Normal: -1 -1.1527e-007 0
UV: 0.0347699 0.96048

Position: -1.62496 1.40195 4.07841
Normal: -0 0 1
UV: 0.226429 0.0138221

Position: -0.992644 1.40195 4.07841
Normal: 3.73643e-007 0 1
UV: 0.152868 0.0138351

Position: -0.992644 1.06175 4.07841
Normal: 5.556e-007 0 1
UV: 0.152869 0.0695481

Position: -1.62496 1.06175 4.07841
Normal: -0 0 1
UV: 0.22643 0.0695481

Position: -1.62496 3.27352 4.07841
Normal: -0 0 1
UV: 0.98698 0.626854

Position: -0.992644 1.40195 4.07841
Normal: 3.73643e-007 0 1
UV: 0.903743 0.872533

Position: -1.62496 1.40195 4.07841
Normal: -0 0 1
UV: 0.98698 0.87201

Position: -0 3.27352 4.07841
Normal: 1.94898e-007 0 1
UV: 0.780477 0.626854

Position: -1.62496 0.503363 2.30837
Normal: -1 0 0
UV: 0.271316 0.992511

Position: -1.62496 3.27352 0.558802
Normal: -1 0 0
UV: 0.0355299 0.622311

Position: -1.62496 3.27352 2.30837
Normal: -1 0 4.92487e-010
UV: 0.271316 0.622311

Position: -1.62496 0.503363 0.558801
Normal: -1 0 0
UV: 0.03553 0.992511

Position: -0 0.503363 2.30837
Normal: -7.78292e-005 -1 0.000311891
UV: 0.15782 0.17235

Position: -1.42168 0.502383 0.559113
Normal: 6.58254e-005 -1 0.000253289
UV: 0.129062 0.195723

Position: -1.62496 0.503363 2.30837
Normal: -0.000536457 -1 0.000498243
UV: 0.15782 0.199065

Position: -1.62496 0.503363 0.558801
Normal: -0.000536457 -1 0.000498242
UV: 0.129057 0.199064

Position: -1.62496 1.1199 3.13151
Normal: -1 0 4.13165e-008
UV: 0.161312 0.910118

Position: -1.62496 0.777038 3.65599
Normal: -1 0 0
UV: 0.0912214 0.955937

Position: -1.62496 1.02224 3.45811
Normal: -1 0 0
UV: 0.117665 0.923169

Position: -1.62496 0.503363 3.87418
Normal: -1 0 0
UV: 0.0620631 0.992511

Position: -1.62496 0.503363 3.65602
Normal: -1 0 0
UV: 0.091217 0.992511

Position: -1.62496 0.503363 -3.92088
Normal: -1 0 0
UV: 0.727756 0.079473

Position: -1.62496 0.503363 -4.07293
Normal: -1 0 0
UV: 0.745582 0.079469

Position: -1.62496 0.743045 -3.92088
Normal: -1 1.43729e-007 0
UV: 0.727881 0.051597

Position: -1.62496 0.743045 -4.07293
Normal: -1 0 0
UV: 0.745567 0.051582

Position: -1.62496 1.40195 -3.92636
Normal: -0 0 -1
UV: 0.79176 0.493368

Position: -0.992644 1.40195 -3.92636
Normal: -7.48905e-008 0 -1
UV: 0.867239 0.494099

Position: -1.62496 1.86046 -3.92636
Normal: -0 0 -1
UV: 0.79176 0.441027

Position: -0 1.86046 -3.92636
Normal: -1.29547e-007 0 -1
UV: 0.984322 0.441027

Position: -0 0.743045 -3.92636
Normal: -0 1 0
UV: 0.776341 0.09909

Position: -1.62496 0.743045 -4.07293
Normal: -0 1 0
UV: 0.586844 0.116847

Position: -0 0.743045 -4.07841
Normal: -0 1 0
UV: 0.776344 0.11678

Position: -1.62496 0.743045 -3.92088
Normal: -0 1 0
UV: 0.586842 0.099153

Position: -0 0.743045 -4.07841
Normal: -0.00337282 0 -0.999994
UV: 0.935068 0.051441

Position: -1.62496 0.743045 -4.07293
Normal: -0.00337282 0 -0.999994
UV: 0.745567 0.051582

Position: -0 0.503363 -4.07841
Normal: -0.00337282 0 -0.999994
UV: 0.935091 0.079326

Position: -1.62496 0.503363 -4.07293
Normal: -0.00337282 0 -0.999994
UV: 0.745582 0.079469

Position: -0 0.503363 -4.07841
Normal: -0 -1 0
UV: 0.735991 0.134496

Position: -1.62496 0.503363 -4.07293
Normal: -0 -1 0
UV: 0.575629 0.134505

Position: -0 0.503363 -3.92636
Normal: -0 -1 0
UV: 0.735942 0.149465

Position: -1.62496 0.503363 -3.92088
Normal: -0 -1 0
UV: 0.575579 0.149474

Position: -1.62496 1.86046 -3.92636
Normal: -8.93494e-007 0.421893 -0.906646
UV: 0.48278 0.424951

Position: -1.52079 3.40458 -3.20782
Normal: -6.39168e-008 0.421896 -0.906644
UV: 0.650446 0.435113

Position: -1.62496 3.50134 -3.16279
Normal: -4.55277e-007 0.421888 -0.906648
UV: 0.660928 0.424834

Position: -1.52079 1.95722 -3.88133
Normal: -6.83949e-008 0.421897 -0.906644
UV: 0.493274 0.435217

Position: -1.62496 0.743045 -2.73165
Normal: -1 5.75772e-008 -9.14715e-008
UV: 0.588832 0.051676

Position: -1.62496 0.503363 -2.73165
Normal: -1 8.74799e-008 0
UV: 0.58889 0.079569

Position: -1.62496 1.94528 -2.00111
Normal: -1 1.89134e-008 -7.00225e-009
UV: 0.0237379 0.258833

Position: -1.62496 3.40245 -3.10013
Normal: -1 -5.94625e-008 0
UV: 0.132141 0.11523

Position: -1.62496 3.40245 -1.99972
Normal: -1 -7.61178e-008 0
UV: 0.0242293 0.11538

Position: -1.62496 1.94528 -3.77821
Normal: -1 1.05507e-008 0
UV: 0.199095 0.258589

Position: -1.62496 3.50134 -3.16279
Normal: -1 -4.73057e-007 0
UV: 0.683429 0.621443

Position: -1.62496 1.94528 -3.77821
Normal: -1 1.05507e-008 0
UV: 0.749838 0.813138

Position: -1.62496 1.86046 -3.92636
Normal: -1 2.33609e-008 0
UV: 0.765825 0.823587

Position: -1.62496 3.40245 -3.10013
Normal: -1 -5.94625e-008 0
UV: 0.676668 0.633626

Position: -1.62496 3.50134 -1.9115
Normal: -1 -2.90412e-008 0
UV: 0.751494 0.620475

Position: -1.62496 3.38955 -0.664953
Normal: -1 8.40897e-008 0
UV: 0.690049 0.634308

Position: -1.62496 3.39023 -1.83884
Normal: -1 9.06654e-008 0
UV: 0.747912 0.634223

Position: -1.62496 3.50134 -0.503776
Normal: -1 2.15495e-007 0
UV: 0.682104 0.620475

Position: -0.992644 1.40195 -3.92636
Normal: -7.48905e-008 0 -1
UV: 0.180903 0.0144681

Position: -1.62496 1.40195 -3.92636
Normal: -0 0 -1
UV: 0.107343 0.0144721

Position: -0.992644 1.06175 -3.92636
Normal: -0.000909533 -0.00463707 -0.999989
UV: 0.180913 0.0701771

Position: -1.62496 1.06175 -3.92636
Normal: -0.00151864 -0.00774321 -0.999969
UV: 0.107352 0.0701811

Position: -1.62496 1.40195 -3.54276
Normal: -1 0 -2.09431e-008
UV: 0.724431 0.880072

Position: -1.62496 1.40195 -3.92636
Normal: -1 0 0
UV: 0.765825 0.880072

Position: -1.62496 0.743045 -2.73165
Normal: -1 5.75772e-008 -9.14715e-008
UV: 0.636905 0.961244

Position: -1.62496 0.743045 -3.92088
Normal: -1 1.43729e-007 0
UV: 0.765234 0.961244

Position: -1.62496 1.06175 -3.54276
Normal: -1 1.45761e-007 0
UV: 0.724431 0.921982

Position: -1.62496 1.06175 -3.92636
Normal: -1 1.60665e-007 0
UV: 0.765825 0.921982

Position: -1.62496 1.06175 -3.54276
Normal: -1 1.45761e-007 0
UV: 0.241136 0.068832

Position: -1.62496 1.40195 -3.92636
Normal: -1 0 0
UV: 0.28578 0.013135

Position: -1.62496 1.40195 -3.54276
Normal: -1 0 -2.09431e-008
UV: 0.241154 0.013122

Position: -1.62496 1.06175 -3.92636
Normal: -1 1.60665e-007 0
UV: 0.285759 0.068833

Position: -0 0.743045 -3.92636
Normal: -0.00026517 -0.00135129 -0.999999
UV: 0.984322 0.573106

Position: -0.992644 1.06175 -3.92636
Normal: -0.000909533 -0.00463707 -0.999989
UV: 0.866857 0.534333

Position: -1.62496 0.743045 -3.92088
Normal: -0.00242673 -0.0123733 -0.999921
UV: 0.79176 0.571337

Position: -1.62496 1.06175 -3.92636
Normal: -0.00151864 -0.00774321 -0.999969
UV: 0.79176 0.533657

Position: -1.42342 0.502383 -0.503776
Normal: 0.000689139 -1 -2.38801e-007
UV: 0.111587 0.195751

Position: -0 0.503363 -0.503775
Normal: 0.000689111 -1 -2.01945e-007
UV: 0.111587 0.17235

Position: -0 0.503363 -3.92636
Normal: 0.000688958 -1 0
UV: 0.0553187 0.17235

Position: -1.62496 1.93825 -0.664953
Normal: -1 -6.32163e-008 0
UV: 0.313367 0.234787

Position: -1.62496 1.95004 -1.83994
Normal: -1 2.5648e-008 1.50224e-008
UV: 0.380822 0.221865

Position: -1.62496 3.38955 -0.664953
Normal: -1 8.40897e-008 0
UV: 0.313696 0.117762

Position: -1.62496 3.39023 -1.83884
Normal: -1 9.06654e-008 0
UV: 0.381204 0.120082

Position: -1.62496 1.75887 -0.503776
Normal: -1 -1.45889e-007 0
UV: 0.682104 0.836074

Position: -1.62496 1.93825 -0.664953
Normal: -1 -6.32163e-008 0
UV: 0.690049 0.813879

Position: -1.62496 1.95004 -1.83994
Normal: -1 2.5648e-008 1.50224e-008
UV: 0.747966 0.81242

Position: -1.62496 1.94528 -2.00111
Normal: -1 1.89134e-008 -7.00225e-009
UV: 0.755911 0.813009

Position: -1.62496 3.40245 -1.99972
Normal: -1 -7.61178e-008 0
UV: 0.755842 0.632711

Position: -1.42342 0.502383 -0.503776
Normal: -8.81183e-008 0 1
UV: 0.83562 0.409151

Position: -1.62496 0.503363 -0.503776
Normal: -0 0 1
UV: 0.843019 0.409115

Position: -1.62496 1.75887 -0.503776
Normal: -4.66501e-007 0 1
UV: 0.843019 0.363024

Position: -1.42342 0.502383 -0.503776
Normal: -1 -0.00059377 0.000819235
UV: 0.464158 0.930638

Position: -1.42392 2.80932 -0.503776
Normal: -1 -0.00059377 0.000819235
UV: 0.464158 0.685461

Position: -1.42168 0.502383 0.559113
Normal: -1 -0.00059377 0.000819235
UV: 0.350796 0.930638

Position: -1.42392 2.80932 0.559424
Normal: -1 -0.00059377 0.000819235
UV: 0.350763 0.685461

Position: -1.62496 0.503363 0.558801
Normal: 0.00237863 6.25785e-005 -0.999997
UV: 0.895728 0.330551

Position: -1.42392 2.80932 0.559424
Normal: 0.000793446 -0.000871207 -0.999999
UV: 0.890516 0.390331

Position: -1.62496 3.27352 0.558802
Normal: 0.00026891 -0.00118019 -0.999999
UV: 0.895728 0.402364

Position: -1.42168 0.502383 0.559113
Normal: 0.00237863 6.25785e-005 -0.999997
UV: 0.890458 0.330526

Position: -1.42392 2.80932 -0.503776
Normal: 1.28886e-008 0 1
UV: 0.847359 0.342559

Position: -1.62496 1.75887 -0.503776
Normal: -4.66501e-007 0 1
UV: 0.852571 0.369791

Position: -1.62496 3.50134 -0.503776
Normal: 3.04494e-009 0 1
UV: 0.852571 0.32462

Position: -1.42342 0.502383 -0.503776
Normal: -8.81183e-008 0 1
UV: 0.847346 0.402364

Position: -1.62496 0.503363 -0.503776
Normal: -1 4.96098e-008 5.21193e-008
UV: 0.682104 0.99142

Position: -1.62496 0.503363 -1.47883
Normal: -1 9.01786e-007 0
UV: 0.730166 0.99142

Position: -1.62496 0.774513 -1.48138
Normal: -1 4.43863e-007 1.50125e-007
UV: 0.730292 0.95787

Position: -1.62496 1.94528 -2.00111
Normal: -1 1.89134e-008 -7.00225e-009
UV: 0.558073 0.813138

Position: -0 0.503363 0.558804
Normal: 0.00068954 -1 -2.89358e-007
UV: 0.129056 0.17235

Position: -1.62496 3.50134 -1.9115
Normal: -1 -2.90412e-008 0
UV: 0.548403 0.621443

Position: -1.62496 3.40245 -1.99972
Normal: -1 -7.61178e-008 0
UV: 0.557923 0.633626

Position: -1.62496 0.777359 2.55926
Normal: -1 0 -1.10847e-007
UV: 0.237787 0.955895

Position: -1.62496 0.503363 2.55835
Normal: -1 0 0
UV: 0.237908 0.992511

Position: -1.28635 0.777359 2.55926
Normal: -1 4.54203e-008 1.55582e-008
UV: 0.694247 0.297657

Position: -1.28635 1.03482 2.77107
Normal: -1 1.5941e-006 5.46041e-007
UV: 0.692466 0.29867

Position: -1.28635 1.1199 3.13151
Normal: -1 3.74306e-008 1.28214e-008
UV: 0.691792 0.301673

Position: -1.28635 0.503363 2.55835
Normal: -1 0 0
UV: 0.695624 0.297512

Position: -1.28635 1.02224 3.45811
Normal: -1 0 0
UV: 0.692405 0.303879

Position: -1.28635 0.777038 3.65599
Normal: -1 0 0
UV: 0.694184 0.30481

Position: -1.28635 0.503363 3.65602
Normal: -1 0 0
UV: 0.695624 0.304806

Position: -1.62496 0.503363 -2.62378
Normal: -1 5.35631e-007 0
UV: 0.625265 0.990771

Position: -1.62496 0.776249 -2.62232
Normal: -1 3.23297e-008 -1.61237e-007
UV: 0.625107 0.957154

Position: -1.62496 0.503363 -2.73165
Normal: -1 8.74799e-008 0
UV: 0.636905 0.990771

Position: -1.28635 0.503363 -1.47883
Normal: -1 5.14476e-007 0
UV: 0.699994 0.305799

Position: -1.28635 0.503363 -2.62378
Normal: -1 -7.79644e-008 -9.66562e-008
UV: 0.699994 0.297512

Position: -1.28635 0.774513 -1.48138
Normal: -1 -5.85316e-008 -4.10346e-008
UV: 0.69806 0.305749

Position: -1.28635 1.02343 -1.69383
Normal: -1 -5.14367e-007 -7.45951e-008
UV: 0.696493 0.30416

Position: -1.28635 1.11892 -2.06571
Normal: -1 -5.1128e-008 -4.54231e-008
UV: 0.695722 0.301294

Position: -1.28635 0.776249 -2.62232
Normal: -1 -1.21451e-007 -1.87184e-007
UV: 0.6984 0.297598

Position: -1.28635 1.01396 -2.43546
Normal: -1 -1.7459e-006 1.8326e-007
UV: 0.696757 0.298541

Position: -1.62496 1.02343 -1.69383
Normal: -1 3.54514e-007 1.45712e-007
UV: 0.740764 0.927072

Position: -1.62496 1.01396 -2.43546
Normal: -1 0 -6.65389e-008
UV: 0.604943 0.92787

Position: -1.62496 1.11892 -2.06571
Normal: -1 2.81447e-008 -3.51769e-008
UV: 0.565044 0.914939

Position: -1.62496 1.95004 -1.83994
Normal: -1 2.5648e-008 1.50224e-008
UV: 0.540681 0.812551

Position: -1.62496 1.02343 -1.69383
Normal: -1 3.54514e-007 1.45712e-007
UV: 0.524915 0.926703

Position: -1.28635 1.03482 2.77107
Normal: -0 -0.635314 0.772254
UV: 0.697339 0.309006

Position: -1.62496 0.777359 2.55926
Normal: -0 -0.635314 0.772254
UV: 0.694976 0.307225

Position: -1.62496 1.03482 2.77107
Normal: -0 -0.635314 0.772254
UV: 0.694976 0.309006

Position: -1.28635 0.777359 2.55926
Normal: -0 -0.635314 0.772254
UV: 0.697339 0.307225

Position: -1.62496 1.1199 3.13151
Normal: -0 -0.973258 0.229715
UV: 0.68766 0.307773

Position: -1.28635 1.03482 2.77107
Normal: -0 -0.973258 0.229715
UV: 0.690023 0.30477

Position: -1.62496 1.03482 2.77107
Normal: -0 -0.973258 0.229715
UV: 0.68766 0.30477

Position: -1.28635 1.1199 3.13151
Normal: -0 -0.973258 0.229715
UV: 0.690023 0.307773

Position: -1.28635 0.777359 2.55926
Normal: -0 -0.0033057 0.999995
UV: 0.697339 0.307225

Position: -1.62496 0.503363 2.55835
Normal: -0 -0.0033057 0.999995
UV: 0.694976 0.305848

Position: -1.62496 0.777359 2.55926
Normal: -0 -0.0033057 0.999995
UV: 0.694976 0.307225

Position: -1.28635 0.503363 2.55835
Normal: -0 -0.0033057 0.999995
UV: 0.697339 0.305848

Position: -1.28635 1.02224 3.45811
Normal: -0 -0.958088 -0.286475
UV: 0.690023 0.309979

Position: -1.62496 1.1199 3.13151
Normal: -0 -0.958088 -0.286475
UV: 0.68766 0.307773

Position: -1.62496 1.02224 3.45811
Normal: -0 -0.958088 -0.286475
UV: 0.68766 0.309979

Position: -1.28635 1.1199 3.13151
Normal: -0 -0.958088 -0.286475
UV: 0.690023 0.307773

Position: -1.28635 0.777038 3.65599
Normal: -0 -0.628009 -0.778206
UV: 0.6949 0.306638

Position: -1.62496 1.02224 3.45811
Normal: -0 -0.628009 -0.778206
UV: 0.692538 0.304859

Position: -1.62496 0.777038 3.65599
Normal: -0 -0.628009 -0.778206
UV: 0.692538 0.306638

Position: -1.28635 1.02224 3.45811
Normal: -0 -0.628009 -0.778206
UV: 0.6949 0.304859

Position: -1.28635 0.503363 3.65602
Normal: -0 -0.000117609 -1
UV: 0.6949 0.308078

Position: -1.62496 0.777038 3.65599
Normal: -0 -0.000117609 -1
UV: 0.692538 0.306638

Position: -1.62496 0.503363 3.65602
Normal: -0 -0.000117609 -1
UV: 0.692538 0.308078

Position: -1.28635 0.777038 3.65599
Normal: -0 -0.000117609 -1
UV: 0.6949 0.306638

Position: -1.28635 0.776249 -2.62232
Normal: -0 -0.00536965 0.999986
UV: 0.692462 0.306453

Position: -1.62496 0.503363 -2.62378
Normal: -0 -0.00536965 0.999986
UV: 0.690099 0.304859

Position: -1.62496 0.776249 -2.62232
Normal: -0 -0.00536965 0.999986
UV: 0.690099 0.306453

Position: -1.28635 0.503363 -2.62378
Normal: -0 -0.00536965 0.999986
UV: 0.692462 0.304859

Position: -1.28635 1.01396 -2.43546
Normal: -0 -0.618003 0.786176
UV: 0.692462 0.308096

Position: -1.62496 0.776249 -2.62232
Normal: -0 -0.618003 0.786176
UV: 0.690099 0.306453

Position: -1.62496 1.01396 -2.43546
Normal: -0 -0.618003 0.786176
UV: 0.690099 0.308096

Position: -1.28635 0.776249 -2.62232
Normal: -0 -0.618003 0.786176
UV: 0.692462 0.306453

Position: -1.28635 1.11892 -2.06571
Normal: -0 -0.961989 0.27309
UV: 0.691714 0.300265

Position: -1.62496 1.01396 -2.43546
Normal: -0 -0.961989 0.27309
UV: 0.689351 0.297512

Position: -1.62496 1.11892 -2.06571
Normal: -0 -0.961989 0.27309
UV: 0.689351 0.300265

Position: -1.28635 1.01396 -2.43546
Normal: -0 -0.961989 0.27309
UV: 0.691714 0.297512

Position: -1.28635 1.02343 -1.69383
Normal: -0 -0.968574 -0.248727
UV: 0.691714 0.303131

Position: -1.62496 1.11892 -2.06571
Normal: -0 -0.968574 -0.248727
UV: 0.689351 0.300265

Position: -1.62496 1.02343 -1.69383
Normal: -0 -0.968574 -0.248727
UV: 0.689351 0.303131

Position: -1.28635 1.11892 -2.06571
Normal: -0 -0.968574 -0.248727
UV: 0.691714 0.300265

Position: -1.28635 0.774513 -1.48138
Normal: -0 -0.649199 -0.760619
UV: 0.691714 0.304721

Position: -1.62496 1.02343 -1.69383
Normal: -0 -0.649199 -0.760619
UV: 0.689351 0.303131

Position: -1.62496 0.774513 -1.48138
Normal: -0 -0.649199 -0.760619
UV: 0.689351 0.304721

Position: -1.28635 1.02343 -1.69383
Normal: -0 -0.649199 -0.760619
UV: 0.691714 0.303131

Position: -1.62496 0.503363 -1.47883
Normal: -0 -0.00942246 -0.999956
UV: 0.697415 0.305848

Position: -1.28635 0.774513 -1.48138
Normal: -0 -0.00942246 -0.999956
UV: 0.699349 0.308211

Position: -1.62496 0.774513 -1.48138
Normal: -0 -0.00942246 -0.999956
UV: 0.699349 0.305848

Position: -1.28635 0.503363 -1.47883
Normal: -0 -0.00942246 -0.999956
UV: 0.697415 0.308211

Position: -1.62496 1.03482 2.77107
Normal: -1 0 -1.03492e-007
UV: 0.209481 0.921487

Position: -0 0.503363 2.30837
Normal: -0 -1 2.4286e-007
UV: 0.15782 0.17235

Position: -1.62496 0.503363 2.30837
Normal: -0 -1 2.4286e-007
UV: 0.15782 0.199065

Position: -1.28635 0.503363 2.55835
Normal: -0 -1 2.4286e-007
UV: 0.162786 0.193498

Position: -1.62496 0.503363 2.55835
Normal: -0 -1 2.4286e-007
UV: 0.162786 0.199064

Position: -1.28635 0.503363 3.65602
Normal: -0 -1 -2.3961e-007
UV: 0.179971 0.193498

Position: -1.62496 0.503363 3.65602
Normal: -0 -1 -2.3961e-007
UV: 0.179971 0.199065

Position: -1.42342 0.502383 -0.503776
Normal: -0.00181557 -0.999998 -0.000630597
UV: 0.137516 0.156085

Position: -1.62496 0.503363 -1.47883
Normal: -0.00181557 -0.999998 -0.000630597
UV: 0.148255 0.206618

Position: -1.62496 0.503363 -0.503776
Normal: -0.00181557 -0.999998 -0.000630597
UV: 0.148255 0.156085

Position: -1.28635 0.503363 -1.47883
Normal: -0.00181557 -0.999998 -0.000630598
UV: 0.130213 0.206618

Position: -1.28635 0.503363 -1.47883
Normal: -0.00261264 -0.999996 -0.00137325
UV: 0.0959956 0.193498

Position: -1.42342 0.502383 -0.503776
Normal: -0.00261264 -0.999996 -0.00137325
UV: 0.111587 0.195751

Position: -0 0.503363 -3.92636
Normal: -0.00261264 -0.999996 -0.00137325
UV: 0.0553187 0.17235

Position: -1.28635 0.503363 -2.62378
Normal: 5.2715e-008 -1 8.09397e-008
UV: 0.07647 0.193498

Position: -1.28635 0.503363 -1.47883
Normal: 5.2715e-008 -1 8.09397e-008
UV: 0.0959956 0.193498

Position: -0 0.503363 -3.92636
Normal: 5.2715e-008 -1 8.09397e-008
UV: 0.0553187 0.17235

Position: -1.62496 0.503363 -3.92088
Normal: -0 -1 4.6771e-008
UV: 0.0554088 0.199064

Position: -1.62496 0.503363 -2.62378
Normal: -0 -1 4.6771e-008
UV: 0.0764699 0.199064

Position: -1.36248 0.633229 3.11228
Normal: -0 0.707107 0.707107
UV: 0.481887 0.345815

Position: 1.36248 0.633229 3.11228
Normal: -0 0.707107 0.707107
UV: 0.483162 0.345815

Position: 1.36248 0.531901 3.21361
Normal: -0 0.707107 0.707107
UV: 0.483162 0.34454

Position: -1.36248 0.531901 3.21361
Normal: -0 0.707107 0.707107
UV: 0.481887 0.34454

Position: -1.36248 0.531901 3.01095
Normal: -0 0.707107 -0.707107
UV: 0.481887 0.34709

Position: 1.36248 0.531901 3.01095
Normal: -0 0.707107 -0.707107
UV: 0.483162 0.34709

Position: 1.36248 0.633229 3.11228
Normal: -0 0.707107 -0.707107
UV: 0.483162 0.345815

Position: -1.36248 0.633229 3.11228
Normal: -0 0.707107 -0.707107
UV: 0.481887 0.345815

Position: -1.36248 0.430572 3.11228
Normal: -0 -0.707107 -0.707107
UV: 0.481887 0.348365

Position: 1.36248 0.430572 3.11228
Normal: -0 -0.707107 -0.707107
UV: 0.483162 0.348365

Position: 1.36248 0.531901 3.01095
Normal: -0 -0.707107 -0.707107
UV: 0.483162 0.34709

Position: -1.36248 0.531901 3.01095
Normal: -0 -0.707107 -0.707107
UV: 0.481887 0.34709

Position: -1.36248 0.531901 3.21361
Normal: -0 -0.707107 0.707107
UV: 0.481887 0.34964

Position: 1.36248 0.531901 3.21361
Normal: -0 -0.707107 0.707107
UV: 0.483162 0.34964

Position: 1.36248 0.430572 3.11228
Normal: -0 -0.707107 0.707107
UV: 0.483162 0.348365

Position: -1.36248 0.430572 3.11228
Normal: -0 -0.707107 0.707107
UV: 0.481887 0.348365

Position: -1.36248 0.633229 -2.05816
Normal: -0 0.707107 0.707107
UV: 0.481887 0.345815

Position: 1.36248 0.633229 -2.05816
Normal: -0 0.707107 0.707107
UV: 0.483162 0.345815

Position: 1.36248 0.531901 -1.95683
Normal: -0 0.707107 0.707107
UV: 0.483162 0.34454

Position: -1.36248 0.531901 -1.95683
Normal: -0 0.707107 0.707107
UV: 0.481887 0.34454

Position: -1.36248 0.531901 -2.15949
Normal: -0 0.707107 -0.707107
UV: 0.481887 0.34709

Position: 1.36248 0.531901 -2.15949
Normal: -0 0.707107 -0.707107
UV: 0.483162 0.34709

Position: 1.36248 0.633229 -2.05816
Normal: -0 0.707107 -0.707107
UV: 0.483162 0.345815

Position: -1.36248 0.633229 -2.05816
Normal: -0 0.707107 -0.707107
UV: 0.481887 0.345815

Position: -1.36248 0.430572 -2.05816
Normal: -0 -0.707107 -0.707107
UV: 0.481887 0.348365

Position: 1.36248 0.430572 -2.05816
Normal: -0 -0.707107 -0.707107
UV: 0.483162 0.348365

Position: 1.36248 0.531901 -2.15949
Normal: -0 -0.707107 -0.707107
UV: 0.483162 0.34709

Position: -1.36248 0.531901 -2.15949
Normal: -0 -0.707107 -0.707107
UV: 0.481887 0.34709

Position: -1.36248 0.531901 -1.95683
Normal: -0 -0.707107 0.707107
UV: 0.481887 0.34964

Position: 1.36248 0.531901 -1.95683
Normal: -0 -0.707107 0.707107
UV: 0.483162 0.34964

Position: 1.36248 0.430572 -2.05816
Normal: -0 -0.707107 0.707107
UV: 0.483162 0.348365

Position: -1.36248 0.430572 -2.05816
Normal: -0 -0.707107 0.707107
UV: 0.481887 0.348365

Position: 2.06214 2.42393 -3.74689
Normal: -0 0.813086 -0.582144
UV: 0.667907 0.376378

Position: 1.68927 2.42393 -3.74689
Normal: -0 0.813086 -0.582144
UV: 0.711283 0.376378

Position: 1.74598 2.31747 -3.89559
Normal: -0 0.813086 -0.582144
UV: 0.704686 0.355103

Position: 2.00542 2.31747 -3.89559
Normal: -0 0.813086 -0.582144
UV: 0.674504 0.355103

Position: 2.00542 1.83042 -3.89559
Normal: -0 0 -1
UV: 0.65635 0.248456

Position: 2.00542 2.31747 -3.89559
Normal: -0 0 -1
UV: 0.71301 0.248456

Position: 1.74598 1.83042 -3.89559
Normal: -0 0 -1
UV: 0.65635 0.218274

Position: 1.74598 2.31747 -3.89559
Normal: -0 0 -1
UV: 0.71301 0.218274

Position: 2.06214 1.72396 -3.74689
Normal: -0 -0.813085 -0.582145
UV: 0.704845 0.313292

Position: 1.74598 1.83042 -3.89559
Normal: -0 -0.813085 -0.582145
UV: 0.668066 0.292019

Position: 1.68927 1.72396 -3.74689
Normal: -0 -0.813085 -0.582145
UV: 0.661471 0.313294

Position: 2.00542 1.83042 -3.89559
Normal: -0 -0.813085 -0.582145
UV: 0.698248 0.292019

Position: 2.06214 2.42393 -3.74689
Normal: -0 0 1
UV: 0.944324 0.0490045

Position: 2.06214 1.72396 -3.74689
Normal: -0 0 1
UV: 0.862895 0.0490045

Position: 1.68927 2.42393 -3.74689
Normal: -0 0 1
UV: 0.944324 0.0923805

Position: 1.68927 1.72396 -3.74689
Normal: -0 0 1
UV: 0.862895 0.0923805

Position: 1.68927 2.42393 -3.74689
Normal: -0.934349 0 -0.356359
UV: 0.842331 0.253848

Position: 1.68927 1.72396 -3.74689
Normal: -0.934349 0 -0.356359
UV: 0.760901 0.253848

Position: 1.74598 1.83042 -3.89559
Normal: -0.934349 0 -0.356359
UV: 0.773286 0.272361

Position: 1.74598 2.31747 -3.89559
Normal: -0.934349 0 -0.356359
UV: 0.829945 0.272361

Position: 2.06214 2.42393 -3.74689
Normal: 0.934351 0 -0.356355
UV: 0.760784 0.253853

Position: 2.00542 1.83042 -3.89559
Normal: 0.934351 0 -0.356355
UV: 0.829827 0.272367

Position: 2.06214 1.72396 -3.74689
Normal: 0.934351 0 -0.356355
UV: 0.842212 0.253853

Position: 2.00542 2.31747 -3.89559
Normal: 0.934351 0 -0.356355
UV: 0.773169 0.272367

Position: 1.73421 3.20449 1.52404
Normal: -0 0 1
UV: 0.830741 0.214244

Position: 1.61888 2.96213 1.52404
Normal: -0 0 1
UV: 0.863126 0.197728

Position: 1.61888 3.20449 1.52404
Normal: -0 0 1
UV: 0.863126 0.214244

Position: 1.73421 2.96213 1.52404
Normal: -0 0 1
UV: 0.830741 0.197728

Position: 1.73421 3.20449 0.786473
Normal: -0 1 0
UV: 0.782802 0.171433

Position: 1.73421 3.20449 1.52404
Normal: -0 1 0
UV: 0.830741 0.171433

Position: 1.61888 3.20449 1.52404
Normal: -0 1 0
UV: 0.830741 0.186941

Position: 1.61888 3.20449 0.786473
Normal: -0 1 0
UV: 0.782802 0.186941

Position: 1.73421 2.96213 0.786473
Normal: -0 0 -1
UV: 0.782802 0.197728

Position: 1.61888 3.20449 0.786473
Normal: -0 0 -1
UV: 0.750418 0.214244

Position: 1.61888 2.96213 0.786473
Normal: -0 0 -1
UV: 0.750418 0.197728

Position: 1.73421 3.20449 0.786473
Normal: -0 0 -1
UV: 0.782802 0.214244

Position: 1.73421 2.96213 1.52404
Normal: -0 -1 0
UV: 0.830741 0.214263

Position: 1.61888 2.96213 0.786473
Normal: -0 -1 0
UV: 0.782802 0.198307

Position: 1.61888 2.96213 1.52404
Normal: -0 -1 0
UV: 0.830741 0.198307

Position: 1.73421 2.96213 0.786473
Normal: -0 -1 0
UV: 0.782802 0.214263

Position: 1.73421 3.20449 0.786473
Normal: 1 0 0
UV: 0.782802 0.214244

Position: 1.73421 2.96213 1.52404
Normal: 1 0 0
UV: 0.830741 0.197728

Position: 1.73421 3.20449 1.52404
Normal: 1 0 0
UV: 0.830741 0.214244

Position: 1.73421 2.96213 0.786473
Normal: 1 0 0
UV: 0.782802 0.197728

Position: 1.73421 3.20449 3.8562
Normal: -0 0 1
UV: 0.830741 0.214244

Position: 1.61888 2.96213 3.8562
Normal: -0 0 1
UV: 0.863126 0.197728

Position: 1.61888 3.20449 3.8562
Normal: -0 0 1
UV: 0.863126 0.214244

Position: 1.73421 2.96213 3.8562
Normal: -0 0 1
UV: 0.830741 0.197728

Position: 1.73421 3.20449 3.11863
Normal: -0 1 0
UV: 0.782802 0.171433

Position: 1.73421 3.20449 3.8562
Normal: -0 1 0
UV: 0.830741 0.171433

Position: 1.61888 3.20449 3.8562
Normal: -0 1 0
UV: 0.830741 0.186941

Position: 1.61888 3.20449 3.11863
Normal: -0 1 0
UV: 0.782802 0.186941

Position: 1.73421 2.96213 3.11863
Normal: -0 0 -1
UV: 0.782802 0.197728

Position: 1.61888 3.20449 3.11863
Normal: -0 0 -1
UV: 0.750418 0.214244

Position: 1.61888 2.96213 3.11863
Normal: -0 0 -1
UV: 0.750418 0.197728

Position: 1.73421 3.20449 3.11863
Normal: -0 0 -1
UV: 0.782802 0.214244

Position: 1.73421 2.96213 3.8562
Normal: -0 -1 0
UV: 0.830741 0.214263

Position: 1.61888 2.96213 3.11863
Normal: -0 -1 0
UV: 0.782802 0.198307

Position: 1.61888 2.96213 3.8562
Normal: -0 -1 0
UV: 0.830741 0.198307

Position: 1.73421 2.96213 3.11863
Normal: -0 -1 0
UV: 0.782802 0.214263

Position: 1.73421 3.20449 3.11863
Normal: 1 0 0
UV: 0.782802 0.214244

Position: 1.73421 2.96213 3.8562
Normal: 1 0 0
UV: 0.830741 0.197728

Position: 1.73421 3.20449 3.8562
Normal: 1 0 0
UV: 0.830741 0.214244

Position: 1.73421 2.96213 3.11863
Normal: 1 0 0
UV: 0.782802 0.197728

Position: 1.59174 3.47982 -2.74173
Normal: 1 0 0
UV: 0.75217 0.217537

Position: 1.59174 3.7825 -2.74173
Normal: 1 0 0
UV: 0.741257 0.217537

Position: 1.59174 3.47982 -3.08528
Normal: 1 0 0
UV: 0.752154 0.201502

Position: 1.59174 3.7825 -3.08528
Normal: 1 0 0
UV: 0.741272 0.201502

Position: 1.59174 3.7825 -3.08528
Normal: -0 1 0
UV: 0.752148 0.184599

Position: 1.59174 3.7825 -2.74173
Normal: -0 1 0
UV: 0.752148 0.174583

Position: 1.59174 3.47982 -3.08528
Normal: -0 0 -1
UV: 0.752154 0.201502

Position: 1.59174 3.7825 -3.08528
Normal: -0 0 -1
UV: 0.752124 0.194936

Position: 1.59174 3.47982 -3.08528
Normal: -0 -1 0
UV: 0.752154 0.201502

Position: 1.59174 3.47982 -2.74173
Normal: -0 -1 0
UV: 0.75217 0.217537

Position: 1.62496 1.40195 3.7786
Normal: 1 0 0
UV: 0.0748359 0.872425

Position: 1.62496 1.40195 4.07841
Normal: 1 0 0
UV: 0.0347698 0.872425

Position: 1.62496 3.27352 4.07841
Normal: 1 0 0
UV: 0.03477 0.622311

Position: 1.62496 0.503363 4.07841
Normal: 1 0 0
UV: 0.731073 0.067502

Position: 1.62496 0.743045 4.07841
Normal: 1 0 0
UV: 0.731072 0.095382

Position: 1.62496 0.743045 3.87418
Normal: 1 -5.86303e-009 0
UV: 0.707314 0.0953798

Position: 1.62496 0.503363 3.87418
Normal: 1 -1.32416e-008 0
UV: 0.707321 0.0675151

Position: 1.62496 0.503363 4.07841
Normal: -0 -1 0
UV: 0.18692 0.199064

Position: 1.62496 0.503363 3.87418
Normal: -0 -1 0
UV: 0.183563 0.199065

Position: 1.62496 0.743045 4.07841
Normal: -0 0 1
UV: 0.731072 0.095382

Position: 1.62496 0.503363 4.07841
Normal: -0 0 1
UV: 0.731073 0.067502

Position: 1.62496 0.743045 4.07841
Normal: -0 0 1
UV: 0.98698 0.959526

Position: 0.992644 1.06175 4.07841
Normal: -2.778e-007 0 1
UV: 0.904022 0.917055

Position: 1.62496 1.06175 4.07841
Normal: -0 0 1
UV: 0.98698 0.916596

Position: 1.62496 1.06175 4.07841
Normal: 1 0 0
UV: 0.032262 0.0686291

Position: 1.62496 1.40195 4.07841
Normal: 1 0 0
UV: 0.032287 0.0129501

Position: 1.62496 1.40195 3.7786
Normal: 1 0 0
UV: 0.067166 0.0129631

Position: 1.62496 1.06175 3.7786
Normal: 1 0 0
UV: 0.067139 0.0686411

Position: 1.62496 1.06175 4.07841
Normal: 1 0 0
UV: 0.0347698 0.917889

Position: 1.62496 0.743045 3.87418
Normal: 1 -5.86303e-009 0
UV: 0.0620632 0.96048

Position: 1.62496 0.743045 4.07841
Normal: 1 0 0
UV: 0.0347699 0.96048

Position: 1.62496 1.06175 3.7786
Normal: 1 0 0
UV: 0.0748359 0.917889

Position: 1.62496 1.06175 4.07841
Normal: -0 0 1
UV: 0.22643 0.0695481

Position: 0.992644 1.06175 4.07841
Normal: -2.778e-007 0 1
UV: 0.152869 0.0695481

Position: 1.62496 1.40195 4.07841
Normal: -0 0 1
UV: 0.226429 0.0138221

Position: 0.992644 1.40195 4.07841
Normal: -1.86821e-007 0 1
UV: 0.152868 0.0138351

Position: 1.62496 3.27352 4.07841
Normal: -0 0 1
UV: 0.98698 0.626854

Position: 0.992644 1.40195 4.07841
Normal: -1.86821e-007 0 1
UV: 0.903743 0.872533

Position: 1.62496 1.40195 4.07841
Normal: -0 0 1
UV: 0.98698 0.87201

Position: 1.62496 3.27352 2.30837
Normal: -0 1 0
UV: 0.20689 0.58653

Position: -1.62496 3.27352 2.30837
Normal: -0 1 0
UV: 0.20689 0.58653

Position: -1.62496 3.27352 0.558802
Normal: -0 1 0
UV: 0.361859 0.586487

Position: 1.62496 3.27352 0.558802
Normal: -0 1 0
UV: 0.361859 0.586487

Position: 1.62496 0.503363 2.30837
Normal: 1 1.33443e-008 0
UV: 0.271316 0.992511

Position: 1.62496 3.27352 0.558802
Normal: 1 1.38457e-008 0
UV: 0.0355299 0.622311

Position: 1.62496 0.503363 0.558801
Normal: 1 1.38457e-008 0
UV: 0.03553 0.992511

Position: 1.62496 3.27352 2.30837
Normal: 1 9.82905e-009 4.92486e-010
UV: 0.271316 0.622311

Position: 1.42168 0.502383 0.559113
Normal: -6.58254e-005 -1 0.000253298
UV: 0.129062 0.195723

Position: -0 0.503363 2.30837
Normal: 7.78292e-005 -1 0.000311897
UV: 0.15782 0.17235

Position: 1.62496 0.503363 2.30837
Normal: 0.000536457 -1 0.000498252
UV: 0.15782 0.199065

Position: 1.62496 0.503363 0.558801
Normal: 0.000536457 -1 0.000498252
UV: 0.129057 0.199064

Position: -0 3.27352 4.07841
Normal: -0 1 0
UV: 0.0500632 0.426212

Position: 1.62496 1.1199 3.13151
Normal: 1 0 4.13165e-008
UV: 0.161312 0.910118

Position: 1.62496 0.777038 3.65599
Normal: 1 -7.4868e-009 0
UV: 0.0912214 0.955937

Position: 1.62496 1.02224 3.45811
Normal: 1 0 0
UV: 0.117665 0.923169

Position: 1.62496 0.503363 3.65602
Normal: 1 -2.48165e-008 0
UV: 0.091217 0.992511

Position: 1.62496 0.503363 3.87418
Normal: 1 -1.32416e-008 0
UV: 0.0620631 0.992511

Position: 1.62496 0.503363 -3.92088
Normal: 1 0 0
UV: 0.727756 0.079473

Position: 1.62496 0.743045 -3.92088
Normal: 1 1.39374e-007 0
UV: 0.727881 0.051597

Position: 1.62496 0.503363 -4.07293
Normal: 1 0 0
UV: 0.745582 0.079469

Position: 1.62496 0.743045 -4.07293
Normal: 1 0 0
UV: 0.745567 0.051582

Position: -1.52079 1.95722 -3.88133
Normal: -6.83949e-008 0.421897 -0.906644
UV: 0.266255 0.262173

Position: 1.52079 1.95722 -3.88133
Normal: -0 0.421897 -0.906644
UV: 0.266255 0.262173

Position: 1.52079 3.40458 -3.20782
Normal: -0 0.421896 -0.906644
UV: 0.266228 0.105016

Position: -1.52079 3.40458 -3.20782
Normal: -6.39168e-008 0.421896 -0.906644
UV: 0.266228 0.105016

Position: 1.62496 1.40195 -3.92636
Normal: -0 0 -1
UV: 0.79176 0.493368

Position: 1.62496 1.86046 -3.92636
Normal: -0 0 -1
UV: 0.79176 0.441027

Position: 0.992644 1.40195 -3.92636
Normal: -0 0 -1
UV: 0.867239 0.494099

Position: 1.62496 0.743045 -4.07293
Normal: -0 1 0
UV: 0.586844 0.116847

Position: 1.62496 0.743045 -3.92088
Normal: -0 1 0
UV: 0.586842 0.099153

Position: -0 0.503363 -4.07841
Normal: 0.00337282 0 -0.999994
UV: 0.935091 0.079326

Position: 1.62496 0.503363 -4.07293
Normal: 0.00337282 0 -0.999994
UV: 0.745582 0.079469

Position: 1.62496 0.743045 -4.07293
Normal: 0.00337282 0 -0.999994
UV: 0.745567 0.051582

Position: -0 0.743045 -4.07841
Normal: 0.00337282 0 -0.999994
UV: 0.935068 0.051441

Position: 1.62496 0.503363 -3.92088
Normal: -0 -1 0
UV: 0.575579 0.149474

Position: 1.62496 0.503363 -4.07293
Normal: -0 -1 0
UV: 0.575629 0.134505

Position: 1.52079 3.40458 -3.20782
Normal: -0 0.421896 -0.906644
UV: 0.650446 0.435113

Position: 1.62496 3.50134 -3.16279
Normal: -0 0.421888 -0.906648
UV: 0.660928 0.424834

Position: 1.62496 1.86046 -3.92636
Normal: -0 0.421893 -0.906646
UV: 0.48278 0.424951

Position: 1.52079 1.95722 -3.88133
Normal: -0 0.421897 -0.906644
UV: 0.493274 0.435217

Position: -0 1.86046 -3.92636
Normal: -0 0.421884 -0.90665
UV: 0.482311 0.585302

Position: 1.62496 3.50134 -0.503776
Normal: -0 1 0
UV: 0.361859 0.586487

Position: -1.62496 3.50134 -0.503776
Normal: -0 1 0
UV: 0.361859 0.586487

Position: -1.62496 3.50134 -1.9115
Normal: -0 1 0
UV: 0.500443 0.586448

Position: 1.62496 3.50134 -1.9115
Normal: -0 1 0
UV: 0.500443 0.586448

Position: 1.62496 0.743045 -2.73165
Normal: 1 -2.4183e-008 -9.14715e-008
UV: 0.588832 0.051676

Position: 1.62496 0.503363 -2.73165
Normal: 1 6.56099e-008 0
UV: 0.58889 0.079569

Position: 1.62496 1.94528 -2.00111
Normal: 1 -1.53247e-008 -7.00225e-009
UV: 0.0237379 0.258833

Position: 1.62496 3.40245 -3.10013
Normal: 1 -1.02543e-007 0
UV: 0.132141 0.11523

Position: 1.62496 1.94528 -3.77821
Normal: 1 -4.40262e-008 0
UV: 0.199095 0.258589

Position: 1.62496 3.40245 -1.99972
Normal: 1 -1.11929e-007 0
UV: 0.0242293 0.11538

Position: 1.62496 1.94528 -3.77821
Normal: 1 -4.40262e-008 0
UV: 0.749838 0.813138

Position: 1.62496 3.50134 -3.16279
Normal: 1 -4.2023e-007 0
UV: 0.683429 0.621443

Position: 1.62496 1.86046 -3.92636
Normal: 1 -7.93819e-008 0
UV: 0.765825 0.823587

Position: 1.62496 3.40245 -3.10013
Normal: 1 -1.02543e-007 0
UV: 0.676668 0.633626

Position: 1.62496 3.38955 -0.664953
Normal: 1 1.73435e-007 0
UV: 0.690049 0.634308

Position: 1.62496 3.50134 -1.9115
Normal: 1 5.69626e-007 0
UV: 0.751494 0.620475

Position: 1.62496 3.39023 -1.83884
Normal: 1 1.64473e-007 0
UV: 0.747912 0.634223

Position: 1.62496 3.50134 -0.503776
Normal: 1 4.44458e-007 0
UV: 0.682104 0.620475

Position: 1.62496 1.40195 -3.92636
Normal: -0 0 -1
UV: 0.107343 0.0144721

Position: 0.992644 1.06175 -3.92636
Normal: 0.000909451 -0.00463707 -0.999989
UV: 0.180913 0.0701771

Position: 1.62496 1.06175 -3.92636
Normal: 0.00151864 -0.00774321 -0.999969
UV: 0.107352 0.0701811

Position: 0.992644 1.40195 -3.92636
Normal: -0 0 -1
UV: 0.180903 0.0144681

Position: 1.62496 1.40195 -3.54276
Normal: 1 1.22226e-008 -2.09431e-008
UV: 0.724431 0.880072

Position: 1.62496 1.40195 -3.92636
Normal: 1 -5.54619e-008 0
UV: 0.765825 0.880072

Position: 1.62496 0.743045 -3.92088
Normal: 1 1.39374e-007 0
UV: 0.765234 0.961244

Position: 1.62496 1.06175 -3.54276
Normal: 1 1.41344e-007 0
UV: 0.724431 0.921982

Position: 1.62496 1.06175 -3.92636
Normal: 1 1.55797e-007 0
UV: 0.765825 0.921982

Position: 1.62496 0.743045 -2.73165
Normal: 1 -2.4183e-008 -9.14715e-008
UV: 0.636905 0.961244

Position: 1.62496 1.06175 -3.54276
Normal: 1 1.41344e-007 0
UV: 0.241136 0.068832

Position: 1.62496 1.40195 -3.54276
Normal: 1 1.22226e-008 -2.09431e-008
UV: 0.241154 0.013122

Position: 1.62496 1.40195 -3.92636
Normal: 1 -5.54619e-008 0
UV: 0.28578 0.013135

Position: 1.62496 1.06175 -3.92636
Normal: 1 1.55797e-007 0
UV: 0.285759 0.068833

Position: -0 0.743045 -3.92636
Normal: 0.000265023 -0.00135129 -0.999999
UV: 0.984322 0.573106

Position: 0.992644 1.06175 -3.92636
Normal: 0.000909451 -0.00463707 -0.999989
UV: 0.866857 0.534333

Position: 1.62496 0.743045 -3.92088
Normal: 0.00242673 -0.0123733 -0.999921
UV: 0.79176 0.571337

Position: 1.62496 1.06175 -3.92636
Normal: 0.00151864 -0.00774321 -0.999969
UV: 0.79176 0.533657

Position: 1.42342 0.502383 -0.503776
Normal: -0.000689139 -1 -2.32106e-007
UV: 0.111587 0.195751

Position: -0 0.503363 -3.92636
Normal: -0.000688958 -1 0
UV: 0.0553187 0.17235

Position: -0 0.503363 -0.503775
Normal: -0.000689111 -1 -1.96283e-007
UV: 0.111587 0.17235

Position: 1.62496 1.93825 -0.664953
Normal: 1 -1.01146e-007 0
UV: 0.313367 0.234787

Position: 1.62496 3.38955 -0.664953
Normal: 1 1.73435e-007 0
UV: 0.313696 0.117762

Position: 1.62496 1.95004 -1.83994
Normal: 1 -2.17376e-008 1.50224e-008
UV: 0.380822 0.221865

Position: 1.62496 3.39023 -1.83884
Normal: 1 1.64473e-007 0
UV: 0.381204 0.120082

Position: 1.62496 1.93825 -0.664953
Normal: 1 -1.01146e-007 0
UV: 0.690049 0.813879

Position: 1.62496 1.75887 -0.503776
Normal: 1 -2.33423e-007 0
UV: 0.682104 0.836074

Position: 1.62496 1.94528 -2.00111
Normal: 1 -1.53247e-008 -7.00225e-009
UV: 0.755911 0.813009

Position: 1.62496 1.95004 -1.83994
Normal: 1 -2.17376e-008 1.50224e-008
UV: 0.747966 0.81242

Position: 1.62496 3.40245 -1.99972
Normal: 1 -1.11929e-007 0
UV: 0.755842 0.632711

Position: 1.62496 3.50134 -0.503776
Normal: -6.08989e-009 0 1
UV: 0.852571 0.32462

Position: 1.42392 2.80932 -0.503776
Normal: -3.34321e-008 0 1
UV: 0.847359 0.342559

Position: 1.42342 0.502383 -0.503776
Normal: -1.03056e-007 0 1
UV: 0.83562 0.409151

Position: 1.62496 1.75887 -0.503776
Normal: 2.16112e-007 0 1
UV: 0.843019 0.363024

Position: 1.62496 0.503363 -0.503776
Normal: -1.77591e-007 0 1
UV: 0.843019 0.409115

Position: 1.42392 2.80932 0.559424
Normal: -0 1 0
UV: 0.275234 0.386973

Position: -1.42392 2.80932 0.559424
Normal: -0 1 0
UV: 0.275234 0.386973

Position: -1.42392 2.80932 -0.503776
Normal: -0 1 0
UV: 0.336067 0.386973

Position: 1.42392 2.80932 -0.503776
Normal: -0 1 0
UV: 0.336067 0.386973

Position: 1.42168 0.502383 0.559113
Normal: 1 -0.000593767 0.000819235
UV: 0.350796 0.930638

Position: 1.42392 2.80932 0.559424
Normal: 1 -0.000593767 0.000819235
UV: 0.350763 0.685461

Position: 1.42392 2.80932 -0.503776
Normal: 1 -0.000593767 0.000819235
UV: 0.464158 0.685461

Position: 1.42342 0.502383 -0.503776
Normal: 1 -0.000593767 0.000819235
UV: 0.464158 0.930638

Position: 1.62496 3.27352 0.558802
Normal: -0.000268917 -0.00118019 -0.999999
UV: 0.904133 0.409151

Position: -1.42392 2.80932 0.559424
Normal: 0.000793446 -0.000871207 -0.999999
UV: 0.896753 0.39211

Position: 1.42392 2.80932 0.559424
Normal: -0.000793465 -0.000871207 -0.999999
UV: 0.896753 0.39211

Position: -1.62496 3.27352 0.558802
Normal: 0.00026891 -0.00118019 -0.999999
UV: 0.904133 0.409151

Position: 1.62496 0.503363 0.558801
Normal: -0.00237868 6.25786e-005 -0.999997
UV: 0.895728 0.330551

Position: 1.42392 2.80932 0.559424
Normal: -0.000793465 -0.000871207 -0.999999
UV: 0.890516 0.390331

Position: 1.42168 0.502383 0.559113
Normal: -0.00237868 6.25786e-005 -0.999997
UV: 0.890458 0.330526

Position: 1.62496 3.27352 0.558802
Normal: -0.000268917 -0.00118019 -0.999999
UV: 0.895728 0.402364

Position: 1.62496 1.75887 -0.503776
Normal: 2.16112e-007 0 1
UV: 0.852571 0.369791

Position: 1.42342 0.502383 -0.503776
Normal: -1.03056e-007 0 1
UV: 0.847346 0.402364

Position: 1.62496 0.503363 -0.503776
Normal: 1 -7.38686e-008 5.21193e-008
UV: 0.682104 0.99142

Position: 1.62496 0.774513 -1.48138
Normal: 1 2.66787e-007 1.50125e-007
UV: 0.730292 0.95787

Position: 1.62496 0.503363 -1.47883
Normal: 1 9.01786e-007 0
UV: 0.730166 0.99142

Position: 1.62496 1.94528 -2.00111
Normal: 1 -1.53247e-008 -7.00225e-009
UV: 0.558073 0.813138

Position: -0 0.503363 0.558804
Normal: -0.00068954 -1 -2.81245e-007
UV: 0.129056 0.17235

Position: -1.62496 3.50134 -3.16279
Normal: -0 1 0
UV: 0.623627 0.586414

Position: 1.62496 3.50134 -3.16279
Normal: -0 1 0
UV: 0.623627 0.586414

Position: 1.62496 3.50134 -1.9115
Normal: 1 5.69626e-007 0
UV: 0.548403 0.621443

Position: 1.62496 3.40245 -1.99972
Normal: 1 -1.11929e-007 0
UV: 0.557923 0.633626

Position: 1.62496 0.503363 2.55835
Normal: 1 0 0
UV: 0.237908 0.992511

Position: 1.62496 0.777359 2.55926
Normal: 1 0 -1.10847e-007
UV: 0.237787 0.955895

Position: 1.28635 0.777359 2.55926
Normal: 1 1.99811e-007 1.55582e-008
UV: 0.694247 0.297657

Position: 1.28635 1.1199 3.13151
Normal: 1 1.9673e-007 1.28214e-008
UV: 0.691792 0.301673

Position: 1.28635 1.03482 2.77107
Normal: 1 7.97052e-007 5.46042e-007
UV: 0.692466 0.29867

Position: 1.28635 0.503363 2.55835
Normal: 1 1.32255e-007 0
UV: 0.695624 0.297512

Position: 1.28635 1.02224 3.45811
Normal: 1 6.85848e-008 0
UV: 0.692405 0.303879

Position: 1.28635 0.777038 3.65599
Normal: 1 0 0
UV: 0.694184 0.30481

Position: 1.28635 0.503363 3.65602
Normal: 1 0 0
UV: 0.695624 0.304806

Position: 1.62496 0.503363 -2.62378
Normal: 1 4.01723e-007 0
UV: 0.625265 0.990771

Position: 1.62496 0.776249 -2.62232
Normal: 1 -1.04597e-007 -1.61237e-007
UV: 0.625107 0.957154

Position: 1.62496 0.503363 -2.73165
Normal: 1 6.56099e-008 0
UV: 0.636905 0.990771

Position: 1.28635 0.503363 -1.47883
Normal: 1 7.67964e-007 0
UV: 0.699994 0.305799

Position: 1.28635 0.774513 -1.48138
Normal: 1 7.50809e-008 -4.10346e-008
UV: 0.69806 0.305749

Position: 1.28635 0.503363 -2.62378
Normal: 1 6.20512e-008 -9.66562e-008
UV: 0.699994 0.297512

Position: 1.28635 1.02343 -1.69383
Normal: 1 -5.14367e-007 -7.45951e-008
UV: 0.696493 0.30416

Position: 1.28635 1.11892 -2.06571
Normal: 1 -3.10396e-008 -4.54231e-008
UV: 0.695722 0.301294

Position: 1.28635 0.776249 -2.62232
Normal: 1 1.59021e-007 -1.87184e-007
UV: 0.6984 0.297598

Position: 1.28635 1.01396 -2.43546
Normal: 1 -1.7459e-006 1.8326e-007
UV: 0.696757 0.298541

Position: 1.62496 1.02343 -1.69383
Normal: 1 1.67841e-007 1.45712e-007
UV: 0.740764 0.927072

Position: 1.62496 1.01396 -2.43546
Normal: 1 6.99376e-008 -6.65389e-008
UV: 0.604943 0.92787

Position: 1.62496 1.11892 -2.06571
Normal: 1 7.76738e-008 -3.51769e-008
UV: 0.565044 0.914939

Position: 1.62496 1.95004 -1.83994
Normal: 1 -2.17376e-008 1.50224e-008
UV: 0.540681 0.812551

Position: 1.62496 1.02343 -1.69383
Normal: 1 1.67841e-007 1.45712e-007
UV: 0.524915 0.926703

Position: 1.28635 1.03482 2.77107
Normal: -0 -0.635313 0.772254
UV: 0.697339 0.309006

Position: 1.62496 1.03482 2.77107
Normal: -0 -0.635313 0.772254
UV: 0.694976 0.309006

Position: 1.62496 0.777359 2.55926
Normal: -0 -0.635313 0.772254
UV: 0.694976 0.307225

Position: 1.28635 0.777359 2.55926
Normal: -0 -0.635313 0.772254
UV: 0.697339 0.307225

Position: 1.62496 1.1199 3.13151
Normal: -0 -0.973258 0.229715
UV: 0.68766 0.307773

Position: 1.28635 1.03482 2.77107
Normal: -0 -0.973258 0.229715
UV: 0.690023 0.30477

Position: 1.28635 1.1199 3.13151
Normal: -0 -0.973258 0.229715
UV: 0.690023 0.307773

Position: 1.62496 1.03482 2.77107
Normal: -0 -0.973258 0.229715
UV: 0.68766 0.30477

Position: 1.28635 0.777359 2.55926
Normal: -0 -0.0033057 0.999995
UV: 0.697339 0.307225

Position: 1.62496 0.777359 2.55926
Normal: -0 -0.0033057 0.999995
UV: 0.694976 0.307225

Position: 1.62496 0.503363 2.55835
Normal: -0 -0.0033057 0.999995
UV: 0.694976 0.305848

Position: 1.28635 0.503363 2.55835
Normal: -0 -0.0033057 0.999995
UV: 0.697339 0.305848

Position: 1.28635 1.02224 3.45811
Normal: -0 -0.958088 -0.286475
UV: 0.690023 0.309979

Position: 1.62496 1.02224 3.45811
Normal: -0 -0.958088 -0.286475
UV: 0.68766 0.309979

Position: 1.62496 1.1199 3.13151
Normal: -0 -0.958088 -0.286475
UV: 0.68766 0.307773

Position: 1.28635 1.1199 3.13151
Normal: -0 -0.958088 -0.286475
UV: 0.690023 0.307773

Position: 1.28635 0.777038 3.65599
Normal: -0 -0.628009 -0.778206
UV: 0.6949 0.306638

Position: 1.62496 0.777038 3.65599
Normal: -0 -0.628009 -0.778206
UV: 0.692538 0.306638

Position: 1.62496 1.02224 3.45811
Normal: -0 -0.628009 -0.778206
UV: 0.692538 0.304859

Position: 1.28635 1.02224 3.45811
Normal: -0 -0.628009 -0.778206
UV: 0.6949 0.304859

Position: 1.28635 0.503363 3.65602
Normal: -0 -0.000117609 -1
UV: 0.6949 0.308078

Position: 1.62496 0.503363 3.65602
Normal: -0 -0.000117609 -1
UV: 0.692538 0.308078

Position: 1.62496 0.777038 3.65599
Normal: -0 -0.000117609 -1
UV: 0.692538 0.306638

Position: 1.28635 0.777038 3.65599
Normal: -0 -0.000117609 -1
UV: 0.6949 0.306638

Position: 1.28635 0.776249 -2.62232
Normal: -0 -0.00536965 0.999986
UV: 0.692462 0.306453

Position: 1.62496 0.776249 -2.62232
Normal: -0 -0.00536965 0.999986
UV: 0.690099 0.306453

Position: 1.62496 0.503363 -2.62378
Normal: -0 -0.00536965 0.999986
UV: 0.690099 0.304859

Position: 1.28635 0.503363 -2.62378
Normal: -0 -0.00536965 0.999986
UV: 0.692462 0.304859

Position: 1.28635 1.01396 -2.43546
Normal: -0 -0.618003 0.786176
UV: 0.692462 0.308096

Position: 1.62496 1.01396 -2.43546
Normal: -0 -0.618003 0.786176
UV: 0.690099 0.308096

Position: 1.62496 0.776249 -2.62232
Normal: -0 -0.618003 0.786176
UV: 0.690099 0.306453

Position: 1.28635 0.776249 -2.62232
Normal: -0 -0.618003 0.786176
UV: 0.692462 0.306453

Position: 1.28635 1.11892 -2.06571
Normal: -0 -0.961989 0.27309
UV: 0.691714 0.300265

Position: 1.62496 1.11892 -2.06571
Normal: -0 -0.961989 0.27309
UV: 0.689351 0.300265

Position: 1.62496 1.01396 -2.43546
Normal: -0 -0.961989 0.27309
UV: 0.689351 0.297512

Position: 1.28635 1.01396 -2.43546
Normal: -0 -0.961989 0.27309
UV: 0.691714 0.297512

Position: 1.28635 1.02343 -1.69383
Normal: -0 -0.968574 -0.248727
UV: 0.691714 0.303131

Position: 1.62496 1.02343 -1.69383
Normal: -0 -0.968574 -0.248727
UV: 0.689351 0.303131

Position: 1.62496 1.11892 -2.06571
Normal: -0 -0.968574 -0.248727
UV: 0.689351 0.300265

Position: 1.28635 1.11892 -2.06571
Normal: -0 -0.968574 -0.248727
UV: 0.691714 0.300265

Position: 1.28635 0.774513 -1.48138
Normal: -0 -0.649199 -0.760619
UV: 0.691714 0.304721

Position: 1.62496 0.774513 -1.48138
Normal: -0 -0.649199 -0.760619
UV: 0.689351 0.304721

Position: 1.62496 1.02343 -1.69383
Normal: -0 -0.649199 -0.760619
UV: 0.689351 0.303131

Position: 1.28635 1.02343 -1.69383
Normal: -0 -0.649199 -0.760619
UV: 0.691714 0.303131

Position: 1.62496 0.503363 -1.47883
Normal: -0 -0.00942246 -0.999956
UV: 0.697415 0.305848

Position: 1.28635 0.774513 -1.48138
Normal: -0 -0.00942246 -0.999956
UV: 0.699349 0.308211

Position: 1.28635 0.503363 -1.47883
Normal: -0 -0.00942246 -0.999956
UV: 0.697415 0.308211

Position: 1.62496 0.774513 -1.48138
Normal: -0 -0.00942246 -0.999956
UV: 0.699349 0.305848

Position: 1.62496 1.03482 2.77107
Normal: 1 0 -1.03492e-007
UV: 0.209481 0.921487

Position: 1.62496 0.503363 2.30837
Normal: -0 -1 1.2143e-007
UV: 0.15782 0.199065

Position: 1.28635 0.503363 2.55835
Normal: -0 -1 1.2143e-007
UV: 0.162786 0.193498

Position: 1.62496 0.503363 2.55835
Normal: -0 -1 1.2143e-007
UV: 0.162786 0.199064

Position: 1.28635 0.503363 3.65602
Normal: -0 -1 -1.19805e-007
UV: 0.179971 0.193498

Position: 1.62496 0.503363 3.65602
Normal: -0 -1 -1.19805e-007
UV: 0.179971 0.199065

Position: 1.62496 0.503363 -1.47883
Normal: 0.00181557 -0.999998 -0.000630597
UV: 0.148255 0.206618

Position: 1.42342 0.502383 -0.503776
Normal: 0.00181557 -0.999998 -0.000630597
UV: 0.137516 0.156085

Position: 1.62496 0.503363 -0.503776
Normal: 0.00181557 -0.999998 -0.000630597
UV: 0.148255 0.156085

Position: 1.28635 0.503363 -1.47883
Normal: 0.00181557 -0.999998 -0.000630598
UV: 0.130213 0.206618

Position: 1.28635 0.503363 -1.47883
Normal: 0.00261264 -0.999996 -0.00137323
UV: 0.0959956 0.193498

Position: -0 0.503363 -3.92636
Normal: 0.00261264 -0.999996 -0.00137323
UV: 0.0553187 0.17235

Position: 1.42342 0.502383 -0.503776
Normal: 0.00261264 -0.999996 -0.00137323
UV: 0.111587 0.195751

Position: 1.28635 0.503363 -2.62378
Normal: -5.2715e-008 -1 8.09397e-008
UV: 0.07647 0.193498

Position: 1.28635 0.503363 -1.47883
Normal: -5.2715e-008 -1 8.09397e-008
UV: 0.0959956 0.193498

Position: 1.62496 0.503363 -3.92088
Normal: -0 -1 2.33855e-008
UV: 0.0554088 0.199064

Position: 1.62496 0.503363 -2.62378
Normal: -0 -1 2.33855e-008
UV: 0.0764699 0.199064

Position: 1.62496 3.27352 4.07841
Normal: -0 1 0
UV: 0.0501072 0.586573

Position: -1.62496 3.27352 4.07841
Normal: -0 1 0
UV: 0.0501072 0.586573


[INDEX_DATA]
0 2 1
3 1 2
4 6 5
5 7 4
8 10 9
9 11 8
12 14 13
13 15 12
16 18 17
19 16 17
20 22 21
21 23 20
24 26 25
26 27 25
28 30 29
30 31 29
32 34 33
34 35 33
36 38 37
38 39 37
40 42 41
42 40 43
44 46 45
46 47 45
48 50 49
50 51 49
52 54 53
54 55 53
56 58 57
58 59 57
60 62 61
62 60 63
64 66 65
66 67 65
68 70 69
68 71 70
72 74 73
73 75 72
76 78 77
76 79 78
80 82 81
82 80 83
84 86 85
86 87 85
88 90 89
89 91 88
92 94 93
94 95 93
96 98 97
98 96 99
100 102 101
101 103 100
104 106 105
104 105 107
108 110 109
110 108 111
112 114 113
113 114 115
116 118 117
117 119 116
89 107 105
89 90 107
111 94 110
94 111 95
83 80 115
113 115 80
120 122 121
121 123 120
124 125 81
125 80 81
126 128 127
128 126 129
130 132 131
103 101 133
133 134 103
135 137 136
136 138 135
139 140 112
112 113 139
141 97 142
97 141 96
106 144 143
106 143 105
132 145 131
146 148 147
146 149 148
150 152 151
152 153 151
154 156 155
154 157 156
158 160 159
160 158 161
162 164 163
163 165 162
166 168 167
169 171 170
170 172 169
173 175 174
176 178 177
179 177 178
180 182 181
183 181 182
184 186 185
185 187 184
188 190 189
189 191 188
192 194 193
192 195 194
196 198 197
197 199 196
197 182 180
180 199 197
200 202 201
201 203 200
204 206 205
206 207 205
166 167 202
202 208 166
190 210 209
190 209 189
208 210 166
166 210 190
189 212 211
189 209 212
213 215 214
215 216 214
217 219 218
218 219 220
221 223 222
222 224 221
225 227 226
228 226 227
229 231 230
232 230 231
233 235 234
234 236 233
237 213 238
239 241 240
240 242 239
243 245 244
244 246 243
247 249 248
248 250 247
251 253 252
254 252 253
244 245 255
245 256 255
215 213 237
257 259 258
260 258 259
261 263 262
262 264 261
257 255 259
220 265 218
266 218 265
267 266 265
267 268 266
269 271 270
272 274 273
274 275 273
250 277 276
250 248 277
249 279 278
249 280 279
281 283 282
284 286 285
287 285 286
288 290 289
289 291 288
292 294 293
295 292 293
278 296 276
276 277 278
296 298 297
299 244 255
205 300 204
300 205 270
205 269 270
280 249 247
243 302 301
243 246 302
200 304 303
305 307 306
308 309 307
307 305 308
308 310 309
308 311 310
312 313 257
257 314 312
315 317 316
317 318 316
318 319 316
316 319 320
320 319 321
296 278 322
322 298 296
323 324 299
255 323 299
325 324 326
325 299 324
257 313 323
255 257 323
327 329 328
328 330 327
331 333 332
332 334 331
335 337 336
336 338 335
339 341 340
340 342 339
343 345 344
344 346 343
347 349 348
348 350 347
351 353 352
352 354 351
355 357 356
356 358 355
359 361 360
360 362 359
363 365 364
364 366 363
367 369 368
368 370 367
371 373 372
372 374 371
303 375 202
375 208 202
376 378 377
379 377 378
175 380 174
175 381 380
174 380 376
380 378 376
382 384 383
383 385 382
386 388 387
389 391 390
389 393 392
392 391 389
200 303 202
394 396 395
394 397 396
398 400 399
398 401 400
402 404 403
402 405 404
406 408 407
406 409 408
410 412 411
410 413 412
414 416 415
414 417 416
418 420 419
418 421 420
422 424 423
422 425 424
426 428 427
426 429 428
430 432 431
432 433 431
434 436 435
435 437 434
438 440 439
440 441 439
442 444 443
442 445 444
446 448 447
447 449 446
450 452 451
451 453 450
454 456 455
456 454 457
458 460 459
459 461 458
462 464 463
463 465 462
466 468 467
467 469 466
470 472 471
471 473 470
474 476 475
476 474 477
478 480 479
479 481 478
482 484 483
483 485 482
486 488 487
487 489 486
490 492 491
491 492 493
71 68 494
495 494 68
72 497 496
72 75 497
498 499 78
77 78 499
500 502 501
503 505 504
503 506 505
507 174 508
178 510 509
178 176 510
511 512 180
512 511 513
514 516 515
514 517 516
518 520 519
519 521 518
522 524 523
525 523 524
526 199 527
527 528 526
180 512 527
527 199 180
529 531 530
529 532 531
533 535 534
534 536 533
537 539 538
539 537 540
530 541 529
536 502 500
500 542 536
521 519 543
521 543 544
500 521 544
500 544 542
519 546 545
545 543 519
547 549 548
548 549 550
551 553 552
551 554 553
555 557 556
556 557 220
221 559 558
558 223 221
560 562 561
560 563 562
231 565 564
231 229 565
234 567 566
234 235 567
568 569 566
566 567 568
570 236 569
571 573 572
571 574 573
575 576 547
577 579 578
578 580 577
581 583 582
582 584 581
585 587 586
586 588 585
589 591 590
590 592 589
593 583 581
593 594 583
548 575 547
595 597 596
596 598 595
599 601 600
599 602 601
598 596 593
557 604 603
220 557 603
605 603 604
604 606 605
607 609 608
610 612 611
611 612 613
614 585 588
615 614 588
587 617 616
616 618 587
294 620 619
294 292 620
621 623 622
624 626 625
624 627 626
628 630 629
628 631 630
632 634 633
633 635 632
636 638 637
636 637 639
620 640 619
641 640 620
617 614 615
615 642 617
642 644 643
645 593 581
537 538 646
646 609 537
537 609 607
618 586 587
574 647 573
574 648 647
649 650 582
650 584 582
533 652 651
653 655 654
656 654 657
656 653 654
656 657 658
656 658 659
598 661 660
660 662 598
663 665 664
664 665 666
666 665 667
665 668 667
667 668 669
642 670 617
642 643 670
593 645 671
645 672 671
645 673 672
674 672 673
671 598 593
671 661 598
675 677 676
675 678 677
679 681 680
680 682 679
683 685 684
683 686 685
687 689 688
687 690 689
691 693 692
691 694 693
695 697 696
695 698 697
699 701 700
699 702 701
703 705 704
703 706 705
707 709 708
707 710 709
711 713 712
711 714 713
715 717 716
715 718 717
719 721 720
720 722 719
652 536 723
723 536 542
724 726 725
725 376 724
174 727 508
727 728 508
174 376 727
727 376 725
729 731 730
730 732 729
733 735 734
736 737 391
738 739 736
736 391 738
533 536 652
570 233 236
570 569 568
541 740 529
530 741 541

[MESH_DATA]
VertexCount: 53
IndexCount: 138
BoneCount: 0
AnimationClips: 1

[VERTEX_DATA]
Position: -1.33544 0.941803 2.8503
Normal: -0 0.866025 -0.500001
UV: 0.473208 0.122142

Position: -1.6458 0.941803 2.8503
Normal: -0 0.866025 -0.500001
UV: 0.473208 0.140936

Position: -1.33544 0.757066 2.66556
Normal: -0 0.500004 -0.866023
UV: 0.481039 0.122141

Position: -1.6458 0.757066 2.66556
Normal: -0 0.500004 -0.866023
UV: 0.481039 0.140937

Position: -1.33544 0.504711 2.59794
Normal: -0 1.51402e-008 -1
UV: 0.48887 0.12214

Position: -1.6458 0.504711 2.59794
Normal: -0 1.51402e-008 -1
UV: 0.488871 0.140935

Position: -1.33544 0.252355 2.66556
Normal: -0 -0.500004 -0.866023
UV: 0.4967 0.122136

Position: -1.6458 0.252355 2.66556
Normal: -0 -0.500004 -0.866023
UV: 0.496702 0.140933

Position: -1.33544 0.0676184 2.8503
Normal: -0 -0.866025 -0.500001
UV: 0.50453 0.122135

Position: -1.6458 0.0676184 2.8503
Normal: -0 -0.866025 -0.500001
UV: 0.504531 0.140931

Position: -1.33544 0 3.10265
Normal: -0 -1 0
UV: 0.512361 0.122138

Position: -1.6458 0 3.10265
Normal: -0 -1 0
UV: 0.51236 0.14093

Position: -1.33544 0.0676184 3.35501
Normal: -0 -0.866025 0.500001
UV: 0.52019 0.12214

Position: -1.6458 0.0676184 3.35501
Normal: -0 -0.866025 0.500001
UV: 0.52019 0.140933

Position: -1.33544 0.252355 3.53975
Normal: -0 -0.500005 0.866023
UV: 0.481068 0.122677

Position: -1.6458 0.0676184 3.35501
Normal: -0 -0.866025 0.500001
UV: 0.473239 0.14147

Position: -1.6458 0.252355 3.53975
Normal: -0 -0.500005 0.866023
UV: 0.481069 0.141469

Position: -1.33544 0.0676184 3.35501
Normal: -0 -0.866025 0.500001
UV: 0.473238 0.122678

Position: -1.33544 0.504711 3.60737
Normal: -0 1.51402e-008 1
UV: 0.488897 0.122673

Position: -1.6458 0.504711 3.60737
Normal: -0 1.51402e-008 1
UV: 0.488899 0.141466

Position: -1.33544 0.757066 3.53975
Normal: -0 0.500005 0.866023
UV: 0.496728 0.12267

Position: -1.6458 0.757066 3.53975
Normal: -0 0.500005 0.866023
UV: 0.496728 0.141464

Position: -1.33544 0.941803 3.35501
Normal: -0 0.866025 0.500001
UV: 0.504558 0.12267

Position: -1.6458 0.941803 3.35501
Normal: -0 0.866025 0.500001
UV: 0.504559 0.141466

Position: -1.33544 1.00942 3.10265
Normal: -0 1 0
UV: 0.512389 0.122668

Position: -1.6458 1.00942 3.10265
Normal: -0 1 0
UV: 0.512389 0.141461

Position: -1.33544 0.941803 2.8503
Normal: -0 0.866025 -0.500001
UV: 0.52022 0.122667

Position: -1.6458 0.941803 2.8503
Normal: -0 0.866025 -0.500001
UV: 0.52022 0.141462

Position: -1.6458 0.757066 2.66556
Normal: -1 0 0
UV: 0.56828 0.338055

Position: -1.6458 0.941803 2.8503
Normal: -1 0 0
UV: 0.594165 0.312162

Position: -1.6458 0.504711 3.10265
Normal: -1 -3.89983e-008 0
UV: 0.532913 0.276816

Position: -1.6458 0.504711 2.59794
Normal: -1 0 0
UV: 0.532917 0.347534

Position: -1.6458 0.252355 2.66556
Normal: -1 0 0
UV: 0.497548 0.338053

Position: -1.6458 0.0676184 2.8503
Normal: -1 0 0
UV: 0.471663 0.312164

Position: -1.6458 0 3.10265
Normal: -1 0 0
UV: 0.462193 0.276797

Position: -1.6458 0.0676184 3.35501
Normal: -1 0 0
UV: 0.471675 0.241449

Position: -1.6458 0.252355 3.53975
Normal: -1 0 0
UV: 0.497558 0.21557

Position: -1.6458 0.504711 3.60737
Normal: -1 0 0
UV: 0.532915 0.206096

Position: -1.6458 0.757066 3.53975
Normal: -1 -2.33988e-007 0
UV: 0.568269 0.21557

Position: -1.6458 0.941803 3.35501
Normal: -1 -2.33989e-007 0
UV: 0.59415 0.241449

Position: -1.6458 1.00942 3.10265
Normal: -1 0 0
UV: 0.603633 0.276799

Position: -1.33544 0.941803 2.8503
Normal: 1 0 0
UV: 0.473208 0.122142

Position: -1.33544 0.757066 2.66556
Normal: 1 0 0
UV: 0.481039 0.122141

Position: -1.33544 1.00942 3.10265
Normal: 1 3.89997e-008 0
UV: 0.512389 0.122668

Position: -1.33544 0.504711 2.59794
Normal: 1 0 0
UV: 0.48887 0.12214

Position: -1.33544 0.252355 2.66556
Normal: 1 0 0
UV: 0.4967 0.122136

Position: -1.33544 0.0676184 2.8503
Normal: 1 0 0
UV: 0.50453 0.122135

Position: -1.33544 0 3.10265
Normal: 1 0 0
UV: 0.512361 0.122138

Position: -1.33544 0.0676184 3.35501
Normal: 1 -9.88957e-008 0
UV: 0.473238 0.122678

Position: -1.33544 0.252355 3.53975
Normal: 1 -2.93783e-008 0
UV: 0.481068 0.122677

Position: -1.33544 0.504711 3.60737
Normal: 1 4.83793e-007 0
UV: 0.488897 0.122673

Position: -1.33544 0.757066 3.53975
Normal: 1 -1.09208e-006 0
UV: 0.496728 0.12267

Position: -1.33544 0.941803 3.35501
Normal: 1 3.49307e-006 0
UV: 0.504558 0.12267


[INDEX_DATA]
0 2 1
1 2 3
4 5 3
3 2 4
6 7 5
5 4 6
8 9 7
7 6 8
10 11 9
9 8 10
12 13 11
11 10 12
14 16 15
15 17 14
18 19 16
16 14 18
20 21 19
19 18 20
20 22 21
21 22 23
22 24 23
23 24 25
24 26 25
25 26 27
28 30 29
31 30 28
32 30 31
33 30 32
34 30 33
35 30 34
36 30 35
37 30 36
38 30 37
39 30 38
40 30 39
29 30 40
41 43 42
42 43 44
44 43 45
45 43 46
46 43 47
47 43 48
48 43 49
49 43 50
50 43 51
51 43 52

[MESH_DATA]
VertexCount: 53
IndexCount: 138
BoneCount: 4294577188
AnimationClips: 1

[VERTEX_DATA]
Position: 1.33544 0.757066 2.66556
Normal: -0 0.500004 -0.866023
UV: 0.481039 0.122141

Position: 1.6458 0.941803 2.8503
Normal: -0 0.866025 -0.500001
UV: 0.473208 0.140936

Position: 1.33544 0.941803 2.8503
Normal: -0 0.866025 -0.500001
UV: 0.473208 0.122142

Position: 1.6458 0.757066 2.66556
Normal: -0 0.500004 -0.866023
UV: 0.481039 0.140937

Position: 1.33544 0.504711 2.59794
Normal: -0 1.51402e-008 -1
UV: 0.48887 0.12214

Position: 1.6458 0.504711 2.59794
Normal: -0 1.51402e-008 -1
UV: 0.488871 0.140935

Position: 1.33544 0.252355 2.66556
Normal: -0 -0.500004 -0.866023
UV: 0.4967 0.122136

Position: 1.6458 0.252355 2.66556
Normal: -0 -0.500004 -0.866023
UV: 0.496702 0.140933

Position: 1.33544 0.0676184 2.8503
Normal: -0 -0.866025 -0.500001
UV: 0.50453 0.122135

Position: 1.6458 0.0676184 2.8503
Normal: -0 -0.866025 -0.500001
UV: 0.504531 0.140931

Position: 1.33544 0 3.10265
Normal: -0 -1 0
UV: 0.512361 0.122138

Position: 1.6458 0 3.10265
Normal: -0 -1 0
UV: 0.51236 0.14093

Position: 1.33544 0.0676184 3.35501
Normal: -0 -0.866025 0.500001
UV: 0.52019 0.12214

Position: 1.6458 0.0676184 3.35501
Normal: -0 -0.866025 0.500001
UV: 0.52019 0.140933

Position: 1.33544 0.252355 3.53975
Normal: -0 -0.500005 0.866023
UV: 0.481068 0.122677

Position: 1.6458 0.252355 3.53975
Normal: -0 -0.500005 0.866023
UV: 0.481069 0.141469

Position: 1.6458 0.0676184 3.35501
Normal: -0 -0.866025 0.500001
UV: 0.473239 0.14147

Position: 1.33544 0.0676184 3.35501
Normal: -0 -0.866025 0.500001
UV: 0.473238 0.122678

Position: 1.33544 0.504711 3.60737
Normal: -0 1.51402e-008 1
UV: 0.488897 0.122673

Position: 1.6458 0.504711 3.60737
Normal: -0 1.51402e-008 1
UV: 0.488899 0.141466

Position: 1.33544 0.757066 3.53975
Normal: -0 0.500005 0.866023
UV: 0.496728 0.12267

Position: 1.6458 0.757066 3.53975
Normal: -0 0.500005 0.866023
UV: 0.496728 0.141464

Position: 1.33544 0.941803 3.35501
Normal: -0 0.866025 0.500001
UV: 0.504558 0.12267

Position: 1.6458 0.941803 3.35501
Normal: -0 0.866025 0.500001
UV: 0.504559 0.141466

Position: 1.33544 1.00942 3.10265
Normal: -0 1 0
UV: 0.512389 0.122668

Position: 1.6458 1.00942 3.10265
Normal: -0 1 0
UV: 0.512389 0.141461

Position: 1.33544 0.941803 2.8503
Normal: -0 0.866025 -0.500001
UV: 0.52022 0.122667

Position: 1.6458 0.941803 2.8503
Normal: -0 0.866025 -0.500001
UV: 0.52022 0.141462

Position: 1.6458 0.757066 2.66556
Normal: 1 -5.84974e-008 0
UV: 0.56828 0.338055

Position: 1.6458 0.504711 3.10265
Normal: 1 0 0
UV: 0.532913 0.276816

Position: 1.6458 0.941803 2.8503
Normal: 1 0 0
UV: 0.594165 0.312162

Position: 1.6458 0.504711 2.59794
Normal: 1 5.32732e-015 0
UV: 0.532917 0.347534

Position: 1.6458 0.252355 2.66556
Normal: 1 5.84974e-008 0
UV: 0.497548 0.338053

Position: 1.6458 0.0676184 2.8503
Normal: 1 0 0
UV: 0.471663 0.312164

Position: 1.6458 0 3.10265
Normal: 1 0 0
UV: 0.462193 0.276797

Position: 1.6458 0.0676184 3.35501
Normal: 1 2.33989e-007 0
UV: 0.471675 0.241449

Position: 1.6458 0.252355 3.53975
Normal: 1 2.92485e-007 0
UV: 0.497558 0.21557

Position: 1.6458 0.504711 3.60737
Normal: 1 1.5982e-014 0
UV: 0.532915 0.206096

Position: 1.6458 0.757066 3.53975
Normal: 1 -2.92486e-007 0
UV: 0.568269 0.21557

Position: 1.6458 0.941803 3.35501
Normal: 1 -2.33989e-007 0
UV: 0.59415 0.241449

Position: 1.6458 1.00942 3.10265
Normal: 1 0 0
UV: 0.603633 0.276799

Position: 1.33544 0.941803 2.8503
Normal: -1 8.73265e-007 0
UV: 0.473208 0.122142

Position: 1.33544 1.00942 3.10265
Normal: -1 7.05868e-013 0
UV: 0.512389 0.122668

Position: 1.33544 0.757066 2.66556
Normal: -1 3.41274e-007 0
UV: 0.481039 0.122141

Position: 1.33544 0.504711 2.59794
Normal: -1 -1.20948e-007 0
UV: 0.48887 0.12214

Position: 1.33544 0.252355 2.66556
Normal: -1 -1.46902e-007 0
UV: 0.4967 0.122136

Position: 1.33544 0.0676184 2.8503
Normal: -1 -4.94478e-008 0
UV: 0.50453 0.122135

Position: 1.33544 0 3.10265
Normal: -1 0 0
UV: 0.512361 0.122138

Position: 1.33544 0.0676184 3.35501
Normal: -1 -9.88956e-008 0
UV: 0.473238 0.122678

Position: 1.33544 0.252355 3.53975
Normal: -1 -7.34492e-008 0
UV: 0.481068 0.122677

Position: 1.33544 0.504711 3.60737
Normal: -1 3.62844e-007 0
UV: 0.488897 0.122673

Position: 1.33544 0.757066 3.53975
Normal: -1 -8.53188e-007 0
UV: 0.496728 0.12267

Position: 1.33544 0.941803 3.35501
Normal: -1 1.74654e-006 0
UV: 0.504558 0.12267


[INDEX_DATA]
0 2 1
1 3 0
4 3 5
4 0 3
6 5 7
6 4 5
8 7 9
8 6 7
10 9 11
10 8 9
12 11 13
12 10 11
14 16 15
14 17 16
18 15 19
18 14 15
20 19 21
20 18 19
20 21 22
21 23 22
22 23 24
23 25 24
24 25 26
25 27 26
28 30 29
31 28 29
32 31 29
33 32 29
34 33 29
35 34 29
36 35 29
37 36 29
38 37 29
39 38 29
40 39 29
30 40 29
41 43 42
43 44 42
44 45 42
45 46 42
46 47 42
47 48 42
48 49 42
49 50 42
50 51 42
51 52 42

[MESH_DATA]
VertexCount: 53
IndexCount: 138
BoneCount: 4294577188
AnimationClips: 1

[VERTEX_DATA]
Position: 1.33544 0.941803 -2.31652
Normal: -0 0.866025 -0.500001
UV: 0.473208 0.122142

Position: 1.33544 0.757066 -2.50126
Normal: -0 0.500004 -0.866023
UV: 0.481039 0.122141

Position: 1.6458 0.941803 -2.31652
Normal: -0 0.866025 -0.500001
UV: 0.473208 0.140936

Position: 1.6458 0.757066 -2.50126
Normal: -0 0.500004 -0.866023
UV: 0.481039 0.140937

Position: 1.33544 0.504711 -2.56888
Normal: -0 -1.51402e-008 -1
UV: 0.48887 0.12214

Position: 1.6458 0.504711 -2.56888
Normal: -0 -1.51402e-008 -1
UV: 0.488871 0.140935

Position: 1.33544 0.252355 -2.50126
Normal: -0 -0.500004 -0.866023
UV: 0.4967 0.122136

Position: 1.6458 0.252355 -2.50126
Normal: -0 -0.500004 -0.866023
UV: 0.496702 0.140933

Position: 1.33544 0.0676184 -2.31652
Normal: -0 -0.866025 -0.500001
UV: 0.50453 0.122135

Position: 1.6458 0.0676184 -2.31652
Normal: -0 -0.866025 -0.500001
UV: 0.504531 0.140931

Position: 1.33544 0 -2.06417
Normal: -0 -1 0
UV: 0.512361 0.122138

Position: 1.6458 0 -2.06417
Normal: -0 -1 0
UV: 0.51236 0.14093

Position: 1.33544 0.0676184 -1.81182
Normal: -0 -0.866025 0.5
UV: 0.52019 0.12214

Position: 1.6458 0.0676184 -1.81182
Normal: -0 -0.866025 0.5
UV: 0.52019 0.140933

Position: 1.33544 0.252355 -1.62708
Normal: -0 -0.500004 0.866023
UV: 0.481068 0.122677

Position: 1.6458 0.252355 -1.62708
Normal: -0 -0.500004 0.866023
UV: 0.481069 0.141469

Position: 1.6458 0.0676184 -1.81182
Normal: -0 -0.866025 0.5
UV: 0.473239 0.14147

Position: 1.33544 0.0676184 -1.81182
Normal: -0 -0.866025 0.5
UV: 0.473238 0.122678

Position: 1.33544 0.504711 -1.55946
Normal: -0 1.51402e-008 1
UV: 0.488897 0.122673

Position: 1.6458 0.504711 -1.55946
Normal: -0 1.51402e-008 1
UV: 0.488899 0.141466

Position: 1.33544 0.757066 -1.62708
Normal: -0 0.500004 0.866023
UV: 0.496728 0.12267

Position: 1.6458 0.757066 -1.62708
Normal: -0 0.500004 0.866023
UV: 0.496728 0.141464

Position: 1.33544 0.941803 -1.81182
Normal: -0 0.866025 0.500001
UV: 0.504558 0.12267

Position: 1.6458 0.941803 -1.81182
Normal: -0 0.866025 0.500001
UV: 0.504559 0.141466

Position: 1.33544 1.00942 -2.06417
Normal: -0 1 0
UV: 0.512389 0.122668

Position: 1.6458 1.00942 -2.06417
Normal: -0 1 0
UV: 0.512389 0.141461

Position: 1.33544 0.941803 -2.31652
Normal: -0 0.866025 -0.500001
UV: 0.52022 0.122667

Position: 1.6458 0.941803 -2.31652
Normal: -0 0.866025 -0.500001
UV: 0.52022 0.141462

Position: 1.6458 0.757066 -2.50126
Normal: 1 1.53426e-012 0
UV: 0.56828 0.338055

Position: 1.6458 0.504711 -2.06417
Normal: 1 -2.66365e-014 0
UV: 0.532913 0.276816

Position: 1.6458 0.941803 -2.31652
Normal: 1 -2.3399e-007 0
UV: 0.594165 0.312162

Position: 1.6458 0.504711 -2.56888
Normal: 1 -2.13093e-014 0
UV: 0.532917 0.347534

Position: 1.6458 0.252355 -2.50126
Normal: 1 -1.36378e-012 0
UV: 0.497548 0.338053

Position: 1.6458 0.0676184 -2.31652
Normal: 1 2.33989e-007 0
UV: 0.471663 0.312164

Position: 1.6458 0 -2.06417
Normal: 1 0 0
UV: 0.462193 0.276797

Position: 1.6458 0.0676184 -1.81182
Normal: 1 2.33989e-007 0
UV: 0.471675 0.241449

Position: 1.6458 0.252355 -1.62708
Normal: 1 -5.84986e-008 0
UV: 0.497558 0.21557

Position: 1.6458 0.504711 -1.55946
Normal: 1 -2.13093e-014 0
UV: 0.532915 0.206096

Position: 1.6458 0.757066 -1.62708
Normal: 1 5.84987e-008 0
UV: 0.568269 0.21557

Position: 1.6458 0.941803 -1.81182
Normal: 1 -2.33989e-007 0
UV: 0.59415 0.241449

Position: 1.6458 1.00942 -2.06417
Normal: 1 0 0
UV: 0.603633 0.276799

Position: 1.33544 0.941803 -2.31652
Normal: -1 1.74654e-006 0
UV: 0.473208 0.122142

Position: 1.33544 1.00942 -2.06417
Normal: -1 -3.86229e-013 0
UV: 0.512389 0.122668

Position: 1.33544 0.757066 -2.50126
Normal: -1 -8.53196e-008 0
UV: 0.481039 0.122141

Position: 1.33544 0.504711 -2.56888
Normal: -1 6.0474e-008 0
UV: 0.48887 0.12214

Position: 1.33544 0.252355 -2.50126
Normal: -1 -1.83627e-007 0
UV: 0.4967 0.122136

Position: 1.33544 0.0676184 -2.31652
Normal: -1 -9.88958e-008 0
UV: 0.50453 0.122135

Position: 1.33544 0 -2.06417
Normal: -1 0 0
UV: 0.512361 0.122138

Position: 1.33544 0.0676184 -1.81182
Normal: -1 -4.94478e-008 0
UV: 0.473238 0.122678

Position: 1.33544 0.252355 -1.62708
Normal: -1 -1.46902e-007 0
UV: 0.481068 0.122677

Position: 1.33544 0.504711 -1.55946
Normal: -1 -1.20948e-007 0
UV: 0.488897 0.122673

Position: 1.33544 0.757066 -1.62708
Normal: -1 3.41273e-007 0
UV: 0.496728 0.12267

Position: 1.33544 0.941803 -1.81182
Normal: -1 8.73263e-007 0
UV: 0.504558 0.12267


[INDEX_DATA]
0 2 1
2 3 1
4 3 5
4 1 3
6 5 7
6 4 5
8 7 9
8 6 7
10 9 11
10 8 9
12 11 13
12 10 11
14 16 15
14 17 16
18 15 19
18 14 15
20 19 21
20 18 19
20 21 22
21 23 22
22 23 24
23 25 24
24 25 26
25 27 26
28 30 29
31 28 29
32 31 29
33 32 29
34 33 29
35 34 29
36 35 29
37 36 29
38 37 29
39 38 29
40 39 29
30 40 29
41 43 42
43 44 42
44 45 42
45 46 42
46 47 42
47 48 42
48 49 42
49 50 42
50 51 42
51 52 42

[MESH_DATA]
VertexCount: 53
IndexCount: 138
BoneCount: 4294577188
AnimationClips: 1

[VERTEX_DATA]
Position: -1.33544 0.941803 -2.31652
Normal: -0 0.866025 -0.500001
UV: 0.473208 0.122142

Position: -1.6458 0.941803 -2.31652
Normal: -0 0.866025 -0.500001
UV: 0.473208 0.140936

Position: -1.33544 0.757066 -2.50126
Normal: -0 0.500004 -0.866023
UV: 0.481039 0.122141

Position: -1.6458 0.757066 -2.50126
Normal: -0 0.500004 -0.866023
UV: 0.481039 0.140937

Position: -1.33544 0.504711 -2.56888
Normal: -0 -1.51402e-008 -1
UV: 0.48887 0.12214

Position: -1.6458 0.504711 -2.56888
Normal: -0 -1.51402e-008 -1
UV: 0.488871 0.140935

Position: -1.33544 0.252355 -2.50126
Normal: -0 -0.500004 -0.866023
UV: 0.4967 0.122136

Position: -1.6458 0.252355 -2.50126
Normal: -0 -0.500004 -0.866023
UV: 0.496702 0.140933

Position: -1.33544 0.0676184 -2.31652
Normal: -0 -0.866025 -0.500001
UV: 0.50453 0.122135

Position: -1.6458 0.0676184 -2.31652
Normal: -0 -0.866025 -0.500001
UV: 0.504531 0.140931

Position: -1.33544 0 -2.06417
Normal: -0 -1 0
UV: 0.512361 0.122138

Position: -1.6458 0 -2.06417
Normal: -0 -1 0
UV: 0.51236 0.14093

Position: -1.33544 0.0676184 -1.81182
Normal: -0 -0.866025 0.5
UV: 0.52019 0.12214

Position: -1.6458 0.0676184 -1.81182
Normal: -0 -0.866025 0.5
UV: 0.52019 0.140933

Position: -1.33544 0.252355 -1.62708
Normal: -0 -0.500004 0.866023
UV: 0.481068 0.122677

Position: -1.6458 0.0676184 -1.81182
Normal: -0 -0.866025 0.5
UV: 0.473239 0.14147

Position: -1.6458 0.252355 -1.62708
Normal: -0 -0.500004 0.866023
UV: 0.481069 0.141469

Position: -1.33544 0.0676184 -1.81182
Normal: -0 -0.866025 0.5
UV: 0.473238 0.122678

Position: -1.33544 0.504711 -1.55946
Normal: -0 1.51402e-008 1
UV: 0.488897 0.122673

Position: -1.6458 0.504711 -1.55946
Normal: -0 1.51402e-008 1
UV: 0.488899 0.141466

Position: -1.33544 0.757066 -1.62708
Normal: -0 0.500004 0.866023
UV: 0.496728 0.12267

Position: -1.6458 0.757066 -1.62708
Normal: -0 0.500004 0.866023
UV: 0.496728 0.141464

Position: -1.33544 0.941803 -1.81182
Normal: -0 0.866025 0.500001
UV: 0.504558 0.12267

Position: -1.6458 0.941803 -1.81182
Normal: -0 0.866025 0.500001
UV: 0.504559 0.141466

Position: -1.33544 1.00942 -2.06417
Normal: -0 1 0
UV: 0.512389 0.122668

Position: -1.6458 1.00942 -2.06417
Normal: -0 1 0
UV: 0.512389 0.141461

Position: -1.33544 0.941803 -2.31652
Normal: -0 0.866025 -0.500001
UV: 0.52022 0.122667

Position: -1.6458 0.941803 -2.31652
Normal: -0 0.866025 -0.500001
UV: 0.52022 0.141462

Position: -1.6458 0.757066 -2.50126
Normal: -1 0 0
UV: 0.56828 0.338055

Position: -1.6458 0.941803 -2.31652
Normal: -1 0 0
UV: 0.594165 0.312162

Position: -1.6458 0.504711 -2.06417
Normal: -1 7.79966e-008 0
UV: 0.532913 0.276816

Position: -1.6458 0.504711 -2.56888
Normal: -1 0 0
UV: 0.532917 0.347534

Position: -1.6458 0.252355 -2.50126
Normal: -1 2.33988e-007 0
UV: 0.497548 0.338053

Position: -1.6458 0.0676184 -2.31652
Normal: -1 2.33989e-007 0
UV: 0.471663 0.312164

Position: -1.6458 0 -2.06417
Normal: -1 0 0
UV: 0.462193 0.276797

Position: -1.6458 0.0676184 -1.81182
Normal: -1 4.67978e-007 0
UV: 0.471675 0.241449

Position: -1.6458 0.252355 -1.62708
Normal: -1 -2.30138e-012 0
UV: 0.497558 0.21557

Position: -1.6458 0.504711 -1.55946
Normal: -1 -4.26185e-014 0
UV: 0.532915 0.206096

Position: -1.6458 0.757066 -1.62708
Normal: -1 2.33991e-007 0
UV: 0.568269 0.21557

Position: -1.6458 0.941803 -1.81182
Normal: -1 -2.33989e-007 0
UV: 0.59415 0.241449

Position: -1.6458 1.00942 -2.06417
Normal: -1 0 0
UV: 0.603633 0.276799

Position: -1.33544 0.941803 -2.31652
Normal: 1 1.74654e-006 0
UV: 0.473208 0.122142

Position: -1.33544 0.757066 -2.50126
Normal: 1 6.8254e-008 0
UV: 0.481039 0.122141

Position: -1.33544 1.00942 -2.06417
Normal: 1 -7.79967e-008 0
UV: 0.512389 0.122668

Position: -1.33544 0.504711 -2.56888
Normal: 1 0 0
UV: 0.48887 0.12214

Position: -1.33544 0.252355 -2.50126
Normal: 1 -4.11324e-007 0
UV: 0.4967 0.122136

Position: -1.33544 0.0676184 -2.31652
Normal: 1 -1.97792e-007 0
UV: 0.50453 0.122135

Position: -1.33544 0 -2.06417
Normal: 1 0 0
UV: 0.512361 0.122138

Position: -1.33544 0.0676184 -1.81182
Normal: 1 -9.88955e-008 0
UV: 0.473238 0.122678

Position: -1.33544 0.252355 -1.62708
Normal: 1 -2.05662e-007 0
UV: 0.481068 0.122677

Position: -1.33544 0.504711 -1.55946
Normal: 1 0 0
UV: 0.488897 0.122673

Position: -1.33544 0.757066 -1.62708
Normal: 1 0 0
UV: 0.496728 0.12267

Position: -1.33544 0.941803 -1.81182
Normal: 1 0 0
UV: 0.504558 0.12267


[INDEX_DATA]
0 2 1
1 2 3
4 5 3
3 2 4
6 7 5
5 4 6
8 9 7
7 6 8
10 11 9
9 8 10
12 13 11
11 10 12
14 16 15
15 17 14
18 19 16
16 14 18
20 21 19
19 18 20
20 22 21
21 22 23
22 24 23
23 24 25
24 26 25
25 26 27
28 30 29
31 30 28
32 30 31
33 30 32
34 30 33
35 30 34
36 30 35
37 30 36
38 30 37
39 30 38
40 30 39
29 30 40
41 43 42
42 43 44
44 43 45
45 43 46
46 43 47
47 43 48
48 43 49
49 43 50
50 43 51
51 43 52

