[FBX_META_DATA]
MeshCount: 1

[MESH_DATA]
VertexCount: 719
IndexCount: 1518
BoneCount: 0
AnimationClips: 0

[VERTEX_DATA]
Position: -1.53075 0.941803 -2.31652
Normal: -0 0.707108 -0.707106
UV: 0.451919 0.369075

Position: -1.74427 0.941803 -2.31652
Normal: -0 0.707108 -0.707106
UV: 0.451919 0.392489

Position: -1.53075 0.757066 -2.50126
Normal: -0 0.707108 -0.707106
UV: 0.478059 0.369074

Position: -1.74427 0.757066 -2.50126
Normal: -0 0.707108 -0.707106
UV: 0.47806 0.39249

Position: -1.53075 0.504711 -2.56888
Normal: -0 0.258828 -0.965923
UV: 0.504199 0.369072

Position: -1.74427 0.504711 -2.56888
Normal: -0 0.258828 -0.965923
UV: 0.504202 0.392487

Position: -1.53075 0.252355 -2.50126
Normal: -0 -0.258828 -0.965923
UV: 0.530339 0.369068

Position: -1.74427 0.252355 -2.50126
Normal: -0 -0.258828 -0.965923
UV: 0.530342 0.392484

Position: -1.53075 0.0676184 -2.31652
Normal: -0 -0.707108 -0.707106
UV: 0.556476 0.369066

Position: -1.74427 0.0676184 -2.31652
Normal: -0 -0.707108 -0.707106
UV: 0.556478 0.392483

Position: -1.53075 0 -2.06417
Normal: -0 -0.965925 -0.258821
UV: 0.582615 0.369069

Position: -1.74427 0 -2.06417
Normal: -0 -0.965925 -0.258821
UV: 0.582614 0.392481

Position: -1.53075 0.0676184 -1.81182
Normal: -0 -0.965926 0.25882
UV: 0.60875 0.369072

Position: -1.74427 0.0676184 -1.81182
Normal: -0 -0.965926 0.25882
UV: 0.608751 0.392484

Position: -1.53075 0.252355 -1.62708
Normal: -0 -0.707108 0.707106
UV: 0.478156 0.369741

Position: -1.74427 0.0676184 -1.81182
Normal: -0 -0.965926 0.25882
UV: 0.452021 0.393154

Position: -1.74427 0.252355 -1.62708
Normal: -0 -0.707108 0.707106
UV: 0.478159 0.393153

Position: -1.53075 0.0676184 -1.81182
Normal: -0 -0.965926 0.25882
UV: 0.452019 0.369742

Position: -1.53075 0.504711 -1.55946
Normal: -0 -0.258826 0.965924
UV: 0.504291 0.369736

Position: -1.74427 0.504711 -1.55946
Normal: -0 -0.258826 0.965924
UV: 0.504295 0.393148

Position: -1.53075 0.757066 -1.62708
Normal: -0 0.258826 0.965924
UV: 0.530429 0.369733

Position: -1.74427 0.757066 -1.62708
Normal: -0 0.258826 0.965924
UV: 0.530432 0.393147

Position: -1.53075 0.941803 -1.81182
Normal: -0 0.707108 0.707106
UV: 0.55657 0.369733

Position: -1.74427 0.941803 -1.81182
Normal: -0 0.707108 0.707106
UV: 0.556571 0.393148

Position: -1.53075 1.00942 -2.06417
Normal: -0 0.965925 0.25882
UV: 0.582708 0.36973

Position: -1.74427 1.00942 -2.06417
Normal: -0 0.965925 0.25882
UV: 0.58271 0.393142

Position: -1.53075 0.941803 -2.31652
Normal: -0 0.707108 -0.707106
UV: 0.60885 0.369729

Position: -1.74427 0.941803 -2.31652
Normal: -0 0.707108 -0.707106
UV: 0.608852 0.393144

Position: -1.74427 0.757066 -2.50126
Normal: -1 0 0
UV: 0.570843 0.342224

Position: -1.74427 0.941803 -2.31652
Normal: -1 0 0
UV: 0.59949 0.313567

Position: -1.74427 0.504711 -2.06417
Normal: -1 5.61576e-008 0
UV: 0.531701 0.274449

Position: -1.74427 0.504711 -2.56888
Normal: -1 0 0
UV: 0.531706 0.352713

Position: -1.74427 0.252355 -2.50126
Normal: -1 3.36943e-007 0
UV: 0.492562 0.342221

Position: -1.74427 0.0676184 -2.31652
Normal: -1 3.36945e-007 0
UV: 0.463915 0.313569

Position: -1.74427 0 -2.06417
Normal: -1 0 0
UV: 0.453434 0.274428

Position: -1.74427 0.0676184 -1.81182
Normal: -1 0 0
UV: 0.463928 0.235307

Position: -1.74427 0.252355 -1.62708
Normal: -1 0 0
UV: 0.492573 0.206667

Position: -1.74427 0.504711 -1.55946
Normal: -1 0 0
UV: 0.531703 0.196182

Position: -1.74427 0.757066 -1.62708
Normal: -1 0 0
UV: 0.570831 0.206667

Position: -1.74427 0.941803 -1.81182
Normal: -1 0 0
UV: 0.599474 0.235307

Position: -1.74427 1.00942 -2.06417
Normal: -1 0 0
UV: 0.609968 0.27443

Position: -2.00542 2.31747 -3.89559
Normal: -0 0.813086 -0.582144
UV: 0.674504 0.355103

Position: -1.74598 2.31747 -3.89559
Normal: -0 0.813086 -0.582144
UV: 0.704686 0.355103

Position: -2.06214 2.42393 -3.74689
Normal: -0 0.813086 -0.582144
UV: 0.667907 0.376378

Position: -1.68927 2.42393 -3.74689
Normal: -0 0.813086 -0.582144
UV: 0.711283 0.376378

Position: -1.74598 1.83042 -3.89559
Normal: -0 0 -1
UV: 0.65635 0.218274

Position: -2.00542 2.31747 -3.89559
Normal: -0 0 -1
UV: 0.71301 0.248456

Position: -2.00542 1.83042 -3.89559
Normal: -0 0 -1
UV: 0.65635 0.248456

Position: -1.74598 2.31747 -3.89559
Normal: -0 0 -1
UV: 0.71301 0.218274

Position: -2.06214 1.72396 -3.74689
Normal: -0 -0.813085 -0.582144
UV: 0.704845 0.313292

Position: -1.74598 1.83042 -3.89559
Normal: -0 -0.813085 -0.582144
UV: 0.668066 0.292019

Position: -2.00542 1.83042 -3.89559
Normal: -0 -0.813085 -0.582144
UV: 0.698248 0.292019

Position: -1.68927 1.72396 -3.74689
Normal: -0 -0.813085 -0.582144
UV: 0.661471 0.313294

Position: -1.68927 2.42393 -3.74689
Normal: -0 0 1
UV: 0.944324 0.0923805

Position: -2.06214 1.72396 -3.74689
Normal: -0 0 1
UV: 0.862895 0.0490045

Position: -2.06214 2.42393 -3.74689
Normal: -0 0 1
UV: 0.944324 0.0490045

Position: -1.68927 1.72396 -3.74689
Normal: -0 0 1
UV: 0.862895 0.0923805

Position: -1.74598 1.83042 -3.89559
Normal: 0.934349 0 -0.356358
UV: 0.773286 0.272361

Position: -1.68927 2.42393 -3.74689
Normal: 0.934349 0 -0.356359
UV: 0.842331 0.253848

Position: -1.74598 2.31747 -3.89559
Normal: 0.934349 0 -0.356358
UV: 0.829945 0.272361

Position: -1.68927 1.72396 -3.74689
Normal: 0.934349 0 -0.356359
UV: 0.760901 0.253848

Position: -2.00542 1.83042 -3.89559
Normal: -0.93435 0 -0.356355
UV: 0.829827 0.272367

Position: -2.06214 2.42393 -3.74689
Normal: -0.93435 0 -0.356355
UV: 0.760784 0.253853

Position: -2.06214 1.72396 -3.74689
Normal: -0.93435 0 -0.356355
UV: 0.842212 0.253853

Position: -2.00542 2.31747 -3.89559
Normal: -0.93435 0 -0.356355
UV: 0.773169 0.272367

Position: -1.53075 0.941803 2.8573
Normal: -0 0.707108 -0.707106
UV: 0.451919 0.369075

Position: -1.74427 0.941803 2.8573
Normal: -0 0.707108 -0.707106
UV: 0.451919 0.392489

Position: -1.53075 0.757066 2.67256
Normal: -0 0.707108 -0.707106
UV: 0.478059 0.369074

Position: -1.74427 0.757066 2.67256
Normal: -0 0.707108 -0.707106
UV: 0.47806 0.39249

Position: -1.53075 0.504711 2.60494
Normal: -0 0.258828 -0.965923
UV: 0.504199 0.369072

Position: -1.74427 0.504711 2.60494
Normal: -0 0.258828 -0.965923
UV: 0.504202 0.392487

Position: -1.53075 0.252355 2.67256
Normal: -0 -0.258828 -0.965923
UV: 0.530339 0.369068

Position: -1.74427 0.252355 2.67256
Normal: -0 -0.258828 -0.965923
UV: 0.530342 0.392484

Position: -1.53075 0.0676184 2.8573
Normal: -0 -0.707108 -0.707106
UV: 0.556476 0.369066

Position: -1.74427 0.0676184 2.8573
Normal: -0 -0.707108 -0.707106
UV: 0.556478 0.392483

Position: -1.53075 0 3.10965
Normal: -0 -0.965925 -0.258821
UV: 0.582615 0.369069

Position: -1.74427 0 3.10965
Normal: -0 -0.965925 -0.258821
UV: 0.582614 0.392481

Position: -1.53075 0.0676184 3.36201
Normal: -0 -0.965925 0.258821
UV: 0.60875 0.369072

Position: -1.74427 0.0676184 3.36201
Normal: -0 -0.965925 0.258821
UV: 0.608751 0.392484

Position: -1.53075 0.252355 3.54675
Normal: -0 -0.707108 0.707106
UV: 0.478156 0.369741

Position: -1.74427 0.0676184 3.36201
Normal: -0 -0.965925 0.258821
UV: 0.452021 0.393154

Position: -1.74427 0.252355 3.54675
Normal: -0 -0.707108 0.707106
UV: 0.478159 0.393153

Position: -1.53075 0.0676184 3.36201
Normal: -0 -0.965925 0.258821
UV: 0.452019 0.369742

Position: -1.53075 0.504711 3.61437
Normal: -0 -0.258828 0.965923
UV: 0.504291 0.369736

Position: -1.74427 0.504711 3.61437
Normal: -0 -0.258828 0.965923
UV: 0.504295 0.393148

Position: -1.53075 0.757066 3.54675
Normal: -0 0.258828 0.965923
UV: 0.530429 0.369733

Position: -1.74427 0.757066 3.54675
Normal: -0 0.258828 0.965923
UV: 0.530432 0.393147

Position: -1.53075 0.941803 3.36201
Normal: -0 0.707108 0.707106
UV: 0.55657 0.369733

Position: -1.74427 0.941803 3.36201
Normal: -0 0.707108 0.707106
UV: 0.556571 0.393148

Position: -1.53075 1.00942 3.10965
Normal: -0 0.965925 0.258821
UV: 0.582708 0.36973

Position: -1.74427 1.00942 3.10965
Normal: -0 0.965925 0.258821
UV: 0.58271 0.393142

Position: -1.53075 0.941803 2.8573
Normal: -0 0.707108 -0.707106
UV: 0.60885 0.369729

Position: -1.74427 0.941803 2.8573
Normal: -0 0.707108 -0.707106
UV: 0.608852 0.393144

Position: -1.74427 0.757066 2.67256
Normal: -1 0 0
UV: 0.570843 0.342224

Position: -1.74427 0.941803 2.8573
Normal: -1 0 0
UV: 0.59949 0.313567

Position: -1.74427 0.504711 3.10965
Normal: -1 -1.27855e-014 0
UV: 0.531701 0.274449

Position: -1.74427 0.504711 2.60494
Normal: -1 0 0
UV: 0.531706 0.352713

Position: -1.74427 0.252355 2.67256
Normal: -1 3.36943e-007 0
UV: 0.492562 0.342221

Position: -1.74427 0.0676184 2.8573
Normal: -1 3.36944e-007 0
UV: 0.463915 0.313569

Position: -1.74427 0 3.10965
Normal: -1 0 0
UV: 0.453434 0.274428

Position: -1.74427 0.0676184 3.36201
Normal: -1 0 0
UV: 0.463928 0.235307

Position: -1.74427 0.252355 3.54675
Normal: -1 0 0
UV: 0.492573 0.206667

Position: -1.74427 0.504711 3.61437
Normal: -1 0 0
UV: 0.531703 0.196182

Position: -1.74427 0.757066 3.54675
Normal: -1 -3.36943e-007 0
UV: 0.570831 0.206667

Position: -1.74427 0.941803 3.36201
Normal: -1 -3.36945e-007 0
UV: 0.599474 0.235307

Position: -1.74427 1.00942 3.10965
Normal: -1 0 0
UV: 0.609968 0.27443

Position: 2.06213 2.42393 -3.74689
Normal: -0 0.813086 -0.582144
UV: 0.667907 0.376378

Position: 1.68927 2.42393 -3.74689
Normal: -0 0.813086 -0.582144
UV: 0.711283 0.376378

Position: 1.74598 2.31747 -3.89559
Normal: -0 0.813086 -0.582144
UV: 0.704686 0.355103

Position: 2.00542 2.31747 -3.89559
Normal: -0 0.813086 -0.582144
UV: 0.674504 0.355103

Position: 2.00542 1.83042 -3.89559
Normal: -0 0 -1
UV: 0.65635 0.248456

Position: 2.00542 2.31747 -3.89559
Normal: -0 0 -1
UV: 0.71301 0.248456

Position: 1.74598 1.83042 -3.89559
Normal: -0 0 -1
UV: 0.65635 0.218274

Position: 1.74598 2.31747 -3.89559
Normal: -0 0 -1
UV: 0.71301 0.218274

Position: 2.06213 1.72396 -3.74689
Normal: -0 -0.813085 -0.582145
UV: 0.704845 0.313292

Position: 1.74598 1.83042 -3.89559
Normal: -0 -0.813085 -0.582145
UV: 0.668066 0.292019

Position: 1.68927 1.72396 -3.74689
Normal: -0 -0.813085 -0.582145
UV: 0.661471 0.313294

Position: 2.00542 1.83042 -3.89559
Normal: -0 -0.813085 -0.582145
UV: 0.698248 0.292019

Position: 2.06213 2.42393 -3.74689
Normal: -0 0 1
UV: 0.944324 0.0490045

Position: 2.06213 1.72396 -3.74689
Normal: -0 0 1
UV: 0.862895 0.0490045

Position: 1.68927 2.42393 -3.74689
Normal: -0 0 1
UV: 0.944324 0.0923805

Position: 1.68927 1.72396 -3.74689
Normal: -0 0 1
UV: 0.862895 0.0923805

Position: 1.68927 2.42393 -3.74689
Normal: -0.934349 0 -0.356359
UV: 0.842331 0.253848

Position: 1.68927 1.72396 -3.74689
Normal: -0.934349 0 -0.356359
UV: 0.760901 0.253848

Position: 1.74598 1.83042 -3.89559
Normal: -0.934349 0 -0.356359
UV: 0.773286 0.272361

Position: 1.74598 2.31747 -3.89559
Normal: -0.934349 0 -0.356359
UV: 0.829945 0.272361

Position: 2.06213 2.42393 -3.74689
Normal: 0.934352 0 -0.356352
UV: 0.760784 0.253853

Position: 2.00542 1.83042 -3.89559
Normal: 0.934352 0 -0.356352
UV: 0.829827 0.272367

Position: 2.06213 1.72396 -3.74689
Normal: 0.934352 0 -0.356352
UV: 0.842212 0.253853

Position: 2.00542 2.31747 -3.89559
Normal: 0.934352 0 -0.356352
UV: 0.773169 0.272367

Position: -1.61888 3.20449 1.52404
Normal: -0 0 1
UV: 0.863126 0.214244

Position: -1.61888 2.96213 1.52404
Normal: -0 0 1
UV: 0.863126 0.197728

Position: -1.73421 3.20449 1.52404
Normal: -0 0 1
UV: 0.830741 0.214244

Position: -1.73421 2.96213 1.52404
Normal: -0 0 1
UV: 0.830741 0.197728

Position: -1.73421 3.20449 1.52404
Normal: -0 1 0
UV: 0.830741 0.171433

Position: -1.73421 3.20449 0.786473
Normal: -0 1 0
UV: 0.782802 0.171433

Position: -1.61888 3.20449 1.52404
Normal: -0 1 0
UV: 0.830741 0.186941

Position: -1.61888 3.20449 0.786473
Normal: -0 1 0
UV: 0.782802 0.186941

Position: -1.61888 2.96213 0.786473
Normal: -0 0 -1
UV: 0.750418 0.197728

Position: -1.61888 3.20449 0.786473
Normal: -0 0 -1
UV: 0.750418 0.214244

Position: -1.73421 2.96213 0.786473
Normal: -0 0 -1
UV: 0.782802 0.197728

Position: -1.73421 3.20449 0.786473
Normal: -0 0 -1
UV: 0.782802 0.214244

Position: -1.61888 2.96213 1.52404
Normal: -0 -1 0
UV: 0.830741 0.198307

Position: -1.61888 2.96213 0.786473
Normal: -0 -1 0
UV: 0.782802 0.198307

Position: -1.73421 2.96213 1.52404
Normal: -0 -1 0
UV: 0.830741 0.214263

Position: -1.73421 2.96213 0.786473
Normal: -0 -1 0
UV: 0.782802 0.214263

Position: -1.73421 3.20449 0.786473
Normal: -1 0 0
UV: 0.782802 0.214244

Position: -1.73421 3.20449 1.52404
Normal: -1 0 0
UV: 0.830741 0.214244

Position: -1.73421 2.96213 1.52404
Normal: -1 0 0
UV: 0.830741 0.197728

Position: -1.73421 2.96213 0.786473
Normal: -1 0 0
UV: 0.782802 0.197728

Position: -1.61888 3.20449 3.8562
Normal: -0 0 1
UV: 0.863126 0.214244

Position: -1.61888 2.96213 3.8562
Normal: -0 0 1
UV: 0.863126 0.197728

Position: -1.73421 3.20449 3.8562
Normal: -0 0 1
UV: 0.830741 0.214244

Position: -1.73421 2.96213 3.8562
Normal: -0 0 1
UV: 0.830741 0.197728

Position: -1.73421 3.20449 3.8562
Normal: -0 1 0
UV: 0.830741 0.171433

Position: -1.73421 3.20449 3.11863
Normal: -0 1 0
UV: 0.782802 0.171433

Position: -1.61888 3.20449 3.8562
Normal: -0 1 0
UV: 0.830741 0.186941

Position: -1.61888 3.20449 3.11863
Normal: -0 1 0
UV: 0.782802 0.186941

Position: -1.61888 2.96213 3.11863
Normal: -0 0 -1
UV: 0.750418 0.197728

Position: -1.61888 3.20449 3.11863
Normal: -0 0 -1
UV: 0.750418 0.214244

Position: -1.73421 2.96213 3.11863
Normal: -0 0 -1
UV: 0.782802 0.197728

Position: -1.73421 3.20449 3.11863
Normal: -0 0 -1
UV: 0.782802 0.214244

Position: -1.61888 2.96213 3.8562
Normal: -0 -1 0
UV: 0.830741 0.198307

Position: -1.61888 2.96213 3.11863
Normal: -0 -1 0
UV: 0.782802 0.198307

Position: -1.73421 2.96213 3.8562
Normal: -0 -1 0
UV: 0.830741 0.214263

Position: -1.73421 2.96213 3.11863
Normal: -0 -1 0
UV: 0.782802 0.214263

Position: -1.73421 3.20449 3.11863
Normal: -1 0 0
UV: 0.782802 0.214244

Position: -1.73421 3.20449 3.8562
Normal: -1 0 0
UV: 0.830741 0.214244

Position: -1.73421 2.96213 3.8562
Normal: -1 0 0
UV: 0.830741 0.197728

Position: -1.73421 2.96213 3.11863
Normal: -1 0 0
UV: 0.782802 0.197728

Position: -1.59174 3.47982 -2.74173
Normal: -1 0 0
UV: 0.75217 0.217537

Position: -1.59174 3.47982 -3.08528
Normal: -1 0 0
UV: 0.752154 0.201502

Position: -1.59174 3.7825 -2.74173
Normal: -1 0 0
UV: 0.741257 0.217537

Position: -1.59174 3.7825 -3.08528
Normal: -1 0 0
UV: 0.741272 0.201502

Position: 1.59309 3.47982 -3.08528
Normal: -0 0 -1
UV: 0.966444 0.201446

Position: -0.0118263 3.7825 -3.08528
Normal: -0 0 -1
UV: 0.859242 0.194909

Position: -0.0118263 3.47982 -3.08528
Normal: -0 0 -1
UV: 0.85928 0.201479

Position: 1.59309 3.7825 -3.08528
Normal: -0 0 -1
UV: 0.966361 0.194873

Position: 1.59309 3.47982 -2.74173
Normal: 1 0 0
UV: 0.966444 0.217482

Position: 1.59309 3.7825 -2.74173
Normal: 1 0 0
UV: 0.97606 0.217466

Position: 1.59309 3.7825 -3.08528
Normal: 1 0 0
UV: 0.976026 0.201429

Position: 1.59309 3.47982 -3.08528
Normal: 1 0 0
UV: 0.966444 0.201446

Position: -0.0118263 3.47982 -2.74173
Normal: -0 -1 0
UV: 0.859307 0.217515

Position: 1.59309 3.47982 -2.74173
Normal: -0 -1 0
UV: 0.966444 0.217482

Position: 1.59309 3.47982 -3.08528
Normal: -0 -1 0
UV: 0.966444 0.201446

Position: -0.0118263 3.47982 -3.08528
Normal: -0 -1 0
UV: 0.85928 0.201479

Position: 1.59309 3.7825 -2.74173
Normal: -0 1 0
UV: 0.966401 0.174583

Position: -0.0118263 3.7825 -2.74173
Normal: -0 1 0
UV: 0.859282 0.174639

Position: -0.0118263 3.7825 -3.08528
Normal: -0 1 0
UV: 0.85932 0.18465

Position: 1.59309 3.7825 -3.08528
Normal: -0 1 0
UV: 0.966444 0.184599

Position: -1.59174 3.7825 -3.08528
Normal: -0 1 0
UV: 0.752148 0.184599

Position: -1.59174 3.7825 -2.74173
Normal: -0 1 0
UV: 0.752148 0.174583

Position: -1.59174 3.7825 -3.08528
Normal: -0 0 -1
UV: 0.752124 0.194936

Position: -1.59174 3.47982 -3.08528
Normal: -0 0 -1
UV: 0.752154 0.201502

Position: -1.59174 3.47982 -2.74173
Normal: -0 -1 0
UV: 0.75217 0.217537

Position: -1.59174 3.47982 -3.08528
Normal: -0 -1 0
UV: 0.752154 0.201502

Position: 1.72674 3.20449 1.52404
Normal: -0 0 1
UV: 0.830741 0.214244

Position: 1.61146 2.96213 1.52404
Normal: -0 0 1
UV: 0.863126 0.197728

Position: 1.61146 3.20449 1.52404
Normal: -0 0 1
UV: 0.863126 0.214244

Position: 1.72674 2.96213 1.52404
Normal: -0 0 1
UV: 0.830741 0.197728

Position: 1.72674 3.20449 0.786473
Normal: -0 1 0
UV: 0.782802 0.171433

Position: 1.72674 3.20449 1.52404
Normal: -0 1 0
UV: 0.830741 0.171433

Position: 1.61146 3.20449 1.52404
Normal: -0 1 0
UV: 0.830741 0.186941

Position: 1.61146 3.20449 0.786473
Normal: -0 1 0
UV: 0.782802 0.186941

Position: 1.72674 2.96213 0.786473
Normal: -0 0 -1
UV: 0.782802 0.197728

Position: 1.61146 3.20449 0.786473
Normal: -0 0 -1
UV: 0.750418 0.214244

Position: 1.61146 2.96213 0.786473
Normal: -0 0 -1
UV: 0.750418 0.197728

Position: 1.72674 3.20449 0.786473
Normal: -0 0 -1
UV: 0.782802 0.214244

Position: 1.72674 2.96213 1.52404
Normal: -0 -1 0
UV: 0.830741 0.214263

Position: 1.61146 2.96213 0.786473
Normal: -0 -1 0
UV: 0.782802 0.198307

Position: 1.61146 2.96213 1.52404
Normal: -0 -1 0
UV: 0.830741 0.198307

Position: 1.72674 2.96213 0.786473
Normal: -0 -1 0
UV: 0.782802 0.214263

Position: 1.72674 3.20449 0.786473
Normal: 1 0 0
UV: 0.782802 0.214244

Position: 1.72674 2.96213 1.52404
Normal: 1 0 0
UV: 0.830741 0.197728

Position: 1.72674 3.20449 1.52404
Normal: 1 0 0
UV: 0.830741 0.214244

Position: 1.72674 2.96213 0.786473
Normal: 1 0 0
UV: 0.782802 0.197728

Position: 1.72674 3.20449 3.8562
Normal: -0 0 1
UV: 0.830741 0.214244

Position: 1.61146 2.96213 3.8562
Normal: -0 0 1
UV: 0.863126 0.197728

Position: 1.61146 3.20449 3.8562
Normal: -0 0 1
UV: 0.863126 0.214244

Position: 1.72674 2.96213 3.8562
Normal: -0 0 1
UV: 0.830741 0.197728

Position: 1.72674 3.20449 3.11863
Normal: -0 1 0
UV: 0.782802 0.171433

Position: 1.72674 3.20449 3.8562
Normal: -0 1 0
UV: 0.830741 0.171433

Position: 1.61146 3.20449 3.8562
Normal: -0 1 0
UV: 0.830741 0.186941

Position: 1.61146 3.20449 3.11863
Normal: -0 1 0
UV: 0.782802 0.186941

Position: 1.72674 2.96213 3.11863
Normal: -0 0 -1
UV: 0.782802 0.197728

Position: 1.61146 3.20449 3.11863
Normal: -0 0 -1
UV: 0.750418 0.214244

Position: 1.61146 2.96213 3.11863
Normal: -0 0 -1
UV: 0.750418 0.197728

Position: 1.72674 3.20449 3.11863
Normal: -0 0 -1
UV: 0.782802 0.214244

Position: 1.72674 2.96213 3.8562
Normal: -0 -1 0
UV: 0.830741 0.214263

Position: 1.61146 2.96213 3.11863
Normal: -0 -1 0
UV: 0.782802 0.198307

Position: 1.61146 2.96213 3.8562
Normal: -0 -1 0
UV: 0.830741 0.198307

Position: 1.72674 2.96213 3.11863
Normal: -0 -1 0
UV: 0.782802 0.214263

Position: 1.72674 3.20449 3.11863
Normal: 1 0 0
UV: 0.782802 0.214244

Position: 1.72674 2.96213 3.8562
Normal: 1 0 0
UV: 0.830741 0.197728

Position: 1.72674 3.20449 3.8562
Normal: 1 0 0
UV: 0.830741 0.214244

Position: 1.72674 2.96213 3.11863
Normal: 1 0 0
UV: 0.782802 0.197728

Position: 0.478938 3.64394 3.83587
Normal: 7.39429e-007 0 1
UV: 0.308224 0.309353

Position: 0.620666 3.73265 3.83587
Normal: 2.64004e-006 0 1
UV: 0.309048 0.308037

Position: 0.620666 3.48176 3.83587
Normal: 2.64004e-006 0 1
UV: 0.306718 0.308037

Position: 0.438985 3.48176 3.83587
Normal: 3.64012e-007 0 1
UV: 0.306718 0.309724

Position: 0.478938 4.28069 3.83587
Normal: -0 0.999212 0.0396935
UV: 0.281283 0.383968

Position: 0.478938 4.5428 -2.76225
Normal: -0 0.999212 0.0396935
UV: 0.281283 0.327285

Position: 0.620666 4.28069 3.83587
Normal: -0 0.999212 0.0396935
UV: 0.279967 0.383968

Position: 0.620666 4.5428 -2.76225
Normal: -0 0.999212 0.0396935
UV: 0.279967 0.327285

Position: 0.620666 3.82935 -3.50277
Normal: 0.0324109 0.679903 -0.732586
UV: 0.321996 0.308037

Position: 0.478938 3.99153 -3.35852
Normal: 0.00925178 0.66906 -0.743151
UV: 0.32049 0.309353

Position: 0.438985 3.82935 -3.50277
Normal: 0.00485607 0.666945 -0.745091
UV: 0.321996 0.309724

Position: 0.620666 4.08024 -3.26188
Normal: 0.0324109 0.679903 -0.732586
UV: 0.319667 0.308037

Position: 0.620666 3.48176 3.83587
Normal: -0 -0.99888 -0.0473111
UV: 0.0303999 0.301932

Position: 0.620666 3.82935 -3.50277
Normal: -0 -0.99888 -0.0473111
UV: 0.0303999 0.386826

Position: 0.438985 3.48176 3.83587
Normal: -0 -0.99888 -0.0473111
UV: 0.0326341 0.301932

Position: 0.438985 3.82935 -3.50277
Normal: -0 -0.99888 -0.0473111
UV: 0.0326341 0.386826

Position: -0.622081 4.08024 -3.26188
Normal: -1 0 0
UV: 0.166651 0.365987

Position: -0.622081 3.73265 3.83587
Normal: -1 0 0
UV: 0.164649 0.320813

Position: -0.622081 3.48176 3.83587
Normal: -1 0 0
UV: 0.162991 0.320813

Position: -0.622081 3.82935 -3.50277
Normal: -1 0 0
UV: 0.164993 0.366436

Position: 0.620666 3.48176 3.83587
Normal: 1 8.10676e-008 0
UV: 0.170661 0.366436

Position: 0.620666 4.08024 -3.26188
Normal: 1 8.10676e-008 0
UV: 0.174321 0.321262

Position: 0.620666 3.82935 -3.50277
Normal: 1 8.10676e-008 0
UV: 0.172663 0.320813

Position: 0.620666 3.73265 3.83587
Normal: 1 8.10676e-008 0
UV: 0.17232 0.366436

Position: -0.622081 3.82935 -3.50277
Normal: -0.0324109 0.679903 -0.732586
UV: 0.321996 0.319577

Position: -0.480353 3.99153 -3.35852
Normal: -0.00925178 0.66906 -0.74315
UV: 0.32049 0.318261

Position: -0.622081 4.08024 -3.26188
Normal: -0.0324109 0.679903 -0.732585
UV: 0.319667 0.319577

Position: -0.440401 3.82935 -3.50277
Normal: -0.00485608 0.666945 -0.745091
UV: 0.321996 0.31789

Position: -0.622081 3.82935 -3.50277
Normal: -0 -0.99888 -0.0473111
UV: 0.0456827 0.386826

Position: -0.622081 3.48176 3.83587
Normal: -0 -0.99888 -0.0473111
UV: 0.0456827 0.301932

Position: -0.440401 3.48176 3.83587
Normal: -0 -0.99888 -0.0473111
UV: 0.0434485 0.301932

Position: -0.440401 3.82935 -3.50277
Normal: -0 -0.99888 -0.0473111
UV: 0.0434485 0.386826

Position: -0.622081 3.73265 3.83587
Normal: -1.32002e-006 0 1
UV: 0.309048 0.319577

Position: -0.480353 3.64394 3.83587
Normal: -3.69714e-007 0 1
UV: 0.308224 0.318261

Position: -0.622081 3.48176 3.83587
Normal: -1.32002e-006 0 1
UV: 0.306718 0.319577

Position: -0.440401 3.48176 3.83587
Normal: -1.82006e-007 0 1
UV: 0.306718 0.31789

Position: -0.622081 4.28069 3.83587
Normal: -0 0.999212 0.0396935
UV: 0.344563 0.383968

Position: -0.480353 4.5428 -2.76225
Normal: -0 0.999212 0.0396935
UV: 0.343247 0.327285

Position: -0.480353 4.28069 3.83587
Normal: -0 0.999212 0.0396935
UV: 0.343247 0.383968

Position: -0.622081 4.5428 -2.76225
Normal: -0 0.999212 0.0396935
UV: 0.344563 0.327285

Position: -0.480353 3.64394 3.83587
Normal: -0 0.998835 0.0482575
UV: 0.206514 0.379444

Position: 0.478938 3.99153 -3.35852
Normal: -0 0.998835 0.0482575
UV: 0.19568 0.30148

Position: 0.478938 3.64394 3.83587
Normal: -0 0.998835 0.0482575
UV: 0.19568 0.379444

Position: -0.480353 3.99153 -3.35852
Normal: -0 0.998835 0.0482575
UV: 0.206514 0.30148

Position: 0.620666 4.28069 3.83587
Normal: -2.04457e-006 0 1
UV: 0.314137 0.308037

Position: 0.478938 4.28069 3.83587
Normal: -2.04457e-006 0 1
UV: 0.314137 0.309353

Position: 0.478938 4.5428 -2.76225
Normal: -1 0 0
UV: 0.0741137 0.375406

Position: 0.478938 4.28069 3.83587
Normal: -1 0 0
UV: 0.0707942 0.30851

Position: 0.478938 3.64394 3.83587
Normal: -1 0 0
UV: 0.063816 0.30851

Position: 0.478938 3.99153 -3.35852
Normal: -1 0 0
UV: 0.0671354 0.384164

Position: 0.478938 3.99153 -3.35852
Normal: 0.00925178 0.66906 -0.743151
UV: 0.281283 0.319864

Position: 0.620666 4.08024 -3.26188
Normal: 0.0324109 0.679903 -0.732586
UV: 0.279967 0.320495

Position: 0.478938 4.5428 -2.76225
Normal: 0.00329624 0.734263 -0.678857
UV: 0.281283 0.327285

Position: 0.620666 4.5428 -2.76225
Normal: 1 -3.0338e-008 0
UV: 0.177943 0.326094

Position: 0.620666 4.28069 3.83587
Normal: 1 -3.0338e-008 0
UV: 0.175942 0.366436

Position: -0.480353 3.64394 3.83587
Normal: 1 -3.58707e-008 0
UV: 0.0747184 0.384164

Position: -0.480353 4.5428 -2.76225
Normal: 1 -3.58707e-008 0
UV: 0.0850161 0.317268

Position: -0.480353 3.99153 -3.35852
Normal: 1 -3.58707e-008 0
UV: 0.0780379 0.30851

Position: -0.480353 4.28069 3.83587
Normal: 1 -3.58708e-008 0
UV: 0.0816967 0.384164

Position: -0.480353 4.28069 3.83587
Normal: 2.04457e-006 0 1
UV: 0.314137 0.318261

Position: -0.622081 4.28069 3.83587
Normal: 2.04457e-006 0 1
UV: 0.314137 0.319577

Position: -0.622081 4.5428 -2.76225
Normal: -1 9.70815e-008 0
UV: 0.170273 0.361155

Position: -0.622081 4.28069 3.83587
Normal: -1 9.70815e-008 0
UV: 0.168271 0.320813

Position: -0.480353 4.5428 -2.76225
Normal: -0 0.733801 -0.679365
UV: 0.314578 0.318261

Position: -0.622081 4.5428 -2.76225
Normal: -0 0.733801 -0.679365
UV: 0.314578 0.319577

Position: -0.741203 3.48568 4.05384
Normal: -0 0 1
UV: 0.0748593 0.375708

Position: 0.739787 3.48568 4.05384
Normal: -0 0 1
UV: 0.0748593 0.304949

Position: 0.739787 3.2348 4.05384
Normal: -0 0 1
UV: 0.0605742 0.304949

Position: -0.741203 3.2348 4.05384
Normal: -0 0 1
UV: 0.0605742 0.375708

Position: -0.741203 3.48568 4.05384
Normal: -0 1 0
UV: 0.211394 0.378237

Position: -0.741203 3.48568 2.77339
Normal: -0 1 0
UV: 0.211394 0.301684

Position: 0.739787 3.48568 4.05384
Normal: -0 1 0
UV: 0.139138 0.378237

Position: 0.739787 3.48568 2.77339
Normal: -0 1 0
UV: 0.139138 0.301684

Position: -0.741203 3.2348 2.77339
Normal: -0 0 -1
UV: 0.0578725 0.375708

Position: 0.739787 3.2348 2.77339
Normal: -0 0 -1
UV: 0.0578725 0.304949

Position: 0.739787 3.48568 2.77339
Normal: -0 0 -1
UV: 0.0435874 0.304949

Position: -0.741203 3.48568 2.77339
Normal: -0 0 -1
UV: 0.0435874 0.375708

Position: -0.741203 3.48568 2.77339
Normal: -1 0 0
UV: 0.0768261 0.379403

Position: -0.741203 3.48568 4.05384
Normal: -1 0 0
UV: 0.0768261 0.304435

Position: -0.741203 3.2348 4.05384
Normal: -1 0 0
UV: 0.0625409 0.304435

Position: -0.741203 3.2348 2.77339
Normal: -1 0 0
UV: 0.0625409 0.379403

Position: 0.739787 3.48568 4.05384
Normal: 1 0 0
UV: 0.0598392 0.379403

Position: 0.739787 3.2348 2.77339
Normal: 1 0 0
UV: 0.0455542 0.304435

Position: 0.739787 3.2348 4.05384
Normal: 1 0 0
UV: 0.0455542 0.379403

Position: 0.739787 3.48568 2.77339
Normal: 1 0 0
UV: 0.0598392 0.304435

Position: 0.620666 4.5428 -2.76225
Normal: -0 0.733801 -0.679365
UV: 0.279967 0.327285

Position: 1.62496 1.40195 3.7786
Normal: 1 0 0
UV: 0.0556145 0.872121

Position: 1.62496 1.40195 4.07841
Normal: 1 0 0
UV: 0.0155957 0.872121

Position: 1.62496 3.27352 4.07841
Normal: 1 0 0
UV: 0.0155956 0.622303

Position: 1.62496 0.503363 4.07841
Normal: 1 0 0
UV: 0.731073 0.067502

Position: 1.62496 0.743045 4.07841
Normal: 1 0 0
UV: 0.731072 0.095382

Position: 1.62496 0.743045 3.87418
Normal: 1 0 0
UV: 0.707314 0.0953798

Position: 1.62496 0.503363 3.87418
Normal: 1 0 0
UV: 0.707321 0.0675151

Position: 1.62496 0.503363 4.07841
Normal: -0 -1 0
UV: 0.420294 0.237157

Position: 1.62496 0.503363 3.87418
Normal: -0 -1 0
UV: 0.407815 0.237149

Position: -0 0.503363 4.07841
Normal: -0 -1 0
UV: 0.420328 0.137725

Position: -0 0.743045 4.07841
Normal: -1.71751e-007 0 1
UV: 0.920572 0.095399

Position: 1.62496 0.743045 4.07841
Normal: -0 0 1
UV: 0.731072 0.095382

Position: 1.62496 0.503363 4.07841
Normal: -0 0 1
UV: 0.731073 0.067502

Position: -0 0.503363 4.07841
Normal: -0 0 1
UV: 0.920574 0.067517

Position: 1.62496 0.743045 4.07841
Normal: -0 0 1
UV: 0.98698 0.959526

Position: -0 0.743045 4.07841
Normal: -1.71751e-007 0 1
UV: 0.780477 0.959526

Position: 0.992644 1.06175 4.07841
Normal: -1.60013e-007 0 1
UV: 0.904022 0.917055

Position: 1.62496 1.06175 4.07841
Normal: -0 0 1
UV: 0.98698 0.916596

Position: 1.62496 1.06175 4.07841
Normal: 1 0 0
UV: 0.032262 0.0686291

Position: 1.62496 1.40195 4.07841
Normal: 1 0 0
UV: 0.032287 0.0129501

Position: 1.62496 1.40195 3.7786
Normal: 1 0 0
UV: 0.067166 0.0129631

Position: 1.62496 1.06175 3.7786
Normal: 1 0 0
UV: 0.067139 0.0686411

Position: 1.62496 1.06175 4.07841
Normal: 1 0 0
UV: 0.0155956 0.917531

Position: 1.62496 0.743045 3.87418
Normal: 1 0 0
UV: 0.0428568 0.960072

Position: 1.62496 0.743045 4.07841
Normal: 1 0 0
UV: 0.0155956 0.960072

Position: 1.62496 1.06175 3.7786
Normal: 1 0 0
UV: 0.0556144 0.917531

Position: 1.62496 1.06175 4.07841
Normal: -0 0 1
UV: 0.22643 0.0695481

Position: 0.992644 1.06175 4.07841
Normal: -1.60013e-007 0 1
UV: 0.152869 0.0695481

Position: 1.62496 1.40195 4.07841
Normal: -0 0 1
UV: 0.226429 0.0138221

Position: 0.992644 1.40195 4.07841
Normal: -1.07609e-007 0 1
UV: 0.152868 0.0138351

Position: -0 0.503363 2.30837
Normal: 0.000134213 -1 0.00012466
UV: 0.323111 0.137666

Position: 1.62496 0.503363 2.30837
Normal: 0.862156 -0.506643 9.36741e-005
UV: 0.322415 0.237084

Position: 1.62496 3.27352 4.07841
Normal: -0 0 1
UV: 0.98698 0.626854

Position: 0.992644 1.40195 4.07841
Normal: -1.07609e-007 0 1
UV: 0.903743 0.872533

Position: -0 3.27352 4.07841
Normal: -5.61307e-008 0 1
UV: 0.780477 0.626854

Position: 1.62496 1.40195 4.07841
Normal: -0 0 1
UV: 0.98698 0.87201

Position: -0 3.27352 2.30837
Normal: -0 1 0
UV: 0.206846 0.426169

Position: 1.62496 3.27352 0.558802
Normal: -0 1 0
UV: 0.361859 0.586487

Position: 1.62496 3.27352 2.30837
Normal: -0 1 0
UV: 0.20689 0.58653

Position: -0 3.27352 0.558802
Normal: -0 1 0
UV: 0.361815 0.426126

Position: 1.62496 0.503363 2.30837
Normal: 0.862156 -0.506643 9.36741e-005
UV: 0.0351202 0.991763

Position: 1.62496 3.27352 0.558802
Normal: 1 5.91335e-009 0
UV: 0.268654 0.622001

Position: 1.62496 0.503363 0.558801
Normal: 0.949754 -0.312997 0.000155957
UV: 0.268654 0.991763

Position: 1.62496 3.27352 2.30837
Normal: 1 3.35618e-009 0
UV: 0.0351204 0.622001

Position: 1.42168 0.502383 0.559113
Normal: 0.000536457 -1 0.000498271
UV: 0.226996 0.22447

Position: 1.62496 0.503363 0.558801
Normal: 0.949754 -0.312997 0.000155957
UV: 0.226993 0.237011

Position: -0 3.27352 4.07841
Normal: -0 1 0
UV: 0.0500632 0.426212

Position: 1.62496 3.27352 4.07841
Normal: -0 1 0
UV: 0.0501072 0.586573

Position: 1.62496 3.27352 2.30837
Normal: 1 3.35618e-009 0
UV: 0.251862 0.622303

Position: 1.62496 0.503363 2.30837
Normal: 0.862156 -0.506643 9.36741e-005
UV: 0.251862 0.992065

Position: 1.62496 0.503363 3.87418
Normal: 1 0 0
UV: 0.0428568 0.992065

Position: 1.62496 0.503363 -3.92088
Normal: 1 0 0
UV: 0.727756 0.079473

Position: 1.62496 0.743045 -3.92088
Normal: 1 1.00349e-007 0
UV: 0.727881 0.051597

Position: 1.62496 0.503363 -4.07293
Normal: 1 0 0
UV: 0.745582 0.079469

Position: 1.62496 0.743045 -4.07293
Normal: 1 0 0
UV: 0.745567 0.051582

Position: -0 1.95722 -3.88133
Normal: -0 0.421896 -0.906644
UV: 0.416362 0.262147

Position: 1.52079 1.95722 -3.88133
Normal: -0 0.421896 -0.906644
UV: 0.266255 0.262173

Position: -0 3.40458 -3.20782
Normal: -0 0.421896 -0.906644
UV: 0.416335 0.10499

Position: 1.52079 3.40458 -3.20782
Normal: -0 0.421896 -0.906644
UV: 0.266228 0.105016

Position: 1.62496 1.40195 -3.92636
Normal: -0 0 -1
UV: 0.79176 0.493368

Position: 1.62496 1.86046 -3.92636
Normal: -0 0 -1
UV: 0.79176 0.441027

Position: 0.992644 1.40195 -3.92636
Normal: -0 0 -1
UV: 0.867239 0.494099

Position: -0 1.86046 -3.92636
Normal: -0 0 -1
UV: 0.984322 0.441027

Position: -0 0.743045 -3.92636
Normal: -0 1 0
UV: 0.776341 0.09909

Position: 1.62496 0.743045 -4.07293
Normal: -0 1 0
UV: 0.586844 0.116847

Position: 1.62496 0.743045 -3.92088
Normal: -0 1 0
UV: 0.586842 0.099153

Position: -0 0.743045 -4.07841
Normal: -0 1 0
UV: 0.776344 0.11678

Position: -0 0.503363 -4.07841
Normal: 0.00337263 0 -0.999994
UV: 0.935091 0.079326

Position: 1.62496 0.503363 -4.07293
Normal: 0.00337263 0 -0.999994
UV: 0.745582 0.079469

Position: 1.62496 0.743045 -4.07293
Normal: 0.00337263 0 -0.999994
UV: 0.745567 0.051582

Position: -0 0.743045 -4.07841
Normal: 0.00337263 0 -0.999994
UV: 0.935068 0.051441

Position: -0 0.503363 -3.92636
Normal: 0.000486083 -1 -0.000230772
UV: 0.735942 0.149465

Position: 1.62496 0.503363 -3.92088
Normal: 0.000498422 -1 -0.00023663
UV: 0.575579 0.149474

Position: 1.62496 0.503363 -4.07293
Normal: -0 -1 0
UV: 0.575629 0.134505

Position: -0 0.503363 -4.07841
Normal: -0 -1 0
UV: 0.735991 0.134496

Position: 1.52079 3.40458 -3.20782
Normal: -0 0.421896 -0.906644
UV: 0.650446 0.435113

Position: -0 3.50134 -3.16279
Normal: -0 0.421886 -0.906649
UV: 0.661578 0.585185

Position: -0 3.40458 -3.20782
Normal: -0 0.421896 -0.906644
UV: 0.651071 0.585228

Position: 1.62496 3.50134 -3.16279
Normal: -0 0.421891 -0.906646
UV: 0.660928 0.424834

Position: 1.62496 1.86046 -3.92636
Normal: -0 0 -1
UV: 0.48278 0.424951

Position: 1.52079 1.95722 -3.88133
Normal: -0 0.421896 -0.906644
UV: 0.493274 0.435217

Position: -0 1.86046 -3.92636
Normal: -0 0 -1
UV: 0.482311 0.585302

Position: -0 1.95722 -3.88133
Normal: -0 0.421896 -0.906644
UV: 0.492818 0.585333

Position: -0 3.49536 -0.503776
Normal: -0.00267823 0.999996 0.0011567
UV: 0.361815 0.426126

Position: 1.62496 3.50134 -1.9115
Normal: -0.00267823 0.999996 0.0011567
UV: 0.500443 0.586448

Position: 1.62496 3.50134 -0.503776
Normal: -0.00267823 0.999996 0.0011567
UV: 0.361859 0.586487

Position: -0 3.49872 -1.99409
Normal: -0.00267823 0.999996 0.0011567
UV: 0.50853 0.426085

Position: 1.62496 0.743045 -2.73165
Normal: 1 -6.53944e-008 0
UV: 0.588832 0.051676

Position: 1.62496 0.503363 -2.73165
Normal: 1 -7.22306e-008 0
UV: 0.58889 0.079569

Position: 1.62496 1.94528 -2.00111
Normal: 1 -3.90035e-008 0
UV: 0.0237379 0.258833

Position: 1.62496 3.40245 -3.10013
Normal: 1 -3.57635e-008 0
UV: 0.132141 0.11523

Position: 1.62496 1.94528 -3.77821
Normal: 1 -1.85307e-008 0
UV: 0.199095 0.258589

Position: 1.62496 3.40245 -1.99972
Normal: 1 -3.78639e-008 0
UV: 0.0242293 0.11538

Position: 1.62496 1.94528 -3.77821
Normal: 1 -1.85307e-008 0
UV: 0.755355 0.796083

Position: 1.62496 3.50134 -3.16279
Normal: 1 0 0
UV: 0.67899 0.632088

Position: 1.62496 1.86046 -3.92636
Normal: 1 1.1431e-007 0
UV: 0.773738 0.806608

Position: 1.62496 3.40245 -3.10013
Normal: 1 -3.57635e-008 0
UV: 0.671215 0.644359

Position: 1.62496 3.38955 -0.664953
Normal: 1 -8.20257e-007 0
UV: 0.502682 0.64596

Position: 1.62496 3.50134 -1.9115
Normal: 1 -8.20257e-007 0
UV: 0.523721 0.632088

Position: 1.62496 3.39023 -1.83884
Normal: 1 -8.20257e-007 0
UV: 0.514705 0.645875

Position: 1.62496 3.50134 -0.503776
Normal: 1 -8.20257e-007 0
UV: 0.482682 0.632088

Position: 1.62496 1.40195 -3.92636
Normal: -0 0 -1
UV: 0.107343 0.0144721

Position: 0.992644 1.06175 -3.92636
Normal: 0.000909465 -0.00463699 -0.999989
UV: 0.180913 0.0701771

Position: 1.62496 1.06175 -3.92636
Normal: 0.00151867 -0.00774308 -0.999969
UV: 0.107352 0.0701811

Position: 0.992644 1.40195 -3.92636
Normal: -0 0 -1
UV: 0.180903 0.0144681

Position: 1.62496 1.40195 -3.54276
Normal: 1 1.9473e-008 0
UV: 0.726139 0.863502

Position: 1.62496 1.40195 -3.92636
Normal: 1 7.98651e-008 0
UV: 0.773738 0.863502

Position: 1.62496 0.743045 -3.92088
Normal: 1 1.00349e-007 0
UV: 0.773059 0.945264

Position: 1.62496 1.06175 -3.54276
Normal: 1 1.01768e-007 0
UV: 0.726139 0.905717

Position: 1.62496 1.06175 -3.92636
Normal: 1 1.12174e-007 0
UV: 0.773738 0.905717

Position: 1.62496 0.743045 -2.73165
Normal: 1 -6.53944e-008 0
UV: 0.625491 0.945264

Position: 1.62496 1.06175 -3.54276
Normal: 1 1.01768e-007 0
UV: 0.241136 0.068832

Position: 1.62496 1.40195 -3.54276
Normal: 1 1.9473e-008 0
UV: 0.241154 0.013122

Position: 1.62496 1.40195 -3.92636
Normal: 1 7.98651e-008 0
UV: 0.28578 0.013135

Position: 1.62496 1.06175 -3.92636
Normal: 1 1.12174e-007 0
UV: 0.285759 0.068833

Position: -0 0.743045 -3.92636
Normal: 0.000265027 -0.00135127 -0.999999
UV: 0.984322 0.573106

Position: 0.992644 1.06175 -3.92636
Normal: 0.000909465 -0.00463699 -0.999989
UV: 0.866857 0.534333

Position: 1.62496 0.743045 -3.92088
Normal: 0.00242677 -0.0123731 -0.999921
UV: 0.79176 0.571337

Position: 1.62496 1.06175 -3.92636
Normal: 0.00151867 -0.00774308 -0.999969
UV: 0.79176 0.533657

Position: 1.42342 0.502383 -0.503776
Normal: -0.000688991 -1 0
UV: 0.226996 0.224682

Position: -0 0.503363 -3.92636
Normal: 0.000486083 -1 -0.000230772
UV: 0.018092 0.137482

Position: -0 0.503363 -0.503775
Normal: -0.000688991 -1 0
UV: 0.227019 0.137608

Position: 1.62496 1.93825 -0.664953
Normal: 1 0 0
UV: 0.313367 0.234787

Position: 1.62496 3.38955 -0.664953
Normal: 1 -8.20257e-007 0
UV: 0.313696 0.117762

Position: 1.62496 1.95004 -1.83994
Normal: 1 0 0
UV: 0.380822 0.221865

Position: 1.62496 3.39023 -1.83884
Normal: 1 -8.20257e-007 0
UV: 0.381204 0.120082

Position: 1.62496 1.93825 -0.664953
Normal: 1 0 0
UV: 0.561853 0.796955

Position: 1.62496 3.50134 -0.503776
Normal: 1 -8.20257e-007 0
UV: 0.541853 0.632088

Position: 1.62496 3.38955 -0.664953
Normal: 1 -8.20257e-007 0
UV: 0.561853 0.64596

Position: 1.62496 1.75887 -0.503776
Normal: 1 0 0
UV: 0.541853 0.819213

Position: 1.62496 3.39023 -1.83884
Normal: 1 -8.20257e-007 0
UV: 0.707517 0.645875

Position: 1.62496 1.94528 -2.00111
Normal: 1 -3.90035e-008 0
UV: 0.727653 0.796083

Position: 1.62496 1.95004 -1.83994
Normal: 1 0 0
UV: 0.707653 0.795492

Position: 1.62496 3.40245 -1.99972
Normal: 1 -3.78639e-008 0
UV: 0.72748 0.631631

Position: 1.42392 2.80932 -0.503776
Normal: 9.54939e-010 0 1
UV: 0.847359 0.342559

Position: -0 3.49536 -0.503776
Normal: 9.5494e-010 0 1
UV: 0.810342 0.324775

Position: 1.62496 3.50134 -0.503776
Normal: 9.54939e-010 0 1
UV: 0.852571 0.32462

Position: -0 2.80482 -0.503776
Normal: 9.54939e-010 0 1
UV: 0.8102 0.342676

Position: 1.42342 0.502383 -0.503776
Normal: -1.57347e-007 0 1
UV: 0.83562 0.409151

Position: 1.62496 1.75887 -0.503776
Normal: -1.57347e-007 0 1
UV: 0.843019 0.363024

Position: 1.62496 0.503363 -0.503776
Normal: -1.57347e-007 0 1
UV: 0.843019 0.409115

Position: -0 2.80482 0.559424
Normal: -0.00316316 0.999995 0
UV: 0.275234 0.30496

Position: 1.42392 2.80932 -0.503776
Normal: -0.00316316 0.999995 0
UV: 0.336067 0.386973

Position: 1.42392 2.80932 0.559424
Normal: -0.00316316 0.999995 0
UV: 0.275234 0.386973

Position: -0 2.80482 -0.503776
Normal: -0.00316316 0.999995 0
UV: 0.336067 0.30496

Position: 1.42168 0.502383 0.559113
Normal: 0.999999 -0.000593862 0.000819247
UV: 0.350796 0.930638

Position: 1.42392 2.80932 0.559424
Normal: 1 -0.000593862 0.000819246
UV: 0.350763 0.685461

Position: 1.42392 2.80932 -0.503776
Normal: 0.999999 -0.000593862 0.000819246
UV: 0.464158 0.685461

Position: 1.42342 0.502383 -0.503776
Normal: 0.999999 -0.000593862 0.000819247
UV: 0.464158 0.930638

Position: 1.62496 3.27352 0.558802
Normal: 1.98591e-006 -0.00133264 -0.999999
UV: 0.904133 0.409151

Position: -0 3.27352 0.558802
Normal: 1.98591e-006 -0.00133264 -0.999999
UV: 0.844334 0.409151

Position: 1.42392 2.80932 0.559424
Normal: 1.98591e-006 -0.00133264 -0.999999
UV: 0.896753 0.39211

Position: -0 2.80482 0.559424
Normal: 1.98591e-006 -0.00133264 -0.999999
UV: 0.844133 0.391944

Position: 1.62496 0.503363 0.558801
Normal: -0.0023788 6.25855e-005 -0.999997
UV: 0.895728 0.330551

Position: 1.42392 2.80932 0.559424
Normal: 1.98591e-006 -0.00133264 -0.999999
UV: 0.890516 0.390331

Position: 1.42168 0.502383 0.559113
Normal: -0.0023788 6.25855e-005 -0.999997
UV: 0.890458 0.330526

Position: 1.62496 3.27352 0.558802
Normal: 1.98591e-006 -0.00133264 -0.999999
UV: 0.895728 0.402364

Position: 1.62496 1.75887 -0.503776
Normal: -1.57347e-007 0 1
UV: 0.852571 0.369791

Position: 1.42342 0.502383 -0.503776
Normal: -1.57347e-007 0 1
UV: 0.847346 0.402364

Position: 1.62496 0.503363 -0.503776
Normal: 1 0 0
UV: 0.541853 0.975005

Position: 1.62496 0.503363 -2.73165
Normal: 1 -7.22306e-008 0
UV: 0.758465 0.975005

Position: 1.62496 1.36307 -1.99644
Normal: 1 -8.20742e-008 0
UV: 0.72736 0.868336

Position: 1.62496 0.743045 -2.73165
Normal: 1 -6.53944e-008 0
UV: 0.758465 0.945264

Position: 1.62496 1.94528 -2.00111
Normal: 1 -3.90035e-008 0
UV: 0.534841 0.796083

Position: 1.62496 1.36307 -1.99644
Normal: 1 -8.20742e-008 0
UV: 0.534548 0.868336

Position: 1.62496 0.503363 -2.73165
Normal: 0.000537708 -1 -0.000255281
UV: 0.0910099 0.236908

Position: 1.62496 0.503363 -0.503776
Normal: 0.000537708 -1 -0.000255281
UV: 0.226993 0.237011

Position: 1.62496 0.503363 -3.92088
Normal: 0.000498422 -1 -0.00023663
UV: 0.0182205 0.236916

Position: -0 0.503363 0.558804
Normal: -0.00068976 -1 0
UV: 0.227019 0.137608

Position: -0 0.503363 0.558804
Normal: -0.00068976 -1 0
UV: 0.380361 0.239881

Position: 1.42168 0.502383 0.559113
Normal: 0.000536457 -1 0.000498271
UV: 0.267108 0.239881

Position: -0 0.503363 -0.503775
Normal: -0.000688991 -1 0
UV: 0.380379 0.15547

Position: 1.42342 0.502383 -0.503776
Normal: -0.000688991 -1 0
UV: 0.266988 0.155446

Position: 1.62496 3.40245 -1.99972
Normal: 1 -3.78639e-008 0
UV: 0.534668 0.644359

Position: 1.62496 3.50134 -3.16279
Normal: -0.000836367 0.999999 0.00108592
UV: 0.623627 0.586414

Position: -0 3.50134 -3.16279
Normal: -0.000836367 0.999999 0.00108592
UV: 0.623583 0.426053

Position: -1.62496 1.40195 3.7786
Normal: -1 0 0
UV: 0.0556145 0.872121

Position: -1.62496 3.27352 4.07841
Normal: -1 0 0
UV: 0.0155956 0.622303

Position: -1.62496 1.40195 4.07841
Normal: -1 0 0
UV: 0.0155957 0.872121

Position: -1.62496 0.503363 4.07841
Normal: -1 0 0
UV: 0.731073 0.067502

Position: -1.62496 0.743045 3.87418
Normal: -1 -2.30635e-008 0
UV: 0.707314 0.0953798

Position: -1.62496 0.743045 4.07841
Normal: -1 -8.29948e-008 0
UV: 0.731072 0.095382

Position: -1.62496 0.503363 3.87418
Normal: -1 0 0
UV: 0.707321 0.0675151

Position: -1.62496 0.503363 4.07841
Normal: -0 -1 0
UV: 0.420294 0.237157

Position: -1.62496 0.503363 3.87418
Normal: -0 -1 0
UV: 0.407815 0.237149

Position: -1.62496 0.503363 4.07841
Normal: -0 0 1
UV: 0.731073 0.067502

Position: -1.62496 0.743045 4.07841
Normal: -0 0 1
UV: 0.731072 0.095382

Position: -1.62496 0.743045 4.07841
Normal: -0 0 1
UV: 0.98698 0.959526

Position: -0.992644 1.06175 4.07841
Normal: 1.2001e-007 0 1
UV: 0.904022 0.917055

Position: -1.62496 1.06175 4.07841
Normal: -0 0 1
UV: 0.98698 0.916596

Position: -1.62496 1.06175 4.07841
Normal: -1 -5.88475e-008 0
UV: 0.032262 0.0686291

Position: -1.62496 1.40195 3.7786
Normal: -1 0 0
UV: 0.067166 0.0129631

Position: -1.62496 1.40195 4.07841
Normal: -1 0 0
UV: 0.032287 0.0129501

Position: -1.62496 1.06175 3.7786
Normal: -1 -1.20641e-008 0
UV: 0.067139 0.0686411

Position: -1.62496 1.06175 4.07841
Normal: -1 -5.88475e-008 0
UV: 0.0155956 0.917531

Position: -1.62496 0.743045 3.87418
Normal: -1 -2.30635e-008 0
UV: 0.0428568 0.960072

Position: -1.62496 1.06175 3.7786
Normal: -1 -1.20641e-008 0
UV: 0.0556144 0.917531

Position: -1.62496 0.743045 4.07841
Normal: -1 -8.29948e-008 0
UV: 0.0155956 0.960072

Position: -1.62496 1.40195 4.07841
Normal: -0 0 1
UV: 0.226429 0.0138221

Position: -0.992644 1.40195 4.07841
Normal: 8.07068e-008 0 1
UV: 0.152868 0.0138351

Position: -0.992644 1.06175 4.07841
Normal: 1.2001e-007 0 1
UV: 0.152869 0.0695481

Position: -1.62496 1.06175 4.07841
Normal: -0 0 1
UV: 0.22643 0.0695481

Position: -1.62496 0.503363 2.30837
Normal: -0.862156 -0.506643 9.36716e-005
UV: 0.322415 0.237084

Position: -1.62496 3.27352 4.07841
Normal: -0 0 1
UV: 0.98698 0.626854

Position: -0.992644 1.40195 4.07841
Normal: 8.07068e-008 0 1
UV: 0.903743 0.872533

Position: -1.62496 1.40195 4.07841
Normal: -0 0 1
UV: 0.98698 0.87201

Position: -1.62496 3.27352 2.30837
Normal: -0 1 0
UV: 0.20689 0.58653

Position: -1.62496 3.27352 0.558802
Normal: -0 1 0
UV: 0.361859 0.586487

Position: -1.62496 0.503363 2.30837
Normal: -0.862156 -0.506643 9.36716e-005
UV: 0.0351202 0.991763

Position: -1.62496 3.27352 0.558802
Normal: -1 0 0
UV: 0.268654 0.622001

Position: -1.62496 3.27352 2.30837
Normal: -1 0 0
UV: 0.0351204 0.622001

Position: -1.62496 0.503363 0.558801
Normal: -0.949754 -0.312997 0.000155953
UV: 0.268654 0.991763

Position: -1.42168 0.502383 0.559113
Normal: -0.000536457 -1 0.000498258
UV: 0.226996 0.22447

Position: -1.62496 0.503363 0.558801
Normal: -0.949754 -0.312997 0.000155953
UV: 0.226993 0.237011

Position: -1.62496 3.27352 4.07841
Normal: -0 1 0
UV: 0.0501072 0.586573

Position: -1.62496 3.27352 2.30837
Normal: -1 0 0
UV: 0.251862 0.622303

Position: -1.62496 0.503363 2.30837
Normal: -0.862156 -0.506643 9.36716e-005
UV: 0.251862 0.992065

Position: -1.62496 0.503363 3.87418
Normal: -1 0 0
UV: 0.0428568 0.992065

Position: -1.62496 0.503363 -3.92088
Normal: -1 0 0
UV: 0.727756 0.079473

Position: -1.62496 0.503363 -4.07293
Normal: -1 0 0
UV: 0.745582 0.079469

Position: -1.62496 0.743045 -3.92088
Normal: -1 -8.46697e-008 0
UV: 0.727881 0.051597

Position: -1.62496 0.743045 -4.07293
Normal: -1 0 0
UV: 0.745567 0.051582

Position: -1.52079 1.95722 -3.88133
Normal: -1.75723e-007 0.421896 -0.906644
UV: 0.266255 0.262173

Position: -1.52079 3.40458 -3.20782
Normal: -1.75723e-007 0.421896 -0.906644
UV: 0.266228 0.105016

Position: -1.62496 1.40195 -3.92636
Normal: -0 0 -1
UV: 0.79176 0.493368

Position: -0.992644 1.40195 -3.92636
Normal: -0 0 -1
UV: 0.867239 0.494099

Position: -1.62496 1.86046 -3.92636
Normal: -0 0 -1
UV: 0.79176 0.441027

Position: -1.62496 0.743045 -4.07293
Normal: -0 1 0
UV: 0.586844 0.116847

Position: -1.62496 0.743045 -3.92088
Normal: -0 1 0
UV: 0.586842 0.099153

Position: -1.62496 0.743045 -4.07293
Normal: -0.00337263 0 -0.999994
UV: 0.745567 0.051582

Position: -1.62496 0.503363 -4.07293
Normal: -0.00337263 0 -0.999994
UV: 0.745582 0.079469

Position: -1.62496 0.503363 -4.07293
Normal: -0 -1 0
UV: 0.575629 0.134505

Position: -1.62496 0.503363 -3.92088
Normal: -0.000498422 -1 -0.000236624
UV: 0.575579 0.149474

Position: -1.52079 3.40458 -3.20782
Normal: -1.75723e-007 0.421896 -0.906644
UV: 0.650446 0.435113

Position: -1.62496 3.50134 -3.16279
Normal: -9.7941e-007 0.421891 -0.906647
UV: 0.660928 0.424834

Position: -1.62496 1.86046 -3.92636
Normal: -0 0 -1
UV: 0.48278 0.424951

Position: -1.52079 1.95722 -3.88133
Normal: -1.75723e-007 0.421896 -0.906644
UV: 0.493274 0.435217

Position: -1.62496 3.50134 -0.503776
Normal: 0.00267823 0.999996 0.0011567
UV: 0.361859 0.586487

Position: -1.62496 3.50134 -1.9115
Normal: 0.00267823 0.999996 0.0011567
UV: 0.500443 0.586448

Position: -1.62496 0.743045 -2.73165
Normal: -1 -4.95576e-009 0
UV: 0.588832 0.051676

Position: -1.62496 0.503363 -2.73165
Normal: -1 0 0
UV: 0.58889 0.079569

Position: -1.62496 1.94528 -2.00111
Normal: -1 0 0
UV: 0.0237379 0.258833

Position: -1.62496 3.40245 -3.10013
Normal: -1 2.38175e-008 0
UV: 0.132141 0.11523

Position: -1.62496 3.40245 -1.99972
Normal: -1 2.0796e-008 0
UV: 0.0242293 0.11538

Position: -1.62496 1.94528 -3.77821
Normal: -1 3.27505e-008 0
UV: 0.199095 0.258589

Position: -1.62496 3.50134 -3.16279
Normal: -1 1.88676e-007 0
UV: 0.67899 0.632088

Position: -1.62496 1.94528 -3.77821
Normal: -1 3.27505e-008 0
UV: 0.755355 0.796083

Position: -1.62496 1.86046 -3.92636
Normal: -1 2.62259e-007 0
UV: 0.773738 0.806608

Position: -1.62496 3.40245 -3.10013
Normal: -1 2.38175e-008 0
UV: 0.671215 0.644359

Position: -1.62496 3.50134 -1.9115
Normal: -1 -1.1931e-006 0
UV: 0.523721 0.632088

Position: -1.62496 3.38955 -0.664953
Normal: -1 -1.1931e-006 0
UV: 0.502682 0.64596

Position: -1.62496 3.39023 -1.83884
Normal: -1 -1.1931e-006 0
UV: 0.514705 0.645875

Position: -1.62496 3.50134 -0.503776
Normal: -1 -1.1931e-006 0
UV: 0.482682 0.632088

Position: -0.992644 1.40195 -3.92636
Normal: -0 0 -1
UV: 0.180903 0.0144681

Position: -1.62496 1.40195 -3.92636
Normal: -0 0 -1
UV: 0.107343 0.0144721

Position: -0.992644 1.06175 -3.92636
Normal: -0.000909465 -0.00463699 -0.999989
UV: 0.180913 0.0701771

Position: -1.62496 1.06175 -3.92636
Normal: -0.00151867 -0.00774308 -0.999969
UV: 0.107352 0.0701811

Position: -1.62496 1.40195 -3.54276
Normal: -1 3.89459e-008 0
UV: 0.726139 0.863502

Position: -1.62496 1.40195 -3.92636
Normal: -1 1.5973e-007 0
UV: 0.773738 0.863502

Position: -1.62496 0.743045 -2.73165
Normal: -1 -4.95576e-009 0
UV: 0.625491 0.945264

Position: -1.62496 0.743045 -3.92088
Normal: -1 -8.46697e-008 0
UV: 0.773059 0.945264

Position: -1.62496 1.06175 -3.54276
Normal: -1 -8.58664e-008 0
UV: 0.726139 0.905717

Position: -1.62496 1.06175 -3.92636
Normal: -1 -9.46465e-008 0
UV: 0.773738 0.905717

Position: -1.62496 1.06175 -3.54276
Normal: -1 -8.58664e-008 0
UV: 0.241136 0.068832

Position: -1.62496 1.40195 -3.92636
Normal: -1 1.5973e-007 0
UV: 0.28578 0.013135

Position: -1.62496 1.40195 -3.54276
Normal: -1 3.89459e-008 0
UV: 0.241154 0.013122

Position: -1.62496 1.06175 -3.92636
Normal: -1 -9.46465e-008 0
UV: 0.285759 0.068833

Position: -0.992644 1.06175 -3.92636
Normal: -0.000909465 -0.00463699 -0.999989
UV: 0.866857 0.534333

Position: -1.62496 0.743045 -3.92088
Normal: -0.00242677 -0.0123731 -0.999921
UV: 0.79176 0.571337

Position: -1.62496 1.06175 -3.92636
Normal: -0.00151867 -0.00774308 -0.999969
UV: 0.79176 0.533657

Position: -1.42342 0.502383 -0.503776
Normal: 0.000688991 -1 0
UV: 0.226996 0.224682

Position: -1.62496 1.93825 -0.664953
Normal: -1 0 0
UV: 0.313367 0.234787

Position: -1.62496 1.95004 -1.83994
Normal: -1 0 0
UV: 0.380822 0.221865

Position: -1.62496 3.38955 -0.664953
Normal: -1 -1.1931e-006 0
UV: 0.313696 0.117762

Position: -1.62496 3.39023 -1.83884
Normal: -1 -1.1931e-006 0
UV: 0.381204 0.120082

Position: -1.62496 3.50134 -0.503776
Normal: -1 -1.1931e-006 0
UV: 0.541853 0.632088

Position: -1.62496 1.75887 -0.503776
Normal: -1 0 0
UV: 0.541853 0.819213

Position: -1.62496 1.93825 -0.664953
Normal: -1 0 0
UV: 0.561853 0.796955

Position: -1.62496 3.38955 -0.664953
Normal: -1 -1.1931e-006 0
UV: 0.561853 0.64596

Position: -1.62496 3.39023 -1.83884
Normal: -1 -1.1931e-006 0
UV: 0.707517 0.645875

Position: -1.62496 1.95004 -1.83994
Normal: -1 0 0
UV: 0.707653 0.795492

Position: -1.62496 1.94528 -2.00111
Normal: -1 0 0
UV: 0.727653 0.796083

Position: -1.62496 3.40245 -1.99972
Normal: -1 2.0796e-008 0
UV: 0.72748 0.631631

Position: -1.42392 2.80932 -0.503776
Normal: -0 0 1
UV: 0.847359 0.342559

Position: -1.62496 3.50134 -0.503776
Normal: -0 0 1
UV: 0.852571 0.32462

Position: -1.42342 0.502383 -0.503776
Normal: -0 0 1
UV: 0.83562 0.409151

Position: -1.62496 0.503363 -0.503776
Normal: -0 0 1
UV: 0.843019 0.409115

Position: -1.62496 1.75887 -0.503776
Normal: -0 0 1
UV: 0.843019 0.363024

Position: -1.42392 2.80932 0.559424
Normal: 0.00316316 0.999995 0
UV: 0.275234 0.386973

Position: -1.42392 2.80932 -0.503776
Normal: 0.00316316 0.999995 0
UV: 0.336067 0.386973

Position: -1.42342 0.502383 -0.503776
Normal: -0.999999 -0.000593862 0.000819247
UV: 0.464158 0.930638

Position: -1.42392 2.80932 -0.503776
Normal: -0.999999 -0.000593862 0.000819246
UV: 0.464158 0.685461

Position: -1.42168 0.502383 0.559113
Normal: -0.999999 -0.000593862 0.000819247
UV: 0.350796 0.930638

Position: -1.42392 2.80932 0.559424
Normal: -1 -0.000593862 0.000819246
UV: 0.350763 0.685461

Position: -1.42392 2.80932 0.559424
Normal: -1.99227e-006 -0.00133264 -0.999999
UV: 0.896753 0.39211

Position: -1.62496 3.27352 0.558802
Normal: -1.99227e-006 -0.00133264 -0.999999
UV: 0.904133 0.409151

Position: -1.62496 0.503363 0.558801
Normal: 0.0023788 6.25856e-005 -0.999997
UV: 0.895728 0.330551

Position: -1.42392 2.80932 0.559424
Normal: -1.99227e-006 -0.00133264 -0.999999
UV: 0.890516 0.390331

Position: -1.62496 3.27352 0.558802
Normal: -1.99227e-006 -0.00133264 -0.999999
UV: 0.895728 0.402364

Position: -1.42168 0.502383 0.559113
Normal: 0.0023788 6.25856e-005 -0.999997
UV: 0.890458 0.330526

Position: -1.62496 1.75887 -0.503776
Normal: -0 0 1
UV: 0.852571 0.369791

Position: -1.42342 0.502383 -0.503776
Normal: -0 0 1
UV: 0.847346 0.402364

Position: -1.62496 0.503363 -0.503776
Normal: -1 -6.82487e-008 0
UV: 0.541853 0.975005

Position: -1.62496 1.36307 -1.99644
Normal: -1 0 0
UV: 0.72736 0.868336

Position: -1.62496 0.503363 -2.73165
Normal: -1 0 0
UV: 0.758465 0.975005

Position: -1.62496 0.743045 -2.73165
Normal: -1 -4.95576e-009 0
UV: 0.758465 0.945264

Position: -1.62496 1.94528 -2.00111
Normal: -1 0 0
UV: 0.534841 0.796083

Position: -1.62496 1.36307 -1.99644
Normal: -1 0 0
UV: 0.534548 0.868336

Position: -1.62496 0.503363 -2.73165
Normal: -0.000537708 -1 -0.000255274
UV: 0.0910099 0.236908

Position: -1.62496 0.503363 -3.92088
Normal: -0.000498422 -1 -0.000236624
UV: 0.0182205 0.236916

Position: -1.62496 0.503363 -0.503776
Normal: -0.000537708 -1 -0.000255274
UV: 0.226993 0.237011

Position: -1.42168 0.502383 0.559113
Normal: -0.000536457 -1 0.000498258
UV: 0.267108 0.239881

Position: -1.42342 0.502383 -0.503776
Normal: 0.000688991 -1 0
UV: 0.266988 0.155446

Position: -1.62496 3.40245 -1.99972
Normal: -1 2.0796e-008 0
UV: 0.534668 0.644359

Position: -1.62496 3.50134 -3.16279
Normal: 0.000836367 0.999999 0.00108592
UV: 0.623627 0.586414

Position: 1.52519 0.941803 -2.31652
Normal: -0 0.707108 -0.707106
UV: 0.451919 0.369075

Position: 1.52519 0.757066 -2.50126
Normal: -0 0.707108 -0.707106
UV: 0.478059 0.369074

Position: 1.73871 0.941803 -2.31652
Normal: -0 0.707108 -0.707106
UV: 0.451919 0.392489

Position: 1.73871 0.757066 -2.50126
Normal: -0 0.707108 -0.707106
UV: 0.47806 0.39249

Position: 1.52519 0.504711 -2.56888
Normal: -0 0.258828 -0.965923
UV: 0.504199 0.369072

Position: 1.73871 0.504711 -2.56888
Normal: -0 0.258828 -0.965923
UV: 0.504202 0.392487

Position: 1.52519 0.252355 -2.50126
Normal: -0 -0.258828 -0.965923
UV: 0.530339 0.369068

Position: 1.73871 0.252355 -2.50126
Normal: -0 -0.258828 -0.965923
UV: 0.530342 0.392484

Position: 1.52519 0.0676184 -2.31652
Normal: -0 -0.707108 -0.707106
UV: 0.556476 0.369066

Position: 1.73871 0.0676184 -2.31652
Normal: -0 -0.707108 -0.707106
UV: 0.556478 0.392483

Position: 1.52519 0 -2.06417
Normal: -0 -0.965925 -0.258821
UV: 0.582615 0.369069

Position: 1.73871 0 -2.06417
Normal: -0 -0.965925 -0.258821
UV: 0.582614 0.392481

Position: 1.52519 0.0676184 -1.81182
Normal: -0 -0.965926 0.25882
UV: 0.60875 0.369072

Position: 1.73871 0.0676184 -1.81182
Normal: -0 -0.965926 0.25882
UV: 0.608751 0.392484

Position: 1.52519 0.252355 -1.62708
Normal: -0 -0.707108 0.707106
UV: 0.478156 0.369741

Position: 1.73871 0.252355 -1.62708
Normal: -0 -0.707108 0.707106
UV: 0.478159 0.393153

Position: 1.73871 0.0676184 -1.81182
Normal: -0 -0.965926 0.25882
UV: 0.452021 0.393154

Position: 1.52519 0.0676184 -1.81182
Normal: -0 -0.965926 0.25882
UV: 0.452019 0.369742

Position: 1.52519 0.504711 -1.55946
Normal: -0 -0.258826 0.965924
UV: 0.504291 0.369736

Position: 1.73871 0.504711 -1.55946
Normal: -0 -0.258826 0.965924
UV: 0.504295 0.393148

Position: 1.52519 0.757066 -1.62708
Normal: -0 0.258826 0.965924
UV: 0.530429 0.369733

Position: 1.73871 0.757066 -1.62708
Normal: -0 0.258826 0.965924
UV: 0.530432 0.393147

Position: 1.52519 0.941803 -1.81182
Normal: -0 0.707108 0.707106
UV: 0.55657 0.369733

Position: 1.73871 0.941803 -1.81182
Normal: -0 0.707108 0.707106
UV: 0.556571 0.393148

Position: 1.52519 1.00942 -2.06417
Normal: -0 0.965925 0.25882
UV: 0.582708 0.36973

Position: 1.73871 1.00942 -2.06417
Normal: -0 0.965925 0.25882
UV: 0.58271 0.393142

Position: 1.52519 0.941803 -2.31652
Normal: -0 0.707108 -0.707106
UV: 0.60885 0.369729

Position: 1.73871 0.941803 -2.31652
Normal: -0 0.707108 -0.707106
UV: 0.608852 0.393144

Position: 1.73871 0.757066 -2.50126
Normal: 1 -1.02795e-012 0
UV: 0.570843 0.342224

Position: 1.73871 0.504711 -2.06417
Normal: 1 -3.19638e-015 0
UV: 0.531701 0.274449

Position: 1.73871 0.941803 -2.31652
Normal: 1 1.68472e-007 0
UV: 0.59949 0.313567

Position: 1.73871 0.504711 -2.56888
Normal: 1 1.53427e-014 0
UV: 0.531706 0.352713

Position: 1.73871 0.252355 -2.50126
Normal: 1 1.05864e-012 0
UV: 0.492562 0.342221

Position: 1.73871 0.0676184 -2.31652
Normal: 1 -1.68472e-007 0
UV: 0.463915 0.313569

Position: 1.73871 0 -2.06417
Normal: 1 0 0
UV: 0.453434 0.274428

Position: 1.73871 0.0676184 -1.81182
Normal: 1 1.68472e-007 0
UV: 0.463928 0.235307

Position: 1.73871 0.252355 -1.62708
Normal: 1 -8.42373e-008 0
UV: 0.492573 0.206667

Position: 1.73871 0.504711 -1.55946
Normal: 1 -1.53427e-014 0
UV: 0.531703 0.196182

Position: 1.73871 0.757066 -1.62708
Normal: 1 8.42372e-008 0
UV: 0.570831 0.206667

Position: 1.73871 0.941803 -1.81182
Normal: 1 -1.68472e-007 0
UV: 0.599474 0.235307

Position: 1.73871 1.00942 -2.06417
Normal: 1 0 0
UV: 0.609968 0.27443

Position: 1.52519 0.757066 2.67256
Normal: -0 0.707108 -0.707106
UV: 0.478059 0.369074

Position: 1.73871 0.941803 2.8573
Normal: -0 0.707108 -0.707106
UV: 0.451919 0.392489

Position: 1.52519 0.941803 2.8573
Normal: -0 0.707108 -0.707106
UV: 0.451919 0.369075

Position: 1.73871 0.757066 2.67256
Normal: -0 0.707108 -0.707106
UV: 0.47806 0.39249

Position: 1.52519 0.504711 2.60494
Normal: -0 0.258828 -0.965923
UV: 0.504199 0.369072

Position: 1.73871 0.504711 2.60494
Normal: -0 0.258828 -0.965923
UV: 0.504202 0.392487

Position: 1.52519 0.252355 2.67256
Normal: -0 -0.258828 -0.965923
UV: 0.530339 0.369068

Position: 1.73871 0.252355 2.67256
Normal: -0 -0.258828 -0.965923
UV: 0.530342 0.392484

Position: 1.52519 0.0676184 2.8573
Normal: -0 -0.707108 -0.707106
UV: 0.556476 0.369066

Position: 1.73871 0.0676184 2.8573
Normal: -0 -0.707108 -0.707106
UV: 0.556478 0.392483

Position: 1.52519 0 3.10965
Normal: -0 -0.965925 -0.258821
UV: 0.582615 0.369069

Position: 1.73871 0 3.10965
Normal: -0 -0.965925 -0.258821
UV: 0.582614 0.392481

Position: 1.52519 0.0676184 3.36201
Normal: -0 -0.965925 0.258821
UV: 0.60875 0.369072

Position: 1.73871 0.0676184 3.36201
Normal: -0 -0.965925 0.258821
UV: 0.608751 0.392484

Position: 1.52519 0.252355 3.54675
Normal: -0 -0.707108 0.707106
UV: 0.478156 0.369741

Position: 1.73871 0.252355 3.54675
Normal: -0 -0.707108 0.707106
UV: 0.478159 0.393153

Position: 1.73871 0.0676184 3.36201
Normal: -0 -0.965925 0.258821
UV: 0.452021 0.393154

Position: 1.52519 0.0676184 3.36201
Normal: -0 -0.965925 0.258821
UV: 0.452019 0.369742

Position: 1.52519 0.504711 3.61437
Normal: -0 -0.258828 0.965923
UV: 0.504291 0.369736

Position: 1.73871 0.504711 3.61437
Normal: -0 -0.258828 0.965923
UV: 0.504295 0.393148

Position: 1.52519 0.757066 3.54675
Normal: -0 0.258828 0.965923
UV: 0.530429 0.369733

Position: 1.73871 0.757066 3.54675
Normal: -0 0.258828 0.965923
UV: 0.530432 0.393147

Position: 1.52519 0.941803 3.36201
Normal: -0 0.707108 0.707106
UV: 0.55657 0.369733

Position: 1.73871 0.941803 3.36201
Normal: -0 0.707108 0.707106
UV: 0.556571 0.393148

Position: 1.52519 1.00942 3.10965
Normal: -0 0.965925 0.258821
UV: 0.582708 0.36973

Position: 1.73871 1.00942 3.10965
Normal: -0 0.965925 0.258821
UV: 0.58271 0.393142

Position: 1.52519 0.941803 2.8573
Normal: -0 0.707108 -0.707106
UV: 0.60885 0.369729

Position: 1.73871 0.941803 2.8573
Normal: -0 0.707108 -0.707106
UV: 0.608852 0.393144

Position: 1.73871 0.757066 2.67256
Normal: 1 -1.15069e-012 0
UV: 0.570843 0.342224

Position: 1.73871 0.504711 3.10965
Normal: 1 0 0
UV: 0.531701 0.274449

Position: 1.73871 0.941803 2.8573
Normal: 1 1.68472e-007 0
UV: 0.59949 0.313567

Position: 1.73871 0.504711 2.60494
Normal: 1 1.53427e-014 0
UV: 0.531706 0.352713

Position: 1.73871 0.252355 2.67256
Normal: 1 1.05864e-012 0
UV: 0.492562 0.342221

Position: 1.73871 0.0676184 2.8573
Normal: 1 -1.68472e-007 0
UV: 0.463915 0.313569

Position: 1.73871 0 3.10965
Normal: 1 0 0
UV: 0.453434 0.274428

Position: 1.73871 0.0676184 3.36201
Normal: 1 -1.68472e-007 0
UV: 0.463928 0.235307

Position: 1.73871 0.252355 3.54675
Normal: 1 9.51238e-013 0
UV: 0.492573 0.206667

Position: 1.73871 0.504711 3.61437
Normal: 1 1.53427e-014 0
UV: 0.531703 0.196182

Position: 1.73871 0.757066 3.54675
Normal: 1 -1.25809e-012 0
UV: 0.570831 0.206667

Position: 1.73871 0.941803 3.36201
Normal: 1 1.68472e-007 0
UV: 0.599474 0.235307

Position: 1.73871 1.00942 3.10965
Normal: 1 0 0
UV: 0.609968 0.27443


[INDEX_DATA]
0 2 1
1 2 3
4 5 3
3 2 4
6 7 5
5 4 6
8 9 7
7 6 8
10 11 9
9 8 10
12 13 11
11 10 12
14 16 15
15 17 14
18 19 16
16 14 18
20 21 19
19 18 20
20 22 21
21 22 23
22 24 23
23 24 25
24 26 25
25 26 27
28 30 29
31 30 28
32 30 31
33 30 32
34 30 33
35 30 34
36 30 35
37 30 36
38 30 37
39 30 38
40 30 39
29 30 40
41 43 42
44 42 43
45 47 46
46 48 45
49 51 50
50 52 49
53 55 54
54 56 53
57 59 58
60 57 58
61 63 62
62 64 61
65 67 66
66 67 68
69 70 68
68 67 69
71 72 70
70 69 71
73 74 72
72 71 73
75 76 74
74 73 75
77 78 76
76 75 77
79 81 80
80 82 79
83 84 81
81 79 83
85 86 84
84 83 85
85 87 86
86 87 88
87 89 88
88 89 90
89 91 90
90 91 92
93 95 94
96 95 93
97 95 96
98 95 97
99 95 98
100 95 99
101 95 100
102 95 101
103 95 102
104 95 103
105 95 104
94 95 105
106 108 107
106 109 108
110 112 111
112 113 111
114 116 115
115 117 114
118 120 119
120 121 119
122 124 123
122 125 124
126 128 127
127 129 126
130 132 131
132 133 131
134 136 135
136 137 135
138 140 139
140 141 139
142 144 143
144 145 143
146 148 147
148 146 149
150 152 151
152 153 151
154 156 155
156 157 155
158 160 159
160 161 159
162 164 163
164 165 163
166 168 167
168 166 169
170 172 171
172 173 171
174 176 175
175 177 174
178 180 179
178 181 180
182 184 183
182 185 184
186 188 187
186 189 188
190 191 187
187 188 190
176 193 192
192 175 176
185 182 194
194 195 185
196 198 197
197 199 196
200 202 201
202 200 203
204 206 205
205 207 204
208 210 209
209 211 208
212 214 213
213 215 212
216 218 217
217 219 216
220 222 221
222 220 223
224 226 225
225 227 224
228 230 229
229 231 228
232 234 233
233 235 232
236 238 237
238 236 239
240 242 241
242 243 241
244 246 245
245 247 244
248 250 249
250 251 249
252 254 253
254 252 255
256 258 257
257 259 256
260 262 261
260 261 263
264 266 265
266 264 267
268 270 269
269 270 271
272 274 273
273 275 272
245 263 261
245 246 263
267 250 266
250 267 251
239 236 271
269 271 236
276 278 277
277 279 276
280 281 237
281 236 237
282 284 283
284 282 285
286 288 287
259 257 289
289 290 259
291 293 292
292 294 291
295 296 268
268 269 295
297 253 298
253 297 252
262 300 299
301 303 302
301 304 303
305 307 306
307 308 306
309 311 310
309 312 311
313 315 314
315 313 316
317 319 318
318 320 317
262 299 261
288 321 287
322 324 323
325 327 326
325 328 327
329 331 330
332 334 333
332 335 334
336 338 337
338 336 339
340 342 341
340 343 342
344 346 345
345 347 344
348 350 349
351 349 350
331 352 330
330 352 353
354 356 355
355 357 354
337 338 355
355 356 337
358 360 359
359 361 358
362 364 363
363 365 362
366 353 352
353 366 367
368 369 360
360 358 368
370 324 322
322 371 370
371 347 345
371 322 347
371 345 372
373 375 374
374 375 376
377 379 378
378 379 380
381 383 382
382 383 384
385 387 386
386 388 385
389 391 390
389 392 391
393 395 394
393 396 395
397 399 398
398 400 397
401 402 397
397 400 401
403 402 401
403 404 402
405 407 406
406 408 405
409 410 373
411 413 412
412 414 411
415 417 416
416 418 415
419 421 420
420 422 419
423 425 424
424 426 423
427 417 415
427 428 417
374 409 373
429 431 430
430 432 429
433 435 434
433 436 435
432 430 427
383 438 437
384 383 437
439 437 438
438 440 439
441 443 442
444 446 445
445 446 447
448 450 449
451 448 449
452 454 453
453 455 452
456 458 457
457 459 456
460 462 461
463 465 464
464 466 463
467 469 468
467 470 469
471 473 472
474 472 473
475 477 476
475 476 478
456 479 458
480 479 456
454 448 451
451 481 454
482 484 483
483 481 482
485 427 415
427 485 486
486 432 427
441 442 487
487 488 441
487 442 489
366 352 490
491 493 492
492 493 494
495 420 421
408 406 496
496 497 408
420 495 416
495 418 416
481 483 454
483 453 454
498 500 499
501 503 502
502 504 501
505 506 331
335 332 507
508 507 332
337 510 509
511 509 510
512 514 513
513 515 512
516 518 517
517 519 516
520 522 521
520 523 522
331 506 352
506 524 352
525 527 526
526 356 525
526 510 337
337 356 526
358 529 528
358 361 529
530 532 531
531 533 530
352 524 534
524 535 534
368 528 536
368 358 528
498 499 537
537 538 498
538 517 518
538 518 498
538 539 517
540 542 541
542 543 541
377 544 379
544 545 379
546 548 547
547 548 384
385 388 549
549 550 385
392 389 551
552 551 389
396 393 553
554 553 393
398 399 555
555 556 398
557 556 555
555 558 557
404 403 558
557 558 403
405 560 559
405 408 560
561 540 562
563 565 564
564 566 563
567 569 568
568 570 567
571 573 572
572 574 571
575 577 576
578 576 577
568 569 579
569 580 579
542 540 561
581 583 582
584 582 583
585 587 586
586 588 585
581 579 583
384 437 547
589 547 437
590 589 437
590 591 589
592 442 443
593 595 594
595 596 594
597 599 598
597 600 599
601 603 602
601 604 603
457 606 605
605 459 457
607 609 608
463 611 610
463 466 611
612 614 613
615 613 614
616 472 474
616 617 472
618 620 619
619 621 618
605 606 622
623 605 622
602 624 598
598 599 602
625 627 626
626 624 625
628 568 579
579 581 629
629 628 579
630 631 442
442 592 630
632 630 592
534 490 352
491 633 493
633 634 493
635 573 571
408 636 560
408 497 636
567 635 571
567 570 635
602 625 624
602 603 625
637 639 638
639 640 638
641 640 642
641 638 640
643 642 644
643 641 642
645 644 646
645 643 644
647 646 648
647 645 646
649 648 650
649 647 648
651 653 652
651 654 653
655 652 656
655 651 652
657 656 658
657 655 656
657 658 659
658 660 659
659 660 661
660 662 661
663 661 662
662 664 663
665 667 666
668 665 666
669 668 666
670 669 666
671 670 666
672 671 666
673 672 666
674 673 666
675 674 666
676 675 666
677 676 666
667 677 666
678 680 679
679 681 678
682 681 683
682 678 681
684 683 685
684 682 683
686 685 687
686 684 685
688 687 689
688 686 687
690 689 691
690 688 689
692 694 693
692 695 694
696 693 697
696 692 693
698 697 699
698 696 697
698 699 700
699 701 700
702 700 701
701 703 702
704 702 703
703 705 704
706 708 707
709 706 707
710 709 707
711 710 707
712 711 707
713 712 707
714 713 707
715 714 707
716 715 707
717 716 707
718 717 707
708 718 707

