[FBX_META_DATA]
MeshCount: 1

[MESH_DATA]
VertexCount: 24
IndexCount: 36
BoneCount: 0
AnimationClips: 1

[VERTEX_DATA]
Position: 0.0738952 -0.475462 -1.89204
Normal: 1 0 0
UV: 0.993276 0.926176

Position: 0.0738952 -0.475462 0
Normal: 1 0 0
UV: 0.640877 0.926176

Position: 0.0738952 0.475462 0
Normal: 1 0 0
UV: 0.640877 0.721681

Position: 0.0738952 0.475462 -1.89204
Normal: 1 0 0
UV: 0.993276 0.721681

Position: -0.0738952 -0.475462 0
Normal: -1 0 0
UV: 0.640877 0.926176

Position: -0.0738952 -0.475462 -1.89204
Normal: -1 0 0
UV: 0.993276 0.926176

Position: -0.0738952 0.475462 0
Normal: -1 0 0
UV: 0.640877 0.721681

Position: -0.0738952 0.475462 -1.89204
Normal: -1 0 0
UV: 0.993276 0.721681

Position: 0.0738952 0.475462 0
Normal: -0 0 1
UV: 0.640877 0.721681

Position: 0.0738952 -0.475462 0
Normal: -0 0 1
UV: 0.640877 0.926176

Position: -0.0738952 0.475462 0
Normal: -0 0 1
UV: 0.640877 0.721681

Position: -0.0738952 -0.475462 0
Normal: -0 0 1
UV: 0.640877 0.926176

Position: 0.0738952 -0.475462 0
Normal: -0 -1 0
UV: 0.640877 0.926176

Position: 0.0738952 -0.475462 -1.89204
Normal: -0 -1 0
UV: 0.993276 0.926176

Position: -0.0738952 -0.475462 0
Normal: -0 -1 0
UV: 0.640877 0.926176

Position: -0.0738952 -0.475462 -1.89204
Normal: -0 -1 0
UV: 0.993276 0.926176

Position: 0.0738952 -0.475462 -1.89204
Normal: -0 0 -1
UV: 0.993276 0.926176

Position: 0.0738952 0.475462 -1.89204
Normal: -0 0 -1
UV: 0.993276 0.721681

Position: -0.0738952 -0.475462 -1.89204
Normal: -0 0 -1
UV: 0.993276 0.926176

Position: -0.0738952 0.475462 -1.89204
Normal: -0 0 -1
UV: 0.993276 0.721681

Position: -0.0738952 0.475462 0
Normal: -0 1 0
UV: 0.640877 0.721681

Position: -0.0738952 0.475462 -1.89204
Normal: -0 1 0
UV: 0.993276 0.721681

Position: 0.0738952 0.475462 0
Normal: -0 1 0
UV: 0.640877 0.721681

Position: 0.0738952 0.475462 -1.89204
Normal: -0 1 0
UV: 0.993276 0.721681


[INDEX_DATA]
0 2 1
2 0 3
4 6 5
6 7 5
8 10 9
10 11 9
12 14 13
14 15 13
16 18 17
18 19 17
20 22 21
22 23 21

