[FBX_META_DATA]
MeshCount: 1

[MESH_DATA]
VertexCount: 12
IndexCount: 18
BoneCount: 0
AnimationClips: 1

[VERTEX_DATA]
Position: -0.0797958 0.0251784 0.0771065
Normal: -0 1 0
UV: 0.337393 0.208028

Position: -0.0797958 0.0251784 -0.0782394
Normal: -0 1 0
UV: 0.337393 0.163184

Position: 0.0811691 0.0251784 0.0771065
Normal: -0 1 0
UV: 0.296884 0.208028

Position: 0.0811691 0.0251784 -0.0782394
Normal: -0 1 0
UV: 0.296884 0.163184

Position: -0.029068 0.0213377 0.22069
Normal: -0 1 0
UV: 0.562608 0.966806

Position: -0.029068 0.0213377 -0.0141945
Normal: -0 1 0
UV: 0.562608 0.921962

Position: 0.221027 0.0213377 0.22069
Normal: -0 1 0
UV: 0.522099 0.966806

Position: 0.221027 0.0213377 -0.0141945
Normal: -0 1 0
UV: 0.522099 0.921962

Position: -0.221027 0.0213377 0.0243759
Normal: -0 1 0
UV: 0.562608 0.966806

Position: -0.221027 0.0213377 -0.220692
Normal: -0 1 0
UV: 0.562608 0.921962

Position: 0.0399055 0.0213377 0.0243759
Normal: -0 1 0
UV: 0.522099 0.966806

Position: 0.0399055 0.0213377 -0.220692
Normal: -0 1 0
UV: 0.522099 0.921962


[INDEX_DATA]
0 2 1
2 3 1
4 6 5
6 7 5
8 10 9
10 11 9

