[FBX_META_DATA]
MeshCount: 1

[MESH_DATA]
VertexCount: 84
IndexCount: 186
BoneCount: 0
AnimationClips: 1

[VERTEX_DATA]
Position: 0.546154 1.38398 0.128937
Normal: -0 1 0
UV: 0.58195 0.716907

Position: -0.547985 1.38398 0.128937
Normal: -0 1 0
UV: 0.570817 0.716907

Position: -0.547985 1.38398 -0.113655
Normal: -0 1 0
UV: 0.570817 0.72804

Position: 0.546154 1.38398 -0.113655
Normal: -0 1 0
UV: 0.58195 0.72804

Position: -0.443729 1.1016 -0.113655
Normal: -0 0 -1
UV: 0.33049 0.715566

Position: 0.441898 1.1016 -0.113655
Normal: -0 0 -1
UV: 0.341624 0.715566

Position: 0.441898 1.17025 -0.113655
Normal: -0 0 -1
UV: 0.341624 0.71334

Position: -0.443729 1.17025 -0.113655
Normal: -0 0 -1
UV: 0.33049 0.71334

Position: -0.547985 0.147829 0.128937
Normal: -0 -1 0
UV: 0.15813 0.837813

Position: 0.546154 0.147829 0.128937
Normal: -0 -1 0
UV: 0.169263 0.837813

Position: 0.546154 0.147829 -0.113655
Normal: -0 -1 0
UV: 0.169263 0.82668

Position: -0.547985 0.147829 -0.113655
Normal: -0 -1 0
UV: 0.15813 0.82668

Position: -0.547985 1.38398 0.128937
Normal: -1 0 0
UV: 0.19007 0.837941

Position: -0.547985 0.881716 0.128937
Normal: -1 0 0
UV: 0.18673 0.837941

Position: -0.547985 0.881716 -0.113655
Normal: -1 0 0
UV: 0.18673 0.849074

Position: -0.547985 1.38398 -0.113655
Normal: -1 0 0
UV: 0.19007 0.849074

Position: 0.546154 1.38398 -0.113655
Normal: 1 0 0
UV: 0.167556 0.849074

Position: 0.546154 0.881716 0.128937
Normal: 1 0 0
UV: 0.170896 0.837941

Position: 0.546154 1.38398 0.128937
Normal: 1 0 0
UV: 0.167556 0.837941

Position: 0.546154 0.881716 -0.113655
Normal: 1 0 0
UV: 0.170896 0.849074

Position: 0.546154 1.38398 -0.113655
Normal: -0 0 -1
UV: 0.298059 0.815419

Position: -0.547985 1.38398 -0.113655
Normal: -0 0 -1
UV: 0.286926 0.815419

Position: -0.443729 1.17025 -0.113655
Normal: -0 0 -1
UV: 0.286926 0.815419

Position: 0.441898 1.17025 -0.113655
Normal: -0 0 -1
UV: 0.298059 0.815419

Position: -0.547985 0.881716 -0.113655
Normal: -5.50548e-008 0 -1
UV: 0.286926 0.818759

Position: -0.443729 1.1016 -0.113655
Normal: -6.01612e-008 0 -1
UV: 0.286926 0.817646

Position: -0.547985 0.147829 -0.113655
Normal: -0 0 -1
UV: 0.286926 0.826552

Position: 0.546154 0.147829 -0.113655
Normal: -0 0 -1
UV: 0.298059 0.826552

Position: 0.441898 0.673836 -0.113655
Normal: -0 0 -1
UV: 0.298059 0.826552

Position: -0.443729 0.673836 -0.113655
Normal: -0 0 -1
UV: 0.286926 0.826552

Position: 0.441898 1.1016 -0.113655
Normal: -6.01612e-008 0 -1
UV: 0.298059 0.817646

Position: 0.546154 0.881716 -0.113655
Normal: 6.30496e-008 0 -1
UV: 0.298059 0.818759

Position: -0.547985 0.147829 0.128937
Normal: -1 0 0
UV: 0.178937 0.837941

Position: -0.547985 0.650092 -0.113655
Normal: -1 0 0
UV: 0.182277 0.849074

Position: -0.547985 0.650092 0.128937
Normal: -1 0 0
UV: 0.182277 0.837941

Position: -0.547985 0.147829 -0.113655
Normal: -1 0 0
UV: 0.178937 0.849074

Position: -0.547985 0.650092 -0.113655
Normal: 2.27291e-007 0 -1
UV: 0.286926 0.823212

Position: -0.443729 0.742486 -0.113655
Normal: 1.59511e-007 0 -1
UV: 0.286926 0.824325

Position: -0.443729 0.673836 -0.113655
Normal: -0 0 -1
UV: 0.33049 0.724473

Position: 0.441898 0.673836 -0.113655
Normal: -0 0 -1
UV: 0.341624 0.724473

Position: 0.441898 0.742486 -0.113655
Normal: -0 0 -1
UV: 0.341624 0.722246

Position: -0.443729 0.742486 -0.113655
Normal: -0 0 -1
UV: 0.33049 0.722246

Position: 0.546154 0.650092 -0.113655
Normal: -2.08614e-007 0 -1
UV: 0.298059 0.823212

Position: 0.441898 0.742486 -0.113655
Normal: -1.50128e-007 0 -1
UV: 0.298059 0.824325

Position: 0.546154 0.147829 0.128937
Normal: 1 0 0
UV: 0.178689 0.837941

Position: 0.546154 0.650092 0.128937
Normal: 1 0 0
UV: 0.175349 0.837941

Position: 0.546154 0.650092 -0.113655
Normal: 1 0 0
UV: 0.175349 0.849074

Position: 0.546154 0.147829 -0.113655
Normal: 1 0 0
UV: 0.178689 0.849074

Position: -0.443729 0.882867 -0.113655
Normal: -5.38617e-008 0 -1
UV: 0.286926 0.822099

Position: 0.441898 0.882867 -0.113655
Normal: -0 0 -1
UV: 0.298059 0.822099

Position: -0.443729 0.961218 -0.113655
Normal: -2.75148e-008 0 -1
UV: 0.286926 0.819872

Position: -0.443729 0.882867 -0.113655
Normal: -0 0 -1
UV: 0.33049 0.720019

Position: 0.441898 0.882867 -0.113655
Normal: -0 0 -1
UV: 0.341624 0.720019

Position: 0.441898 0.961218 -0.113655
Normal: -0 0 -1
UV: 0.341624 0.717793

Position: -0.443729 0.961218 -0.113655
Normal: -0 0 -1
UV: 0.33049 0.717793

Position: 0.441898 0.961218 -0.113655
Normal: 5.50296e-008 0 -1
UV: 0.298059 0.819872

Position: 0.546154 0.881716 0.128937
Normal: -0 0 1
UV: 0.163499 0.684262

Position: -0.547985 0.881716 0.128937
Normal: -0 0 1
UV: 0.211704 0.684262

Position: 0.546154 1.38398 0.128937
Normal: -0 0 1
UV: 0.163499 0.6698

Position: -0.547985 1.38398 0.128937
Normal: -0 0 1
UV: 0.211704 0.6698

Position: -0.547985 0.650092 0.128937
Normal: 1.8518e-009 0 1
UV: 0.211704 0.703544

Position: 0.546154 0.650092 0.128937
Normal: 1.8518e-009 0 1
UV: 0.163499 0.703544

Position: 0.546154 0.147829 0.128937
Normal: -8.53977e-010 0 1
UV: 0.163499 0.718005

Position: -0.547985 0.147829 0.128937
Normal: -8.53977e-010 0 1
UV: 0.211704 0.718005

Position: -0.836308 0.247021 0.34478
Normal: -0 0 1
UV: 0.415271 0.701814

Position: 0.836308 0.247021 0.34478
Normal: -0 0 1
UV: 0.411418 0.701814

Position: 0.836308 0 0.34478
Normal: -0 0 1
UV: 0.411418 0.706886

Position: -0.836308 0 0.34478
Normal: -0 0 1
UV: 0.415271 0.706886

Position: 0.836308 0.247021 0.34478
Normal: -0 1 0
UV: 0.325482 0.692549

Position: -0.836308 0.247021 0.34478
Normal: -0 1 0
UV: 0.325482 0.726098

Position: -0.836308 0.247021 -0.34478
Normal: -0 1 0
UV: 0.33477 0.726098

Position: 0.836308 0.247021 -0.34478
Normal: -0 1 0
UV: 0.33477 0.692549

Position: -0.836308 0 -0.34478
Normal: -0 0 -1
UV: 0.4192 0.701814

Position: 0.836308 0 -0.34478
Normal: -0 0 -1
UV: 0.415348 0.701814

Position: 0.836308 0.247021 -0.34478
Normal: -0 0 -1
UV: 0.415348 0.706886

Position: -0.836308 0.247021 -0.34478
Normal: -0 0 -1
UV: 0.4192 0.706886

Position: -0.836308 0.247021 -0.34478
Normal: -1 0 0
UV: 0.163481 0.846788

Position: -0.836308 0.247021 0.34478
Normal: -1 0 0
UV: 0.160424 0.846788

Position: -0.836308 0 0.34478
Normal: -1 0 0
UV: 0.160424 0.861328

Position: -0.836308 0 -0.34478
Normal: -1 0 0
UV: 0.163481 0.861328

Position: 0.836308 0.247021 0.34478
Normal: 1 0 0
UV: 0.166244 0.832134

Position: 0.836308 0 -0.34478
Normal: 1 0 0
UV: 0.163186 0.846674

Position: 0.836308 0 0.34478
Normal: 1 0 0
UV: 0.166244 0.846674

Position: 0.836308 0.247021 -0.34478
Normal: 1 0 0
UV: 0.163186 0.832134


[INDEX_DATA]
0 2 1
0 3 2
4 6 5
4 7 6
8 10 9
8 11 10
12 14 13
12 15 14
16 18 17
17 19 16
20 22 21
20 23 22
21 25 24
21 22 25
26 28 27
26 29 28
20 31 30
30 23 20
32 34 33
33 35 32
36 37 29
29 26 36
38 40 39
38 41 40
28 43 42
42 27 28
44 46 45
44 47 46
48 37 36
37 49 43
37 48 49
42 43 49
34 13 14
14 33 34
24 50 48
48 36 24
51 53 52
51 54 53
49 55 31
31 42 49
19 17 45
45 46 19
25 50 24
50 30 55
50 25 30
31 55 30
56 58 57
59 57 58
56 57 60
60 61 56
62 61 63
60 63 61
64 66 65
64 67 66
68 70 69
68 71 70
72 74 73
72 75 74
76 78 77
78 76 79
80 82 81
81 83 80

