[FBX_META_DATA]
MeshCount: 1

[MESH_DATA]
VertexCount: 196
IndexCount: 378
BoneCount: 0
AnimationClips: 1

[VERTEX_DATA]
Position: 0.336449 1.36697 0.322479
Normal: -0 0 1
UV: 0.411418 0.701814

Position: 0.336449 0.147826 0.322479
Normal: -0 0 1
UV: 0.411418 0.706886

Position: -0.336472 1.36697 0.322479
Normal: -0 0 1
UV: 0.415271 0.701814

Position: -0.336472 0.147826 0.322479
Normal: -0 0 1
UV: 0.415271 0.706886

Position: -0.0839691 3.71699 -0.0804672
Normal: -0 1 0
UV: 0.568358 0.718799

Position: 0.0839462 3.71699 0.0804672
Normal: -0 1 0
UV: 0.559069 0.685249

Position: -0.0839691 3.71699 0.0804672
Normal: -0 1 0
UV: 0.559069 0.718799

Position: 0.0839462 3.71699 -0.0804672
Normal: -0 1 0
UV: 0.568358 0.685249

Position: 0.336449 0.147826 -0.322483
Normal: -0 0 -1
UV: 0.415348 0.701814

Position: 0.336449 1.36697 -0.322483
Normal: -0 0 -1
UV: 0.415348 0.706886

Position: -0.336468 0.147826 -0.322483
Normal: -0 0 -1
UV: 0.4192 0.701814

Position: -0.336468 1.36697 -0.322483
Normal: -0 0 -1
UV: 0.4192 0.706886

Position: -0.336468 0.147826 -0.322483
Normal: -1 0 -5.91461e-006
UV: 0.163481 0.861328

Position: -0.336468 1.36697 -0.322483
Normal: -1 0 -5.91461e-006
UV: 0.163481 0.846788

Position: -0.336472 0.147826 0.322479
Normal: -1 0 -5.91461e-006
UV: 0.160424 0.861328

Position: -0.336472 1.36697 0.322479
Normal: -1 0 -5.91461e-006
UV: 0.160424 0.846788

Position: 0.336449 1.36697 0.322479
Normal: 1 0 0
UV: 0.166244 0.832134

Position: 0.336449 0.147826 -0.322483
Normal: 1 0 0
UV: 0.163186 0.846674

Position: 0.336449 0.147826 0.322479
Normal: 1 0 0
UV: 0.166244 0.846674

Position: 0.336449 1.36697 -0.322483
Normal: 1 0 0
UV: 0.163186 0.832134

Position: 0.336449 1.36697 0.322479
Normal: -0 0.499788 0.866148
UV: 0.559069 0.685249

Position: -0.336472 1.36697 0.322479
Normal: -0 0.499788 0.866148
UV: 0.559069 0.718799

Position: -0.0839691 1.78638 0.0804672
Normal: -0 0.499788 0.866148
UV: 0.559069 0.718799

Position: 0.0839462 1.78638 0.0804672
Normal: -0 0.499788 0.866148
UV: 0.559069 0.685249

Position: -0.0839691 1.78638 0.0804672
Normal: -0.856724 0.515775 -3.92801e-006
UV: 0.298108 0.853841

Position: -0.336472 1.36697 0.322479
Normal: -0.856724 0.515775 -3.928e-006
UV: 0.298108 0.853841

Position: -0.0839691 1.78638 -0.0804672
Normal: -0.856724 0.515775 -3.92801e-006
UV: 0.307397 0.853841

Position: -0.336468 1.36697 -0.322483
Normal: -0.856724 0.515775 -3.928e-006
UV: 0.307397 0.853841

Position: 0.0839462 1.78638 -0.0804672
Normal: -0 0.499794 -0.866144
UV: 0.413241 0.820292

Position: -0.336468 1.36697 -0.322483
Normal: -0 0.499794 -0.866144
UV: 0.413241 0.853841

Position: 0.336449 1.36697 -0.322483
Normal: -0 0.499794 -0.866144
UV: 0.413241 0.820292

Position: -0.0839691 1.78638 -0.0804672
Normal: -0 0.499794 -0.866144
UV: 0.413241 0.853841

Position: 0.336449 1.36697 0.322479
Normal: 0.856722 0.515778 0
UV: 0.298108 0.820292

Position: 0.0839462 1.78638 -0.0804672
Normal: 0.856722 0.515778 0
UV: 0.307397 0.820292

Position: 0.336449 1.36697 -0.322483
Normal: 0.856722 0.515778 0
UV: 0.307397 0.820292

Position: 0.0839462 1.78638 0.0804672
Normal: 0.856722 0.515778 0
UV: 0.298108 0.820292

Position: 0.0839462 3.06167 0.0804672
Normal: -0 0 1
UV: 0.433965 0.692202

Position: 0.0839462 1.78638 0.0804672
Normal: -0 0 1
UV: 0.433965 0.692202

Position: -0.0839691 3.06167 0.0804672
Normal: -0 0 1
UV: 0.433965 0.725751

Position: -0.0839691 1.78638 0.0804672
Normal: -0 0 1
UV: 0.433965 0.725751

Position: -0.0839691 1.78638 -0.0804672
Normal: -1 0 0
UV: 0.298272 0.709674

Position: -0.0839691 3.06167 -0.0804672
Normal: -1 0 0
UV: 0.298272 0.709674

Position: -0.0839691 1.78638 0.0804672
Normal: -1 0 0
UV: 0.288984 0.709674

Position: -0.0839691 3.06167 0.0804672
Normal: -1 0 0
UV: 0.288984 0.709674

Position: 0.0839462 3.06167 -0.0804672
Normal: -0 0 -1
UV: 0.447914 0.707148

Position: -0.0839691 1.78638 -0.0804672
Normal: -0 0 -1
UV: 0.447914 0.740698

Position: 0.0839462 1.78638 -0.0804672
Normal: -0 0 -1
UV: 0.447914 0.707148

Position: -0.0839691 3.06167 -0.0804672
Normal: -0 0 -1
UV: 0.447914 0.740698

Position: 0.0839462 3.06167 0.0804672
Normal: 1 0 0
UV: 0.288984 0.676125

Position: 0.0839462 1.78638 -0.0804672
Normal: 1 0 0
UV: 0.298272 0.676125

Position: 0.0839462 1.78638 0.0804672
Normal: 1 0 0
UV: 0.288984 0.676125

Position: 0.0839462 3.06167 -0.0804672
Normal: 1 0 0
UV: 0.298272 0.676125

Position: 0.0839462 3.23426 -0.0804672
Normal: -0 0 -1
UV: 0.447914 0.707148

Position: 0.0839462 3.71699 -0.0804672
Normal: -0 0 -1
UV: 0.447914 0.707148

Position: -0.0839691 3.23426 -0.0804672
Normal: -0 0 -1
UV: 0.447914 0.740698

Position: -0.0839691 3.71699 -0.0804672
Normal: -0 0 -1
UV: 0.447914 0.740698

Position: -0.0839691 3.23426 -0.0804672
Normal: -1 0 0
UV: 0.298272 0.709674

Position: -0.0839691 3.71699 -0.0804672
Normal: -1 0 0
UV: 0.298272 0.709674

Position: -0.0839691 3.23426 0.0804672
Normal: -1 0 0
UV: 0.288984 0.709674

Position: -0.0839691 3.71699 0.0804672
Normal: -1 0 0
UV: 0.288984 0.709674

Position: 0.0839462 3.71699 0.0804672
Normal: -0 0 1
UV: 0.433965 0.692202

Position: 0.0839462 3.23426 0.0804672
Normal: -0 0 1
UV: 0.433965 0.692202

Position: -0.0839691 3.71699 0.0804672
Normal: -0 0 1
UV: 0.433965 0.725751

Position: -0.0839691 3.23426 0.0804672
Normal: -0 0 1
UV: 0.433965 0.725751

Position: 0.0839462 3.71699 0.0804672
Normal: 1 0 0
UV: 0.288984 0.676125

Position: 0.0839462 3.23426 -0.0804672
Normal: 1 0 0
UV: 0.298272 0.676125

Position: 0.0839462 3.23426 0.0804672
Normal: 1 0 0
UV: 0.288984 0.676125

Position: 0.0839462 3.71699 -0.0804672
Normal: 1 0 0
UV: 0.298272 0.676125

Position: -0.536049 3.23426 0.0804672
Normal: -1 0 0
UV: 0.288984 0.709674

Position: -0.536049 3.06167 0.0804672
Normal: -1 0 0
UV: 0.288984 0.709674

Position: -0.536049 3.23426 -0.0804672
Normal: -1 0 0
UV: 0.298272 0.709674

Position: -0.536049 3.06167 -0.0804672
Normal: -1 0 0
UV: 0.298272 0.709674

Position: 0.536026 3.23426 0.0804672
Normal: 1 0 0
UV: 0.288984 0.676125

Position: 0.536026 3.06167 -0.0804663
Normal: 1 0 0
UV: 0.298272 0.676125

Position: 0.536026 3.06167 0.0804672
Normal: 1 0 0
UV: 0.288984 0.676125

Position: 0.536026 3.23426 -0.0804663
Normal: 1 0 0
UV: 0.298272 0.676125

Position: -0.0839691 3.06167 -0.0804672
Normal: -0 -1 0
UV: 0.298272 0.709674

Position: -0.536049 3.06167 -0.0804672
Normal: -0 -1 0
UV: 0.298272 0.709674

Position: -0.0839691 3.06167 0.0804672
Normal: -0 -1 0
UV: 0.288984 0.709674

Position: -0.536049 3.06167 0.0804672
Normal: -0 -1 0
UV: 0.288984 0.709674

Position: -0.0839691 3.23426 -0.0804672
Normal: -0 0 -1
UV: 0.42312 0.714538

Position: -0.536049 3.23426 -0.0804672
Normal: -0 0 -1
UV: 0.42312 0.714538

Position: -0.0839691 3.06167 -0.0804672
Normal: -0 0 -1
UV: 0.42312 0.714538

Position: -0.536049 3.06167 -0.0804672
Normal: -0 0 -1
UV: 0.42312 0.714538

Position: -0.536049 3.23426 0.0804672
Normal: -0 1 0
UV: 0.451123 0.847493

Position: -0.0839691 3.23426 -0.0804672
Normal: -0 1 0
UV: 0.460412 0.847493

Position: -0.0839691 3.23426 0.0804672
Normal: -0 1 0
UV: 0.451123 0.847493

Position: -0.536049 3.23426 -0.0804672
Normal: -0 1 0
UV: 0.460412 0.847493

Position: -0.0839691 3.06167 0.0804672
Normal: -0 0 1
UV: 0.467337 0.719403

Position: -0.536049 3.06167 0.0804672
Normal: -0 0 1
UV: 0.467337 0.719403

Position: -0.0839691 3.23426 0.0804672
Normal: -0 0 1
UV: 0.467337 0.719403

Position: -0.536049 3.23426 0.0804672
Normal: -0 0 1
UV: 0.467337 0.719403

Position: 0.0839462 3.06167 0.0804672
Normal: -0 -1 0
UV: 0.288984 0.676125

Position: 0.536026 3.06167 -0.0804663
Normal: -0 -1 0
UV: 0.298272 0.676125

Position: 0.0839462 3.06167 -0.0804672
Normal: -0 -1 0
UV: 0.298272 0.676125

Position: 0.536026 3.06167 0.0804672
Normal: -0 -1 0
UV: 0.288984 0.676125

Position: 0.536026 3.23426 0.0804672
Normal: -0 0 1
UV: 0.467337 0.685853

Position: 0.0839462 3.06167 0.0804672
Normal: -0 0 1
UV: 0.467337 0.685853

Position: 0.0839462 3.23426 0.0804672
Normal: -0 0 1
UV: 0.467337 0.685853

Position: 0.536026 3.06167 0.0804672
Normal: -0 0 1
UV: 0.467337 0.685853

Position: 0.0839462 3.23426 -0.0804672
Normal: -0 1 0
UV: 0.460412 0.813943

Position: 0.536026 3.23426 -0.0804663
Normal: -0 1 0
UV: 0.460412 0.813943

Position: 0.0839462 3.23426 0.0804672
Normal: -0 1 0
UV: 0.451123 0.813943

Position: 0.536026 3.23426 0.0804672
Normal: -0 1 0
UV: 0.451123 0.813943

Position: 0.536026 3.06167 -0.0804663
Normal: 2.10083e-006 0 -1
UV: 0.42312 0.680989

Position: 0.0839462 3.23426 -0.0804672
Normal: 2.10083e-006 0 -1
UV: 0.42312 0.680989

Position: 0.0839462 3.06167 -0.0804672
Normal: 2.10083e-006 0 -1
UV: 0.42312 0.680989

Position: 0.536026 3.23426 -0.0804663
Normal: 2.10083e-006 0 -1
UV: 0.42312 0.680989

Position: -0.599117 0.234847 0.542488
Normal: -0 0 1
UV: 0.415271 0.701814

Position: 0.599117 0.234847 0.542488
Normal: -0 0 1
UV: 0.411418 0.701814

Position: 0.599117 0 0.542488
Normal: -0 0 1
UV: 0.411418 0.706886

Position: -0.599117 0 0.542488
Normal: -0 0 1
UV: 0.415271 0.706886

Position: -0.599117 0.234847 0.542488
Normal: -0 1 0
UV: 0.325482 0.726098

Position: -0.599117 0.234847 -0.542488
Normal: -0 1 0
UV: 0.33477 0.726098

Position: 0.599117 0.234847 0.542488
Normal: -0 1 0
UV: 0.325482 0.692549

Position: 0.599117 0.234847 -0.542488
Normal: -0 1 0
UV: 0.33477 0.692549

Position: -0.599117 0 -0.542488
Normal: -0 0 -1
UV: 0.4192 0.701814

Position: 0.599117 0 -0.542488
Normal: -0 0 -1
UV: 0.415348 0.701814

Position: 0.599117 0.234847 -0.542488
Normal: -0 0 -1
UV: 0.415348 0.706886

Position: -0.599117 0.234847 -0.542488
Normal: -0 0 -1
UV: 0.4192 0.706886

Position: -0.599117 0.234847 -0.542488
Normal: -1 0 0
UV: 0.163481 0.846788

Position: -0.599117 0.234847 0.542488
Normal: -1 0 0
UV: 0.160424 0.846788

Position: -0.599117 0 0.542488
Normal: -1 0 0
UV: 0.160424 0.861328

Position: -0.599117 0 -0.542488
Normal: -1 0 0
UV: 0.163481 0.861328

Position: 0.599117 0.234847 0.542488
Normal: 1 0 0
UV: 0.166244 0.832134

Position: 0.599117 0 -0.542488
Normal: 1 0 0
UV: 0.163186 0.846674

Position: 0.599117 0 0.542488
Normal: 1 0 0
UV: 0.166244 0.846674

Position: 0.599117 0.234847 -0.542488
Normal: 1 0 0
UV: 0.163186 0.832134

Position: 0.267265 1.2068 -0.306019
Normal: -0 1 0
UV: 0.58195 0.716907

Position: -0.273815 1.2068 -0.306019
Normal: -0 1 0
UV: 0.570817 0.716907

Position: -0.273815 1.2068 -0.401314
Normal: -0 1 0
UV: 0.570817 0.72804

Position: 0.267265 1.2068 -0.401314
Normal: -0 1 0
UV: 0.58195 0.72804

Position: -0.22226 1.09679 -0.401314
Normal: -0 0 -1
UV: 0.044411 0.819284

Position: 0.21571 1.09679 -0.401314
Normal: -0 0 -1
UV: 0.0555442 0.819284

Position: 0.21571 1.1228 -0.401314
Normal: -0 0 -1
UV: 0.0555442 0.817058

Position: -0.22226 1.1228 -0.401314
Normal: -0 0 -1
UV: 0.044411 0.817058

Position: -0.273815 0.850759 -0.306019
Normal: -0 -1 0
UV: 0.15813 0.837813

Position: 0.267265 0.850759 -0.306019
Normal: -0 -1 0
UV: 0.169263 0.837813

Position: 0.267265 0.850759 -0.401314
Normal: -0 -1 0
UV: 0.169263 0.82668

Position: -0.273815 0.850759 -0.401314
Normal: -0 -1 0
UV: 0.15813 0.82668

Position: -0.273815 1.13559 -0.306019
Normal: -1 0 0
UV: 0.187843 0.837941

Position: -0.273815 1.13559 -0.401314
Normal: -1 0 0
UV: 0.187843 0.849074

Position: -0.273815 1.2068 -0.306019
Normal: -1 0 0
UV: 0.19007 0.837941

Position: -0.273815 1.2068 -0.401314
Normal: -1 0 0
UV: 0.19007 0.849074

Position: 0.267265 1.2068 -0.306019
Normal: 1 0 0
UV: 0.167556 0.837941

Position: 0.267265 1.2068 -0.401314
Normal: 1 0 0
UV: 0.167556 0.849074

Position: 0.267265 1.13559 -0.306019
Normal: 1 0 0
UV: 0.169782 0.837941

Position: 0.267265 1.13559 -0.401314
Normal: 1 0 0
UV: 0.169782 0.849074

Position: 0.267265 1.2068 -0.401314
Normal: -0 0 -1
UV: 0.298059 0.815419

Position: -0.273815 1.2068 -0.401314
Normal: -0 0 -1
UV: 0.286926 0.815419

Position: -0.22226 1.1228 -0.401314
Normal: -0 0 -1
UV: 0.286926 0.815419

Position: 0.21571 1.1228 -0.401314
Normal: -0 0 -1
UV: 0.298059 0.815419

Position: -0.273815 1.13559 -0.401314
Normal: -0 0 -1
UV: 0.286926 0.817646

Position: -0.22226 1.09679 -0.401314
Normal: -0 0 -1
UV: 0.286926 0.817646

Position: -0.273815 0.850759 -0.401314
Normal: -0 0 -1
UV: 0.286926 0.826552

Position: 0.267265 0.850759 -0.401314
Normal: -0 0 -1
UV: 0.298059 0.826552

Position: 0.21571 0.934768 -0.401314
Normal: -0 0 -1
UV: 0.298059 0.826552

Position: -0.22226 0.934768 -0.401314
Normal: -0 0 -1
UV: 0.286926 0.826552

Position: 0.267265 1.13559 -0.401314
Normal: 2.42206e-007 0 -1
UV: 0.298059 0.817646

Position: 0.21571 1.09679 -0.401314
Normal: 9.14683e-008 0 -1
UV: 0.298059 0.817646

Position: -0.273815 0.850759 -0.306019
Normal: -1 0 0
UV: 0.178937 0.837941

Position: -0.273815 0.850759 -0.401314
Normal: -1 0 0
UV: 0.178937 0.849074

Position: -0.273815 0.921968 -0.306019
Normal: -1 0 0
UV: 0.181163 0.837941

Position: -0.273815 0.921968 -0.401314
Normal: -1 0 0
UV: 0.181163 0.849074

Position: -0.273815 0.921968 -0.401314
Normal: -9.28958e-007 0 -1
UV: 0.286926 0.824325

Position: -0.22226 0.96077 -0.401314
Normal: -7.12365e-007 0 -1
UV: 0.286926 0.824325

Position: -0.22226 0.934768 -0.401314
Normal: -0 0 -1
UV: 0.044411 0.828191

Position: 0.21571 0.934768 -0.401314
Normal: -0 0 -1
UV: 0.0555442 0.828191

Position: 0.21571 0.96077 -0.401314
Normal: -0 0 -1
UV: 0.0555442 0.825964

Position: -0.22226 0.96077 -0.401314
Normal: -0 0 -1
UV: 0.044411 0.825964

Position: 0.267265 0.921968 -0.401314
Normal: 1.17116e-006 0 -1
UV: 0.298059 0.824325

Position: 0.21571 0.96077 -0.401314
Normal: 8.03834e-007 0 -1
UV: 0.298059 0.824325

Position: 0.267265 0.921968 -0.306019
Normal: 1 0 0
UV: 0.176462 0.837941

Position: 0.267265 0.921968 -0.401314
Normal: 1 0 0
UV: 0.176462 0.849074

Position: 0.267265 0.850759 -0.306019
Normal: 1 0 0
UV: 0.178689 0.837941

Position: 0.267265 0.850759 -0.401314
Normal: 1 0 0
UV: 0.178689 0.849074

Position: -0.273815 0.993177 -0.306019
Normal: -1 0 0
UV: 0.18339 0.837941

Position: -0.273815 0.993177 -0.401314
Normal: -1 0 0
UV: 0.18339 0.849074

Position: -0.273815 0.993177 -0.401314
Normal: -3.89063e-007 0 -1
UV: 0.286926 0.822099

Position: -0.22226 1.01394 -0.401314
Normal: -2.48901e-007 0 -1
UV: 0.286926 0.822099

Position: 0.21571 1.01394 -0.401314
Normal: -0 0 -1
UV: 0.298059 0.822099

Position: 0.267265 0.993177 -0.401314
Normal: 3.89063e-007 0 -1
UV: 0.298059 0.822099

Position: 0.267265 0.993177 -0.306019
Normal: 1 0 0
UV: 0.174236 0.837941

Position: 0.267265 0.993177 -0.401314
Normal: 1 0 0
UV: 0.174236 0.849074

Position: -0.273815 1.06439 -0.306019
Normal: -1 0 0
UV: 0.185617 0.837941

Position: -0.273815 1.06439 -0.401314
Normal: -1 0 0
UV: 0.185617 0.849074

Position: -0.22226 1.04362 -0.401314
Normal: -0 0 -1
UV: 0.286926 0.819872

Position: -0.273815 1.06439 -0.401314
Normal: -0 0 -1
UV: 0.286926 0.819872

Position: -0.22226 1.01394 -0.401314
Normal: -0 0 -1
UV: 0.044411 0.823737

Position: 0.21571 1.01394 -0.401314
Normal: -0 0 -1
UV: 0.0555442 0.823737

Position: 0.21571 1.04362 -0.401314
Normal: -0 0 -1
UV: 0.0555442 0.821511

Position: -0.22226 1.04362 -0.401314
Normal: -0 0 -1
UV: 0.044411 0.821511

Position: 0.21571 1.04362 -0.401314
Normal: -0 0 -1
UV: 0.298059 0.819872

Position: 0.267265 1.06439 -0.401314
Normal: -0 0 -1
UV: 0.298059 0.819872

Position: 0.267265 1.06439 -0.306019
Normal: 1 0 0
UV: 0.172009 0.837941

Position: 0.267265 1.06439 -0.401314
Normal: 1 0 0
UV: 0.172009 0.849074


[INDEX_DATA]
0 2 1
2 3 1
4 6 5
5 7 4
8 10 9
10 11 9
12 14 13
15 13 14
16 18 17
17 19 16
20 22 21
20 23 22
24 26 25
25 26 27
28 30 29
29 31 28
32 34 33
33 35 32
36 38 37
38 39 37
40 42 41
43 41 42
44 46 45
45 47 44
48 50 49
49 51 48
52 54 53
54 55 53
56 58 57
59 57 58
60 62 61
62 63 61
64 66 65
65 67 64
52 44 47
47 54 52
68 70 69
69 70 71
63 36 61
63 38 36
72 74 73
73 75 72
76 78 77
79 77 78
80 82 81
83 81 82
84 86 85
85 87 84
88 90 89
91 89 90
92 94 93
93 95 92
96 98 97
97 99 96
100 102 101
103 101 102
104 106 105
105 107 104
108 110 109
108 111 110
112 114 113
114 115 113
116 118 117
116 119 118
120 122 121
122 120 123
124 126 125
125 127 124
128 130 129
128 131 130
132 134 133
132 135 134
136 138 137
136 139 138
140 142 141
142 143 141
144 146 145
146 147 145
148 150 149
148 151 150
152 149 150
150 153 152
154 156 155
154 157 156
148 158 151
159 151 158
160 162 161
162 163 161
164 165 157
157 154 164
166 168 167
166 169 168
156 171 170
170 155 156
172 174 173
174 175 173
162 176 163
176 177 163
178 179 165
165 164 178
165 180 171
165 179 180
171 180 181
181 170 171
182 172 183
172 173 183
176 184 177
184 185 177
178 186 179
178 187 186
188 190 189
188 191 190
180 192 181
181 192 193
194 182 195
182 183 195
185 184 140
140 141 185
187 152 153
187 153 186
186 159 192
186 153 159
192 159 193
193 159 158
146 194 147
194 195 147

