[FBX_META_DATA]
MeshCount: 5

[MESH_DATA]
VertexCount: 549
IndexCount: 1056
BoneCount: 0
AnimationClips: 1

[VERTEX_DATA]
Position: 1.35413 1.1779 2.71885
Normal: 1 5.02864e-008 7.34616e-009
UV: 0.0469935 0.895602

Position: 1.35413 1.1779 2.96869
Normal: 1 0 0
UV: 0.0142952 0.895602

Position: 1.35413 2.92739 2.96869
Normal: 1 0 0
UV: 0.0142953 0.666634

Position: 1.35413 0.429077 2.96869
Normal: 1 0 0
UV: 0.731073 0.067503

Position: 1.35413 0.628812 2.96869
Normal: 1 0 0
UV: 0.731072 0.095382

Position: 1.35413 0.628812 2.79849
Normal: 1 -5.31184e-008 0
UV: 0.707314 0.095381

Position: 1.35413 0.429077 2.79849
Normal: 1 2.28537e-008 0
UV: 0.70732 0.067516

Position: 1.35413 0.628812 -2.83743
Normal: 1 1.04406e-007 0
UV: 0.330677 0.335906

Position: 1.35413 0.429077 -2.77677
Normal: 1 -3.78614e-007 0
UV: 0.322896 0.361527

Position: 1.35413 0.628812 -2.65007
Normal: 1 1.12276e-008 0
UV: 0.306643 0.335906

Position: 1.35413 0.429077 -2.65007
Normal: 1 -1.68111e-007 0
UV: 0.306643 0.361527

Position: 1.16782 1.1779 -2.84199
Normal: 1.43501e-006 -9.68105e-007 -1
UV: 0.799009 0.493439

Position: 1.35413 1.1779 -2.842
Normal: -2.85414e-005 7.88742e-006 -1
UV: 0.79176 0.493369

Position: 1.35413 1.55999 -2.842
Normal: 2.51174e-006 -5.94293e-006 -1
UV: 0.79176 0.441027

Position: 1.35413 0.628812 -2.96413
Normal: 0.00336932 0 -0.999994
UV: 0.745567 0.051582

Position: -0 0.429077 -2.9687
Normal: -0 0 -1
UV: 0.935084 0.0792922

Position: 1.35413 0.429077 -2.96413
Normal: 0.00336932 0 -0.999994
UV: 0.745581 0.07947

Position: -0 0.628812 -2.9687
Normal: -0 0 -1
UV: 0.935065 0.0514759

Position: -0 0.429077 -2.65463
Normal: -8.10209e-016 -1 3.48926e-009
UV: 0.735937 0.14942

Position: 1.35413 0.429077 -2.65007
Normal: 4.23929e-008 -1 -2.89907e-007
UV: 0.575578 0.149475

Position: 1.35413 0.429077 -2.77677
Normal: -0 -1 0
UV: 0.575628 0.134505

Position: -0 0.429077 -2.78133
Normal: -0 -1 0
UV: 0.735987 0.134542

Position: 1.35413 0.429077 2.96869
Normal: -0 -1 0
UV: 0.436316 0.396661

Position: 1.35413 0.429077 2.79849
Normal: 7.52454e-008 -1 1.95864e-007
UV: 0.423408 0.396653

Position: -0 0.429077 2.96869
Normal: -4.17263e-016 -1 -2.18997e-008
UV: 0.438227 0.293815

Position: 1.35413 0.429077 2.96869
Normal: -0 0 1
UV: 0.731073 0.067503

Position: -0 0.628812 2.96869
Normal: 4.06389e-008 0 1
UV: 0.920566 0.095364

Position: 1.35413 0.628812 2.96869
Normal: -0 0 1
UV: 0.731072 0.095382

Position: -0 0.429077 2.96869
Normal: -0 0 1
UV: 0.920568 0.0675527

Position: 1.35413 0.628812 2.96869
Normal: -0 0 1
UV: 0.996667 0.433302

Position: -0 0.628812 2.96869
Normal: 4.06389e-008 0 1
UV: 0.827479 0.433245

Position: 0.827206 0.8944 2.96869
Normal: 3.80005e-008 0 1
UV: 0.922426 0.395295

Position: 1.35413 0.8944 2.96869
Normal: -0 0 1
UV: 0.996667 0.394884

Position: 1.35413 1.8414 -2.09579
Normal: -1.14804e-005 0.400675 -0.91622
UV: 0.840464 0.443821

Position: 1.35413 2.92739 -1.68869
Normal: -1.56888e-006 0.368489 -0.929632
UV: 0.876884 0.443797

Position: 1.26733 1.92204 -2.05827
Normal: -1.92856e-006 0.348246 -0.937403
UV: 0.842609 0.44592

Position: 1.26733 2.84676 -1.7262
Normal: -1.92856e-006 0.348238 -0.937406
UV: 0.87474 0.445899

Position: -1.35413 3.28431 2.96869
Normal: -0 1 0
UV: 0.787223 0.375499

Position: 1.35413 3.28431 -1.54948
Normal: -0 1 0
UV: 0.787223 0.375499

Position: 1.35413 3.28431 2.96869
Normal: -0 1 0
UV: 0.787223 0.375499

Position: -1.35413 3.28431 -1.54948
Normal: -0 1 0
UV: 0.787223 0.375499

Position: 1.35413 1.89735 -1.14983
Normal: 1 0 0
UV: 0.023738 0.258833

Position: 1.35413 2.84498 -1.63647
Normal: 1 -1.19423e-007 0
UV: 0.13214 0.115231

Position: 1.35413 1.91208 -1.97234
Normal: 1 -4.97427e-009 0
UV: 0.199094 0.25859

Position: 1.35413 2.84498 -1.14867
Normal: 1 -2.09645e-009 0
UV: 0.024228 0.11538

Position: 1.35413 1.91208 -1.97234
Normal: 1 -4.97427e-009 0
UV: 0.660962 0.799515

Position: 1.35413 2.92739 -1.68869
Normal: 1 -3.41741e-007 0
UV: 0.623839 0.666634

Position: 1.35413 1.8414 -2.09579
Normal: 1 -1.88595e-007 0
UV: 0.677119 0.808766

Position: 1.35413 2.84498 -1.63647
Normal: 1 -1.19423e-007 0
UV: 0.617005 0.67742

Position: 1.35413 3.28431 -1.54948
Normal: 1 -3.71219e-008 0
UV: 0.60562 0.619922

Position: 1.35413 2.84498 -1.14867
Normal: 1 -2.09645e-009 0
UV: 0.553163 0.67742

Position: 1.35413 0.8944 2.96869
Normal: 1 0 0
UV: 0.032262 0.06863

Position: 1.35413 1.1779 2.96869
Normal: 1 0 0
UV: 0.032287 0.012951

Position: 1.35413 1.1779 2.71885
Normal: 1 5.02864e-008 7.34616e-009
UV: 0.067166 0.012963

Position: 1.35413 0.8944 2.71885
Normal: 1 -4.72808e-007 1.98659e-007
UV: 0.067138 0.068642

Position: 1.35413 0.8944 2.96869
Normal: 1 0 0
UV: 0.0142952 0.932706

Position: 1.35413 0.628812 2.79849
Normal: 1 -5.31184e-008 0
UV: 0.0365701 0.967466

Position: 1.35413 0.628812 2.96869
Normal: 1 0 0
UV: 0.0142952 0.967466

Position: 1.35413 0.8944 2.71885
Normal: 1 -4.72808e-007 1.98659e-007
UV: 0.0469936 0.932706

Position: 1.16782 1.1779 -2.84199
Normal: 1.43501e-006 -9.68105e-007 -1
UV: 0.114408 0.014473

Position: 0.827206 0.8944 -2.842
Normal: 0.000990064 -0.00436625 -0.99999
UV: 0.180913 0.070178

Position: 1.17278 0.8944 -2.842
Normal: 0.00176271 -0.00831845 -0.999964
UV: 0.113724 0.070182

Position: 0.827206 1.1779 -2.842
Normal: 2.73049e-006 -1.65701e-006 -1
UV: 0.180903 0.014469

Position: 1.35413 0.8944 2.96869
Normal: -0 0 1
UV: 0.226429 0.069549

Position: 0.827206 0.8944 2.96869
Normal: 3.80005e-008 0 1
UV: 0.152869 0.069549

Position: 1.35413 1.1779 2.96869
Normal: -0 0 1
UV: 0.226429 0.013823

Position: 0.827206 1.1779 2.96869
Normal: 2.50297e-008 0 1
UV: 0.152868 0.013836

Position: 1.35413 1.1779 -2.57025
Normal: 1 2.23092e-007 -2.76244e-008
UV: 0.739215 0.895602

Position: 1.35413 1.1779 -2.842
Normal: 1 -3.33814e-008 0
UV: 0.749651 0.895602

Position: 1.35413 0.8944 -2.57025
Normal: 1 -1.47067e-007 -1.39626e-007
UV: 0.025259 0.068832

Position: 1.35413 1.1779 -2.57025
Normal: 1 2.23092e-007 -2.76244e-008
UV: 0.025278 0.013123

Position: 1.35413 1.1779 -2.842
Normal: 1 -3.33814e-008 0
UV: 0.069903 0.013136

Position: 1.35413 0.8944 -2.842
Normal: 1 7.30001e-008 0
UV: 0.069882 0.068833

Position: 1.05445 0.429077 1.63644
Normal: 1.83866e-008 -1 -1.78385e-008
UV: 0.336083 0.37442

Position: 1.03467 0.429077 2.58476
Normal: 8.39268e-009 -1 -1.09013e-009
UV: 0.407691 0.37146

Position: -0 0.429077 -2.65463
Normal: -8.10209e-016 -1 3.48926e-009
UV: 0.0184707 0.293555

Position: 1.35413 0.628812 2.58457
Normal: 1 -1.42345e-007 0
UV: 0.064568 0.967466

Position: 1.35413 0.861435 2.4295
Normal: 1 -9.24701e-007 4.17862e-007
UV: 0.0848631 0.937021

Position: 1.35413 0.969414 2.0965
Normal: 1 1.51531e-006 9.59032e-009
UV: 0.128444 0.922889

Position: 1.35413 0.953844 -1.91585
Normal: 1 1.59302e-006 -1.43323e-008
UV: 0.653569 0.924927

Position: 0.827206 1.1779 -2.842
Normal: 2.73049e-006 -1.65701e-006 -1
UV: 0.867238 0.4941

Position: -0 0.628812 -2.842
Normal: 3.10404e-011 -0.00118398 -0.999999
UV: 0.984259 0.573095

Position: 0.827206 0.8944 -2.842
Normal: 0.000990064 -0.00436625 -0.99999
UV: 0.866856 0.534333

Position: -0 1.55999 -2.842
Normal: -7.98509e-014 -1.22181e-006 -1
UV: 0.985565 0.441143

Position: 1.35413 0.628812 -2.83743
Normal: 0.00252267 -0.012201 -0.999922
UV: 0.79176 0.571338

Position: -0 0.628812 -2.842
Normal: 3.10404e-011 -0.00118398 -0.999999
UV: 0.986624 0.573111

Position: 1.17278 0.8944 -2.842
Normal: 0.00176271 -0.00831845 -0.999964
UV: 0.798267 0.533716

Position: 1.35413 2.92739 2.96869
Normal: -0 0 1
UV: 0.996667 0.110419

Position: 0.827206 1.1779 2.96869
Normal: 2.50297e-008 0 1
UV: 0.922177 0.355451

Position: -0 2.92739 2.96869
Normal: 8.69838e-009 0 1
UV: 0.82992 0.110581

Position: 1.35413 1.1779 2.96869
Normal: -0 0 1
UV: 0.996667 0.354983

Position: 1.35413 0.429077 2.79849
Normal: 1 2.28537e-008 0
UV: 0.03657 0.993606

Position: 1.35413 0.429077 2.58452
Normal: 1 4.10336e-008 0
UV: 0.0645745 0.993607

Position: 1.35413 3.28431 -1.54948
Normal: -0 0.363362 -0.931648
UV: 0.775788 0.448634

Position: -1.35413 3.28431 -1.54948
Normal: -0 0.363362 -0.931648
UV: 0.775788 0.448634

Position: 1.35413 2.92739 -1.68869
Normal: -1.56888e-006 0.368489 -0.929632
UV: 0.775788 0.471533

Position: -1.35413 2.92739 -1.68869
Normal: 1.59339e-006 0.368489 -0.929632
UV: 0.775788 0.471533

Position: 1.35413 3.28431 2.96869
Normal: -0 0 1
UV: 0.71863 0.688613

Position: -0 2.92739 2.96869
Normal: 8.69838e-009 0 1
UV: 0.597617 0.745854

Position: -1.35413 3.28431 2.96869
Normal: -0 0 1
UV: 0.71863 0.688613

Position: 1.35413 3.28431 2.96869
Normal: 1 0 0
UV: 0.0142953 0.619922

Position: -0 1.55999 -2.842
Normal: -0 0.935676 -0.35286
UV: 0.787223 0.375499

Position: 1.35413 1.8414 -2.09579
Normal: -0 0.935676 -0.35286
UV: 0.787223 0.375499

Position: -1.35413 1.8414 -2.09579
Normal: -0 0.935676 -0.35286
UV: 0.787223 0.375499

Position: 1.35413 1.55999 -2.842
Normal: 1 0 0
UV: 0.749651 0.845596

Position: 1.35413 0.8944 -2.842
Normal: 1 7.30001e-008 0
UV: 0.749651 0.932706

Position: 1.35413 0.628812 -2.83743
Normal: 1 1.04406e-007 0
UV: 0.749053 0.967466

Position: 1.35413 0.628812 -2.65007
Normal: 1 1.12276e-008 0
UV: 0.749662 0.967466

Position: 1.35413 0.429077 -2.96413
Normal: 1 -2.37541e-007 0
UV: 0.346929 0.361527

Position: 1.35413 0.628812 -2.96413
Normal: 1 -2.37541e-007 0
UV: 0.346929 0.335906

Position: 1.35413 0.429077 -2.96413
Normal: -0 -1 0
UV: 0.745567 0.051582

Position: -0 0.429077 -2.78133
Normal: -0 -1 0
UV: 0.935063 0.051442

Position: 1.35413 0.429077 -2.77677
Normal: -0 -1 0
UV: 0.745567 0.051582

Position: -0 0.429077 -2.9687
Normal: -0 -1 0
UV: 0.935063 0.051442

Position: 1.35413 1.89735 -1.14983
Normal: 1 0 0
UV: 0.553315 0.801443

Position: -0 0.628812 -2.9687
Normal: -0 1 0
UV: 0.711987 0.115115

Position: 1.35413 0.628812 -2.96413
Normal: -0 1 0
UV: 0.599451 0.114486

Position: -0 0.628812 -2.842
Normal: -0 1 0
UV: 0.699698 0.0961195

Position: 1.35413 0.628812 -2.83743
Normal: -0 1 0
UV: 0.599451 0.095372

Position: 1.35413 0.8944 -2.842
Normal: -1.40797e-005 -0.00542912 -0.999985
UV: 0.807251 0.518273

Position: 1.35413 1.1779 -2.842
Normal: -2.85414e-005 7.88742e-006 -1
UV: 0.807242 0.462563

Position: 1.17278 0.8944 -2.842
Normal: 0.00176271 -0.00831845 -0.999964
UV: 0.813625 0.518273

Position: 1.16782 1.1779 -2.84199
Normal: 1.43501e-006 -9.68105e-007 -1
UV: 0.814307 0.462563

Position: 1.35413 0.8944 -2.842
Normal: -1.40797e-005 -0.00542912 -0.999985
UV: 0.79176 0.533658

Position: -1.35413 2.92739 -1.68869
Normal: 1.59339e-006 0.368489 -0.929632
UV: 0.876884 0.443797

Position: -1.26733 2.84676 -1.7262
Normal: 1.95869e-006 0.348238 -0.937406
UV: 0.87474 0.445899

Position: 1.26733 2.84676 -1.7262
Normal: -1.92856e-006 0.348238 -0.937406
UV: 0.266227 0.105016

Position: -1.26733 2.84676 -1.7262
Normal: 1.95869e-006 0.348238 -0.937406
UV: 0.266227 0.105016

Position: 1.26733 1.92204 -2.05827
Normal: -1.92856e-006 0.348246 -0.937403
UV: 0.266254 0.262173

Position: -1.26733 1.92204 -2.05827
Normal: 1.9587e-006 0.348246 -0.937403
UV: 0.266254 0.262173

Position: 1.35413 0.628812 1.63644
Normal: 1 2.72139e-007 0
UV: 0.188656 0.967466

Position: 1.35413 0.429077 -1.41214
Normal: 1 7.83101e-007 0
UV: 0.587645 0.993606

Position: 1.35413 0.429077 1.63646
Normal: 1 7.83101e-007 0
UV: 0.188653 0.993607

Position: 1.35413 0.628812 -1.41214
Normal: 1 2.72397e-007 0
UV: 0.587645 0.967466

Position: 1.35413 0.429077 2.58452
Normal: 1.11117e-007 -1 2.89238e-007
UV: 0.406739 0.39664

Position: 1.35413 0.429077 -2.36332
Normal: 1 0 0
UV: 0.712132 0.993607

Position: 1.35413 0.628812 -2.36332
Normal: 1 0 0
UV: 0.712132 0.967466

Position: 1.35413 0.429077 -2.65007
Normal: 1 -1.68111e-007 0
UV: 0.749662 0.993607

Position: 1.35413 0.8944 -2.57025
Normal: 1 -1.47067e-007 -1.39626e-007
UV: 0.739215 0.932706

Position: 1.35413 0.861435 -2.2083
Normal: 1 -3.70694e-007 -3.51937e-007
UV: 0.691844 0.937021

Position: 1.35413 0.861435 -1.59089
Normal: 1 -3.12493e-006 4.55002e-009
UV: 0.611039 0.937021

Position: 1.35413 0.861435 1.8164
Normal: 1 -3.08992e-006 4.49871e-009
UV: 0.165103 0.937021

Position: 1.03688 0.429077 -2.36332
Normal: -5.59594e-008 -1 -1.78888e-007
UV: 0.0336671 0.371561

Position: 1.35413 0.429077 -2.36332
Normal: 7.25234e-008 -1 -4.95957e-007
UV: 0.0356922 0.396411

Position: 1.35413 0.429077 -2.65007
Normal: 4.23929e-008 -1 -2.89907e-007
UV: 0.020408 0.396413

Position: 1.04806 0.429077 -1.41214
Normal: -7.69056e-008 -1 5.09898e-008
UV: 0.0993839 0.373269

Position: 1.35413 0.429077 -1.41214
Normal: 1.96793e-007 -1 1.61382e-008
UV: 0.095701 0.396404

Position: 1.35413 0.429077 1.63646
Normal: 1.96793e-007 -1 1.61382e-008
UV: 0.329899 0.396582

Position: 1.04806 0.429077 -1.41214
Normal: -4.86486e-007 0 -1
UV: 0.682985 0.295875

Position: 1.35413 0.429077 -1.41214
Normal: -4.86486e-007 0 -1
UV: 0.682985 0.295875

Position: 1.35413 0.628812 -1.41214
Normal: -4.86486e-007 0 -1
UV: 0.682985 0.295875

Position: 1.04679 0.628812 -1.41214
Normal: -4.86486e-007 0 -1
UV: 0.682985 0.295875

Position: 1.35413 0.429077 2.58452
Normal: -0.000388495 -0.000345748 -1
UV: 0.682985 0.295875

Position: 1.04679 0.628812 2.58457
Normal: -0.000388495 -0.000345748 -1
UV: 0.682985 0.295875

Position: 1.03467 0.429077 2.58476
Normal: -0.000388495 -0.000345748 -1
UV: 0.682985 0.295875

Position: 1.35413 0.628812 2.58457
Normal: -0.000388495 -0.000345748 -1
UV: 0.682985 0.295875

Position: 1.04679 0.628812 2.58457
Normal: -0 -0.554672 -0.832069
UV: 0.682985 0.295875

Position: 1.35413 0.628812 2.58457
Normal: -0 -0.554672 -0.832069
UV: 0.682985 0.295875

Position: 1.35413 0.861435 2.4295
Normal: -0 -0.554672 -0.832069
UV: 0.682985 0.295875

Position: 1.04679 0.861435 2.4295
Normal: -0 -0.554672 -0.832069
UV: 0.682985 0.295875

Position: 1.35413 0.861435 2.4295
Normal: -0 -0.951238 -0.308457
UV: 0.682985 0.295875

Position: 1.04679 0.969414 2.0965
Normal: -0 -0.951238 -0.308457
UV: 0.682985 0.295875

Position: 1.04679 0.861435 2.4295
Normal: -0 -0.951238 -0.308457
UV: 0.682985 0.295875

Position: 1.35413 0.969414 2.0965
Normal: -0 -0.951238 -0.308457
UV: 0.682985 0.295875

Position: 1.04679 0.969414 2.0965
Normal: -0 -0.93307 0.359696
UV: 0.682985 0.295875

Position: 1.35413 0.969414 2.0965
Normal: -0 -0.93307 0.359696
UV: 0.682985 0.295875

Position: 1.35413 0.861435 1.8164
Normal: -0 -0.93307 0.359696
UV: 0.682985 0.295875

Position: 1.04679 0.861435 1.8164
Normal: -0 -0.93307 0.359696
UV: 0.682985 0.295875

Position: 1.04679 0.861435 1.8164
Normal: -0 -0.611897 0.790937
UV: 0.682985 0.295875

Position: 1.35413 0.861435 1.8164
Normal: -0 -0.611897 0.790937
UV: 0.682985 0.295875

Position: 1.35413 0.628812 1.63644
Normal: -0 -0.611897 0.790937
UV: 0.682985 0.295875

Position: 1.04679 0.628812 1.63644
Normal: -0 -0.611897 0.790937
UV: 0.682985 0.295875

Position: 1.35413 0.628812 1.63644
Normal: -3.29378e-005 7.33751e-005 1
UV: 0.682985 0.295875

Position: 1.05445 0.429077 1.63644
Normal: -3.29378e-005 7.33751e-005 1
UV: 0.682985 0.295875

Position: 1.04679 0.628812 1.63644
Normal: -3.29378e-005 7.33751e-005 1
UV: 0.682985 0.295875

Position: 1.35413 0.429077 1.63646
Normal: -3.29378e-005 7.33751e-005 1
UV: 0.682985 0.295875

Position: 1.04679 0.628812 -2.36332
Normal: -4.77782e-007 0 1
UV: 0.682985 0.295875

Position: 1.35413 0.628812 -2.36332
Normal: -4.77782e-007 0 1
UV: 0.682985 0.295875

Position: 1.35413 0.429077 -2.36332
Normal: -4.77782e-007 0 1
UV: 0.682985 0.295875

Position: 1.03688 0.429077 -2.36332
Normal: -4.77782e-007 0 1
UV: 0.682985 0.295875

Position: 1.04679 0.861435 -2.2083
Normal: -0 -0.554524 0.832168
UV: 0.682985 0.295875

Position: 1.35413 0.861435 -2.2083
Normal: -0 -0.554524 0.832168
UV: 0.682985 0.295875

Position: 1.35413 0.628812 -2.36332
Normal: -0 -0.554524 0.832168
UV: 0.682985 0.295875

Position: 1.04679 0.628812 -2.36332
Normal: -0 -0.554524 0.832168
UV: 0.682985 0.295875

Position: 1.04679 0.953844 -1.91585
Normal: -0 -0.953531 0.301295
UV: 0.682985 0.295875

Position: 1.35413 0.953844 -1.91585
Normal: -0 -0.953531 0.301295
UV: 0.682985 0.295875

Position: 1.35413 0.861435 -2.2083
Normal: -0 -0.953531 0.301295
UV: 0.682985 0.295875

Position: 1.04679 0.861435 -2.2083
Normal: -0 -0.953531 0.301295
UV: 0.682985 0.295875

Position: 1.35413 0.861435 -1.59089
Normal: -0 -0.961866 -0.273522
UV: 0.682985 0.295875

Position: 1.04679 0.953844 -1.91585
Normal: -0 -0.961866 -0.273522
UV: 0.682985 0.295875

Position: 1.04679 0.861435 -1.59089
Normal: -0 -0.961866 -0.273523
UV: 0.682985 0.295875

Position: 1.35413 0.953844 -1.91585
Normal: -0 -0.961866 -0.273523
UV: 0.682985 0.295875

Position: 1.04679 0.628812 -1.41214
Normal: -0 -0.609304 -0.792937
UV: 0.682985 0.295875

Position: 1.35413 0.628812 -1.41214
Normal: -0 -0.609304 -0.792937
UV: 0.682985 0.295875

Position: 1.35413 0.861435 -1.59089
Normal: -0 -0.609304 -0.792937
UV: 0.682985 0.295875

Position: 1.04679 0.861435 -1.59089
Normal: -0 -0.609304 -0.792937
UV: 0.682985 0.295875

Position: 1.05445 0.429077 1.63644
Normal: 0.999884 -0.0111467 0.010428
UV: 0.682985 0.295875

Position: 1.03467 0.429077 2.58476
Normal: 0.999884 -0.0111467 0.010428
UV: 0.682985 0.295875

Position: 1.04679 0.628812 2.58457
Normal: 0.999954 -0.00696917 0.00651983
UV: 0.682985 0.295875

Position: 1.04679 0.628812 1.63644
Normal: 0.999952 -0.00716007 0.00669842
UV: 0.682985 0.295875

Position: 1.04679 0.861435 1.8164
Normal: 1 1.06732e-007 0
UV: 0.682985 0.295875

Position: 1.04679 0.861435 2.4295
Normal: 1 1.13438e-007 0
UV: 0.682985 0.295875

Position: 1.04679 0.969414 2.0965
Normal: 1 -1.80072e-006 0
UV: 0.682985 0.295875

Position: 1.04806 0.429077 -1.41214
Normal: 0.999749 -0.0216138 -0.00587259
UV: 0.682985 0.295875

Position: 1.04679 0.628812 -2.36332
Normal: 0.999902 -0.0135025 -0.00366871
UV: 0.682985 0.295875

Position: 1.03688 0.429077 -2.36332
Normal: 0.999749 -0.0216138 -0.00587259
UV: 0.682985 0.295875

Position: 1.04679 0.628812 -1.41214
Normal: 0.999897 -0.0138591 -0.00376559
UV: 0.682985 0.295875

Position: 1.04679 0.861435 -1.59089
Normal: 1 -7.97717e-008 0
UV: 0.682985 0.295875

Position: 1.04679 0.861435 -2.2083
Normal: 1 -9.0631e-008 0
UV: 0.682985 0.295875

Position: 1.04679 0.953844 -1.91585
Normal: 1 -4.17879e-006 0
UV: 0.682985 0.295875

Position: -1.35413 1.1779 2.71885
Normal: -1 3.61831e-008 7.34616e-009
UV: 0.0469935 0.895602

Position: -1.35413 2.92739 2.96869
Normal: -1 -1.86001e-008 0
UV: 0.0142953 0.666634

Position: -1.35413 1.1779 2.96869
Normal: -1 0 0
UV: 0.0142952 0.895602

Position: -1.35413 0.429077 2.96869
Normal: -1 0 0
UV: 0.731073 0.067503

Position: -1.35413 0.628812 2.79849
Normal: -1 -3.38124e-008 0
UV: 0.707314 0.095381

Position: -1.35413 0.628812 2.96869
Normal: -1 1.65988e-007 0
UV: 0.731072 0.095382

Position: -1.35413 0.429077 2.79849
Normal: -1 0 0
UV: 0.70732 0.067516

Position: -1.35413 0.628812 -2.65007
Normal: -1 -4.60879e-008 0
UV: 0.306643 0.335906

Position: -1.35413 0.429077 -2.65007
Normal: -1 -3.36221e-007 0
UV: 0.306643 0.361527

Position: -1.35413 0.429077 -2.77677
Normal: -1 -7.57228e-007 0
UV: 0.322896 0.361527

Position: -1.35413 0.628812 -2.83743
Normal: -1 -1.44734e-007 0
UV: 0.330677 0.335906

Position: -1.16782 1.1779 -2.84199
Normal: -1.43501e-006 -9.68105e-007 -1
UV: 0.799009 0.493439

Position: -1.35413 1.55999 -2.842
Normal: -2.51174e-006 -5.94293e-006 -1
UV: 0.79176 0.441027

Position: -1.35413 1.1779 -2.842
Normal: 2.85414e-005 7.88742e-006 -1
UV: 0.79176 0.493369

Position: -1.35413 0.628812 -2.96413
Normal: -0.00336932 0 -0.999994
UV: 0.745567 0.051582

Position: -1.35413 0.429077 -2.96413
Normal: -0.00336932 0 -0.999994
UV: 0.745581 0.07947

Position: -1.35413 0.429077 -2.77677
Normal: -0 -1 0
UV: 0.575628 0.134505

Position: -1.35413 0.429077 -2.65007
Normal: -4.23929e-008 -1 -2.89907e-007
UV: 0.575578 0.149475

Position: -1.35413 0.429077 2.96869
Normal: -0 -1 0
UV: 0.436316 0.396661

Position: -1.35413 0.429077 2.79849
Normal: -7.52454e-008 -1 2.4483e-007
UV: 0.423408 0.396653

Position: -1.35413 0.429077 2.96869
Normal: -0 0 1
UV: 0.731073 0.067503

Position: -1.35413 0.628812 2.96869
Normal: -0 0 1
UV: 0.731072 0.095382

Position: -1.35413 0.628812 2.96869
Normal: -0 0 1
UV: 0.996667 0.433302

Position: -0.827206 0.8944 2.96869
Normal: 3.80005e-008 0 1
UV: 0.922426 0.395295

Position: -1.35413 0.8944 2.96869
Normal: -0 0 1
UV: 0.996667 0.394884

Position: -1.35413 1.8414 -2.09579
Normal: 1.16598e-005 0.400675 -0.91622
UV: 0.840464 0.443821

Position: -1.26733 1.92204 -2.05827
Normal: 1.9587e-006 0.348246 -0.937403
UV: 0.842609 0.44592

Position: -1.35413 1.89735 -1.14983
Normal: -1 -1.84253e-008 0
UV: 0.023738 0.258833

Position: -1.35413 2.84498 -1.63647
Normal: -1 -1.37884e-007 0
UV: 0.13214 0.115231

Position: -1.35413 2.84498 -1.14867
Normal: -1 -2.01445e-008 0
UV: 0.024228 0.11538

Position: -1.35413 1.91208 -1.97234
Normal: -1 -2.11781e-008 0
UV: 0.199094 0.25859

Position: -1.35413 2.92739 -1.68869
Normal: -1 -4.88772e-007 0
UV: 0.623839 0.666634

Position: -1.35413 1.91208 -1.97234
Normal: -1 -2.11781e-008 0
UV: 0.660962 0.799515

Position: -1.35413 1.8414 -2.09579
Normal: -1 -6.86624e-008 0
UV: 0.677119 0.808766

Position: -1.35413 2.84498 -1.63647
Normal: -1 -1.37884e-007 0
UV: 0.617005 0.67742

Position: -1.35413 3.28431 -1.54948
Normal: -1 -7.42438e-008 0
UV: 0.60562 0.619922

Position: -1.35413 2.84498 -1.14867
Normal: -1 -2.01445e-008 0
UV: 0.553163 0.67742

Position: -1.35413 0.8944 2.96869
Normal: -1 1.17695e-007 0
UV: 0.032262 0.06863

Position: -1.35413 1.1779 2.71885
Normal: -1 3.61831e-008 7.34616e-009
UV: 0.067166 0.012963

Position: -1.35413 1.1779 2.96869
Normal: -1 0 0
UV: 0.032287 0.012951

Position: -1.35413 0.8944 2.71885
Normal: -1 -3.82759e-007 1.98659e-007
UV: 0.067138 0.068642

Position: -1.35413 0.8944 2.96869
Normal: -1 1.17695e-007 0
UV: 0.0142952 0.932706

Position: -1.35413 0.628812 2.79849
Normal: -1 -3.38124e-008 0
UV: 0.0365701 0.967466

Position: -1.35413 0.8944 2.71885
Normal: -1 -3.82759e-007 1.98659e-007
UV: 0.0469936 0.932706

Position: -1.35413 0.628812 2.96869
Normal: -1 1.65988e-007 0
UV: 0.0142952 0.967466

Position: -1.17278 0.8944 -2.842
Normal: -0.00176271 -0.00831844 -0.999964
UV: 0.113724 0.070182

Position: -0.827206 0.8944 -2.842
Normal: -0.000990064 -0.00436625 -0.99999
UV: 0.180913 0.070178

Position: -1.16782 1.1779 -2.84199
Normal: -1.43501e-006 -9.68105e-007 -1
UV: 0.114408 0.014473

Position: -0.827206 1.1779 -2.842
Normal: -2.73049e-006 -1.65701e-006 -1
UV: 0.180903 0.014469

Position: -1.35413 1.1779 2.96869
Normal: -0 0 1
UV: 0.226429 0.013823

Position: -0.827206 1.1779 2.96869
Normal: 2.50297e-008 0 1
UV: 0.152868 0.013836

Position: -0.827206 0.8944 2.96869
Normal: 3.80005e-008 0 1
UV: 0.152869 0.069549

Position: -1.35413 0.8944 2.96869
Normal: -0 0 1
UV: 0.226429 0.069549

Position: -1.35413 1.1779 -2.57025
Normal: -1 2.23233e-007 -2.76244e-008
UV: 0.739215 0.895602

Position: -1.35413 1.1779 -2.842
Normal: -1 0 0
UV: 0.749651 0.895602

Position: -1.35413 0.8944 -2.57025
Normal: -1 -1.47067e-007 -1.39626e-007
UV: 0.025259 0.068832

Position: -1.35413 1.1779 -2.842
Normal: -1 0 0
UV: 0.069903 0.013136

Position: -1.35413 1.1779 -2.57025
Normal: -1 2.23233e-007 -2.76244e-008
UV: 0.025278 0.013123

Position: -1.35413 0.8944 -2.842
Normal: -1 7.07188e-008 0
UV: 0.069882 0.068833

Position: -1.03467 0.429077 2.58476
Normal: -8.39268e-009 -1 4.60329e-009
UV: 0.407691 0.37146

Position: -1.05445 0.429077 1.63644
Normal: -1.83866e-008 -1 -1.80652e-008
UV: 0.336083 0.37442

Position: -1.35413 0.628812 2.58457
Normal: -1 -3.11354e-007 0
UV: 0.064568 0.967466

Position: -1.35413 0.861435 2.4295
Normal: -1 -7.49071e-007 4.17862e-007
UV: 0.0848631 0.937021

Position: -1.35413 0.969414 2.0965
Normal: -1 1.5875e-006 9.59033e-009
UV: 0.128444 0.922889

Position: -1.35413 0.953844 -1.91585
Normal: -1 1.65714e-006 -1.43323e-008
UV: 0.653569 0.924927

Position: -0.827206 1.1779 -2.842
Normal: -2.73049e-006 -1.65701e-006 -1
UV: 0.867238 0.4941

Position: -0.827206 0.8944 -2.842
Normal: -0.000990064 -0.00436625 -0.99999
UV: 0.866856 0.534333

Position: -1.35413 0.628812 -2.83743
Normal: -0.00252267 -0.012201 -0.999922
UV: 0.79176 0.571338

Position: -1.17278 0.8944 -2.842
Normal: -0.00176271 -0.00831844 -0.999964
UV: 0.798267 0.533716

Position: -1.35413 2.92739 2.96869
Normal: -0 0 1
UV: 0.996667 0.110419

Position: -0.827206 1.1779 2.96869
Normal: 2.50297e-008 0 1
UV: 0.922177 0.355451

Position: -1.35413 1.1779 2.96869
Normal: -0 0 1
UV: 0.996667 0.354983

Position: -1.35413 0.429077 2.79849
Normal: -1 0 0
UV: 0.03657 0.993606

Position: -1.35413 0.429077 2.58452
Normal: -1 0 0
UV: 0.0645745 0.993607

Position: -1.35413 3.28431 2.96869
Normal: -1 0 0
UV: 0.0142953 0.619922

Position: -1.35413 1.55999 -2.842
Normal: -1 0 0
UV: 0.749651 0.845596

Position: -1.35413 0.8944 -2.842
Normal: -1 7.07188e-008 0
UV: 0.749651 0.932706

Position: -1.35413 0.628812 -2.65007
Normal: -1 -4.60879e-008 0
UV: 0.749662 0.967466

Position: -1.35413 0.628812 -2.83743
Normal: -1 -1.44734e-007 0
UV: 0.749053 0.967466

Position: -1.35413 0.429077 -2.96413
Normal: -1 -4.75081e-007 0
UV: 0.346929 0.361527

Position: -1.35413 0.628812 -2.96413
Normal: -1 -4.75081e-007 0
UV: 0.346929 0.335906

Position: -1.35413 0.429077 -2.96413
Normal: -0 -1 0
UV: 0.745567 0.051582

Position: -1.35413 0.429077 -2.77677
Normal: -0 -1 0
UV: 0.745567 0.051582

Position: -1.35413 1.89735 -1.14983
Normal: -1 -1.84253e-008 0
UV: 0.553315 0.801443

Position: -1.35413 0.628812 -2.83743
Normal: -0 1 0
UV: 0.599451 0.095372

Position: -1.35413 0.628812 -2.96413
Normal: -0 1 0
UV: 0.599451 0.114486

Position: -1.35413 0.8944 -2.842
Normal: 1.40797e-005 -0.00542912 -0.999985
UV: 0.807251 0.518273

Position: -1.17278 0.8944 -2.842
Normal: -0.00176271 -0.00831844 -0.999964
UV: 0.813625 0.518273

Position: -1.35413 1.1779 -2.842
Normal: 2.85414e-005 7.88742e-006 -1
UV: 0.807242 0.462563

Position: -1.16782 1.1779 -2.84199
Normal: -1.43501e-006 -9.68105e-007 -1
UV: 0.814307 0.462563

Position: -1.35413 0.8944 -2.842
Normal: 1.40797e-005 -0.00542912 -0.999985
UV: 0.79176 0.533658

Position: -1.35413 0.628812 1.63644
Normal: -1 2.84767e-007 0
UV: 0.188656 0.967466

Position: -1.35413 0.429077 -1.41214
Normal: -1 7.83101e-007 0
UV: 0.587645 0.993606

Position: -1.35413 0.628812 -1.41214
Normal: -1 2.85019e-007 0
UV: 0.587645 0.967466

Position: -1.35413 0.429077 1.63646
Normal: -1 7.83101e-007 0
UV: 0.188653 0.993607

Position: -1.35413 0.429077 2.58452
Normal: -1.11117e-007 -1 3.61547e-007
UV: 0.406739 0.39664

Position: -1.35413 0.429077 -2.65007
Normal: -1 -3.36221e-007 0
UV: 0.749662 0.993607

Position: -1.35413 0.628812 -2.36332
Normal: -1 0 0
UV: 0.712132 0.967466

Position: -1.35413 0.429077 -2.36332
Normal: -1 0 0
UV: 0.712132 0.993607

Position: -1.35413 0.8944 -2.57025
Normal: -1 -1.47067e-007 -1.39626e-007
UV: 0.739215 0.932706

Position: -1.35413 0.861435 -2.2083
Normal: -1 -3.70694e-007 -3.51937e-007
UV: 0.691844 0.937021

Position: -1.35413 0.861435 -1.59089
Normal: -1 -2.97103e-006 4.55002e-009
UV: 0.611039 0.937021

Position: -1.35413 0.861435 1.8164
Normal: -1 -2.93753e-006 4.49871e-009
UV: 0.165103 0.937021

Position: -1.03688 0.429077 -2.36332
Normal: 5.59594e-008 -1 -1.78888e-007
UV: 0.0336671 0.371561

Position: -1.35413 0.429077 -2.65007
Normal: -4.23929e-008 -1 -2.89907e-007
UV: 0.020408 0.396413

Position: -1.35413 0.429077 -2.36332
Normal: -7.25233e-008 -1 -4.95957e-007
UV: 0.0356922 0.396411

Position: -1.04806 0.429077 -1.41214
Normal: 7.69056e-008 -1 4.61832e-008
UV: 0.0993839 0.373269

Position: -1.35413 0.429077 -1.41214
Normal: -1.96794e-007 -1 1.61382e-008
UV: 0.095701 0.396404

Position: -1.35413 0.429077 1.63646
Normal: -1.96793e-007 -1 1.61382e-008
UV: 0.329899 0.396582

Position: -1.04806 0.429077 -1.41214
Normal: 4.86486e-007 0 -1
UV: 0.682985 0.295875

Position: -1.35413 0.628812 -1.41214
Normal: 4.86486e-007 0 -1
UV: 0.682985 0.295875

Position: -1.35413 0.429077 -1.41214
Normal: 4.86486e-007 0 -1
UV: 0.682985 0.295875

Position: -1.04679 0.628812 -1.41214
Normal: 4.86486e-007 0 -1
UV: 0.682985 0.295875

Position: -1.35413 0.429077 2.58452
Normal: 0.000388495 -0.000345748 -1
UV: 0.682985 0.295875

Position: -1.04679 0.628812 2.58457
Normal: 0.000388495 -0.000345748 -1
UV: 0.682985 0.295875

Position: -1.35413 0.628812 2.58457
Normal: 0.000388495 -0.000345748 -1
UV: 0.682985 0.295875

Position: -1.03467 0.429077 2.58476
Normal: 0.000388495 -0.000345748 -1
UV: 0.682985 0.295875

Position: -1.04679 0.628812 2.58457
Normal: -0 -0.554672 -0.832069
UV: 0.682985 0.295875

Position: -1.35413 0.861435 2.4295
Normal: -0 -0.554672 -0.832069
UV: 0.682985 0.295875

Position: -1.35413 0.628812 2.58457
Normal: -0 -0.554672 -0.832069
UV: 0.682985 0.295875

Position: -1.04679 0.861435 2.4295
Normal: -0 -0.554672 -0.832069
UV: 0.682985 0.295875

Position: -1.35413 0.861435 2.4295
Normal: -0 -0.951238 -0.308457
UV: 0.682985 0.295875

Position: -1.04679 0.969414 2.0965
Normal: -0 -0.951238 -0.308457
UV: 0.682985 0.295875

Position: -1.35413 0.969414 2.0965
Normal: -0 -0.951238 -0.308457
UV: 0.682985 0.295875

Position: -1.04679 0.861435 2.4295
Normal: -0 -0.951238 -0.308457
UV: 0.682985 0.295875

Position: -1.04679 0.969414 2.0965
Normal: -0 -0.93307 0.359696
UV: 0.682985 0.295875

Position: -1.35413 0.861435 1.8164
Normal: -0 -0.93307 0.359696
UV: 0.682985 0.295875

Position: -1.35413 0.969414 2.0965
Normal: -0 -0.93307 0.359696
UV: 0.682985 0.295875

Position: -1.04679 0.861435 1.8164
Normal: -0 -0.93307 0.359696
UV: 0.682985 0.295875

Position: -1.04679 0.861435 1.8164
Normal: -0 -0.611897 0.790937
UV: 0.682985 0.295875

Position: -1.35413 0.628812 1.63644
Normal: -0 -0.611897 0.790937
UV: 0.682985 0.295875

Position: -1.35413 0.861435 1.8164
Normal: -0 -0.611897 0.790937
UV: 0.682985 0.295875

Position: -1.04679 0.628812 1.63644
Normal: -0 -0.611897 0.790937
UV: 0.682985 0.295875

Position: -1.35413 0.628812 1.63644
Normal: 3.29378e-005 7.33751e-005 1
UV: 0.682985 0.295875

Position: -1.05445 0.429077 1.63644
Normal: 3.29378e-005 7.33751e-005 1
UV: 0.682985 0.295875

Position: -1.35413 0.429077 1.63646
Normal: 3.29378e-005 7.33751e-005 1
UV: 0.682985 0.295875

Position: -1.04679 0.628812 1.63644
Normal: 3.29378e-005 7.33751e-005 1
UV: 0.682985 0.295875

Position: -1.04679 0.628812 -2.36332
Normal: 2.61223e-007 0 1
UV: 0.682985 0.295875

Position: -1.35413 0.429077 -2.36332
Normal: 2.61223e-007 0 1
UV: 0.682985 0.295875

Position: -1.35413 0.628812 -2.36332
Normal: 2.61223e-007 0 1
UV: 0.682985 0.295875

Position: -1.03688 0.429077 -2.36332
Normal: 2.61223e-007 0 1
UV: 0.682985 0.295875

Position: -1.04679 0.861435 -2.2083
Normal: -0 -0.554524 0.832168
UV: 0.682985 0.295875

Position: -1.35413 0.628812 -2.36332
Normal: -0 -0.554524 0.832168
UV: 0.682985 0.295875

Position: -1.35413 0.861435 -2.2083
Normal: -0 -0.554524 0.832168
UV: 0.682985 0.295875

Position: -1.04679 0.628812 -2.36332
Normal: -0 -0.554524 0.832168
UV: 0.682985 0.295875

Position: -1.04679 0.953844 -1.91585
Normal: -0 -0.953531 0.301295
UV: 0.682985 0.295875

Position: -1.35413 0.861435 -2.2083
Normal: -0 -0.953531 0.301295
UV: 0.682985 0.295875

Position: -1.35413 0.953844 -1.91585
Normal: -0 -0.953531 0.301295
UV: 0.682985 0.295875

Position: -1.04679 0.861435 -2.2083
Normal: -0 -0.953531 0.301295
UV: 0.682985 0.295875

Position: -1.35413 0.861435 -1.59089
Normal: -0 -0.961866 -0.273522
UV: 0.682985 0.295875

Position: -1.04679 0.953844 -1.91585
Normal: -0 -0.961866 -0.273522
UV: 0.682985 0.295875

Position: -1.35413 0.953844 -1.91585
Normal: -0 -0.961866 -0.273522
UV: 0.682985 0.295875

Position: -1.04679 0.861435 -1.59089
Normal: -0 -0.961866 -0.273522
UV: 0.682985 0.295875

Position: -1.04679 0.628812 -1.41214
Normal: -0 -0.609304 -0.792937
UV: 0.682985 0.295875

Position: -1.35413 0.861435 -1.59089
Normal: -0 -0.609304 -0.792937
UV: 0.682985 0.295875

Position: -1.35413 0.628812 -1.41214
Normal: -0 -0.609304 -0.792937
UV: 0.682985 0.295875

Position: -1.04679 0.861435 -1.59089
Normal: -0 -0.609304 -0.792937
UV: 0.682985 0.295875

Position: -1.03467 0.429077 2.58476
Normal: -0.999884 -0.0111468 0.010428
UV: 0.682985 0.295875

Position: -1.05445 0.429077 1.63644
Normal: -0.999884 -0.0111468 0.010428
UV: 0.682985 0.295875

Position: -1.04679 0.628812 2.58457
Normal: -0.999955 -0.00696927 0.00651983
UV: 0.682985 0.295875

Position: -1.04679 0.628812 1.63644
Normal: -0.999952 -0.00716017 0.00669842
UV: 0.682985 0.295875

Position: -1.04679 0.861435 1.8164
Normal: -1 -7.88916e-008 0
UV: 0.682985 0.295875

Position: -1.04679 0.861435 2.4295
Normal: -1 -6.96729e-008 0
UV: 0.682985 0.295875

Position: -1.04679 0.969414 2.0965
Normal: -1 -2.70108e-006 0
UV: 0.682985 0.295875

Position: -1.04806 0.429077 -1.41214
Normal: -0.999749 -0.0216138 -0.00587259
UV: 0.682985 0.295875

Position: -1.04679 0.628812 -2.36332
Normal: -0.999902 -0.0135025 -0.00366871
UV: 0.682985 0.295875

Position: -1.04679 0.628812 -1.41214
Normal: -0.999897 -0.0138591 -0.00376559
UV: 0.682985 0.295875

Position: -1.03688 0.429077 -2.36332
Normal: -0.999749 -0.0216138 -0.00587259
UV: 0.682985 0.295875

Position: -1.04679 0.861435 -1.59089
Normal: -1 -5.98288e-008 0
UV: 0.682985 0.295875

Position: -1.04679 0.861435 -2.2083
Normal: -1 -6.79733e-008 0
UV: 0.682985 0.295875

Position: -1.04679 0.953844 -1.91585
Normal: -1 -3.13409e-006 0
UV: 0.682985 0.295875

Position: -1.35413 1.55999 -2.842
Normal: -0 0.935676 -0.352861
UV: 0.787223 0.375499

Position: 1.35413 1.55999 -2.842
Normal: -0 0.935676 -0.352861
UV: 0.787223 0.375499

Position: 1.35413 2.92739 2.96869
Normal: -0 0 1
UV: 0.71863 0.745877

Position: -1.35413 2.92739 2.96869
Normal: -0 0 1
UV: 0.71863 0.745877

Position: -1.67119 2.22224 -2.07014
Normal: -0 0.813098 -0.582127
UV: 0.761753 0.36638

Position: -1.45498 2.22224 -2.07014
Normal: -0 0.813098 -0.582127
UV: 0.784576 0.36638

Position: -1.71845 2.31096 -1.94622
Normal: -0 0.813098 -0.582127
UV: 0.756765 0.382467

Position: -1.40772 2.31096 -1.94622
Normal: -0 0.813098 -0.582127
UV: 0.789566 0.382467

Position: -1.45498 1.81637 -2.07014
Normal: -0 0 -1
UV: 0.774461 0.299826

Position: -1.67119 2.22224 -2.07014
Normal: -0 0 -1
UV: 0.777783 0.301596

Position: -1.67119 1.81637 -2.07014
Normal: -0 0 -1
UV: 0.774461 0.301596

Position: -1.45498 2.22224 -2.07014
Normal: -0 0 -1
UV: 0.777783 0.299826

Position: -1.40772 1.72765 -1.94622
Normal: -0 -0.813098 -0.582127
UV: 0.661471 0.313294

Position: -1.67119 1.81637 -2.07014
Normal: -0 -0.813098 -0.582127
UV: 0.698248 0.29202

Position: -1.71845 1.72765 -1.94622
Normal: -0 -0.813098 -0.582127
UV: 0.704845 0.313293

Position: -1.45498 1.81637 -2.07014
Normal: -0 -0.813098 -0.582127
UV: 0.668066 0.29202

Position: -1.40772 2.31096 -1.94622
Normal: -0 0 1
UV: 0.538726 0.295472

Position: -1.71845 1.72765 -1.94622
Normal: -0 0 1
UV: 0.525236 0.26235

Position: -1.71845 2.31096 -1.94622
Normal: -0 0 1
UV: 0.538726 0.26235

Position: -1.40772 1.72765 -1.94622
Normal: -0 0 1
UV: 0.525236 0.295472

Position: -1.45498 1.81637 -2.07014
Normal: 0.934353 0 -0.35635
UV: 0.779959 0.298966

Position: -1.40772 2.31096 -1.94622
Normal: 0.934353 0 -0.35635
UV: 0.784008 0.29788

Position: -1.45498 2.22224 -2.07014
Normal: 0.934353 0 -0.35635
UV: 0.783281 0.298966

Position: -1.40772 1.72765 -1.94622
Normal: 0.934353 0 -0.35635
UV: 0.779233 0.29788

Position: -1.67119 2.22224 -2.07014
Normal: -0.934353 0 -0.35635
UV: 0.779952 0.298966

Position: -1.71845 1.72765 -1.94622
Normal: -0.934353 0 -0.35635
UV: 0.784001 0.29788

Position: -1.67119 1.81637 -2.07014
Normal: -0.934353 0 -0.35635
UV: 0.783275 0.298966

Position: -1.71845 2.31096 -1.94622
Normal: -0.934353 0 -0.35635
UV: 0.779226 0.29788

Position: 1.45498 2.22224 -2.07014
Normal: -0 0.813098 -0.582127
UV: 0.784576 0.36638

Position: 1.71845 2.31096 -1.94622
Normal: -0 0.813098 -0.582127
UV: 0.756765 0.382467

Position: 1.40772 2.31096 -1.94622
Normal: -0 0.813098 -0.582127
UV: 0.789566 0.382467

Position: 1.67119 2.22224 -2.07014
Normal: -0 0.813098 -0.582127
UV: 0.761753 0.36638

Position: 1.67119 1.81637 -2.07014
Normal: -0 0 -1
UV: 0.774461 0.301596

Position: 1.67119 2.22224 -2.07014
Normal: -0 0 -1
UV: 0.777783 0.301596

Position: 1.45498 1.81637 -2.07014
Normal: -0 0 -1
UV: 0.774461 0.299826

Position: 1.45498 2.22224 -2.07014
Normal: -0 0 -1
UV: 0.777783 0.299826

Position: 1.40772 1.72765 -1.94622
Normal: -0 -0.813098 -0.582127
UV: 0.661471 0.313294

Position: 1.71845 1.72765 -1.94622
Normal: -0 -0.813098 -0.582127
UV: 0.704845 0.313293

Position: 1.67119 1.81637 -2.07014
Normal: -0 -0.813098 -0.582127
UV: 0.698248 0.29202

Position: 1.45498 1.81637 -2.07014
Normal: -0 -0.813098 -0.582127
UV: 0.668066 0.29202

Position: 1.71845 2.31096 -1.94622
Normal: -0 0 1
UV: 0.538726 0.26235

Position: 1.71845 1.72765 -1.94622
Normal: -0 0 1
UV: 0.525236 0.26235

Position: 1.40772 2.31096 -1.94622
Normal: -0 0 1
UV: 0.538726 0.295472

Position: 1.40772 1.72765 -1.94622
Normal: -0 0 1
UV: 0.525236 0.295472

Position: 1.40772 2.31096 -1.94622
Normal: -0.934352 0 -0.356351
UV: 0.784008 0.29788

Position: 1.40772 1.72765 -1.94622
Normal: -0.934352 0 -0.356351
UV: 0.779233 0.29788

Position: 1.45498 1.81637 -2.07014
Normal: -0.934352 0 -0.356351
UV: 0.779959 0.298966

Position: 1.45498 2.22224 -2.07014
Normal: -0.934352 0 -0.356351
UV: 0.783281 0.298966

Position: 1.67119 2.22224 -2.07014
Normal: 0.934352 0 -0.356351
UV: 0.779952 0.298966

Position: 1.71845 1.72765 -1.94622
Normal: 0.934352 0 -0.356351
UV: 0.784001 0.29788

Position: 1.71845 2.31096 -1.94622
Normal: 0.934352 0 -0.356351
UV: 0.779226 0.29788

Position: 1.67119 1.81637 -2.07014
Normal: 0.934352 0 -0.356351
UV: 0.783275 0.298966

Position: 0.692861 4.03831 1.7406
Normal: 1 0 4.44089e-016
UV: 0.713269 0.208578

Position: 0.692861 3.28403 -0.3838
Normal: 1 0 4.44089e-016
UV: 0.713269 0.208578

Position: 0.692861 3.28403 1.7406
Normal: 1 0 4.44089e-016
UV: 0.713269 0.208578

Position: 0.692861 4.03831 -0.3838
Normal: 1 0 4.44089e-016
UV: 0.713269 0.208578

Position: -0.692863 4.03831 1.7406
Normal: -0 1 0
UV: 0.771874 0.208578

Position: 0.692861 4.03831 -0.3838
Normal: -0 1 0
UV: 0.771874 0.208578

Position: 0.692861 4.03831 1.7406
Normal: -0 1 0
UV: 0.771874 0.208578

Position: -0.692863 4.03831 -0.3838
Normal: -0 1 0
UV: 0.771874 0.208578

Position: -0.692863 3.28403 1.7406
Normal: -1 0 -4.44089e-016
UV: 0.713269 0.208578

Position: -0.692863 4.03831 -0.3838
Normal: -1 0 -4.44089e-016
UV: 0.713269 0.208578

Position: -0.692863 4.03831 1.7406
Normal: -1 0 -4.44089e-016
UV: 0.713269 0.208578

Position: -0.692863 3.28403 -0.3838
Normal: -1 0 -4.44089e-016
UV: 0.713269 0.208578

Position: 0.692861 3.28403 1.7406
Normal: -0 -1 0
UV: 0.65189 0.208578

Position: -0.692863 3.28403 -0.3838
Normal: -0 -1 0
UV: 0.65189 0.208578

Position: -0.692863 3.28403 1.7406
Normal: -0 -1 0
UV: 0.65189 0.208578

Position: 0.692861 3.28403 -0.3838
Normal: -0 -1 0
UV: 0.65189 0.208578

Position: -0.692863 4.03831 1.7406
Normal: -4.44089e-016 0 1
UV: 0.68241 0.208578

Position: 0.692861 4.03831 1.7406
Normal: -4.44089e-016 0 1
UV: 0.68241 0.208578

Position: 0.692861 3.28403 1.7406
Normal: -4.44089e-016 0 1
UV: 0.68241 0.208578

Position: -0.692863 3.28403 1.7406
Normal: -4.44089e-016 0 1
UV: 0.68241 0.208578

Position: -0.692863 3.28403 -0.3838
Normal: 4.44089e-016 0 -1
UV: 0.68241 0.208578

Position: 0.692861 3.28403 -0.3838
Normal: 4.44089e-016 0 -1
UV: 0.68241 0.208578

Position: 0.692861 4.03831 -0.3838
Normal: 4.44089e-016 0 -1
UV: 0.68241 0.208578

Position: -0.692863 4.03831 -0.3838
Normal: 4.44089e-016 0 -1
UV: 0.68241 0.208578

Position: 0.256242 4.14211 2.24151
Normal: 1 0 4.44089e-016
UV: 0.706939 0.242805

Position: 0.256242 3.62962 -0.884709
Normal: 1 0 4.44089e-016
UV: 0.706939 0.242805

Position: 0.256242 3.62962 2.24151
Normal: 1 0 4.44089e-016
UV: 0.706939 0.242805

Position: 0.256242 4.14211 -0.884709
Normal: 1 0 4.44089e-016
UV: 0.706939 0.242805

Position: -0.256244 4.14211 2.24151
Normal: -0 1 0
UV: 0.75711 0.242805

Position: 0.256242 4.14211 -0.884709
Normal: -0 1 0
UV: 0.75711 0.242805

Position: 0.256242 4.14211 2.24151
Normal: -0 1 0
UV: 0.75711 0.242805

Position: -0.256244 4.14211 -0.884709
Normal: -0 1 0
UV: 0.75711 0.242805

Position: -0.256244 3.62962 2.24151
Normal: -1 0 -4.44089e-016
UV: 0.706939 0.242805

Position: -0.256244 4.14211 -0.884709
Normal: -1 0 -4.44089e-016
UV: 0.706939 0.242805

Position: -0.256244 4.14211 2.24151
Normal: -1 0 -4.44089e-016
UV: 0.706939 0.242805

Position: -0.256244 3.62962 -0.884709
Normal: -1 0 -4.44089e-016
UV: 0.706939 0.242805

Position: 0.256242 3.62962 2.24151
Normal: -0 -1 0
UV: 0.65999 0.242805

Position: -0.256244 3.62962 -0.884709
Normal: -0 -1 0
UV: 0.65999 0.242805

Position: -0.256244 3.62962 2.24151
Normal: -0 -1 0
UV: 0.65999 0.242805

Position: 0.256242 3.62962 -0.884709
Normal: -0 -1 0
UV: 0.65999 0.242805

Position: -0.256244 4.14211 2.24151
Normal: -4.44089e-016 0 1
UV: 0.678538 0.242805

Position: 0.256242 4.14211 2.24151
Normal: -4.44089e-016 0 1
UV: 0.678538 0.242805

Position: 0.256242 3.62962 2.24151
Normal: -4.44089e-016 0 1
UV: 0.678538 0.242805

Position: -0.256244 3.62962 2.24151
Normal: -4.44089e-016 0 1
UV: 0.678538 0.242805

Position: 0.256242 3.62962 -0.884709
Normal: 4.44089e-016 0 -1
UV: 0.678538 0.242805

Position: 0.256242 4.14211 -0.884709
Normal: 4.44089e-016 0 -1
UV: 0.678538 0.242805

Position: -0.256244 3.62962 -0.884709
Normal: 4.44089e-016 0 -1
UV: 0.678538 0.242805

Position: -0.256244 4.14211 -0.884709
Normal: 4.44089e-016 0 -1
UV: 0.678538 0.242805

Position: 0.110867 4.31351 1.8984
Normal: 1 0 4.44089e-016
UV: 0.727731 0.226239

Position: 0.110867 4.14198 -0.541596
Normal: 1 0 4.44089e-016
UV: 0.727731 0.226239

Position: 0.110867 4.14198 1.8984
Normal: 1 0 4.44089e-016
UV: 0.727731 0.226239

Position: 0.110867 4.31351 -0.541596
Normal: 1 0 4.44089e-016
UV: 0.727731 0.226239

Position: -0.11087 4.31351 1.8984
Normal: -0 1 0
UV: 0.765809 0.226239

Position: 0.110867 4.31351 -0.541596
Normal: -0 1 0
UV: 0.765809 0.226239

Position: 0.110867 4.31351 1.8984
Normal: -0 1 0
UV: 0.765809 0.226239

Position: -0.11087 4.31351 -0.541596
Normal: -0 1 0
UV: 0.765809 0.226239

Position: -0.11087 4.14198 1.8984
Normal: -1 0 -4.44089e-016
UV: 0.727731 0.226239

Position: -0.11087 4.31351 -0.541596
Normal: -1 0 -4.44089e-016
UV: 0.727731 0.226239

Position: -0.11087 4.31351 1.8984
Normal: -1 0 -4.44089e-016
UV: 0.727731 0.226239

Position: -0.11087 4.14198 -0.541596
Normal: -1 0 -4.44089e-016
UV: 0.727731 0.226239

Position: -0.11087 4.31351 1.8984
Normal: -4.44089e-016 0 1
UV: 0.689626 0.226239

Position: 0.110867 4.31351 1.8984
Normal: -4.44089e-016 0 1
UV: 0.689626 0.226239

Position: 0.110867 4.14198 1.8984
Normal: -4.44089e-016 0 1
UV: 0.689626 0.226239

Position: -0.11087 4.14198 1.8984
Normal: -4.44089e-016 0 1
UV: 0.689626 0.226239

Position: 0.110867 4.14198 -0.541596
Normal: 4.44089e-016 0 -1
UV: 0.689626 0.226239

Position: 0.110867 4.31351 -0.541596
Normal: 4.44089e-016 0 -1
UV: 0.689626 0.226239

Position: -0.11087 4.14198 -0.541596
Normal: 4.44089e-016 0 -1
UV: 0.689626 0.226239

Position: -0.11087 4.31351 -0.541596
Normal: 4.44089e-016 0 -1
UV: 0.689626 0.226239

Position: 1.65452 2.80641 2.56238
Normal: 8.74653e-007 5.24778e-007 1
UV: 0.0187648 0.52064

Position: 1.35453 2.69732 2.56238
Normal: 8.74653e-007 5.24778e-007 1
UV: 0.0187648 0.52064

Position: 1.35453 3.04255 2.56238
Normal: 8.74653e-007 5.24778e-007 1
UV: 0.0187648 0.52064

Position: 1.65452 2.69732 2.56238
Normal: 8.74653e-007 5.24778e-007 1
UV: 0.0187648 0.52064

Position: 1.35453 3.04255 0.262954
Normal: 0.618514 0.785774 0
UV: 0.274635 0.49799

Position: 1.65452 2.80641 2.56238
Normal: 0.618514 0.785774 0
UV: 0.0187648 0.49799

Position: 1.35453 3.04255 2.56238
Normal: 0.618514 0.785774 0
UV: 0.0187648 0.49799

Position: 1.65452 2.80641 0.262954
Normal: 0.618514 0.785774 0
UV: 0.274635 0.49799

Position: 1.35453 2.69732 0.262954
Normal: -0 0 -1
UV: 0.274635 0.52064

Position: 1.65452 2.80641 0.262954
Normal: -0 0 -1
UV: 0.274635 0.52064

Position: 1.35453 3.04255 0.262954
Normal: -0 0 -1
UV: 0.274635 0.52064

Position: 1.65452 2.69732 0.262954
Normal: -0 0 -1
UV: 0.274635 0.52064

Position: 1.65452 2.69732 2.56238
Normal: -0 -1 0
UV: 0.0187648 0.531688

Position: 1.35453 2.69732 0.262954
Normal: -0 -1 0
UV: 0.274635 0.531688

Position: 1.35453 2.69732 2.56238
Normal: -0 -1 0
UV: 0.0187648 0.531688

Position: 1.65452 2.69732 0.262954
Normal: -0 -1 0
UV: 0.274635 0.531688

Position: 1.35453 3.04255 2.56238
Normal: -1 -4.94201e-007 0
UV: 0.0187648 0.49799

Position: 1.35453 2.69732 0.262954
Normal: -1 -4.94201e-007 0
UV: 0.274635 0.49799

Position: 1.35453 3.04255 0.262954
Normal: -1 -4.94201e-007 0
UV: 0.274635 0.49799

Position: 1.35453 2.69732 2.56238
Normal: -1 -4.94201e-007 0
UV: 0.0187648 0.49799

Position: 1.65452 2.80641 2.56238
Normal: 1 0 0
UV: 0.0187648 0.519441

Position: 1.65452 2.69732 0.262954
Normal: 1 0 0
UV: 0.274635 0.519441

Position: 1.65452 2.69732 2.56238
Normal: 1 0 0
UV: 0.0187648 0.519441

Position: 1.65452 2.80641 0.262954
Normal: 1 0 0
UV: 0.274635 0.519441

Position: -1.65452 2.80641 2.56238
Normal: -0 5.24777e-007 1
UV: 0.0187648 0.52064

Position: -1.35453 2.69732 2.56238
Normal: -0 5.24777e-007 1
UV: 0.0187648 0.52064

Position: -1.65452 2.69732 2.56238
Normal: -0 5.24777e-007 1
UV: 0.0187648 0.52064

Position: -1.35453 3.04255 2.56238
Normal: -0 5.24777e-007 1
UV: 0.0187648 0.52064

Position: -1.35453 3.04255 0.262954
Normal: -0.618514 0.785774 0
UV: 0.274635 0.49799

Position: -1.35453 3.04255 2.56238
Normal: -0.618514 0.785774 0
UV: 0.0187648 0.49799

Position: -1.65452 2.80641 2.56238
Normal: -0.618514 0.785774 0
UV: 0.0187648 0.49799

Position: -1.65452 2.80641 0.262954
Normal: -0.618514 0.785774 0
UV: 0.274635 0.49799

Position: -1.35453 2.69732 0.262954
Normal: 5.46658e-008 0 -1
UV: 0.274635 0.52064

Position: -1.65452 2.80641 0.262954
Normal: 5.46658e-008 0 -1
UV: 0.274635 0.52064

Position: -1.65452 2.69732 0.262954
Normal: 5.46658e-008 0 -1
UV: 0.274635 0.52064

Position: -1.35453 3.04255 0.262954
Normal: 5.46658e-008 0 -1
UV: 0.274635 0.52064

Position: -1.65452 2.69732 2.56238
Normal: -0 -1 0
UV: 0.0187648 0.531688

Position: -1.35453 2.69732 0.262954
Normal: -0 -1 0
UV: 0.274635 0.531688

Position: -1.65452 2.69732 0.262954
Normal: -0 -1 0
UV: 0.274635 0.531688

Position: -1.35453 2.69732 2.56238
Normal: -0 -1 0
UV: 0.0187648 0.531688

Position: -1.35453 3.04255 2.56238
Normal: 1 0 0
UV: 0.0187648 0.49799

Position: -1.35453 2.69732 0.262954
Normal: 1 0 0
UV: 0.274635 0.49799

Position: -1.35453 2.69732 2.56238
Normal: 1 0 0
UV: 0.0187648 0.49799

Position: -1.35453 3.04255 0.262954
Normal: 1 0 0
UV: 0.274635 0.49799

Position: -1.65452 2.69732 2.56238
Normal: -1 0 0
UV: 0.0187648 0.519441

Position: -1.65452 2.69732 0.262954
Normal: -1 0 0
UV: 0.274635 0.519441

Position: -1.65452 2.80641 2.56238
Normal: -1 0 0
UV: 0.0187648 0.519441

Position: -1.65452 2.80641 0.262954
Normal: -1 0 0
UV: 0.274635 0.519441


[INDEX_DATA]
0 2 1
3 5 4
3 6 5
7 9 8
10 8 9
11 13 12
14 16 15
15 17 14
18 20 19
18 21 20
22 24 23
25 27 26
26 28 25
29 31 30
31 29 32
33 35 34
35 36 34
37 39 38
38 40 37
41 43 42
42 44 41
45 47 46
46 48 45
49 48 46
48 49 50
51 53 52
51 54 53
55 57 56
56 58 55
59 61 60
60 62 59
63 65 64
66 64 65
67 68 47
67 47 45
69 71 70
69 72 71
73 74 24
75 73 24
58 56 76
58 76 77
0 58 77
77 78 0
67 0 78
78 79 67
80 82 81
83 80 81
84 85 82
82 86 84
87 89 88
88 90 87
30 31 88
88 89 30
91 92 76
76 56 91
93 95 94
96 94 95
97 99 98
2 49 100
101 103 102
47 68 104
105 107 106
8 108 7
7 108 109
110 112 111
111 113 110
50 49 2
2 0 114
114 50 2
115 117 116
118 116 117
119 121 120
121 122 120
11 80 13
13 80 83
84 86 123
34 36 124
36 125 124
126 128 127
129 127 128
130 132 131
131 133 130
24 74 23
23 74 134
135 137 136
136 137 107
136 107 138
138 139 136
107 105 138
130 133 140
140 141 130
142 144 143
144 142 75
145 73 75
75 142 145
73 145 146
146 147 73
139 138 67
67 79 139
148 150 149
148 151 150
152 154 153
153 155 152
156 158 157
156 159 158
160 162 161
161 163 160
164 166 165
164 167 166
168 170 169
168 171 170
172 174 173
173 175 172
176 178 177
176 179 178
180 182 181
180 183 182
184 186 185
184 187 186
188 190 189
189 191 188
192 194 193
192 195 194
196 198 197
198 196 199
198 199 200
200 201 198
201 200 202
203 205 204
204 206 203
204 207 206
204 208 207
207 208 209
140 79 78
78 141 140
67 45 0
0 45 114
210 212 211
213 215 214
214 216 213
217 219 218
217 220 219
221 223 222
17 15 224
225 224 15
21 18 226
227 226 18
228 229 24
28 26 230
231 230 26
30 233 232
234 232 233
124 236 235
124 125 236
237 239 238
238 240 237
241 243 242
242 244 241
245 241 244
245 244 246
247 249 248
248 250 247
251 253 252
252 254 251
255 257 256
256 257 258
259 261 260
259 262 261
242 243 263
264 263 243
265 267 266
266 268 265
269 270 24
24 270 75
253 272 271
253 271 252
210 273 272
272 253 210
273 210 263
263 274 273
83 81 275
276 275 81
277 276 85
277 278 276
279 281 280
280 89 279
280 233 30
30 89 280
282 252 271
271 283 282
211 284 245
243 285 264
286 288 287
219 220 289
220 290 289
111 292 291
291 113 111
246 211 245
211 246 293
293 210 211
117 295 294
117 115 295
296 298 297
297 298 299
275 222 83
275 221 222
277 300 278
235 35 33
235 236 35
301 303 302
302 304 301
24 229 269
229 305 269
306 308 307
307 287 306
307 310 309
287 307 309
309 286 287
301 312 311
311 303 301
313 315 314
75 313 314
316 75 270
75 316 313
270 318 317
317 316 270
263 309 310
310 274 263
319 321 320
320 322 319
323 325 324
324 326 323
327 329 328
328 330 327
331 333 332
332 334 331
335 337 336
336 338 335
339 341 340
340 342 339
343 345 344
344 346 343
347 349 348
348 350 347
351 353 352
352 354 351
355 357 356
356 358 355
359 361 360
360 362 359
363 365 364
364 366 363
367 369 368
369 370 368
369 372 371
371 370 369
372 373 371
374 376 375
375 377 374
376 378 375
378 379 375
378 380 379
273 274 311
311 312 273
263 210 242
210 293 242
101 381 103
101 102 382
97 98 383
99 384 98
385 387 386
388 386 387
389 391 390
390 392 389
393 395 394
394 396 393
397 399 398
398 400 397
401 403 402
404 401 402
405 407 406
408 405 406
409 411 410
410 412 409
413 415 414
415 416 414
417 419 418
417 420 419
421 423 422
423 424 422
425 427 426
425 428 427
429 431 430
430 432 429
433 435 434
434 436 433
437 439 438
438 440 437
441 443 442
442 444 441
445 447 446
446 448 445
449 451 450
449 452 451
453 455 454
453 456 455
457 459 458
458 460 457
461 463 462
462 464 461
465 467 466
466 468 465
469 471 470
470 472 469
473 475 474
473 476 475
477 479 478
479 480 478
481 483 482
482 484 481
485 487 486
486 488 485
489 491 490
490 492 489
493 495 494
493 496 495
497 499 498
499 500 498
501 503 502
502 504 501
505 507 506
506 508 505
509 511 510
509 510 512
513 515 514
514 516 513
517 519 518
518 520 517
521 523 522
522 524 521
525 527 526
526 528 525
529 531 530
531 529 532
533 535 534
533 534 536
537 539 538
538 540 537
541 543 542
542 544 541
545 547 546
547 548 546

[MESH_DATA]
VertexCount: 53
IndexCount: 138
BoneCount: 0
AnimationClips: 1

[VERTEX_DATA]
Position: -1.25382 0.6453 -2.26404
Normal: -0 0.500006 -0.866022
UV: 0.651562 0.0255609

Position: -1.42874 0.802764 -2.10658
Normal: -0 0.866022 -0.500005
UV: 0.65029 0.0309091

Position: -1.42874 0.6453 -2.26404
Normal: -0 0.500006 -0.866022
UV: 0.651562 0.0309092

Position: -1.25382 0.802764 -2.10658
Normal: -0 0.866022 -0.500005
UV: 0.65029 0.0255614

Position: -1.25382 0.4302 -2.32168
Normal: -0 0 -1
UV: 0.652833 0.0255607

Position: -1.42874 0.4302 -2.32168
Normal: -0 0 -1
UV: 0.652833 0.0309083

Position: -1.25382 0.2151 -2.26404
Normal: -0 -0.500006 -0.866022
UV: 0.654105 0.0255598

Position: -1.42874 0.2151 -2.26404
Normal: -0 -0.500006 -0.866022
UV: 0.654105 0.0309079

Position: -1.25382 0.0576359 -2.10658
Normal: -0 -0.866022 -0.500005
UV: 0.655376 0.0255591

Position: -1.42874 0.0576359 -2.10658
Normal: -0 -0.866022 -0.500005
UV: 0.655376 0.0309075

Position: -1.25382 0 -1.89148
Normal: -0 -1 0
UV: 0.656647 0.0255598

Position: -1.42874 0 -1.89148
Normal: -0 -1 0
UV: 0.656647 0.0309072

Position: -1.25382 0.0576359 -1.67638
Normal: -0 -0.866027 0.499998
UV: 0.657918 0.0255607

Position: -1.42874 0.0576359 -1.67638
Normal: -0 -0.866027 0.499998
UV: 0.657919 0.0309079

Position: -1.25382 0.2151 -1.51891
Normal: -0 -0.500006 0.866022
UV: 0.651566 0.0257135

Position: -1.42874 0.0576359 -1.67638
Normal: -0 -0.866027 0.499998
UV: 0.650295 0.0310609

Position: -1.42874 0.2151 -1.51891
Normal: -0 -0.500006 0.866022
UV: 0.651567 0.0310607

Position: -1.25382 0.0576359 -1.67638
Normal: -0 -0.866027 0.499998
UV: 0.650295 0.0257135

Position: -1.25382 0.4302 -1.46127
Normal: -0 0 1
UV: 0.652838 0.0257124

Position: -1.42874 0.4302 -1.46127
Normal: -0 0 1
UV: 0.652838 0.0310596

Position: -1.25382 0.6453 -1.51891
Normal: -0 0.500006 0.866022
UV: 0.654109 0.0257114

Position: -1.42874 0.6453 -1.51891
Normal: -0 0.500006 0.866022
UV: 0.654109 0.0310591

Position: -1.25382 0.802764 -1.67638
Normal: -0 0.866027 0.499998
UV: 0.65538 0.0257114

Position: -1.42874 0.802764 -1.67638
Normal: -0 0.866027 0.499998
UV: 0.655381 0.0310596

Position: -1.25382 0.8604 -1.89148
Normal: -0 1 -1.57581e-008
UV: 0.656652 0.0257108

Position: -1.42874 0.8604 -1.89148
Normal: -0 1 -1.57581e-008
UV: 0.656652 0.031058

Position: -1.25382 0.802764 -2.10658
Normal: -0 0.866022 -0.500005
UV: 0.657923 0.0257105

Position: -1.42874 0.802764 -2.10658
Normal: -0 0.866022 -0.500005
UV: 0.657923 0.0310586

Position: -1.42874 0.6453 -2.26404
Normal: -1 0 0
UV: 0.571499 0.344896

Position: -1.42874 0.802764 -2.10658
Normal: -1 0 0
UV: 0.600145 0.316238

Position: -1.42874 0.4302 -1.89148
Normal: -1 0 0
UV: 0.532358 0.27712

Position: -1.42874 0.4302 -2.32168
Normal: -1 0 0
UV: 0.532362 0.355384

Position: -1.42874 0.2151 -2.26404
Normal: -1 0 0
UV: 0.493218 0.344893

Position: -1.42874 0.0576359 -2.10658
Normal: -1 0 0
UV: 0.464571 0.316241

Position: -1.42874 0 -1.89148
Normal: -1 0 0
UV: 0.45409 0.2771

Position: -1.42874 0.0576359 -1.67638
Normal: -1 0 0
UV: 0.464585 0.237978

Position: -1.42874 0.2151 -1.51891
Normal: -1 0 0
UV: 0.493229 0.209339

Position: -1.42874 0.4302 -1.46127
Normal: -1 0 0
UV: 0.532358 0.198854

Position: -1.42874 0.6453 -1.51891
Normal: -1 0 0
UV: 0.571487 0.209339

Position: -1.42874 0.802764 -1.67638
Normal: -1 0 0
UV: 0.60013 0.237978

Position: -1.42874 0.8604 -1.89148
Normal: -1 0 0
UV: 0.610624 0.277101

Position: -1.25382 0.6453 -2.26404
Normal: 1 1.202e-006 0
UV: 0.570206 0.209652

Position: -1.25382 0.4302 -2.32168
Normal: 1 4.69696e-008 0
UV: 0.531421 0.199259

Position: -1.25382 0.802764 -2.10658
Normal: 1 8.05153e-008 0
UV: 0.598598 0.238045

Position: -1.25382 0.2151 -2.26404
Normal: 1 0 0
UV: 0.492636 0.209652

Position: -1.25382 0.0576359 -2.10658
Normal: 1 0 0
UV: 0.464244 0.238045

Position: -1.25382 0 -1.89148
Normal: 1 2.04179e-007 0
UV: 0.453852 0.276828

Position: -1.25382 0.0576359 -1.67638
Normal: 1 1.61031e-007 0
UV: 0.464244 0.315614

Position: -1.25382 0.2151 -1.51891
Normal: 1 0 0
UV: 0.492636 0.344006

Position: -1.25382 0.4302 -1.46127
Normal: 1 0 0
UV: 0.531421 0.354399

Position: -1.25382 0.6453 -1.51891
Normal: 1 0 0
UV: 0.570206 0.344006

Position: -1.25382 0.802764 -1.67638
Normal: 1 0 0
UV: 0.598598 0.315614

Position: -1.25382 0.8604 -1.89148
Normal: 1 0 0
UV: 0.608991 0.276828


[INDEX_DATA]
0 2 1
1 3 0
4 5 2
2 0 4
6 7 5
5 4 6
8 9 7
7 6 8
10 11 9
9 8 10
12 13 11
11 10 12
14 16 15
15 17 14
18 19 16
16 14 18
20 21 19
19 18 20
22 23 21
21 20 22
22 24 23
23 24 25
24 26 25
25 26 27
28 30 29
31 30 28
32 30 31
33 30 32
34 30 33
35 30 34
36 30 35
37 30 36
38 30 37
39 30 38
40 30 39
29 30 40
41 43 42
42 43 44
44 43 45
45 43 46
46 43 47
47 43 48
48 43 49
49 43 50
50 43 51
51 43 52

[MESH_DATA]
VertexCount: 53
IndexCount: 138
BoneCount: 4291647799
AnimationClips: 1

[VERTEX_DATA]
Position: -1.25382 0.6453 1.74345
Normal: -0 0.500006 -0.866022
UV: 0.651562 0.0255609

Position: -1.42874 0.802764 1.90091
Normal: -0 0.866027 -0.499998
UV: 0.65029 0.0309091

Position: -1.42874 0.6453 1.74345
Normal: -0 0.500006 -0.866022
UV: 0.651562 0.0309092

Position: -1.25382 0.802764 1.90091
Normal: -0 0.866027 -0.499998
UV: 0.65029 0.0255614

Position: -1.25382 0.4302 1.68581
Normal: -0 0 -1
UV: 0.652833 0.0255607

Position: -1.42874 0.4302 1.68581
Normal: -0 0 -1
UV: 0.652833 0.0309083

Position: -1.25382 0.2151 1.74345
Normal: -0 -0.500006 -0.866022
UV: 0.654105 0.0255598

Position: -1.42874 0.2151 1.74345
Normal: -0 -0.500006 -0.866022
UV: 0.654105 0.0309079

Position: -1.25382 0.0576359 1.90091
Normal: -0 -0.866027 -0.499998
UV: 0.655376 0.0255591

Position: -1.42874 0.0576359 1.90091
Normal: -0 -0.866027 -0.499998
UV: 0.655376 0.0309075

Position: -1.25382 0 2.11601
Normal: -0 -1 0
UV: 0.656647 0.0255598

Position: -1.42874 0 2.11601
Normal: -0 -1 0
UV: 0.656647 0.0309072

Position: -1.25382 0.0576359 2.3311
Normal: -0 -0.866022 0.500006
UV: 0.657918 0.0255607

Position: -1.42874 0.0576359 2.3311
Normal: -0 -0.866022 0.500006
UV: 0.657919 0.0309079

Position: -1.25382 0.2151 2.48857
Normal: -0 -0.500019 0.866015
UV: 0.651566 0.0257135

Position: -1.42874 0.0576359 2.3311
Normal: -0 -0.866022 0.500006
UV: 0.650295 0.0310609

Position: -1.42874 0.2151 2.48857
Normal: -0 -0.500019 0.866015
UV: 0.651567 0.0310607

Position: -1.25382 0.0576359 2.3311
Normal: -0 -0.866022 0.500006
UV: 0.650295 0.0257135

Position: -1.25382 0.4302 2.54621
Normal: -0 0 1
UV: 0.652838 0.0257124

Position: -1.42874 0.4302 2.54621
Normal: -0 0 1
UV: 0.652838 0.0310596

Position: -1.25382 0.6453 2.48857
Normal: -0 0.500019 0.866015
UV: 0.654109 0.0257114

Position: -1.42874 0.6453 2.48857
Normal: -0 0.500019 0.866015
UV: 0.654109 0.0310591

Position: -1.25382 0.802764 2.3311
Normal: -0 0.866022 0.500006
UV: 0.65538 0.0257114

Position: -1.42874 0.802764 2.3311
Normal: -0 0.866022 0.500006
UV: 0.655381 0.0310596

Position: -1.25382 0.8604 2.11601
Normal: -0 1 1.57584e-008
UV: 0.656652 0.0257108

Position: -1.42874 0.8604 2.11601
Normal: -0 1 1.57584e-008
UV: 0.656652 0.031058

Position: -1.25382 0.802764 1.90091
Normal: -0 0.866027 -0.499998
UV: 0.657923 0.0257105

Position: -1.42874 0.802764 1.90091
Normal: -0 0.866027 -0.499998
UV: 0.657923 0.0310586

Position: -1.42874 0.6453 1.74345
Normal: -1 0 0
UV: 0.571499 0.344896

Position: -1.42874 0.802764 1.90091
Normal: -1 0 0
UV: 0.600145 0.316238

Position: -1.42874 0.4302 2.11601
Normal: -1 -5.36791e-008 0
UV: 0.532358 0.27712

Position: -1.42874 0.4302 1.68581
Normal: -1 0 0
UV: 0.532362 0.355384

Position: -1.42874 0.2151 1.74345
Normal: -1 0 0
UV: 0.493218 0.344893

Position: -1.42874 0.0576359 1.90091
Normal: -1 0 0
UV: 0.464571 0.316241

Position: -1.42874 0 2.11601
Normal: -1 0 0
UV: 0.45409 0.2771

Position: -1.42874 0.0576359 2.3311
Normal: -1 -6.44131e-007 0
UV: 0.464585 0.237978

Position: -1.42874 0.2151 2.48857
Normal: -1 -6.44117e-007 0
UV: 0.493229 0.209339

Position: -1.42874 0.4302 2.54621
Normal: -1 0 0
UV: 0.532358 0.198854

Position: -1.42874 0.6453 2.48857
Normal: -1 3.22058e-007 0
UV: 0.571487 0.209339

Position: -1.42874 0.802764 2.3311
Normal: -1 3.22065e-007 0
UV: 0.60013 0.237978

Position: -1.42874 0.8604 2.11601
Normal: -1 0 0
UV: 0.610624 0.277101

Position: -1.25382 0.6453 1.74345
Normal: 1 1.202e-006 0
UV: 0.570449 0.210424

Position: -1.25382 0.4302 1.68581
Normal: 1 4.69694e-008 0
UV: 0.531664 0.200032

Position: -1.25382 0.802764 1.90091
Normal: 1 -6.47203e-008 0
UV: 0.598841 0.238816

Position: -1.25382 0.2151 1.74345
Normal: 1 0 0
UV: 0.492879 0.210424

Position: -1.25382 0.0576359 1.90091
Normal: 1 0 0
UV: 0.464487 0.238816

Position: -1.25382 0 2.11601
Normal: 1 0 0
UV: 0.454094 0.277602

Position: -1.25382 0.0576359 2.3311
Normal: 1 3.22065e-007 0
UV: 0.464487 0.316385

Position: -1.25382 0.2151 2.48857
Normal: 1 4.04037e-007 0
UV: 0.492879 0.344778

Position: -1.25382 0.8604 2.11601
Normal: 1 -3.58035e-007 0
UV: 0.609233 0.277602

Position: -1.25382 0.4302 2.54621
Normal: 1 0 0
UV: 0.531664 0.355171

Position: -1.25382 0.6453 2.48857
Normal: 1 -9.3938e-008 0
UV: 0.570449 0.344778

Position: -1.25382 0.802764 2.3311
Normal: 1 -2.40413e-006 0
UV: 0.598841 0.316385


[INDEX_DATA]
0 2 1
1 3 0
4 5 2
2 0 4
6 7 5
5 4 6
8 9 7
7 6 8
10 11 9
9 8 10
12 13 11
11 10 12
14 16 15
15 17 14
18 19 16
16 14 18
20 21 19
19 18 20
20 22 21
21 22 23
22 24 23
23 24 25
24 26 25
25 26 27
28 30 29
31 30 28
32 30 31
33 30 32
34 30 33
35 30 34
36 30 35
37 30 36
38 30 37
39 30 38
40 30 39
29 30 40
41 43 42
42 43 44
44 43 45
45 43 46
46 43 47
47 43 48
43 49 48
48 49 50
50 49 51
51 49 52

[MESH_DATA]
VertexCount: 53
IndexCount: 138
BoneCount: 4291647799
AnimationClips: 1

[VERTEX_DATA]
Position: 1.25382 0.6453 1.74345
Normal: -0 0.500006 -0.866022
UV: 0.651562 0.0255609

Position: 1.42874 0.6453 1.74345
Normal: -0 0.500006 -0.866022
UV: 0.651562 0.0309092

Position: 1.42874 0.802764 1.90091
Normal: -0 0.866027 -0.499998
UV: 0.65029 0.0309091

Position: 1.25382 0.802764 1.90091
Normal: -0 0.866027 -0.499998
UV: 0.65029 0.0255614

Position: 1.25382 0.4302 1.68581
Normal: -0 0 -1
UV: 0.652833 0.0255607

Position: 1.42874 0.4302 1.68581
Normal: -0 0 -1
UV: 0.652833 0.0309083

Position: 1.25382 0.2151 1.74345
Normal: -0 -0.500006 -0.866022
UV: 0.654105 0.0255598

Position: 1.42874 0.2151 1.74345
Normal: -0 -0.500006 -0.866022
UV: 0.654105 0.0309079

Position: 1.25382 0.0576359 1.90091
Normal: -0 -0.866027 -0.499998
UV: 0.655376 0.0255591

Position: 1.42874 0.0576359 1.90091
Normal: -0 -0.866027 -0.499998
UV: 0.655376 0.0309075

Position: 1.25382 0 2.11601
Normal: -0 -1 0
UV: 0.656647 0.0255598

Position: 1.42874 0 2.11601
Normal: -0 -1 0
UV: 0.656647 0.0309072

Position: 1.25382 0.0576359 2.3311
Normal: -0 -0.866022 0.500006
UV: 0.657918 0.0255607

Position: 1.42874 0.0576359 2.3311
Normal: -0 -0.866022 0.500006
UV: 0.657919 0.0309079

Position: 1.25382 0.2151 2.48857
Normal: -0 -0.500019 0.866015
UV: 0.651566 0.0257135

Position: 1.42874 0.2151 2.48857
Normal: -0 -0.500019 0.866015
UV: 0.651567 0.0310607

Position: 1.42874 0.0576359 2.3311
Normal: -0 -0.866022 0.500006
UV: 0.650295 0.0310609

Position: 1.25382 0.0576359 2.3311
Normal: -0 -0.866022 0.500006
UV: 0.650295 0.0257135

Position: 1.25382 0.4302 2.54621
Normal: -0 0 1
UV: 0.652838 0.0257124

Position: 1.42874 0.4302 2.54621
Normal: -0 0 1
UV: 0.652838 0.0310596

Position: 1.25382 0.6453 2.48857
Normal: -0 0.500019 0.866015
UV: 0.654109 0.0257114

Position: 1.42874 0.6453 2.48857
Normal: -0 0.500019 0.866015
UV: 0.654109 0.0310591

Position: 1.25382 0.802764 2.3311
Normal: -0 0.866022 0.500006
UV: 0.65538 0.0257114

Position: 1.42874 0.802764 2.3311
Normal: -0 0.866022 0.500006
UV: 0.655381 0.0310596

Position: 1.25382 0.8604 2.11601
Normal: -0 1 1.57584e-008
UV: 0.656652 0.0257108

Position: 1.42874 0.8604 2.11601
Normal: -0 1 1.57584e-008
UV: 0.656652 0.031058

Position: 1.25382 0.802764 1.90091
Normal: -0 0.866027 -0.499998
UV: 0.657923 0.0257105

Position: 1.42874 0.802764 1.90091
Normal: -0 0.866027 -0.499998
UV: 0.657923 0.0310586

Position: 1.42874 0.6453 1.74345
Normal: 1 8.0513e-008 0
UV: 0.571499 0.344896

Position: 1.42874 0.4302 2.11601
Normal: 1 -4.88834e-014 0
UV: 0.532358 0.27712

Position: 1.42874 0.802764 1.90091
Normal: 1 1.6103e-007 0
UV: 0.600145 0.316238

Position: 1.42874 0.4302 1.68581
Normal: 1 -7.33248e-015 0
UV: 0.532362 0.355384

Position: 1.42874 0.2151 1.74345
Normal: 1 -8.0513e-008 0
UV: 0.493218 0.344893

Position: 1.42874 0.0576359 1.90091
Normal: 1 -1.61031e-007 0
UV: 0.464571 0.316241

Position: 1.42874 0 2.11601
Normal: 1 0 0
UV: 0.45409 0.2771

Position: 1.42874 0.0576359 2.3311
Normal: 1 -3.22065e-007 0
UV: 0.464585 0.237978

Position: 1.42874 0.2151 2.48857
Normal: 1 -2.41542e-007 0
UV: 0.493229 0.209339

Position: 1.42874 0.4302 2.54621
Normal: 1 -7.33261e-015 0
UV: 0.532358 0.198854

Position: 1.42874 0.6453 2.48857
Normal: 1 2.41542e-007 0
UV: 0.571487 0.209339

Position: 1.42874 0.802764 2.3311
Normal: 1 3.22065e-007 0
UV: 0.60013 0.237978

Position: 1.42874 0.8604 2.11601
Normal: 1 0 0
UV: 0.610624 0.277101

Position: 1.25382 0.6453 1.74345
Normal: -1 6.00998e-007 0
UV: 0.570449 0.210424

Position: 1.25382 0.802764 1.90091
Normal: -1 6.47232e-008 0
UV: 0.598841 0.238816

Position: 1.25382 0.4302 1.68581
Normal: -1 -1.87885e-007 0
UV: 0.531664 0.200032

Position: 1.25382 0.2151 1.74345
Normal: -1 -2.77463e-008 0
UV: 0.492879 0.210424

Position: 1.25382 0.0576359 1.90091
Normal: -1 0 0
UV: 0.464487 0.238816

Position: 1.25382 0 2.11601
Normal: -1 0 0
UV: 0.454094 0.277602

Position: 1.25382 0.0576359 2.3311
Normal: -1 2.41549e-007 0
UV: 0.464487 0.316385

Position: 1.25382 0.2151 2.48857
Normal: -1 3.58126e-007 0
UV: 0.492879 0.344778

Position: 1.25382 0.8604 2.11601
Normal: -1 -2.23762e-008 0
UV: 0.609233 0.277602

Position: 1.25382 0.4302 2.54621
Normal: -1 8.32372e-008 0
UV: 0.531664 0.355171

Position: 1.25382 0.6453 2.48857
Normal: -1 -2.58353e-007 0
UV: 0.570449 0.344778

Position: 1.25382 0.802764 2.3311
Normal: -1 -1.20206e-006 0
UV: 0.598841 0.316385


[INDEX_DATA]
0 2 1
0 3 2
4 1 5
4 0 1
6 5 7
6 4 5
8 7 9
8 6 7
10 9 11
10 8 9
12 11 13
12 10 11
14 16 15
14 17 16
18 15 19
18 14 15
20 19 21
20 18 19
20 21 22
21 23 22
22 23 24
23 25 24
24 25 26
25 27 26
28 30 29
31 28 29
32 31 29
33 32 29
34 33 29
35 34 29
36 35 29
37 36 29
38 37 29
39 38 29
40 39 29
30 40 29
41 43 42
43 44 42
44 45 42
45 46 42
46 47 42
47 48 42
42 48 49
48 50 49
50 51 49
51 52 49

[MESH_DATA]
VertexCount: 53
IndexCount: 138
BoneCount: 4291647799
AnimationClips: 1

[VERTEX_DATA]
Position: 1.25382 0.6453 -2.26404
Normal: -0 0.500006 -0.866022
UV: 0.651562 0.0255609

Position: 1.42874 0.6453 -2.26404
Normal: -0 0.500006 -0.866022
UV: 0.651562 0.0309092

Position: 1.42874 0.802764 -2.10658
Normal: -0 0.866022 -0.500005
UV: 0.65029 0.0309091

Position: 1.25382 0.802764 -2.10658
Normal: -0 0.866022 -0.500005
UV: 0.65029 0.0255614

Position: 1.25382 0.4302 -2.32168
Normal: -0 0 -1
UV: 0.652833 0.0255607

Position: 1.42874 0.4302 -2.32168
Normal: -0 0 -1
UV: 0.652833 0.0309083

Position: 1.25382 0.2151 -2.26404
Normal: -0 -0.500006 -0.866022
UV: 0.654105 0.0255598

Position: 1.42874 0.2151 -2.26404
Normal: -0 -0.500006 -0.866022
UV: 0.654105 0.0309079

Position: 1.25382 0.0576359 -2.10658
Normal: -0 -0.866022 -0.500005
UV: 0.655376 0.0255591

Position: 1.42874 0.0576359 -2.10658
Normal: -0 -0.866022 -0.500005
UV: 0.655376 0.0309075

Position: 1.25382 0 -1.89148
Normal: -0 -1 0
UV: 0.656647 0.0255598

Position: 1.42874 0 -1.89148
Normal: -0 -1 0
UV: 0.656647 0.0309072

Position: 1.25382 0.0576359 -1.67638
Normal: -0 -0.866027 0.499998
UV: 0.657918 0.0255607

Position: 1.42874 0.0576359 -1.67638
Normal: -0 -0.866027 0.499998
UV: 0.657919 0.0309079

Position: 1.25382 0.2151 -1.51891
Normal: -0 -0.500006 0.866022
UV: 0.651566 0.0257135

Position: 1.42874 0.2151 -1.51891
Normal: -0 -0.500006 0.866022
UV: 0.651567 0.0310607

Position: 1.42874 0.0576359 -1.67638
Normal: -0 -0.866027 0.499998
UV: 0.650295 0.0310609

Position: 1.25382 0.0576359 -1.67638
Normal: -0 -0.866027 0.499998
UV: 0.650295 0.0257135

Position: 1.25382 0.4302 -1.46127
Normal: -0 0 1
UV: 0.652838 0.0257124

Position: 1.42874 0.4302 -1.46127
Normal: -0 0 1
UV: 0.652838 0.0310596

Position: 1.25382 0.6453 -1.51891
Normal: -0 0.500006 0.866022
UV: 0.654109 0.0257114

Position: 1.42874 0.6453 -1.51891
Normal: -0 0.500006 0.866022
UV: 0.654109 0.0310591

Position: 1.25382 0.802764 -1.67638
Normal: -0 0.866027 0.499998
UV: 0.65538 0.0257114

Position: 1.42874 0.802764 -1.67638
Normal: -0 0.866027 0.499998
UV: 0.655381 0.0310596

Position: 1.25382 0.8604 -1.89148
Normal: -0 1 -1.57581e-008
UV: 0.656652 0.0257108

Position: 1.42874 0.8604 -1.89148
Normal: -0 1 -1.57581e-008
UV: 0.656652 0.031058

Position: 1.25382 0.802764 -2.10658
Normal: -0 0.866022 -0.500005
UV: 0.657923 0.0257105

Position: 1.42874 0.802764 -2.10658
Normal: -0 0.866022 -0.500005
UV: 0.657923 0.0310586

Position: 1.42874 0.6453 -2.26404
Normal: 1 8.0516e-008 0
UV: 0.571499 0.344896

Position: 1.42874 0.4302 -1.89148
Normal: 1 6.11041e-015 0
UV: 0.532358 0.27712

Position: 1.42874 0.802764 -2.10658
Normal: 1 1.61032e-007 0
UV: 0.600145 0.316238

Position: 1.42874 0.4302 -2.32168
Normal: 1 -1.46652e-014 0
UV: 0.532362 0.355384

Position: 1.42874 0.2151 -2.26404
Normal: 1 -8.05159e-008 0
UV: 0.493218 0.344893

Position: 1.42874 0.0576359 -2.10658
Normal: 1 -1.61032e-007 0
UV: 0.464571 0.316241

Position: 1.42874 0 -1.89148
Normal: 1 0 0
UV: 0.45409 0.2771

Position: 1.42874 0.0576359 -1.67638
Normal: 1 -1.61031e-007 0
UV: 0.464585 0.237978

Position: 1.42874 0.2151 -1.51891
Normal: 1 -8.05131e-008 0
UV: 0.493229 0.209339

Position: 1.42874 0.4302 -1.46127
Normal: 1 -7.33248e-015 0
UV: 0.532358 0.198854

Position: 1.42874 0.6453 -1.51891
Normal: 1 8.0513e-008 0
UV: 0.571487 0.209339

Position: 1.42874 0.802764 -1.67638
Normal: 1 1.61031e-007 0
UV: 0.60013 0.237978

Position: 1.42874 0.8604 -1.89148
Normal: 1 0 0
UV: 0.610624 0.277101

Position: 1.25382 0.6453 -2.26404
Normal: -1 6.00998e-007 0
UV: 0.570206 0.209652

Position: 1.25382 0.802764 -2.10658
Normal: -1 -2.10809e-012 0
UV: 0.598598 0.238045

Position: 1.25382 0.4302 -2.32168
Normal: -1 -1.87886e-007 0
UV: 0.531421 0.199259

Position: 1.25382 0.2151 -2.26404
Normal: -1 -2.77463e-008 0
UV: 0.492636 0.209652

Position: 1.25382 0.0576359 -2.10658
Normal: -1 0 0
UV: 0.464244 0.238045

Position: 1.25382 0 -1.89148
Normal: -1 2.04179e-007 0
UV: 0.453852 0.276828

Position: 1.25382 0.0576359 -1.67638
Normal: -1 2.41546e-007 0
UV: 0.464244 0.315614

Position: 1.25382 0.2151 -1.51891
Normal: -1 -1.29385e-012 0
UV: 0.492636 0.344006

Position: 1.25382 0.4302 -1.46127
Normal: -1 -1.21318e-007 0
UV: 0.531421 0.354399

Position: 1.25382 0.6453 -1.51891
Normal: -1 2.77459e-007 0
UV: 0.570206 0.344006

Position: 1.25382 0.802764 -1.67638
Normal: -1 -5.16697e-007 0
UV: 0.598598 0.315614

Position: 1.25382 0.8604 -1.89148
Normal: -1 -2.40391e-006 0
UV: 0.608991 0.276828


[INDEX_DATA]
0 2 1
0 3 2
4 1 5
4 0 1
6 5 7
6 4 5
8 7 9
8 6 7
10 9 11
10 8 9
12 11 13
12 10 11
14 16 15
14 17 16
18 15 19
18 14 15
20 19 21
20 18 19
22 21 23
22 20 21
22 23 24
23 25 24
24 25 26
25 27 26
28 30 29
31 28 29
32 31 29
33 32 29
34 33 29
35 34 29
36 35 29
37 36 29
38 37 29
39 38 29
40 39 29
30 40 29
41 43 42
43 44 42
44 45 42
45 46 42
46 47 42
47 48 42
48 49 42
49 50 42
50 51 42
51 52 42

