[FBX_META_DATA]
MeshCount: 1

[MESH_DATA]
VertexCount: 734
IndexCount: 1434
BoneCount: 0
AnimationClips: 1

[VERTEX_DATA]
Position: 4.31779 3.79091 4.27933
Normal: -0 0 1
UV: 0.998623 -0.997405

Position: 1.94852 1.74907 4.27933
Normal: -0 0 1
UV: 0.81938 -0.817995

Position: 1.94852 3.79091 4.27933
Normal: -0 0 1
UV: 0.81938 -0.997405

Position: 4.3178 1.74907 4.27933
Normal: -0 0 1
UV: 0.998623 -0.817995

Position: 5.67385 4.24257 4.50102
Normal: 4.65545e-006 -9.59563e-007 1
UV: 0.266119 0.547599

Position: 4.90436 0.531395 4.50102
Normal: 4.65545e-006 -9.59563e-007 1
UV: 0.307022 0.875426

Position: 4.90435 4.27424 4.50102
Normal: 4.65545e-006 -9.59563e-007 1
UV: 0.307022 0.545332

Position: 5.67385 0.531491 4.50101
Normal: 4.65545e-006 -9.59563e-007 1
UV: 0.266119 0.875438

Position: 0.957058 3.93415 4.27933
Normal: -0 0 1
UV: -0.00818391 0.554231

Position: -0 0.53238 4.27933
Normal: -0 0 1
UV: -0.0881493 0.854574

Position: -0 3.93415 4.27933
Normal: -0 0 1
UV: -0.0881493 0.554231

Position: 0.957062 0.53238 4.27933
Normal: -0 0 1
UV: -0.00818391 0.854574

Position: 4.90435 4.27424 4.50102
Normal: -1 0 0
UV: 0.244972 0.509497

Position: 4.90435 3.93415 4.27933
Normal: -1 0 0
UV: 0.253761 0.540141

Position: 4.90435 4.27424 4.27933
Normal: -1 0 0
UV: 0.253761 0.509497

Position: 0.957058 3.93415 4.27933
Normal: -0 0 1
UV: 0.37028 0.570806

Position: 4.90435 4.27424 4.27933
Normal: -0 0 1
UV: 0.289693 0.534767

Position: 4.90435 3.93415 4.27933
Normal: -0 0 1
UV: 0.289693 0.570806

Position: -0 4.27424 4.27933
Normal: -0 0 1
UV: 0.37028 0.534767

Position: -0 3.93415 4.27933
Normal: -0 0 1
UV: 0.37028 0.570806

Position: 4.90435 3.93415 4.27933
Normal: -0 0 1
UV: 0.37028 0.570806

Position: 1.94852 3.79091 4.27933
Normal: -0 0 1
UV: 0.309935 0.586385

Position: 0.957058 3.93415 4.27933
Normal: -0 0 1
UV: 0.289693 0.570806

Position: 4.31779 3.79091 4.27933
Normal: -0 0 1
UV: 0.358305 0.586385

Position: 4.3178 1.74907 4.27933
Normal: 1.4934e-007 0 1
UV: 0.358305 0.808457

Position: 4.90436 0.53238 4.27933
Normal: 1.4934e-007 0 1
UV: 0.37028 0.940785

Position: 0.957062 0.53238 4.27933
Normal: -0 0 1
UV: 0.289693 0.940785

Position: 1.94852 1.74907 4.27933
Normal: -0 0 1
UV: 0.309935 0.808457

Position: 4.90436 0.53238 4.27933
Normal: -1 0 0
UV: 0.253761 0.832918

Position: 4.90436 5.96046e-008 4.50102
Normal: -1 0 0
UV: 0.244972 0.879505

Position: 4.90436 5.96046e-008 4.27933
Normal: -1 0 0
UV: 0.253761 0.995169

Position: 4.90436 0.531395 4.50102
Normal: -1 -2.66214e-006 -1.35351e-006
UV: 0.244972 0.833503

Position: 5.67385 4.24257 4.50102
Normal: 1 -1.65297e-008 0
UV: 0.38239 0.546657

Position: 5.67385 0.53238 0.0225151
Normal: 1 -1.65297e-008 0
UV: 0.328532 0.876764

Position: 5.67385 0.531491 4.50101
Normal: 1 -1.65297e-008 0
UV: 0.38239 0.876765

Position: 5.67385 4.2449 0.0225151
Normal: 1 -1.65297e-008 0
UV: 0.328532 0.546658

Position: 5.67385 0.53238 0.0225151
Normal: 1 0 0
UV: 0.299498 0.945495

Position: 5.67385 0 4.501
Normal: 1 0 0
UV: 0.401298 0.987236

Position: 5.67385 0.531491 4.50101
Normal: 1 0 0
UV: 0.401298 0.945492

Position: 5.67385 4.24431 -4.53543
Normal: 1 2.08135e-008 0
UV: 0.273718 0.546657

Position: 5.67385 0.53238 -4.53542
Normal: 1 2.08135e-008 0
UV: 0.273718 0.876765

Position: 5.67385 0 -4.53542
Normal: 1 -9.14212e-007 0
UV: 0.195892 0.987236

Position: 5.67385 0.53238 -4.53542
Normal: 1 -9.14212e-007 0
UV: 0.195892 0.945492

Position: 5.70368 1.74907 3.73325
Normal: 1 0 0
UV: 0.819382 -0.817997

Position: 5.70368 3.79091 1.36398
Normal: 1 0 0
UV: 0.998622 -0.997403

Position: 5.70368 1.74907 1.36398
Normal: 1 0 0
UV: 0.998622 -0.817997

Position: 5.70368 3.79091 3.73325
Normal: 1 0 0
UV: 0.819382 -0.997402

Position: 5.70368 3.79091 -1.37446
Normal: 1 1.97135e-007 0
UV: 0.998622 -0.997403

Position: 5.70368 1.74907 -3.74373
Normal: 1 1.97135e-007 0
UV: 0.819382 -0.817997

Position: 5.70368 1.74907 -1.37445
Normal: 1 1.97135e-007 0
UV: 0.998622 -0.817997

Position: 5.70368 3.79091 -3.74373
Normal: 1 1.97135e-007 0
UV: 0.819382 -0.997402

Position: 1.94852 1.74907 -4.31375
Normal: -0 0 -1
UV: 0.81938 -0.817995

Position: 4.31779 3.79091 -4.31375
Normal: -0 0 -1
UV: 0.998623 -0.997405

Position: 1.94852 3.79091 -4.31375
Normal: -0 0 -1
UV: 0.81938 -0.997405

Position: 4.3178 1.74907 -4.31375
Normal: -0 0 -1
UV: 0.998623 -0.817995

Position: 4.90436 0.525852 -4.53543
Normal: 1.00154e-005 -6.39153e-007 -1
UV: 0.269301 0.916725

Position: 5.67385 4.24431 -4.53543
Normal: 1.00154e-005 -6.39153e-007 -1
UV: 0.263554 0.583154

Position: 4.90435 4.27424 -4.53543
Normal: 1.00154e-005 -6.39153e-007 -1
UV: 0.269301 0.583154

Position: 5.67385 0.53238 -4.53542
Normal: 1.00154e-005 -6.39153e-007 -1
UV: 0.263554 0.915792

Position: -2.03827e-007 3.93415 -4.31375
Normal: -0 0 -1
UV: -0.0881493 0.554231

Position: -2.03827e-007 0.53238 -4.31375
Normal: -0 0 -1
UV: -0.0881493 0.854574

Position: 0.957058 0.53238 -4.31375
Normal: -0 0 -1
UV: -0.00818391 0.854574

Position: 0.957058 3.93415 -4.31375
Normal: -0 0 -1
UV: -0.00818391 0.554231

Position: 4.90435 4.27424 -4.53543
Normal: -1 0 0
UV: 0.389291 0.54652

Position: 4.90435 4.27424 -4.31375
Normal: -1 0 0
UV: 0.39808 0.54652

Position: 4.90435 3.93415 -4.31375
Normal: -1 0 0
UV: 0.39808 0.576433

Position: 4.90435 4.27424 -4.31375
Normal: -0 0 -1
UV: 0.309386 0.542576

Position: 0.957058 3.93415 -4.31375
Normal: -0 0 -1
UV: 0.389972 0.578616

Position: 4.90435 3.93415 -4.31375
Normal: -0 0 -1
UV: 0.309386 0.578615

Position: -1.83959e-007 4.27424 -4.31375
Normal: -0 0 -1
UV: 0.389972 0.542576

Position: -2.03827e-007 3.93415 -4.31375
Normal: -0 0 -1
UV: 0.389972 0.578616

Position: 4.90435 3.93415 -4.31375
Normal: -0 0 -1
UV: 0.37028 0.578139

Position: 0.957058 3.93415 -4.31375
Normal: -0 0 -1
UV: 0.289693 0.578139

Position: 1.94852 3.79091 -4.31375
Normal: -0 0 -1
UV: 0.309935 0.590776

Position: 4.31779 3.79091 -4.31375
Normal: -0 0 -1
UV: 0.358305 0.590776

Position: 4.90436 0.53238 -4.31375
Normal: -0 0 -1
UV: 0.37028 0.878249

Position: 4.3178 1.74907 -4.31375
Normal: -0 0 -1
UV: 0.358305 0.77091

Position: 1.94852 1.74907 -4.31375
Normal: -0 0 -1
UV: 0.309935 0.77091

Position: 0.957058 0.53238 -4.31375
Normal: -0 0 -1
UV: 0.289693 0.878249

Position: 4.90436 0.53238 -4.31375
Normal: -1 0 0
UV: 0.209718 0.945266

Position: 4.90436 5.96046e-008 -4.31375
Normal: -1 0 0
UV: 0.209718 0.99751

Position: 4.90436 5.96046e-008 -4.53543
Normal: -1 0 0
UV: 0.20093 0.99751

Position: 4.90436 0.525852 -4.53543
Normal: -1 -2.70751e-006 1.16943e-006
UV: 0.389291 0.879554

Position: 4.90436 0.53238 -4.31375
Normal: -1 -2.70751e-006 1.16943e-006
UV: 0.39808 0.879467

Position: 0.957058 5.96046e-008 -4.31375
Normal: -0 0 -1
UV: 0.209975 0.997546

Position: -2.03827e-007 0.53238 -4.31375
Normal: -0 0 -1
UV: 0.0397813 0.945403

Position: -2.03827e-007 5.96046e-008 -4.31375
Normal: -0 0 -1
UV: 0.0397906 0.997546

Position: 0.957058 0.53238 -4.31375
Normal: -0 0 -1
UV: 0.209984 0.945403

Position: 4.90436 5.96046e-008 -4.31375
Normal: -0 0 -1
UV: 0.209983 0.997546

Position: 0.957058 0.53238 -4.31375
Normal: -0 0 -1
UV: 0.0397813 0.945403

Position: 0.957058 5.96046e-008 -4.31375
Normal: -0 0 -1
UV: 0.0397818 0.997546

Position: 4.90436 0.53238 -4.31375
Normal: -0 0 -1
UV: 0.209984 0.945403

Position: 4.90436 0.53238 4.50102
Normal: 6.6356e-008 1 0
UV: -0.580203 0.67081

Position: 4.90436 0.53238 7.38808
Normal: 6.6356e-008 1 0
UV: -0.580203 0.989095

Position: 1.31133 0.53238 7.38808
Normal: 6.6356e-008 1 0
UV: -0.420152 0.989095

Position: 0.957062 0.53238 4.27933
Normal: -0 1 1.08987e-006
UV: -0.404371 0.64637

Position: 4.90436 0.53238 4.27933
Normal: -0 1 1.08987e-006
UV: -0.580203 0.64637

Position: 1.31133 0.35492 7.90518
Normal: -0 0 1
UV: 0.956568 0.870067

Position: -0 0.17746 7.90518
Normal: -0 0 1
UV: 0.956568 0.930354

Position: -0 0.35492 7.90518
Normal: -0 0 1
UV: 0.956568 0.930354

Position: 1.31133 0.17746 7.90518
Normal: -0 0 1
UV: 0.956568 0.870067

Position: -0 0.35492 7.38808
Normal: -0 1 0
UV: 0.932035 0.930354

Position: 1.31133 0.35492 7.38808
Normal: -0 1 0
UV: 0.932035 0.870067

Position: -0 0.35492 7.90518
Normal: -0 1 0
UV: 0.917514 0.930354

Position: 1.31133 0.35492 7.90518
Normal: -0 1 0
UV: 0.917514 0.870067

Position: -0 0.17746 7.90518
Normal: -0 1 0
UV: 0.932035 0.930354

Position: 1.31133 0.17746 7.90518
Normal: -0 1 0
UV: 0.932035 0.870067

Position: -0 0.17746 8.42229
Normal: -0 1 0
UV: 0.917514 0.930354

Position: 1.31133 0.17746 8.42229
Normal: -0 1 0
UV: 0.917514 0.870067

Position: -0 0.17746 8.42229
Normal: -0 0 1
UV: 0.956568 0.930354

Position: 1.31133 0.17746 8.42229
Normal: -0 0 1
UV: 0.956568 0.870067

Position: 1.31133 0 8.42229
Normal: -0 0 1
UV: 0.956568 0.870067

Position: -0 0 8.42229
Normal: -0 0 1
UV: 0.956568 0.930354

Position: 1.31133 0.17746 7.90518
Normal: 1 -1.90529e-005 -6.76227e-006
UV: 0.983556 0.931683

Position: 1.31133 0 8.42229
Normal: 1 -1.90529e-005 -6.76227e-006
UV: 0.977856 0.902544

Position: 1.31133 0.17746 8.42229
Normal: 1 -1.90529e-005 -6.76227e-006
UV: 0.983556 0.902544

Position: 1.31132 0 7.38808
Normal: 1 -1.90529e-005 -6.76227e-006
UV: 0.977856 0.960821

Position: 1.31133 0.35492 7.38808
Normal: 1 -2.9229e-005 -1.01434e-005
UV: 0.989256 0.960821

Position: 1.31133 0.35492 7.90518
Normal: 1 0 0
UV: 0.989256 0.931683

Position: -0 0.53238 7.38808
Normal: -0 1 -8.45233e-009
UV: -0.361738 0.989095

Position: -0 0.53238 4.27933
Normal: -0 1 -8.45233e-009
UV: -0.361738 0.64637

Position: 1.31133 0.35492 7.38808
Normal: -0 0 1
UV: 0.956568 0.870067

Position: -0 0.53238 7.38808
Normal: -0 0 1
UV: 0.956568 0.930354

Position: 1.31133 0.53238 7.38808
Normal: -0 0 1
UV: 0.956568 0.870067

Position: -0 0.35492 7.38808
Normal: -0 0 1
UV: 0.956568 0.930354

Position: 4.90435 2.14485 7.42172
Normal: -0 0 1
UV: 0.244582 -0.254389

Position: 4.90435 0.53238 7.42172
Normal: -0 0 1
UV: 0.244582 -0.066251

Position: 3.49259 2.14485 7.42172
Normal: -0 0 1
UV: 0.194455 -0.254389

Position: 3.49259 0.53238 7.42172
Normal: -0 0 1
UV: 0.194455 -0.066251

Position: 1.31132 0 7.6434
Normal: -0 0 1
UV: -0.760177 0.995464

Position: 1.31132 2.36007 7.6434
Normal: -0 0 1
UV: -0.760176 0.718735

Position: 2.08083 2.36007 7.6434
Normal: -0 0 1
UV: -0.850393 0.718736

Position: 2.08083 0 7.6434
Normal: -0 0 1
UV: -0.850406 0.995464

Position: 2.08083 2.14485 7.42172
Normal: 1 0 0
UV: -0.734811 0.74397

Position: 2.08083 2.36007 6.87389
Normal: 1 0 0
UV: -0.670586 0.718737

Position: 2.08083 2.14485 6.87389
Normal: 1 0 0
UV: -0.670575 0.74397

Position: 2.08083 0 7.6434
Normal: 1 0 0
UV: -0.760804 0.995464

Position: 2.08083 0.53238 7.42172
Normal: 1 0 0
UV: -0.734811 0.93304

Position: 1.31132 0.53238 6.87389
Normal: -1 0 0
UV: -0.669948 0.93304

Position: 1.31132 2.36007 7.6434
Normal: -1 0 0
UV: -0.760176 0.718735

Position: 1.31132 0 7.6434
Normal: -1 0 0
UV: -0.760177 0.995464

Position: 1.31132 2.36007 6.87389
Normal: -1 0 0
UV: -0.66996 0.718736

Position: 2.08083 2.36007 6.87389
Normal: -0 0 -1
UV: 0.256402 0.69423

Position: 1.31132 0.53238 6.87389
Normal: -0 0 -1
UV: 0.276284 0.715764

Position: 2.08083 0.53238 6.87389
Normal: -0 0 -1
UV: 0.276284 0.694228

Position: 1.31132 2.36007 6.87389
Normal: -0 0 -1
UV: 0.256402 0.715761

Position: 3.49259 2.14485 6.87389
Normal: -0 1 0
UV: 0.179864 -0.277359

Position: 4.90435 2.14485 7.42172
Normal: -0 1 0
UV: 0.129736 -0.277359

Position: 3.49259 2.14485 7.42172
Normal: -0 1 0
UV: 0.179864 -0.277359

Position: 4.90435 2.14485 6.87389
Normal: -0 1 0
UV: 0.129736 -0.277359

Position: 2.08083 2.36007 7.6434
Normal: 1 1.4396e-006 0
UV: -0.760793 0.718736

Position: 4.90435 5.21541e-008 7.42172
Normal: -0 -8.95671e-007 1
UV: 0.244582 -0.00550115

Position: 3.49259 2.98023e-008 7.42172
Normal: -0 -8.95671e-007 1
UV: 0.194455 -0.00550127

Position: 2.08083 0 7.42172
Normal: 1 0 0
UV: -0.734811 0.995464

Position: 2.08083 0.53238 7.42172
Normal: -3.17218e-007 -1.79134e-006 1
UV: 0.244582 -0.066251

Position: 2.08083 0 7.42172
Normal: -3.17219e-007 -1.79134e-006 1
UV: 0.244582 -0.00550127

Position: 2.08083 2.14485 7.42172
Normal: -0 0 1
UV: 0.244582 -0.254389

Position: 2.08083 2.14485 7.42172
Normal: -0 1 0
UV: 0.129736 -0.277359

Position: 2.08083 2.14485 6.87389
Normal: -0 1 0
UV: 0.129736 -0.277359

Position: 2.08083 2.36007 7.6434
Normal: -0 1 0
UV: 0.207649 0.722332

Position: 1.31132 2.36007 7.6434
Normal: -0 1 0
UV: 0.197263 0.722332

Position: 1.31132 2.36007 6.87389
Normal: -0 1 0
UV: 0.197266 0.722332

Position: 2.08083 2.36007 6.87389
Normal: -0 1 0
UV: 0.207647 0.722332

Position: 4.90435 0 7.6434
Normal: -0 0 1
UV: -0.760177 0.995464

Position: 4.90435 2.36007 7.6434
Normal: -0 0 1
UV: -0.760176 0.718735

Position: 5.67385 2.36007 7.6434
Normal: -0 0 1
UV: -0.850393 0.718736

Position: 5.67385 0 7.6434
Normal: -0 0 1
UV: -0.850406 0.995464

Position: 5.67385 0 7.6434
Normal: 1 0 0
UV: -0.760804 0.995464

Position: 5.67385 2.14485 6.87389
Normal: 1 0 0
UV: -0.670582 0.74397

Position: 5.67385 0 6.87389
Normal: 1 0 0
UV: -0.670883 0.995121

Position: 4.90435 0 6.87389
Normal: -1 0 0
UV: -0.66996 0.99546

Position: 4.90435 2.36007 6.87389
Normal: -1 0 0
UV: -0.66996 0.718736

Position: 4.90435 0 7.6434
Normal: -1 0 0
UV: -0.760177 0.995464

Position: 4.90435 2.36007 7.6434
Normal: -1 0 0
UV: -0.760176 0.718735

Position: 5.67385 2.36007 6.87389
Normal: -0 0 -1
UV: -0.638227 0.718736

Position: 4.90435 0 6.87389
Normal: -0 0 -1
UV: -0.72784 0.995464

Position: 5.67385 0 6.87389
Normal: -0 0 -1
UV: -0.637611 0.995464

Position: 4.90435 2.36007 6.87389
Normal: -0 0 -1
UV: -0.727827 0.718736

Position: 5.67385 2.36007 7.6434
Normal: 1 0 0
UV: -0.760793 0.718736

Position: 5.67385 2.36007 6.87389
Normal: 1 0 0
UV: -0.670586 0.718737

Position: 5.67385 2.36007 7.6434
Normal: -0 1 0
UV: 0.207649 0.722332

Position: 4.90435 2.36007 7.6434
Normal: -0 1 0
UV: 0.197263 0.722332

Position: 4.90435 2.36007 6.87389
Normal: -0 1 0
UV: 0.197266 0.722332

Position: 5.67385 2.36007 6.87389
Normal: -0 1 0
UV: 0.207647 0.722332

Position: 1.8829 4.27424 7.44547
Normal: -0 0 1
UV: -0.0822924 0.873816

Position: 1.8829 2.36007 7.44547
Normal: -0 0 1
UV: -0.0822924 0.988626

Position: 1.50925 4.27424 7.44547
Normal: -0 0 1
UV: -0.0673202 0.873816

Position: 1.50925 2.36007 7.44547
Normal: -0 0 1
UV: -0.0673202 0.988626

Position: 1.8829 2.36007 7.07182
Normal: -0 0 -1
UV: -0.0102043 0.988626

Position: 1.8829 4.27424 7.07182
Normal: -0 0 -1
UV: -0.0102043 0.873816

Position: 1.50925 2.36007 7.07182
Normal: -0 0 -1
UV: -0.0255147 0.988626

Position: 1.50925 4.27424 7.07182
Normal: -0 0 -1
UV: -0.0255147 0.873816

Position: 1.50925 2.36007 7.07182
Normal: -1 0 0
UV: -0.0393569 0.988626

Position: 1.50925 4.27424 7.07182
Normal: -1 0 0
UV: -0.0393568 0.873816

Position: 1.50925 2.36007 7.44547
Normal: -1 0 0
UV: -0.0551744 0.988626

Position: 1.50925 4.27424 7.44547
Normal: -1 0 0
UV: -0.0551744 0.873816

Position: 1.8829 4.27424 7.44547
Normal: 1 0 0
UV: -0.0381219 0.873816

Position: 1.8829 2.36007 7.07182
Normal: 1 0 0
UV: -0.0563062 0.988626

Position: 1.8829 2.36007 7.44547
Normal: 1 0 0
UV: -0.0381219 0.988626

Position: 1.8829 4.27424 7.07182
Normal: 1 0 0
UV: -0.0563062 0.873816

Position: 5.47592 4.27424 7.44547
Normal: -0 0 1
UV: -0.0822924 0.873816

Position: 5.47592 2.36007 7.44547
Normal: -0 0 1
UV: -0.0822924 0.988626

Position: 5.10228 4.27424 7.44547
Normal: -0 0 1
UV: -0.0673202 0.873816

Position: 5.10228 2.36007 7.44547
Normal: -0 0 1
UV: -0.0673202 0.988626

Position: 5.47592 2.36007 7.07182
Normal: -0 0 -1
UV: -0.0102043 0.988626

Position: 5.47592 4.27424 7.07182
Normal: -0 0 -1
UV: -0.0102043 0.873816

Position: 5.10228 2.36007 7.07182
Normal: -0 0 -1
UV: -0.0255147 0.988626

Position: 5.10228 4.27424 7.07182
Normal: -0 0 -1
UV: -0.0255147 0.873816

Position: 5.10228 2.36007 7.07182
Normal: -1 0 0
UV: -0.0393569 0.988626

Position: 5.10228 4.27424 7.07182
Normal: -1 0 0
UV: -0.0393568 0.873816

Position: 5.10228 2.36007 7.44547
Normal: -1 0 0
UV: -0.0551744 0.988626

Position: 5.10228 4.27424 7.44547
Normal: -1 0 0
UV: -0.0551744 0.873816

Position: 5.47592 4.27424 7.44547
Normal: 1 0 0
UV: -0.0381219 0.873816

Position: 5.47592 2.36007 7.07182
Normal: 1 0 0
UV: -0.0563062 0.988626

Position: 5.47592 2.36007 7.44547
Normal: 1 0 0
UV: -0.0381219 0.988626

Position: 5.47592 4.27424 7.07182
Normal: 1 0 0
UV: -0.0563062 0.873816

Position: 5.58594 0.53238 5.73013
Normal: 1 0 0
UV: 0.299235 -0.0701592

Position: 5.58594 2.14485 5.73013
Normal: 1 0 0
UV: 0.299235 -0.280473

Position: 5.58594 0.53238 4.50102
Normal: 1 0 0
UV: 0.371518 -0.0689769

Position: 5.58594 2.14485 4.50102
Normal: 1 0 0
UV: 0.371518 -0.280346

Position: 5.03811 2.14485 5.73013
Normal: -0 1 0
UV: 0.153844 -0.277359

Position: 5.58594 2.14485 4.50102
Normal: -0 1 0
UV: 0.129736 -0.277359

Position: 5.58594 2.14485 5.73013
Normal: -0 1 0
UV: 0.153844 -0.277359

Position: 5.03811 2.14485 4.50102
Normal: -0 1 0
UV: 0.129736 -0.277359

Position: 5.58594 5.96046e-008 4.50102
Normal: 1 -1.45742e-006 1.93975e-007
UV: 0.371518 -0.00550115

Position: 5.58594 2.98023e-008 5.73013
Normal: 1 -1.45742e-006 1.93975e-007
UV: 0.299235 -0.00564075

Position: 5.58594 0 6.87389
Normal: 1 -7.83095e-007 0
UV: 0.374123 -0.005512

Position: 5.58594 0.53238 6.87389
Normal: 1 -7.83094e-007 0
UV: 0.374123 -0.0695666

Position: 5.58594 2.14485 6.87389
Normal: 1 0 0
UV: 0.374123 -0.280342

Position: 5.03811 2.14485 6.87389
Normal: -0 1 0
UV: 0.127132 -0.277359

Position: 5.58594 2.14485 6.87389
Normal: -0 1 0
UV: 0.127132 -0.277359

Position: -0 6.62576 3.01612
Normal: -1.48711e-007 0.855336 0.518073
UV: 0.0335493 0.127735

Position: 5.91057 8.45261 1.39077e-007
Normal: -1.48711e-007 0.855336 0.518073
UV: 0.128316 0.0329679

Position: 5.91057 6.62576 3.01612
Normal: -1.48711e-007 0.855336 0.518073
UV: 0.128316 0.127735

Position: -0 8.45261 7.45058e-008
Normal: -1.48711e-007 0.855336 0.518073
UV: 0.0335493 0.0329679

Position: -0 6.62576 3.01612
Normal: -0 0 1
UV: 0.282635 0.759769

Position: 5.91057 6.62576 3.01612
Normal: -0 0 1
UV: 0.377401 0.759769

Position: 5.91057 6.24248 3.01612
Normal: -0 0 1
UV: 0.377401 0.724338

Position: -0 6.24248 3.01612
Normal: -0 0 1
UV: 0.282635 0.724338

Position: 5.67385 7.19812 0.0225122
Normal: 1 1.97135e-007 0
UV: 0.909002 -0.997405

Position: 5.67385 5.15628 -1.16212
Normal: 1 1.97135e-007 0
UV: 0.81938 -0.817995

Position: 5.67385 5.15628 0.0225151
Normal: 1 1.97135e-007 0
UV: 0.909002 -0.817995

Position: 5.67385 7.19812 -1.16212
Normal: 1 1.97135e-007 0
UV: 0.81938 -0.997405

Position: 5.67385 7.19812 1.20715
Normal: 1 1.97135e-007 0
UV: 0.998623 -0.997405

Position: 5.67385 5.15628 1.20715
Normal: 1 1.97135e-007 0
UV: 0.998623 -0.817995

Position: 5.91057 4.59061 4.98665
Normal: 0.007024 -0.808499 -0.588456
UV: 0.269517 0.870632

Position: 5.91057 6.24248 2.71992
Normal: 0.007024 -0.808499 -0.588456
UV: 0.269517 0.870632

Position: 5.67385 4.59061 4.98665
Normal: 0.007024 -0.808499 -0.588456
UV: 0.269517 0.870632

Position: 5.67385 6.23836 2.71992
Normal: 0.007024 -0.808499 -0.588456
UV: 0.269517 0.870632

Position: 5.67385 4.59061 4.98665
Normal: 1 0 0
UV: 0.0614811 1.08929

Position: 5.67385 4.59061 0.0225151
Normal: 1 0 0
UV: 0.0614811 1.07614

Position: 5.67385 4.2449 4.98665
Normal: 1 0 0
UV: 0.0623967 1.08929

Position: 5.67385 4.2449 0.0225151
Normal: 1 0 0
UV: 0.0623967 1.07614

Position: 5.67385 4.59061 -4.99712
Normal: 1 0 0
UV: 0.0614811 1.06285

Position: 5.67385 4.2449 -4.99712
Normal: 1 0 0
UV: 0.0623967 1.06285

Position: 5.67385 5.15628 0.0225151
Normal: 1 0 0
UV: 0.316521 0.82198

Position: 5.67385 5.15628 -1.16212
Normal: 1 0 0
UV: 0.325047 0.822017

Position: 5.67385 4.59061 0.0225151
Normal: 1 0 0
UV: 0.316507 0.878527

Position: 5.67385 4.59061 -4.99712
Normal: 1 0 0
UV: 0.352629 0.878656

Position: 5.67385 6.58407 2.71992
Normal: 1 0 0
UV: 0.297093 0.679781

Position: 5.67385 7.19812 1.20715
Normal: 1 0 0
UV: 0.307983 0.618549

Position: 5.67385 6.23836 2.71992
Normal: 1 0 0
UV: 0.297122 0.714506

Position: 5.67385 5.15628 1.20715
Normal: 1 0 0
UV: 0.308003 0.822002

Position: 5.67385 7.19812 -1.16212
Normal: 1 0 0
UV: 0.325022 0.618646

Position: 5.67385 6.23836 -2.73039
Normal: 1 0 0
UV: 0.336316 0.714271

Position: 5.67385 6.58407 -2.73039
Normal: 1 0 0
UV: 0.336316 0.679781

Position: 5.67385 8.23183 2.68221e-007
Normal: 1 -7.78785e-007 0
UV: 0.316678 0.515396

Position: 5.67385 7.19812 0.0225122
Normal: 1 -7.78785e-007 0
UV: 0.316505 0.618562

Position: 5.67385 4.59061 7.87755
Normal: 1 0 0
UV: 0.128316 0.0803512

Position: 5.67385 4.2449 4.98665
Normal: 1 0 0
UV: 0.128316 0.0329679

Position: 5.67385 4.2449 7.87755
Normal: 1 0 0
UV: 0.128316 0.0329679

Position: 5.67385 4.59061 4.98665
Normal: 1 0 0
UV: 0.128316 0.127735

Position: 5.67385 4.59061 4.98665
Normal: -0 -1 0
UV: 0.128316 0.127735

Position: 5.91057 4.59061 7.96228
Normal: -0 -1 0
UV: 0.128316 0.127735

Position: 5.91057 4.59061 4.98665
Normal: -0 -1 0
UV: 0.104624 0.127735

Position: 5.91057 8.23183 2.68221e-007
Normal: -0 -0.855293 -0.518144
UV: 0.269517 0.870632

Position: 5.67385 6.58407 2.71992
Normal: -0 -0.855293 -0.518144
UV: 0.269517 0.870632

Position: 5.91057 6.58407 2.71992
Normal: -0 -0.855293 -0.518144
UV: 0.269517 0.870632

Position: 5.67385 8.23183 2.68221e-007
Normal: -0 -0.855293 -0.518144
UV: 0.269517 0.870632

Position: 5.91057 8.23183 2.68221e-007
Normal: -0 -0.856173 0.516689
UV: 0.269517 0.870632

Position: 5.91057 6.58407 -2.73039
Normal: -0 -0.856173 0.516689
UV: 0.269517 0.870632

Position: 5.67385 8.23183 2.68221e-007
Normal: -0 -0.856173 0.516689
UV: 0.269517 0.870632

Position: 5.67385 6.58407 -2.73039
Normal: -0 -0.856173 0.516689
UV: 0.269517 0.870632

Position: 5.91057 6.62576 3.01612
Normal: 1 0 0
UV: 0.272505 0.742527

Position: 5.91057 8.45261 1.39077e-007
Normal: 1 0 0
UV: 0.272505 0.742527

Position: 5.91057 6.58407 2.71992
Normal: 1 0 0
UV: 0.272505 0.742527

Position: 5.91057 8.23183 2.68221e-007
Normal: 1 0 0
UV: 0.272505 0.742527

Position: 5.91057 6.58407 -2.73039
Normal: 1 -3.0504e-006 0
UV: 0.272505 0.742527

Position: 5.91057 6.62576 -3.01612
Normal: 1 -3.0504e-006 0
UV: 0.272505 0.742527

Position: 5.91057 6.24248 -3.01961
Normal: 1 1.14372e-006 0
UV: 0.272505 0.742527

Position: 5.91057 6.24248 -2.73039
Normal: 1 1.14372e-006 0
UV: 0.272505 0.742527

Position: 5.67385 6.58407 -2.73039
Normal: -0 0 1
UV: 0.269517 0.870632

Position: 5.91057 6.58407 -2.73039
Normal: -0 0 1
UV: 0.269517 0.870632

Position: 5.91057 6.24248 -2.73039
Normal: -0 0 1
UV: 0.269517 0.870632

Position: 5.67385 6.23836 -2.73039
Normal: -0 0 1
UV: 0.269517 0.870632

Position: 5.91057 6.24248 3.01612
Normal: 1 0 0
UV: 0.272505 0.742527

Position: 5.91057 6.24248 2.71992
Normal: 1 0 0
UV: 0.272505 0.742527

Position: 5.91057 6.24248 2.71992
Normal: -7.32708e-007 0 -1
UV: 0.269517 0.870632

Position: 5.67385 6.58407 2.71992
Normal: -7.32708e-007 0 -1
UV: 0.269517 0.870632

Position: 5.67385 6.23836 2.71992
Normal: -7.32708e-007 0 -1
UV: 0.269517 0.870632

Position: 5.91057 6.58407 2.71992
Normal: -7.32708e-007 0 -1
UV: 0.269517 0.870632

Position: 5.91057 6.24248 3.01612
Normal: 1 0 0
UV: 0.276323 0.733729

Position: 5.91057 4.59061 4.98665
Normal: 1 0 0
UV: 0.276323 0.733729

Position: 5.91057 4.83682 4.98665
Normal: 1 0 0
UV: 0.276323 0.733729

Position: 5.91057 6.24248 2.71992
Normal: 1 0 0
UV: 0.276323 0.733729

Position: 5.91057 4.83682 7.96228
Normal: 1 0 0
UV: 0.276323 0.733729

Position: 5.91057 4.59061 7.96228
Normal: 1 0 0
UV: 0.276323 0.733729

Position: 5.67385 4.59061 7.87755
Normal: -0 -1 0
UV: 0.128316 0.0803512

Position: -0 4.2449 -4.99712
Normal: -0 0 -1
UV: 0.0809326 0.0329679

Position: 5.67385 4.2449 -4.99712
Normal: -0 0 -1
UV: 0.128316 0.0329679

Position: 5.67385 4.59061 -4.99712
Normal: -0 0 -1
UV: 0.128316 0.127735

Position: -0 4.59061 -4.99712
Normal: -0 0 -1
UV: 0.0809326 0.127735

Position: 5.67385 4.2449 0.0225151
Normal: -0 -1 0
UV: 0.128316 0.0800879

Position: 5.67385 4.2449 -4.99712
Normal: -0 -1 0
UV: 0.128316 0.127735

Position: -0 4.2449 -0.00523683
Normal: -0 -1 0
UV: 0.0809326 0.0803512

Position: -0 4.2449 -4.99712
Normal: -0 -1 0
UV: 0.0809326 0.127735

Position: 5.67385 4.2449 4.98665
Normal: -0 -1 0
UV: 0.128316 0.127735

Position: 5.67385 4.2449 0.0225151
Normal: -0 -1 0
UV: 0.128316 0.0806147

Position: -0 4.2449 4.98665
Normal: -0 -1 0
UV: 0.0809326 0.127735

Position: -0 4.2449 7.87755
Normal: -0 -1 0
UV: 0.0809326 0.0329679

Position: 5.67385 4.2449 7.87755
Normal: -0 -1 0
UV: 0.128316 0.0329679

Position: 5.67385 4.2449 4.98665
Normal: -0 -1 0
UV: 0.128316 0.0329679

Position: -0 4.2449 4.98665
Normal: -0 -1 0
UV: 0.0809326 0.0329679

Position: -0 4.59061 7.87755
Normal: -0 0 1
UV: 0.0809326 0.0803512

Position: 5.67385 4.59061 7.87755
Normal: -0 0 1
UV: 0.128316 0.0803512

Position: 5.67385 4.2449 7.87755
Normal: -0 0 1
UV: 0.128316 0.0329679

Position: -0 4.2449 7.87755
Normal: -0 0 1
UV: 0.0809326 0.0329679

Position: -0 4.59061 7.96228
Normal: -0 -1 0
UV: 0.0809326 0.115889

Position: -0 4.59061 7.87755
Normal: -0 -1 0
UV: 0.0809326 0.0803512

Position: -0 4.83682 7.96228
Normal: -0 0 1
UV: 0.178941 0.721603

Position: 5.91057 4.83682 7.96228
Normal: -0 0 1
UV: 0.178941 0.721603

Position: 5.91057 4.59061 7.96228
Normal: -0 0 1
UV: 0.178942 0.721603

Position: -0 4.59061 7.96228
Normal: -0 0 1
UV: 0.178942 0.721603

Position: 5.91057 4.83682 7.96228
Normal: -0 1 0
UV: 0.0809326 0.127735

Position: -0 4.83682 7.96228
Normal: -0 1 0
UV: 0.057241 0.127735

Position: -0 4.83682 4.98665
Normal: -0 1 0
UV: 0.057241 0.127735

Position: 5.91057 4.83682 4.98665
Normal: -0 1 0
UV: 0.0809326 0.127735

Position: 5.91057 4.83682 4.98665
Normal: -0 0.814096 0.58073
UV: 0.0809326 0.127735

Position: -0 4.83682 4.98665
Normal: -0 0.814096 0.58073
UV: 0.057241 0.127735

Position: -0 6.24248 3.01612
Normal: -0 0.814096 0.58073
UV: 0.057241 0.0329679

Position: 5.91057 6.24248 3.01612
Normal: -0 0.814096 0.58073
UV: 0.0809326 0.0329679

Position: 5.67385 4.59061 4.98665
Normal: 1 3.85678e-007 0
UV: 0.280857 0.878421

Position: -0 8.45261 7.45058e-008
Normal: -5.71964e-008 0.855337 -0.518073
UV: 0.0335493 0.0329679

Position: 5.91057 6.62576 -3.01612
Normal: -5.71964e-008 0.855337 -0.518073
UV: 0.128316 0.127735

Position: 5.91057 8.45261 1.39077e-007
Normal: -5.71964e-008 0.855337 -0.518073
UV: 0.128316 0.0329679

Position: -0 6.62576 -3.01612
Normal: -5.71964e-008 0.855337 -0.518073
UV: 0.0335493 0.127735

Position: 5.91057 6.24248 -3.01961
Normal: -0.000295304 0.00455387 -0.99999
UV: 0.377401 0.724338

Position: -0 6.62576 -3.01612
Normal: -0.000295304 0.00455387 -0.99999
UV: 0.282635 0.759769

Position: -0 6.24248 -3.01612
Normal: -0.000295304 0.00455387 -0.99999
UV: 0.282635 0.724338

Position: 5.91057 6.62576 -3.01612
Normal: -0.000295304 0.00455387 -0.99999
UV: 0.377401 0.759769

Position: 5.91057 4.59061 -4.99712
Normal: -9.43736e-010 0 -1
UV: 0.130293 0.12773

Position: 5.91057 4.83682 -4.99712
Normal: -9.43736e-010 0 -1
UV: 0.130293 0.122838

Position: -0 4.83682 -4.99712
Normal: -9.43736e-010 0 -1
UV: 0.0809327 0.122838

Position: -0 4.83682 -4.99712
Normal: -0.000171014 0.815307 -0.579029
UV: 0.0602828 0.124059

Position: 5.91057 6.24248 -3.01961
Normal: -0.000171014 0.815307 -0.579029
UV: 0.104596 0.0472265

Position: -0 6.24248 -3.01612
Normal: -0.000171014 0.815307 -0.579029
UV: 0.104596 0.124059

Position: 5.91057 4.83682 -4.99712
Normal: -0.000171014 0.815307 -0.579029
UV: 0.0602828 0.0472265

Position: 5.91057 4.59061 -4.99712
Normal: 1 0 0
UV: 0.276323 0.733729

Position: 5.91057 6.24248 -2.7304
Normal: 1 0 0
UV: 0.276323 0.733729

Position: 5.91057 6.24248 -3.01961
Normal: 1 0 0
UV: 0.276323 0.733729

Position: 5.91057 4.83682 -4.99712
Normal: 1 0 0
UV: 0.276323 0.733729

Position: 5.67385 4.59061 -4.99712
Normal: -7.18203e-007 -0.808169 0.58895
UV: 0.29587 0.757334

Position: 5.67385 6.24248 -2.7304
Normal: -7.18203e-007 -0.808169 0.58895
UV: 0.284167 0.757334

Position: 5.91057 6.24248 -2.7304
Normal: -7.18203e-007 -0.808169 0.58895
UV: 0.284166 0.761149

Position: 5.91057 4.59061 -4.99712
Normal: -7.18203e-007 -0.80817 0.58895
UV: 0.29587 0.761149

Position: -4.31779 3.79091 4.27933
Normal: -0 0 1
UV: 0.998623 -0.997405

Position: -1.94852 1.74907 4.27933
Normal: -0 0 1
UV: 0.81938 -0.817995

Position: -4.3178 1.74907 4.27933
Normal: -0 0 1
UV: 0.998623 -0.817995

Position: -1.94852 3.79091 4.27933
Normal: -0 0 1
UV: 0.81938 -0.997405

Position: -5.67385 4.24384 4.50102
Normal: -4.316e-006 -9.59252e-007 1
UV: 0.266119 0.547599

Position: -4.90436 0.529959 4.50102
Normal: -4.316e-006 -9.59251e-007 1
UV: 0.307022 0.875448

Position: -5.67385 0.531772 4.50101
Normal: -4.316e-006 -9.59251e-007 1
UV: 0.266119 0.875373

Position: -4.90435 4.27424 4.50102
Normal: -4.316e-006 -9.59251e-007 1
UV: 0.307022 0.545332

Position: -0.957058 3.93415 4.27933
Normal: -0 0 1
UV: -0.00818391 0.554231

Position: -0.957062 0.53238 4.27933
Normal: -0 0 1
UV: -0.00818391 0.854574

Position: -4.90435 4.27424 4.50102
Normal: 1 0 0
UV: 0.244972 0.509497

Position: -4.90435 4.27424 4.27933
Normal: 1 0 0
UV: 0.253761 0.509497

Position: -4.90435 3.93415 4.27933
Normal: 1 0 0
UV: 0.253761 0.540141

Position: -4.90435 4.27424 4.27933
Normal: -0 0 1
UV: 0.289693 0.534767

Position: -0.957058 3.93415 4.27933
Normal: -0 0 1
UV: 0.37028 0.570806

Position: -4.90435 3.93415 4.27933
Normal: -0 0 1
UV: 0.289693 0.570806

Position: -1.94852 3.79091 4.27933
Normal: -0 0 1
UV: 0.309935 0.586385

Position: -4.90435 3.93415 4.27933
Normal: -0 0 1
UV: 0.37028 0.570806

Position: -0.957058 3.93415 4.27933
Normal: -0 0 1
UV: 0.289693 0.570806

Position: -4.31779 3.79091 4.27933
Normal: -0 0 1
UV: 0.358305 0.586385

Position: -4.3178 1.74907 4.27933
Normal: -0 0 1
UV: 0.358305 0.808457

Position: -4.90436 0.53238 4.27933
Normal: -0 0 1
UV: 0.37028 0.940785

Position: -1.94852 1.74907 4.27933
Normal: -0 0 1
UV: 0.309935 0.808457

Position: -0.957062 0.53238 4.27933
Normal: -0 0 1
UV: 0.289693 0.940785

Position: -4.90436 0.53238 4.27933
Normal: 1 0 0
UV: 0.253761 0.832918

Position: -4.90436 5.96046e-008 4.27933
Normal: 1 0 0
UV: 0.253761 0.995169

Position: -4.90436 5.96046e-008 4.50102
Normal: 1 0 0
UV: 0.244972 0.879505

Position: -4.90436 0.529959 4.50102
Normal: 1 -2.66213e-006 -1.36236e-006
UV: 0.244972 0.833628

Position: -5.67385 4.24384 4.50102
Normal: -1 0 0
UV: 0.38239 0.546657

Position: -5.67385 0.531772 4.50101
Normal: -1 0 0
UV: 0.38239 0.876765

Position: -5.67385 0.53238 0.0225151
Normal: -1 0 0
UV: 0.328532 0.876764

Position: -5.67385 4.2449 0.0225151
Normal: -1 0 0
UV: 0.328532 0.546658

Position: -5.67385 0.53238 0.0225151
Normal: -1 0 0
UV: 0.299498 0.945495

Position: -5.67385 0.531772 4.50101
Normal: -1 0 0
UV: 0.401298 0.945492

Position: -5.67385 0 4.501
Normal: -1 0 0
UV: 0.401298 0.987236

Position: -5.67385 0.53238 -4.53542
Normal: -1 0 0
UV: 0.273718 0.876765

Position: -5.67385 4.24581 -4.53543
Normal: -1 0 0
UV: 0.273718 0.546657

Position: -5.67385 0 -4.53542
Normal: -1 0 0
UV: 0.195892 0.987236

Position: -5.67385 0.53238 -4.53542
Normal: -1 0 0
UV: 0.195892 0.945492

Position: -5.69935 1.74907 3.73325
Normal: -1 0 1.00629e-007
UV: 0.819382 -0.817997

Position: -5.69935 3.79091 1.36398
Normal: -1 0 1.00629e-007
UV: 0.998622 -0.997403

Position: -5.69935 3.79091 3.73325
Normal: -1 0 1.00629e-007
UV: 0.819382 -0.997402

Position: -5.69935 1.74907 1.36398
Normal: -1 0 1.00629e-007
UV: 0.998622 -0.817997

Position: -5.69935 3.79091 -1.37446
Normal: -1 0 -1.00629e-007
UV: 0.998622 -0.997403

Position: -5.69935 1.74907 -3.74373
Normal: -1 0 -1.00629e-007
UV: 0.819382 -0.817997

Position: -5.69935 3.79091 -3.74373
Normal: -1 0 -1.00629e-007
UV: 0.819382 -0.997402

Position: -5.69935 1.74907 -1.37445
Normal: -1 0 -1.00629e-007
UV: 0.998622 -0.817997

Position: -1.94852 1.74907 -4.31375
Normal: -0 0 -1
UV: 0.81938 -0.817995

Position: -4.31779 3.79091 -4.31375
Normal: -0 0 -1
UV: 0.998623 -0.997405

Position: -4.3178 1.74907 -4.31375
Normal: -0 0 -1
UV: 0.998623 -0.817995

Position: -1.94852 3.79091 -4.31375
Normal: -0 0 -1
UV: 0.81938 -0.997405

Position: -4.90435 0.528091 -4.53543
Normal: -1.28554e-005 -8.99268e-007 -1
UV: 0.208479 0.945286

Position: -5.67385 0 -4.53542
Normal: -1.28554e-005 -8.99268e-007 -1
UV: 0.202732 0.997805

Position: -4.90436 5.82077e-008 -4.53543
Normal: -1.28554e-005 -8.99268e-007 -1
UV: 0.208479 0.997805

Position: -5.67385 0.53238 -4.53542
Normal: -1.28554e-005 -8.99268e-007 -1
UV: 0.202732 0.945259

Position: -0.957058 0.53238 -4.31375
Normal: -0 0 -1
UV: -0.00818391 0.854574

Position: -0.957058 3.93415 -4.31375
Normal: -0 0 -1
UV: -0.00818391 0.554231

Position: -4.90435 4.27424 -4.53543
Normal: 1 0 0
UV: 0.389291 0.54652

Position: -4.90435 3.93415 -4.31375
Normal: 1 0 0
UV: 0.39808 0.576433

Position: -4.90435 4.27424 -4.31375
Normal: 1 0 0
UV: 0.39808 0.54652

Position: -4.90435 4.27424 -4.31375
Normal: -0 0 -1
UV: 0.309386 0.542576

Position: -0.957058 3.93415 -4.31375
Normal: -0 0 -1
UV: 0.389972 0.578616

Position: -4.90435 3.93415 -4.31375
Normal: -0 0 -1
UV: 0.309386 0.578615

Position: -0.957058 3.93415 -4.31375
Normal: -0 0 -1
UV: 0.289693 0.578139

Position: -4.90435 3.93415 -4.31375
Normal: -0 0 -1
UV: 0.37028 0.578139

Position: -1.94852 3.79091 -4.31375
Normal: -0 0 -1
UV: 0.309935 0.590776

Position: -4.31779 3.79091 -4.31375
Normal: -0 0 -1
UV: 0.358305 0.590776

Position: -4.90436 0.53238 -4.31375
Normal: 1.12005e-007 0 -1
UV: 0.37028 0.878249

Position: -4.3178 1.74907 -4.31375
Normal: 1.12005e-007 0 -1
UV: 0.358305 0.77091

Position: -0.957058 0.53238 -4.31375
Normal: -0 0 -1
UV: 0.289693 0.878249

Position: -1.94852 1.74907 -4.31375
Normal: -0 0 -1
UV: 0.309935 0.77091

Position: -4.90436 0.53238 -4.31375
Normal: 1 0 0
UV: 0.209718 0.945266

Position: -4.90436 5.82077e-008 -4.53543
Normal: 1 0 0
UV: 0.20093 0.99751

Position: -4.90436 5.96046e-008 -4.31375
Normal: 1 0 0
UV: 0.209718 0.99751

Position: -4.90435 0.528091 -4.53543
Normal: 1 -4.07317e-006 6.50543e-006
UV: 0.20093 0.945305

Position: -0.957058 5.96046e-008 -4.31375
Normal: -0 0 -1
UV: 0.209975 0.997546

Position: -0.957058 0.53238 -4.31375
Normal: -0 0 -1
UV: 0.209984 0.945403

Position: -4.90436 5.96046e-008 -4.31375
Normal: -0 0 -1
UV: 0.209983 0.997546

Position: -0.957058 5.96046e-008 -4.31375
Normal: -0 0 -1
UV: 0.0397818 0.997546

Position: -0.957058 0.53238 -4.31375
Normal: -0 0 -1
UV: 0.0397813 0.945403

Position: -4.90436 0.53238 -4.31375
Normal: -0 0 -1
UV: 0.209984 0.945403

Position: -4.90436 0.53238 4.50102
Normal: -6.6356e-008 1 0
UV: -0.580203 0.67081

Position: -1.31133 0.53238 7.38808
Normal: -6.6356e-008 1 0
UV: -0.420152 0.989095

Position: -4.90436 0.53238 7.38808
Normal: -6.6356e-008 1 0
UV: -0.580203 0.989095

Position: -0.957062 0.53238 4.27933
Normal: -0 1 1.08987e-006
UV: -0.404371 0.64637

Position: -4.90436 0.53238 4.27933
Normal: -0 1 1.08987e-006
UV: -0.580203 0.64637

Position: -1.31133 0.35492 7.90518
Normal: -0 0 1
UV: 0.956568 0.870067

Position: -1.31133 0.17746 7.90518
Normal: -0 0 1
UV: 0.956568 0.870067

Position: -1.31133 0.35492 7.90518
Normal: -0 1 0
UV: 0.917514 0.870067

Position: -1.31133 0.35492 7.38808
Normal: -0 1 0
UV: 0.932035 0.870067

Position: -1.31133 0.17746 8.42229
Normal: -0 1 0
UV: 0.917514 0.870067

Position: -1.31133 0.17746 7.90518
Normal: -0 1 0
UV: 0.932035 0.870067

Position: -1.31133 0 8.42229
Normal: -0 0 1
UV: 0.956568 0.870067

Position: -1.31133 0.17746 8.42229
Normal: -0 0 1
UV: 0.956568 0.870067

Position: -1.31133 0 8.42229
Normal: -1 -1.9486e-005 -6.76227e-006
UV: 0.977856 0.902544

Position: -1.31133 0.17746 7.90518
Normal: -1 -1.9486e-005 -6.76227e-006
UV: 0.983556 0.931683

Position: -1.31133 0.17746 8.42229
Normal: -1 -1.9486e-005 -6.76227e-006
UV: 0.983556 0.902544

Position: -1.31132 0 7.38808
Normal: -1 -1.9486e-005 -6.76227e-006
UV: 0.977856 0.960821

Position: -1.31133 0.35492 7.38808
Normal: -1 -2.9229e-005 -1.01434e-005
UV: 0.989256 0.960821

Position: -1.31133 0.35492 7.90518
Normal: -1 0 0
UV: 0.989256 0.931683

Position: -1.31133 0.35492 7.38808
Normal: -0 0 1
UV: 0.956568 0.870067

Position: -1.31133 0.53238 7.38808
Normal: -0 0 1
UV: 0.956568 0.870067

Position: -4.90435 2.14485 7.42172
Normal: -0 0 1
UV: 0.244582 -0.254389

Position: -3.49259 2.14485 7.42172
Normal: -0 0 1
UV: 0.194455 -0.254389

Position: -4.90435 0.53238 7.42172
Normal: -0 0 1
UV: 0.244582 -0.066251

Position: -3.49259 0.53238 7.42172
Normal: -0 0 1
UV: 0.194455 -0.066251

Position: -1.31132 2.36007 7.6434
Normal: -0 0 1
UV: -0.760176 0.718735

Position: -1.31132 0 7.6434
Normal: -0 0 1
UV: -0.760177 0.995464

Position: -2.08083 2.36007 7.6434
Normal: -0 0 1
UV: -0.850393 0.718736

Position: -2.08083 0 7.6434
Normal: -0 0 1
UV: -0.850406 0.995464

Position: -2.08083 2.14485 7.42172
Normal: -1 0 0
UV: -0.734811 0.74397

Position: -2.08083 2.14485 6.87389
Normal: -1 0 0
UV: -0.670575 0.74397

Position: -2.08083 2.36007 6.87389
Normal: -1 0 0
UV: -0.670586 0.718737

Position: -2.08083 0 7.6434
Normal: -1 0 0
UV: -0.760804 0.995464

Position: -2.08083 0.53238 7.42172
Normal: -1 0 0
UV: -0.734811 0.93304

Position: -1.31132 2.36007 7.6434
Normal: 1 0 0
UV: -0.760176 0.718735

Position: -1.31132 0.53238 6.87389
Normal: 1 0 0
UV: -0.669948 0.93304

Position: -1.31132 0 7.6434
Normal: 1 0 0
UV: -0.760177 0.995464

Position: -1.31132 2.36007 6.87389
Normal: 1 0 0
UV: -0.66996 0.718736

Position: -2.08083 2.36007 6.87389
Normal: -0 0 -1
UV: 0.256402 0.69423

Position: -2.08083 0.53238 6.87389
Normal: -0 0 -1
UV: 0.276284 0.694228

Position: -1.31132 0.53238 6.87389
Normal: -0 0 -1
UV: 0.276284 0.715764

Position: -1.31132 2.36007 6.87389
Normal: -0 0 -1
UV: 0.256402 0.715761

Position: -4.90435 2.14485 6.87389
Normal: -0 1 0
UV: 0.129736 -0.277359

Position: -3.49259 2.14485 6.87389
Normal: -0 1 0
UV: 0.179864 -0.277359

Position: -4.90435 2.14485 7.42172
Normal: -0 1 0
UV: 0.129736 -0.277359

Position: -3.49259 2.14485 7.42172
Normal: -0 1 0
UV: 0.179864 -0.277359

Position: -2.08083 2.36007 7.6434
Normal: -1 1.0797e-006 0
UV: -0.760793 0.718736

Position: -3.49259 2.98023e-008 7.42172
Normal: -0 -8.95671e-007 1
UV: 0.194455 -0.00550127

Position: -4.90435 5.96046e-008 7.42172
Normal: -0 -8.95671e-007 1
UV: 0.244582 -0.00550115

Position: -2.08083 0 7.42172
Normal: -1 0 0
UV: -0.734811 0.995464

Position: -2.08083 0 7.42172
Normal: 3.17219e-007 -1.79134e-006 1
UV: 0.244582 -0.00550127

Position: -2.08083 0.53238 7.42172
Normal: 3.17218e-007 -1.79134e-006 1
UV: 0.244582 -0.066251

Position: -2.08083 2.14485 7.42172
Normal: -0 0 1
UV: 0.244582 -0.254389

Position: -2.08083 2.14485 7.42172
Normal: -0 1 0
UV: 0.129736 -0.277359

Position: -2.08083 2.14485 6.87389
Normal: -0 1 0
UV: 0.129736 -0.277359

Position: -2.08083 2.36007 7.6434
Normal: -0 1 0
UV: 0.207649 0.722332

Position: -1.31132 2.36007 6.87389
Normal: -0 1 0
UV: 0.197266 0.722332

Position: -1.31132 2.36007 7.6434
Normal: -0 1 0
UV: 0.197263 0.722332

Position: -2.08083 2.36007 6.87389
Normal: -0 1 0
UV: 0.207647 0.722332

Position: -4.90435 2.36007 7.6434
Normal: -0 0 1
UV: -0.760176 0.718735

Position: -4.90435 0 7.6434
Normal: -0 0 1
UV: -0.760177 0.995464

Position: -5.67385 2.36007 7.6434
Normal: -0 0 1
UV: -0.850393 0.718736

Position: -5.67385 0 7.6434
Normal: -0 0 1
UV: -0.850406 0.995464

Position: -5.67385 0 7.6434
Normal: -1 0 0
UV: -0.760804 0.995464

Position: -5.67385 0 6.87389
Normal: -1 0 0
UV: -0.670883 0.995121

Position: -5.67385 2.14485 6.87389
Normal: -1 0 0
UV: -0.670582 0.74397

Position: -4.90435 0 7.6434
Normal: 1 0 0
UV: -0.760177 0.995464

Position: -4.90435 2.36007 7.6434
Normal: 1 0 0
UV: -0.760176 0.718735

Position: -4.90435 2.36007 6.87389
Normal: 1 0 0
UV: -0.66996 0.718736

Position: -4.90435 0 6.87389
Normal: 1 0 0
UV: -0.66996 0.99546

Position: -5.67385 2.36007 6.87389
Normal: -0 0 -1
UV: -0.638227 0.718736

Position: -5.67385 0 6.87389
Normal: -0 0 -1
UV: -0.637611 0.995464

Position: -4.90435 0 6.87389
Normal: -0 0 -1
UV: -0.72784 0.995464

Position: -4.90435 2.36007 6.87389
Normal: -0 0 -1
UV: -0.727827 0.718736

Position: -5.67385 2.36007 6.87389
Normal: -1 0 0
UV: -0.670586 0.718737

Position: -5.67385 2.36007 7.6434
Normal: -1 0 0
UV: -0.760793 0.718736

Position: -5.67385 2.36007 7.6434
Normal: -0 1 0
UV: 0.207649 0.722332

Position: -4.90435 2.36007 6.87389
Normal: -0 1 0
UV: 0.197266 0.722332

Position: -4.90435 2.36007 7.6434
Normal: -0 1 0
UV: 0.197263 0.722332

Position: -5.67385 2.36007 6.87389
Normal: -0 1 0
UV: 0.207647 0.722332

Position: -1.50925 4.27424 7.44547
Normal: -0 0 1
UV: -0.0673202 0.873816

Position: -1.8829 2.36007 7.44547
Normal: -0 0 1
UV: -0.0822924 0.988626

Position: -1.8829 4.27424 7.44547
Normal: -0 0 1
UV: -0.0822924 0.873816

Position: -1.50925 2.36007 7.44547
Normal: -0 0 1
UV: -0.0673202 0.988626

Position: -1.50925 2.36007 7.07182
Normal: -0 0 -1
UV: -0.0255147 0.988626

Position: -1.8829 4.27424 7.07182
Normal: -0 0 -1
UV: -0.0102043 0.873816

Position: -1.8829 2.36007 7.07182
Normal: -0 0 -1
UV: -0.0102043 0.988626

Position: -1.50925 4.27424 7.07182
Normal: -0 0 -1
UV: -0.0255147 0.873816

Position: -1.50925 4.27424 7.07182
Normal: 1 0 0
UV: -0.0393568 0.873816

Position: -1.50925 2.36007 7.44547
Normal: 1 0 0
UV: -0.0551744 0.988626

Position: -1.50925 4.27424 7.44547
Normal: 1 0 0
UV: -0.0551744 0.873816

Position: -1.50925 2.36007 7.07182
Normal: 1 0 0
UV: -0.0393569 0.988626

Position: -1.8829 4.27424 7.44547
Normal: -1 0 0
UV: -0.0381219 0.873816

Position: -1.8829 2.36007 7.44547
Normal: -1 0 0
UV: -0.0381219 0.988626

Position: -1.8829 2.36007 7.07182
Normal: -1 0 0
UV: -0.0563062 0.988626

Position: -1.8829 4.27424 7.07182
Normal: -1 0 0
UV: -0.0563062 0.873816

Position: -5.10228 4.27424 7.44547
Normal: -0 0 1
UV: -0.0673202 0.873816

Position: -5.47592 2.36007 7.44547
Normal: -0 0 1
UV: -0.0822924 0.988626

Position: -5.47592 4.27424 7.44547
Normal: -0 0 1
UV: -0.0822924 0.873816

Position: -5.10228 2.36007 7.44547
Normal: -0 0 1
UV: -0.0673202 0.988626

Position: -5.10228 2.36007 7.07182
Normal: -0 0 -1
UV: -0.0255147 0.988626

Position: -5.47592 4.27424 7.07182
Normal: -0 0 -1
UV: -0.0102043 0.873816

Position: -5.47592 2.36007 7.07182
Normal: -0 0 -1
UV: -0.0102043 0.988626

Position: -5.10228 4.27424 7.07182
Normal: -0 0 -1
UV: -0.0255147 0.873816

Position: -5.10228 4.27424 7.07182
Normal: 1 0 0
UV: -0.0393568 0.873816

Position: -5.10228 2.36007 7.44547
Normal: 1 0 0
UV: -0.0551744 0.988626

Position: -5.10228 4.27424 7.44547
Normal: 1 0 0
UV: -0.0551744 0.873816

Position: -5.10228 2.36007 7.07182
Normal: 1 0 0
UV: -0.0393569 0.988626

Position: -5.47592 4.27424 7.44547
Normal: -1 0 0
UV: -0.0381219 0.873816

Position: -5.47592 2.36007 7.44547
Normal: -1 0 0
UV: -0.0381219 0.988626

Position: -5.47592 2.36007 7.07182
Normal: -1 0 0
UV: -0.0563062 0.988626

Position: -5.47592 4.27424 7.07182
Normal: -1 0 0
UV: -0.0563062 0.873816

Position: -5.58594 0.53238 5.73013
Normal: -1 0 0
UV: 0.299235 -0.0701592

Position: -5.58594 0.53238 4.50102
Normal: -1 0 0
UV: 0.371518 -0.0689769

Position: -5.58594 2.14485 5.73013
Normal: -1 0 0
UV: 0.299235 -0.280473

Position: -5.58594 2.14485 4.50102
Normal: -1 0 0
UV: 0.371518 -0.280346

Position: -5.58594 2.14485 5.73013
Normal: -0 1 0
UV: 0.153844 -0.277359

Position: -5.58594 2.14485 4.50102
Normal: -0 1 0
UV: 0.129736 -0.277359

Position: -5.03811 2.14485 5.73013
Normal: -0 1 0
UV: 0.153844 -0.277359

Position: -5.03811 2.14485 4.50102
Normal: -0 1 0
UV: 0.129736 -0.277359

Position: -5.58594 2.98023e-008 5.73013
Normal: -1 -1.45742e-006 1.93975e-007
UV: 0.299235 -0.00564075

Position: -5.58594 5.96046e-008 4.50102
Normal: -1 -1.45742e-006 1.93975e-007
UV: 0.371518 -0.00550115

Position: -5.58594 0 6.87389
Normal: -1 -7.83095e-007 0
UV: 0.374123 -0.005512

Position: -5.58594 0.53238 6.87389
Normal: -1 -7.83095e-007 0
UV: 0.374123 -0.0695666

Position: -5.58594 2.14485 6.87389
Normal: -1 0 0
UV: 0.374123 -0.280342

Position: -5.58594 2.14485 6.87389
Normal: -0 1 0
UV: 0.127132 -0.277359

Position: -5.03811 2.14485 6.87389
Normal: -0 1 0
UV: 0.127132 -0.277359

Position: -5.91057 8.45261 1.39077e-007
Normal: 1.49448e-007 0.855336 0.518073
UV: 0.128316 0.0329679

Position: -5.91057 6.62576 3.01612
Normal: 1.49448e-007 0.855336 0.518073
UV: 0.128316 0.127735

Position: -5.91057 6.24248 3.01612
Normal: -6.78744e-009 0 1
UV: 0.377401 0.724338

Position: -5.91057 6.62576 3.01612
Normal: -6.78744e-009 0 1
UV: 0.377401 0.759769

Position: -5.67385 7.19812 0.0225122
Normal: -1 1.97135e-007 0
UV: 0.909002 -0.997405

Position: -5.67385 5.15628 -1.16212
Normal: -1 1.97135e-007 0
UV: 0.81938 -0.817995

Position: -5.67385 7.19812 -1.16212
Normal: -1 1.97135e-007 0
UV: 0.81938 -0.997405

Position: -5.67385 5.15628 0.0225151
Normal: -1 1.97135e-007 0
UV: 0.909002 -0.817995

Position: -5.67385 7.19812 1.20715
Normal: -1 2.05637e-007 0
UV: 0.998623 -0.997405

Position: -5.67385 5.15628 1.20715
Normal: -1 2.05637e-007 0
UV: 0.998623 -0.817995

Position: -5.91057 6.24248 2.71992
Normal: -0.007024 -0.808499 -0.588456
UV: 0.269517 0.870632

Position: -5.91057 4.59061 4.98665
Normal: -0.007024 -0.808499 -0.588456
UV: 0.269517 0.870632

Position: -5.67385 4.59061 4.98665
Normal: -0.007024 -0.808499 -0.588456
UV: 0.269517 0.870632

Position: -5.67385 6.23836 2.71992
Normal: -0.007024 -0.808499 -0.588456
UV: 0.269517 0.870632

Position: -5.67385 4.59061 0.0225151
Normal: -1 0 0
UV: 0.0614811 1.07614

Position: -5.67385 4.59061 4.98665
Normal: -1 0 0
UV: 0.0614811 1.08929

Position: -5.67385 4.2449 4.98665
Normal: -1 0 0
UV: 0.0623967 1.08929

Position: -5.67385 4.2449 0.0225151
Normal: -1 0 0
UV: 0.0623967 1.07614

Position: -5.67385 4.59061 -4.99712
Normal: -1 0 0
UV: 0.0614811 1.06285

Position: -5.67385 4.2449 -4.99712
Normal: -1 0 0
UV: 0.0623967 1.06285

Position: -5.67385 5.15628 -1.16212
Normal: -1 0 0
UV: 0.325047 0.822017

Position: -5.67385 4.59061 -4.99712
Normal: -1 0 0
UV: 0.352629 0.878656

Position: -5.67385 6.23836 -2.73039
Normal: -1 0 0
UV: 0.336316 0.714271

Position: -5.67385 7.19812 1.20715
Normal: -1 0 0
UV: 0.307983 0.618549

Position: -5.67385 6.58407 2.71992
Normal: -1 0 0
UV: 0.297093 0.679781

Position: -5.67385 6.23836 2.71992
Normal: -1 0 0
UV: 0.297122 0.714506

Position: -5.67385 5.15628 1.20715
Normal: -1 0 0
UV: 0.308003 0.822002

Position: -5.67385 7.19812 -1.16212
Normal: -1 0 0
UV: 0.325022 0.618646

Position: -5.67385 6.58407 -2.73039
Normal: -1 0 0
UV: 0.336316 0.679781

Position: -5.67385 8.23183 2.68221e-007
Normal: -1 -4.86741e-007 0
UV: 0.316678 0.515396

Position: -5.67385 7.19812 0.0225122
Normal: -1 -4.86741e-007 0
UV: 0.316505 0.618562

Position: -5.67385 4.2449 7.87755
Normal: -1 0 0
UV: 0.128316 0.0329679

Position: -5.67385 4.2449 4.98665
Normal: -1 0 0
UV: 0.128316 0.0329679

Position: -5.67385 4.59061 7.87755
Normal: -1 0 0
UV: 0.128316 0.0803512

Position: -5.67385 4.59061 4.98665
Normal: -1 0 0
UV: 0.128316 0.127735

Position: -5.67385 4.59061 4.98665
Normal: -0 -1 0
UV: 0.128316 0.127735

Position: -5.91057 4.59061 4.98665
Normal: -0 -1 0
UV: 0.104624 0.127735

Position: -5.91057 4.59061 7.96228
Normal: -0 -1 0
UV: 0.128316 0.127735

Position: -5.91057 8.23183 2.68221e-007
Normal: -0 -0.855293 -0.518144
UV: 0.269517 0.870632

Position: -5.91057 6.58407 2.71992
Normal: -0 -0.855293 -0.518144
UV: 0.269517 0.870632

Position: -5.67385 6.58407 2.71992
Normal: -0 -0.855293 -0.518144
UV: 0.269517 0.870632

Position: -5.67385 8.23183 2.68221e-007
Normal: -0 -0.855293 -0.518144
UV: 0.269517 0.870632

Position: -5.91057 6.58407 -2.73039
Normal: -0 -0.856173 0.516689
UV: 0.269517 0.870632

Position: -5.91057 8.23183 2.68221e-007
Normal: -0 -0.856173 0.516689
UV: 0.269517 0.870632

Position: -5.67385 8.23183 2.68221e-007
Normal: -0 -0.856173 0.516689
UV: 0.269517 0.870632

Position: -5.67385 6.58407 -2.73039
Normal: -0 -0.856173 0.516689
UV: 0.269517 0.870632

Position: -5.91057 8.45261 1.39077e-007
Normal: -1 -1.8812e-007 0
UV: 0.272505 0.742527

Position: -5.91057 6.58407 2.71992
Normal: -1 -1.8812e-007 0
UV: 0.272505 0.742527

Position: -5.91057 8.23183 2.68221e-007
Normal: -1 -1.8812e-007 0
UV: 0.272505 0.742527

Position: -5.91057 6.62576 3.01612
Normal: -1 -1.8812e-007 0
UV: 0.272505 0.742527

Position: -5.91057 6.58407 -2.73039
Normal: -1 -1.22075e-006 0
UV: 0.272505 0.742527

Position: -5.91057 6.62576 -3.01612
Normal: -1 -1.22075e-006 0
UV: 0.272505 0.742527

Position: -5.91057 6.24248 -3.01961
Normal: -1 9.82882e-007 0
UV: 0.272505 0.742527

Position: -5.91057 6.24248 -2.73039
Normal: -1 9.82882e-007 0
UV: 0.272505 0.742527

Position: -5.67385 6.58407 -2.73039
Normal: -2.86214e-007 0 1
UV: 0.269517 0.870632

Position: -5.91057 6.24248 -2.73039
Normal: -2.86214e-007 0 1
UV: 0.269517 0.870632

Position: -5.91057 6.58407 -2.73039
Normal: -2.86214e-007 0 1
UV: 0.269517 0.870632

Position: -5.67385 6.23836 -2.73039
Normal: -2.86214e-007 0 1
UV: 0.269517 0.870632

Position: -5.91057 6.24248 3.01612
Normal: -1 0 0
UV: 0.272505 0.742527

Position: -5.91057 6.24248 2.71992
Normal: -1 0 0
UV: 0.272505 0.742527

Position: -5.91057 6.24248 2.71992
Normal: 7.32708e-007 0 -1
UV: 0.269517 0.870632

Position: -5.67385 6.58407 2.71992
Normal: 7.32708e-007 0 -1
UV: 0.269517 0.870632

Position: -5.91057 6.58407 2.71992
Normal: 7.32708e-007 0 -1
UV: 0.269517 0.870632

Position: -5.67385 6.23836 2.71992
Normal: 7.32708e-007 0 -1
UV: 0.269517 0.870632

Position: -5.91057 6.24248 3.01612
Normal: -1 0 0
UV: 0.276323 0.733729

Position: -5.91057 4.59061 4.98665
Normal: -1 0 0
UV: 0.276323 0.733729

Position: -5.91057 6.24248 2.71992
Normal: -1 0 0
UV: 0.276323 0.733729

Position: -5.91057 4.83682 4.98665
Normal: -1 0 0
UV: 0.276323 0.733729

Position: -5.91057 4.83682 7.96228
Normal: -1 0 0
UV: 0.276323 0.733729

Position: -5.91057 4.59061 7.96228
Normal: -1 0 0
UV: 0.276323 0.733729

Position: -5.67385 4.59061 7.87755
Normal: -0 -1 0
UV: 0.128316 0.0803512

Position: -5.67385 4.59061 -4.99712
Normal: -0 0 -1
UV: 0.128316 0.127735

Position: -5.67385 4.2449 -4.99712
Normal: -0 0 -1
UV: 0.128316 0.0329679

Position: -5.67385 4.2449 0.0225151
Normal: -0 -1 0
UV: 0.128316 0.0800879

Position: -5.67385 4.2449 -4.99712
Normal: -0 -1 0
UV: 0.128316 0.127735

Position: -5.67385 4.2449 4.98665
Normal: -0 -1 0
UV: 0.128316 0.127735

Position: -5.67385 4.2449 0.0225151
Normal: -0 -1 0
UV: 0.128316 0.0806147

Position: -5.67385 4.2449 4.98665
Normal: -0 -1 0
UV: 0.128316 0.0329679

Position: -5.67385 4.2449 7.87755
Normal: -0 -1 0
UV: 0.128316 0.0329679

Position: -5.67385 4.2449 7.87755
Normal: -0 0 1
UV: 0.128316 0.0329679

Position: -5.67385 4.59061 7.87755
Normal: -0 0 1
UV: 0.128316 0.0803512

Position: -5.91057 4.59061 7.96228
Normal: -0 0 1
UV: 0.178942 0.721603

Position: -5.91057 4.83682 7.96228
Normal: -0 0 1
UV: 0.178941 0.721603

Position: -5.91057 4.83682 4.98665
Normal: -0 1 0
UV: 0.0809326 0.127735

Position: -5.91057 4.83682 7.96228
Normal: -0 1 0
UV: 0.0809326 0.127735

Position: -5.91057 6.24248 3.01612
Normal: -0 0.814096 0.58073
UV: 0.0809326 0.0329679

Position: -5.91057 4.83682 4.98665
Normal: -0 0.814096 0.58073
UV: 0.0809326 0.127735

Position: -5.67385 4.59061 4.98665
Normal: -1 -1.37093e-006 0
UV: 0.280857 0.878421

Position: -5.67385 4.59061 0.0225151
Normal: -1 -1.37093e-006 0
UV: 0.316507 0.878527

Position: -5.67385 5.15628 0.0225151
Normal: -1 -1.37093e-006 0
UV: 0.316521 0.82198

Position: -5.91057 8.45261 1.39077e-007
Normal: 5.71964e-008 0.855337 -0.518073
UV: 0.128316 0.0329679

Position: -5.91057 6.62576 -3.01612
Normal: 5.71964e-008 0.855337 -0.518073
UV: 0.128316 0.127735

Position: -5.91057 6.24248 -3.01961
Normal: 0.000295304 0.00455387 -0.99999
UV: 0.377401 0.724338

Position: -0 6.24248 -3.01612
Normal: 0.000295304 0.00455387 -0.99999
UV: 0.282635 0.724338

Position: -0 6.62576 -3.01612
Normal: 0.000295304 0.00455387 -0.99999
UV: 0.282635 0.759769

Position: -5.91057 6.62576 -3.01612
Normal: 0.000295304 0.00455387 -0.99999
UV: 0.377401 0.759769

Position: -5.91057 4.59061 -4.99712
Normal: 9.43735e-010 0 -1
UV: 0.130293 0.12773

Position: -5.91057 4.83682 -4.99712
Normal: 9.43735e-010 0 -1
UV: 0.130293 0.122838

Position: -5.91057 6.24248 -3.01961
Normal: 0.000171014 0.815307 -0.579029
UV: 0.104596 0.0472265

Position: -0 4.83682 -4.99712
Normal: 0.000171014 0.815307 -0.579029
UV: 0.0602828 0.124059

Position: -0 6.24248 -3.01612
Normal: 0.000171014 0.815307 -0.579029
UV: 0.104596 0.124059

Position: -5.91057 4.83682 -4.99712
Normal: 0.000171014 0.815307 -0.579029
UV: 0.0602828 0.0472265

Position: -5.91057 6.24248 -3.01961
Normal: -1 0 0
UV: 0.276323 0.733729

Position: -5.91057 4.59061 -4.99712
Normal: -1 0 0
UV: 0.276323 0.733729

Position: -5.91057 4.83682 -4.99712
Normal: -1 0 0
UV: 0.276323 0.733729

Position: -5.91057 6.24248 -2.7304
Normal: -1 0 0
UV: 0.276323 0.733729

Position: -5.67385 6.24248 -2.7304
Normal: 7.18203e-007 -0.808169 0.58895
UV: 0.284167 0.757334

Position: -5.67385 4.59061 -4.99712
Normal: 7.18203e-007 -0.808169 0.58895
UV: 0.29587 0.757334

Position: -5.91057 6.24248 -2.7304
Normal: 7.18203e-007 -0.808169 0.58895
UV: 0.284166 0.761149

Position: -5.91057 4.59061 -4.99712
Normal: 7.18203e-007 -0.80817 0.58895
UV: 0.29587 0.761149

Position: 4.90436 0.525852 -4.53543
Normal: -1 -2.04526e-006 4.35542e-006
UV: 0.20093 0.945313

Position: 4.90436 5.96046e-008 -4.53543
Normal: 1.2961e-005 -4.50581e-007 -1
UV: 0.208479 0.997805

Position: 5.67385 0 -4.53542
Normal: 1.2961e-005 -4.50581e-007 -1
UV: 0.202732 0.997805

Position: 4.90436 0.525852 -4.53543
Normal: 1.2961e-005 -4.50581e-007 -1
UV: 0.208479 0.9453

Position: 5.67385 0.53238 -4.53542
Normal: 1.2961e-005 -4.50581e-007 -1
UV: 0.202732 0.945259

Position: -4.90435 0.528091 -4.53543
Normal: 1 -2.55789e-006 2.281e-006
UV: 0.389291 0.879538

Position: -4.90436 0.53238 -4.31375
Normal: 1 -2.55789e-006 2.281e-006
UV: 0.39808 0.879467

Position: -4.90435 0.528091 -4.53543
Normal: -9.96841e-006 -5.75295e-007 -1
UV: 0.269301 0.916405

Position: -5.67385 4.24581 -4.53543
Normal: -9.96841e-006 -5.75295e-007 -1
UV: 0.263554 0.583154

Position: -5.67385 0.53238 -4.53542
Normal: -9.96841e-006 -5.75295e-007 -1
UV: 0.263554 0.915792

Position: -4.90435 4.27424 -4.53543
Normal: -9.96842e-006 -5.75295e-007 -1
UV: 0.269301 0.583154

Position: 3.49259 0.434106 6.87389
Normal: -0 0 -1
UV: 0.321805 0.620972

Position: 4.90435 0.434106 6.87389
Normal: -0 0 -1
UV: 0.293104 0.620972

Position: 4.90435 2.14485 6.87389
Normal: -0 0 -1
UV: 0.293104 0.847852

Position: 3.49259 2.14485 6.87389
Normal: -0 0 -1
UV: 0.321805 0.847852

Position: 2.08083 0.434106 6.87389
Normal: -0 0 -1
UV: 0.350506 0.620972

Position: 2.08083 2.14485 6.87389
Normal: -0 0 -1
UV: 0.350506 0.847852

Position: 5.03811 0.434106 5.73013
Normal: -1 0 0
UV: 0.321919 0.845661

Position: 5.03811 2.14485 4.50102
Normal: -1 0 0
UV: 0.346907 0.618782

Position: 5.03811 2.14485 5.73013
Normal: -1 0 0
UV: 0.321919 0.618782

Position: 5.03811 0.434106 4.50102
Normal: -1 0 0
UV: 0.346907 0.845661

Position: 5.03811 0.434106 6.87389
Normal: -1 0 0
UV: 0.298666 0.845661

Position: 5.03811 2.14485 6.87389
Normal: -1 0 0
UV: 0.298666 0.618782

Position: -4.90435 0.434106 6.87389
Normal: -0 0 -1
UV: 0.350506 0.620923

Position: -3.49259 0.434106 6.87389
Normal: -0 0 -1
UV: 0.321805 0.620923

Position: -3.49259 2.14485 6.87389
Normal: -0 0 -1
UV: 0.321805 0.847802

Position: -4.90435 2.14485 6.87389
Normal: -0 0 -1
UV: 0.350506 0.847802

Position: -2.08083 0.434106 6.87389
Normal: -0 0 -1
UV: 0.293104 0.620923

Position: -2.08083 2.14485 6.87389
Normal: -0 0 -1
UV: 0.293104 0.847802

Position: -5.03811 0.434106 5.73013
Normal: 1 0 0
UV: 0.321922 0.846838

Position: -5.03811 2.14485 5.73013
Normal: 1 0 0
UV: 0.321922 0.619959

Position: -5.03811 0.434106 4.50102
Normal: 1 0 0
UV: 0.296934 0.846838

Position: -5.03811 2.14485 4.50102
Normal: 1 0 0
UV: 0.296934 0.619959

Position: -5.03811 0.434106 6.87389
Normal: 1 0 0
UV: 0.345175 0.846838

Position: -5.03811 2.14485 6.87389
Normal: 1 0 0
UV: 0.345175 0.619959

Position: -5.09496 0.53238 7.38808
Normal: -0 1 0
UV: 0.604665 0.95255

Position: -4.90436 0.53238 4.50102
Normal: -0 1 0
UV: 0.444058 0.633165

Position: -4.90436 0.53238 7.38808
Normal: -0 1 0
UV: 0.444058 0.95255

Position: -5.09496 0.53238 4.50102
Normal: -0 1 0
UV: 0.604665 0.633165

Position: 5.12345 0.53238 4.50102
Normal: -0 1 0
UV: 0.604665 0.633165

Position: 5.12345 0.53238 7.38808
Normal: -0 1 0
UV: 0.604665 0.95255

Position: 4.90436 0.53238 7.38808
Normal: -0 1 0
UV: 0.444058 0.95255

Position: 4.90436 0.53238 4.50102
Normal: -0 1 0
UV: 0.444058 0.633165

Position: 4.90436 0.531395 4.50102
Normal: 1.16602e-005 -3.14036e-006 1
UV: 0.269301 0.94434

Position: 5.67385 0.531491 4.50101
Normal: 1.16602e-005 -3.14036e-006 1
UV: 0.263554 0.944409

Position: 5.67385 0 4.501
Normal: 1.16602e-005 -3.14036e-006 1
UV: 0.263554 0.991025

Position: 4.90436 5.96046e-008 4.50102
Normal: 1.16602e-005 -3.14036e-006 1
UV: 0.269301 0.991025

Position: -4.90436 0.529959 4.50102
Normal: -1.1746e-005 -3.14378e-006 1
UV: 0.269301 0.944466

Position: -5.67385 0 4.501
Normal: -1.1746e-005 -3.14378e-006 1
UV: 0.263554 0.991025

Position: -5.67385 0.531772 4.50101
Normal: -1.1746e-005 -3.14378e-006 1
UV: 0.263554 0.944026

Position: -4.90436 5.96046e-008 4.50102
Normal: -1.1746e-005 -3.14378e-006 1
UV: 0.269301 0.991025


[INDEX_DATA]
0 2 1
1 3 0
4 6 5
5 7 4
8 10 9
9 11 8
12 14 13
15 17 16
18 15 16
15 18 19
20 22 21
21 23 20
24 20 23
20 24 25
25 27 26
25 24 27
22 26 27
27 21 22
28 30 29
31 12 13
13 28 31
29 31 28
32 34 33
33 35 32
36 38 37
33 40 39
39 35 33
41 42 36
41 36 37
43 45 44
44 46 43
47 49 48
48 50 47
51 53 52
52 54 51
55 57 56
56 58 55
59 61 60
61 59 62
63 65 64
66 68 67
67 69 66
67 70 69
71 73 72
71 74 73
75 76 71
76 74 71
77 76 75
78 77 75
72 73 77
77 78 72
79 81 80
82 83 65
65 63 82
84 86 85
85 87 84
88 90 89
89 91 88
92 94 93
95 92 96
95 94 92
97 99 98
98 100 97
101 103 102
104 102 103
105 107 106
108 106 107
109 111 110
109 112 111
113 115 114
116 113 114
113 116 117
118 113 117
119 94 95
95 120 119
121 123 122
124 121 122
125 127 126
127 128 126
129 131 130
131 129 132
133 135 134
136 137 133
138 140 139
139 141 138
142 144 143
143 145 142
146 148 147
147 149 146
133 134 150
136 133 150
128 151 126
128 152 151
136 153 137
152 128 154
154 155 152
127 156 128
156 154 128
157 148 146
146 158 157
159 161 160
159 162 161
163 165 164
165 163 166
167 169 168
170 172 171
173 171 172
174 176 175
175 177 174
168 179 178
167 168 178
180 182 181
180 183 182
184 186 185
186 187 185
188 190 189
190 191 189
192 194 193
195 193 194
196 198 197
197 199 196
200 202 201
202 203 201
204 206 205
206 207 205
208 210 209
211 209 210
212 214 213
213 215 212
216 218 217
217 218 219
220 222 221
221 223 220
224 216 225
216 224 218
225 227 226
227 225 216
227 216 228
228 216 217
229 230 220
230 222 220
231 233 232
232 234 231
235 237 236
235 238 237
239 241 240
240 242 239
243 244 241
241 239 243
245 247 246
247 248 246
249 251 250
251 252 250
250 252 253
252 254 253
255 257 256
258 256 257
259 261 260
261 262 260
263 256 264
264 265 263
266 260 267
267 263 266
268 270 269
269 271 268
272 274 273
275 277 276
276 278 275
279 281 280
281 282 280
283 285 284
285 286 284
284 286 287
287 288 284
287 290 289
289 288 287
291 293 292
291 294 293
295 285 283
295 296 285
297 299 298
298 300 297
301 303 302
304 301 302
305 306 303
306 302 303
307 272 273
308 310 309
308 311 310
312 314 313
314 315 313
316 318 317
318 314 317
319 321 320
319 322 321
323 325 324
323 326 325
327 307 273
327 328 307
329 331 330
329 332 331
333 335 334
333 336 335
337 339 338
337 340 339
262 261 341
266 263 265
259 260 266
342 344 343
343 345 342
346 348 347
347 349 346
350 310 351
351 310 352
311 352 310
353 355 354
354 356 353
357 359 358
357 360 359
361 363 362
363 361 364
365 367 366
366 368 365
369 371 370
370 372 369
373 374 9
9 10 373
375 377 376
378 380 379
378 379 18
379 19 18
381 383 382
382 384 381
385 384 382
386 385 382
386 388 387
387 385 386
383 381 387
387 388 383
389 391 390
377 375 392
392 389 377
389 392 391
393 395 394
393 396 395
397 399 398
396 400 395
396 401 400
402 397 403
402 399 397
404 406 405
405 407 404
408 410 409
409 411 408
412 414 413
413 415 412
416 418 417
417 419 416
60 420 59
420 421 59
422 424 423
425 69 426
426 427 425
426 69 70
428 430 429
430 431 429
429 433 432
429 431 433
432 435 434
432 433 435
428 434 435
435 430 428
436 438 437
439 436 437
440 85 86
440 441 85
442 444 443
442 445 444
446 448 447
449 450 446
449 446 447
451 98 99
451 452 98
103 454 453
103 101 454
107 456 455
107 105 456
109 458 457
457 112 109
459 461 460
460 462 459
460 463 462
464 463 460
119 120 449
449 447 119
465 122 466
124 122 465
467 469 468
468 469 470
471 473 472
473 474 472
475 477 476
478 475 479
480 482 481
481 483 480
484 486 485
486 484 487
488 490 489
491 489 490
475 492 477
478 492 475
493 470 494
469 494 470
478 479 495
496 497 493
470 493 497
468 470 498
498 470 497
499 489 491
499 500 489
501 503 502
502 504 501
505 507 506
507 508 506
509 511 510
512 514 513
512 515 514
516 518 517
518 516 519
511 521 520
509 521 511
522 524 523
523 525 522
526 528 527
527 529 526
530 532 531
531 533 530
534 536 535
535 537 534
538 540 539
538 541 540
542 544 543
543 545 542
546 548 547
547 549 546
550 552 551
551 553 550
554 556 555
554 557 556
558 560 559
560 561 559
562 564 563
564 565 563
566 558 567
558 559 567
568 569 566
569 558 566
558 569 570
570 560 558
571 572 564
564 562 571
573 574 231
231 234 573
238 235 575
576 575 235
577 579 578
578 580 577
581 577 580
580 582 581
583 585 584
585 583 586
587 589 588
589 587 590
591 590 587
590 591 592
593 595 594
596 598 597
598 596 599
595 593 600
600 601 595
602 603 596
603 602 600
604 606 605
606 607 605
608 610 609
611 613 612
613 611 614
615 617 616
617 615 618
619 621 620
619 620 622
619 624 623
623 621 619
623 624 625
625 626 623
627 629 628
628 630 627
631 622 620
620 632 631
633 635 634
634 636 633
637 639 638
638 640 637
640 642 641
642 640 638
643 610 608
311 308 644
645 644 308
646 647 314
314 647 315
648 649 318
318 649 314
322 319 650
651 650 319
326 323 652
653 652 323
328 327 643
610 643 327
332 329 654
655 654 329
656 657 335
334 335 657
658 659 339
338 339 659
660 599 661
599 662 661
602 601 600
597 602 596
342 664 663
342 345 664
665 667 666
665 668 667
669 670 644
644 352 311
644 670 352
671 673 672
672 674 671
675 677 676
678 675 676
679 681 680
681 682 680
683 81 79
684 686 685
685 686 687
423 689 688
688 422 423
690 692 691
691 693 690
694 696 695
694 697 696
698 697 694
698 699 697
700 702 701
701 703 700
704 705 702
702 700 704
706 708 707
706 709 708
707 711 710
707 708 711
712 714 713
713 714 715
716 712 717
717 712 713
718 720 719
719 721 718
722 724 723
724 722 725
726 728 727
726 729 728
730 732 731
731 733 730
258 264 256
257 262 341
262 257 255
599 660 598
662 593 661
661 593 594

