[FBX_META_DATA]
MeshCount: 1

[MESH_DATA]
VertexCount: 1000
IndexCount: 1824
BoneCount: 0
AnimationClips: 1

[VERTEX_DATA]
Position: -5.65301 20.0433 5.98973
Normal: -0 0 1
UV: 0.762751 0.0884744

Position: -3.37187 20.0433 5.98973
Normal: -0 0 1
UV: 0.778661 0.0884138

Position: -3.37187 19.1849 5.98973
Normal: -0 0 1
UV: 0.778613 0.0759184

Position: -5.65301 19.1849 5.98973
Normal: -0 0 1
UV: 0.762703 0.075979

Position: -3.37187 20.0433 5.98973
Normal: -0 1 0
UV: 0.892459 0.00569046

Position: -5.65301 20.0433 5.98973
Normal: -0 1 0
UV: 0.752642 0.00569046

Position: -5.65301 20.0433 4.93427
Normal: -0 1 0
UV: 0.752642 0.0728931

Position: -3.37187 20.0433 4.93427
Normal: -0 1 0
UV: 0.892459 0.0728931

Position: -5.65301 19.1849 4.93427
Normal: -0 0 -1
UV: 0.762828 0.108793

Position: -3.37187 19.1849 4.93427
Normal: -0 0 -1
UV: 0.778738 0.108732

Position: -3.37187 20.0433 4.93427
Normal: -0 0 -1
UV: 0.77869 0.0962369

Position: -5.65301 20.0433 4.93427
Normal: -0 0 -1
UV: 0.76278 0.0962974

Position: -5.65301 20.0433 5.98973
Normal: -1 0 0
UV: 0.732504 0.0759823

Position: -5.65301 19.1849 5.98973
Normal: -1 0 0
UV: 0.720008 0.0760298

Position: -5.65301 20.0433 4.93427
Normal: -1 0 0
UV: 0.732532 0.0833437

Position: -5.65301 19.1849 4.93427
Normal: -1 0 0
UV: 0.720036 0.0833912

Position: -3.37187 20.0433 5.98973
Normal: 1 0 0
UV: 0.732503 0.0757712

Position: -3.37187 19.1849 4.93427
Normal: 1 0 0
UV: 0.71998 0.0684572

Position: -3.37187 19.1849 5.98973
Normal: 1 0 0
UV: 0.720007 0.0758187

Position: -3.37187 20.0433 4.93427
Normal: 1 0 0
UV: 0.732475 0.0684097

Position: -5.65301 20.0433 4.2762
Normal: -0 0 1
UV: 0.762751 0.0884744

Position: -3.37187 20.0433 4.2762
Normal: -0 0 1
UV: 0.778661 0.0884138

Position: -3.37187 19.1849 4.2762
Normal: -0 0 1
UV: 0.778613 0.0759184

Position: -5.65301 19.1849 4.2762
Normal: -0 0 1
UV: 0.762703 0.075979

Position: -3.37187 20.0433 4.2762
Normal: -0 1 0
UV: 0.892459 0.00569046

Position: -5.65301 20.0433 4.2762
Normal: -0 1 0
UV: 0.752642 0.00569046

Position: -5.65301 20.0433 3.22073
Normal: -0 1 0
UV: 0.752642 0.0728931

Position: -3.37187 20.0433 3.22073
Normal: -0 1 0
UV: 0.892459 0.0728931

Position: -5.65301 19.1849 3.22073
Normal: -0 0 -1
UV: 0.762828 0.108793

Position: -3.37187 19.1849 3.22073
Normal: -0 0 -1
UV: 0.778738 0.108732

Position: -3.37187 20.0433 3.22073
Normal: -0 0 -1
UV: 0.77869 0.0962369

Position: -5.65301 20.0433 3.22073
Normal: -0 0 -1
UV: 0.76278 0.0962974

Position: -5.65301 20.0433 4.2762
Normal: -1 0 0
UV: 0.732504 0.0759823

Position: -5.65301 19.1849 4.2762
Normal: -1 0 0
UV: 0.720008 0.0760298

Position: -5.65301 20.0433 3.22073
Normal: -1 0 0
UV: 0.732532 0.0833437

Position: -5.65301 19.1849 3.22073
Normal: -1 0 0
UV: 0.720036 0.0833912

Position: -3.37187 20.0433 4.2762
Normal: 1 0 0
UV: 0.732503 0.0757712

Position: -3.37187 19.1849 3.22073
Normal: 1 0 0
UV: 0.71998 0.0684572

Position: -3.37187 19.1849 4.2762
Normal: 1 0 0
UV: 0.720007 0.0758187

Position: -3.37187 20.0433 3.22073
Normal: 1 0 0
UV: 0.732475 0.0684097

Position: -4.76645 19.8733 2.374
Normal: 1 0 0
UV: 0.762751 0.0884744

Position: -4.76645 19.355 0.99659
Normal: 1 0 0
UV: 0.778613 0.0759184

Position: -4.76645 19.355 2.374
Normal: 1 0 0
UV: 0.762703 0.075979

Position: -4.76645 19.8733 0.99659
Normal: 1 0 0
UV: 0.778661 0.0884138

Position: -5.40377 19.8733 2.374
Normal: -0 1 0
UV: 0.752642 0.0728931

Position: -4.76645 19.8733 0.99659
Normal: -0 1 0
UV: 0.892459 0.00569046

Position: -4.76645 19.8733 2.374
Normal: -0 1 0
UV: 0.752642 0.00569046

Position: -5.40377 19.8733 0.99659
Normal: -0 1 0
UV: 0.892459 0.0728931

Position: -5.40377 19.355 2.374
Normal: -1 0 0
UV: 0.762828 0.108793

Position: -5.40377 19.8733 0.99659
Normal: -1 0 0
UV: 0.77869 0.0962369

Position: -5.40377 19.8733 2.374
Normal: -1 0 0
UV: 0.76278 0.0962974

Position: -5.40377 19.355 0.99659
Normal: -1 0 0
UV: 0.778738 0.108732

Position: -5.40377 19.8733 2.374
Normal: -0 0 1
UV: 0.732532 0.0833437

Position: -4.76645 19.8733 2.374
Normal: -0 0 1
UV: 0.732504 0.0759823

Position: -4.76645 19.355 2.374
Normal: -0 0 1
UV: 0.720008 0.0760298

Position: -5.40377 19.355 2.374
Normal: -0 0 1
UV: 0.720036 0.0833912

Position: -4.76645 19.8733 0.99659
Normal: -0 0 -1
UV: 0.732503 0.0757712

Position: -5.40377 19.355 0.99659
Normal: -0 0 -1
UV: 0.71998 0.0684572

Position: -4.76645 19.355 0.99659
Normal: -0 0 -1
UV: 0.720007 0.0758187

Position: -5.40377 19.8733 0.99659
Normal: -0 0 -1
UV: 0.732475 0.0684097

Position: 3.02905 20.0433 -3.55198
Normal: -0 0 1
UV: 0.762751 0.0884744

Position: 5.31017 20.0433 -3.55198
Normal: -0 0 1
UV: 0.778661 0.0884138

Position: 5.31017 19.1849 -3.55198
Normal: -0 0 1
UV: 0.778613 0.0759184

Position: 3.02905 19.1849 -3.55198
Normal: -0 0 1
UV: 0.762703 0.075979

Position: 3.02905 20.0433 -4.60744
Normal: -0 1 0
UV: 0.752642 0.0728931

Position: 5.31017 20.0433 -3.55198
Normal: -0 1 0
UV: 0.892459 0.00569046

Position: 3.02905 20.0433 -3.55198
Normal: -0 1 0
UV: 0.752642 0.00569046

Position: 5.31017 20.0433 -4.60744
Normal: -0 1 0
UV: 0.892459 0.0728931

Position: 3.02905 19.1849 -4.60744
Normal: -0 0 -1
UV: 0.762828 0.108793

Position: 5.31017 19.1849 -4.60744
Normal: -0 0 -1
UV: 0.778738 0.108732

Position: 5.31017 20.0433 -4.60744
Normal: -0 0 -1
UV: 0.77869 0.0962369

Position: 3.02905 20.0433 -4.60744
Normal: -0 0 -1
UV: 0.76278 0.0962974

Position: 3.02905 20.0433 -3.55198
Normal: -1 0 0
UV: 0.732504 0.0759823

Position: 3.02905 19.1849 -3.55198
Normal: -1 0 0
UV: 0.720008 0.0760298

Position: 3.02905 20.0433 -4.60744
Normal: -1 0 0
UV: 0.732532 0.0833437

Position: 3.02905 19.1849 -4.60744
Normal: -1 0 0
UV: 0.720036 0.0833912

Position: 5.31017 20.0433 -3.55198
Normal: 1 0 0
UV: 0.732503 0.0757712

Position: 5.31017 19.1849 -4.60744
Normal: 1 0 0
UV: 0.71998 0.0684572

Position: 5.31017 19.1849 -3.55198
Normal: 1 0 0
UV: 0.720007 0.0758187

Position: 5.31017 20.0433 -4.60744
Normal: 1 0 0
UV: 0.732475 0.0684097

Position: -0.428093 1.60741 -6.14563
Normal: -0 0 1
UV: 0.319823 0.404523

Position: 0.584946 1.60741 -6.14563
Normal: -0 0 1
UV: 0.317116 0.404523

Position: 0.584946 -4.1249e-008 -6.14563
Normal: -0 0 1
UV: 0.317116 0.409433

Position: -0.428093 -4.1249e-008 -6.14563
Normal: -0 0 1
UV: 0.319823 0.409433

Position: -0.428093 1.60741 -6.14563
Normal: -0 1 0
UV: 0.474133 0.388955

Position: -0.428093 1.60741 -7.21569
Normal: -0 1 0
UV: 0.474133 0.386095

Position: 0.584946 1.60741 -6.14563
Normal: -0 1 0
UV: 0.471426 0.388955

Position: 0.584946 1.60741 -7.21569
Normal: -0 1 0
UV: 0.471426 0.386095

Position: -0.428093 -4.1249e-008 -7.21569
Normal: -0 0 -1
UV: 0.341651 0.332281

Position: 0.584946 -4.1249e-008 -7.21569
Normal: -0 0 -1
UV: 0.324155 0.332281

Position: 0.584946 1.60741 -7.21569
Normal: -0 0 -1
UV: 0.324155 0.364013

Position: -0.428093 1.60741 -7.21569
Normal: -0 0 -1
UV: 0.341651 0.364013

Position: -0.428093 1.60741 -6.14563
Normal: -1 0 0
UV: 0.361852 0.249407

Position: -0.428093 -4.1249e-008 -6.14563
Normal: -1 0 0
UV: 0.361852 0.254317

Position: -0.428093 1.60741 -7.21569
Normal: -1 0 0
UV: 0.364711 0.249407

Position: -0.428093 -4.1249e-008 -7.21569
Normal: -1 0 0
UV: 0.364711 0.254317

Position: 0.584946 1.60741 -6.14563
Normal: 1 0 0
UV: 0.360974 0.252638

Position: 0.584946 -4.1249e-008 -7.21569
Normal: 1 0 0
UV: 0.358114 0.257548

Position: 0.584946 -4.1249e-008 -6.14563
Normal: 1 0 0
UV: 0.360974 0.257548

Position: 0.584946 1.60741 -7.21569
Normal: 1 0 0
UV: 0.358114 0.252638

Position: -0.0997543 1.95921 -6.49245
Normal: -0 0 1
UV: 0.624829 0.553017

Position: 0.256607 1.95921 -6.49245
Normal: -0 0 1
UV: 0.624829 0.546862

Position: 0.256607 1.57821 -6.49245
Normal: -0 0 1
UV: 0.618249 0.546862

Position: -0.0997543 1.57821 -6.49245
Normal: -0 0 1
UV: 0.618249 0.553017

Position: -0.430359 3.06875 -7.21808
Normal: -0 1 0
UV: 0.578621 0.220657

Position: 0.587212 3.06875 -6.14324
Normal: -0 1 0
UV: 0.561047 0.23922

Position: -0.430359 3.06875 -6.14324
Normal: -0 1 0
UV: 0.578621 0.23922

Position: 0.587212 3.06875 -7.21808
Normal: -0 1 0
UV: 0.561047 0.220657

Position: -0.0997543 1.57821 -6.86887
Normal: -0 0 -1
UV: 0.624727 0.590873

Position: 0.256607 1.57821 -6.86887
Normal: -0 0 -1
UV: 0.624727 0.584718

Position: 0.256607 1.95921 -6.86887
Normal: -0 0 -1
UV: 0.618147 0.584718

Position: -0.0997543 1.95921 -6.86887
Normal: -0 0 -1
UV: 0.618147 0.590873

Position: -0.0997543 1.95921 -6.49245
Normal: -1 0 0
UV: 0.624829 0.559481

Position: -0.0997543 1.57821 -6.49245
Normal: -1 0 0
UV: 0.618249 0.559481

Position: -0.0997543 1.95921 -6.86887
Normal: -1 0 0
UV: 0.624829 0.565982

Position: -0.0997543 1.57821 -6.86887
Normal: -1 0 0
UV: 0.618249 0.565982

Position: 0.256607 1.95921 -6.49245
Normal: 1 0 0
UV: 0.624727 0.5786

Position: 0.256607 1.57821 -6.86887
Normal: 1 0 0
UV: 0.618147 0.572099

Position: 0.256607 1.57821 -6.49245
Normal: 1 0 0
UV: 0.618147 0.5786

Position: 0.256607 1.95921 -6.86887
Normal: 1 0 0
UV: 0.624727 0.572099

Position: -0.430359 1.95921 -6.14324
Normal: -0 -1 -2.48459e-007
UV: 0.58846 0.392511

Position: 0.587212 1.95921 -6.14324
Normal: -0 -1 -2.48459e-007
UV: 0.570886 0.392511

Position: 0.256607 1.95921 -6.49245
Normal: -0 -1 -2.48459e-007
UV: 0.576596 0.398542

Position: -0.0997543 1.95921 -6.49245
Normal: -0 -1 -2.48459e-007
UV: 0.582751 0.398542

Position: -0.430359 1.95921 -7.21808
Normal: -0 -1 0
UV: 0.58846 0.411074

Position: -0.0997543 1.95921 -6.86887
Normal: -0 -1 0
UV: 0.582751 0.405043

Position: 0.256607 1.95921 -6.86887
Normal: -0 -1 2.48459e-007
UV: 0.576596 0.405043

Position: 0.587212 1.95921 -7.21808
Normal: -0 -1 2.48459e-007
UV: 0.570886 0.411074

Position: -0.430359 3.06875 -6.14324
Normal: -0 0 1
UV: 0.58855 0.438322

Position: 0.587212 3.06875 -6.14324
Normal: -0 0 1
UV: 0.570976 0.438322

Position: 0.587212 1.95921 -6.14324
Normal: -0 0 1
UV: 0.570976 0.438322

Position: -0.430359 1.95921 -6.14324
Normal: -0 0 1
UV: 0.58855 0.438322

Position: -0.430359 3.06875 -6.14324
Normal: -1 0 0
UV: 0.601623 0.431109

Position: -0.430359 1.95921 -6.14324
Normal: -1 0 0
UV: 0.601623 0.431109

Position: -0.430359 3.06875 -7.21808
Normal: -1 0 0
UV: 0.620187 0.431109

Position: -0.430359 1.95921 -7.21808
Normal: -1 0 0
UV: 0.620187 0.431109

Position: 0.587212 1.95921 -7.21808
Normal: -0 0 -1
UV: 0.556196 0.285415

Position: 0.587212 3.06875 -7.21808
Normal: -0 0 -1
UV: 0.556196 0.285415

Position: -0.430359 1.95921 -7.21808
Normal: -0 0 -1
UV: 0.573771 0.285415

Position: -0.430359 3.06875 -7.21808
Normal: -0 0 -1
UV: 0.573771 0.285415

Position: 0.587212 3.06875 -6.14324
Normal: 1 0 0
UV: 0.558499 0.416432

Position: 0.587212 1.95921 -7.21808
Normal: 1 0 0
UV: 0.539935 0.435595

Position: 0.587212 1.95921 -6.14324
Normal: 1 0 0
UV: 0.558499 0.435595

Position: 0.587212 3.06875 -7.21808
Normal: 1 0 0
UV: 0.539935 0.416432

Position: 6.81044 19.4413 7.58342
Normal: -0 0 1
UV: 0.225803 0.255104

Position: 6.81044 17.6416 7.58342
Normal: -0 0 1
UV: 0.225803 0.259913

Position: 5.8348 19.4413 7.58342
Normal: -0 0 1
UV: 0.228411 0.255104

Position: 5.8348 17.6416 7.58342
Normal: -0 0 1
UV: 0.228411 0.259913

Position: 6.24099 19.4413 6.97894
Normal: -0 1 9.75786e-007
UV: 0.00780514 0.525454

Position: 6.81044 19.4413 7.58342
Normal: -0 1 0
UV: 0.00741196 0.527069

Position: 5.8348 19.4413 7.58342
Normal: -0 1 2.01745e-006
UV: 0.00808558 0.527069

Position: 6.81044 19.4413 6.57254
Normal: -0 1 0
UV: 0.00741196 0.524368

Position: 6.81044 17.6416 -6.11388
Normal: -0 0 -1
UV: 0.110978 0.446727

Position: 6.81044 19.4413 -6.11388
Normal: -0 0 -1
UV: 0.107781 0.446727

Position: 5.8348 17.6416 -6.11388
Normal: -0 0 -1
UV: 0.110978 0.44846

Position: 5.8348 19.4413 -6.11388
Normal: -0 0 -1
UV: 0.107781 0.44846

Position: -6.81044 17.6416 6.57254
Normal: -1 0 0
UV: 0.265911 0.259913

Position: -6.81044 19.4413 6.57254
Normal: -1 0 0
UV: 0.265911 0.255104

Position: -6.81044 17.6416 7.58342
Normal: -1 0 0
UV: 0.263209 0.259913

Position: -6.81044 19.4413 7.58342
Normal: -1 0 0
UV: 0.263209 0.255104

Position: 6.81044 19.4413 7.58342
Normal: 1 0 0
UV: 0.337472 0.255104

Position: 6.81044 17.6416 6.57254
Normal: 1 0 0
UV: 0.33477 0.259913

Position: 6.81044 17.6416 7.58342
Normal: 1 0 0
UV: 0.337472 0.259913

Position: 6.81044 19.4413 6.57254
Normal: 1 0 0
UV: 0.33477 0.255104

Position: 6.81044 0.244987 7.58342
Normal: 1 0 0
UV: 0.479947 0.517914

Position: 6.81044 4.87691 7.58342
Normal: 1 0 0
UV: 0.392221 0.517914

Position: 6.81044 4.87691 6.57254
Normal: 1 0 0
UV: 0.392221 0.517571

Position: 6.81044 0.244987 6.57254
Normal: 1 0 0
UV: 0.479946 0.517571

Position: 6.81044 4.87691 7.58342
Normal: -0 0 1
UV: 0.392221 0.503729

Position: 6.81044 0.244987 7.58342
Normal: -0 0 1
UV: 0.479947 0.503729

Position: 5.8348 4.87691 7.58342
Normal: -0 0 1
UV: 0.392221 0.50406

Position: 5.8348 0.244987 7.58342
Normal: -0 0 1
UV: 0.479946 0.50406

Position: -6.81044 4.87691 7.58342
Normal: -1 0 0
UV: 0.392221 0.50848

Position: -6.81044 0.244987 7.58342
Normal: -1 0 0
UV: 0.479947 0.50848

Position: -6.81044 0.244987 6.57254
Normal: -1 0 0
UV: 0.479946 0.508824

Position: -6.81044 4.87691 6.57254
Normal: -1 0 0
UV: 0.392221 0.508824

Position: 5.8348 4.87691 -6.11388
Normal: 3.66943e-009 0 -1
UV: 0.392496 0.633386

Position: 5.8348 0.244987 -6.11388
Normal: -0 0 -1
UV: 0.480221 0.633386

Position: 6.81044 0.244987 -6.11388
Normal: -0 0 -1
UV: 0.480222 0.636224

Position: 6.81044 4.87691 -6.11388
Normal: -0 0 -1
UV: 0.392496 0.636224

Position: 6.81044 6.84334 7.58342
Normal: 1 0 0
UV: 0.418324 0.0904911

Position: 6.81044 5.04363 6.57254
Normal: 1 0 0
UV: 0.415622 0.0953007

Position: 6.81044 5.04363 7.58342
Normal: 1 0 0
UV: 0.418324 0.0953007

Position: 6.81044 6.84334 6.57254
Normal: 1 0 0
UV: 0.415622 0.0904911

Position: 6.81044 6.84334 7.58342
Normal: -0 0 1
UV: 0.306655 0.0904911

Position: 6.81044 5.04363 7.58342
Normal: -0 0 1
UV: 0.306655 0.0953007

Position: 5.8348 6.84334 7.58342
Normal: -0 0 1
UV: 0.309263 0.0904911

Position: 5.8348 5.04363 7.58342
Normal: -0 0 1
UV: 0.309263 0.0953007

Position: -6.81044 5.04363 6.57254
Normal: -1 0 0
UV: 0.346763 0.0953007

Position: -6.81044 6.84334 6.57254
Normal: -1 0 0
UV: 0.346763 0.0904911

Position: -6.81044 5.04363 7.58342
Normal: -1 0 0
UV: 0.344061 0.0953007

Position: -6.81044 6.84334 7.58342
Normal: -1 0 0
UV: 0.344061 0.0904911

Position: 6.81044 5.04363 -6.11388
Normal: -0 0 -1
UV: 0.412807 0.0177751

Position: 6.81044 6.84334 -6.11388
Normal: -0 0 -1
UV: 0.412807 0.0225847

Position: 5.8348 5.04363 -6.11388
Normal: 3.23485e-008 0 -1
UV: 0.415415 0.0177751

Position: 5.8348 6.84334 -6.11388
Normal: -0 0 -1
UV: 0.415415 0.0225847

Position: 6.81044 8.64305 7.58342
Normal: 1 0 0
UV: 0.337472 0.283962

Position: 6.81044 6.84334 6.57254
Normal: 1 0 0
UV: 0.33477 0.288771

Position: 6.81044 6.84334 7.58342
Normal: 1 0 0
UV: 0.337472 0.288771

Position: 6.81044 8.64305 6.57254
Normal: 1 0 0
UV: 0.33477 0.283962

Position: 6.81044 8.64305 7.58342
Normal: -0 0 1
UV: 0.225803 0.283962

Position: 6.81044 6.84334 7.58342
Normal: -0 0 1
UV: 0.225803 0.288771

Position: 5.8348 8.64305 7.58342
Normal: -0 0 1
UV: 0.228411 0.283962

Position: 5.8348 6.84334 7.58342
Normal: -0 0 1
UV: 0.228411 0.288771

Position: -6.81044 6.84334 6.57254
Normal: -1 0 0
UV: 0.265911 0.288771

Position: -6.81044 8.64305 6.57254
Normal: -1 0 0
UV: 0.265911 0.283962

Position: -6.81044 6.84334 7.58342
Normal: -1 0 0
UV: 0.263209 0.288771

Position: -6.81044 8.64305 7.58342
Normal: -1 0 0
UV: 0.263209 0.283962

Position: 6.81044 6.84334 -6.11388
Normal: -0 0 -1
UV: 0.130156 0.446727

Position: 6.81044 8.64305 -6.11388
Normal: -0 0 -1
UV: 0.12696 0.446727

Position: 5.8348 6.84334 -6.11388
Normal: -0 0 -1
UV: 0.130156 0.44846

Position: 5.8348 8.64305 -6.11388
Normal: -0 0 -1
UV: 0.12696 0.44846

Position: 6.81044 10.4428 7.58342
Normal: 1 0 0
UV: 0.418324 0.0808718

Position: 6.81044 8.64305 6.57254
Normal: 1 0 0
UV: 0.415622 0.0856814

Position: 6.81044 8.64305 7.58342
Normal: 1 0 0
UV: 0.418324 0.0856814

Position: 6.81044 10.4428 6.57254
Normal: 1 0 0
UV: 0.415622 0.0808718

Position: 6.81044 10.4428 7.58342
Normal: -0 0 1
UV: 0.306655 0.0808718

Position: 6.81044 8.64305 7.58342
Normal: -0 0 1
UV: 0.306655 0.0856814

Position: 5.8348 10.4428 7.58342
Normal: -0 0 1
UV: 0.309263 0.0808718

Position: 5.8348 8.64305 7.58342
Normal: -0 0 1
UV: 0.309263 0.0856814

Position: -6.81044 8.64305 6.57254
Normal: -1 0 0
UV: 0.346763 0.0856814

Position: -6.81044 10.4428 6.57254
Normal: -1 0 0
UV: 0.346763 0.0808718

Position: -6.81044 8.64305 7.58342
Normal: -1 0 0
UV: 0.344061 0.0856814

Position: -6.81044 10.4428 7.58342
Normal: -1 0 0
UV: 0.344061 0.0808718

Position: 6.81044 8.64305 -6.11388
Normal: -0 0 -1
UV: 0.412807 0.0273943

Position: 6.81044 10.4428 -6.11388
Normal: -0 0 -1
UV: 0.412807 0.032204

Position: 5.8348 8.64305 -6.11388
Normal: -0 0 -1
UV: 0.415415 0.0273943

Position: 5.8348 10.4428 -6.11388
Normal: -0 0 -1
UV: 0.415415 0.032204

Position: 6.81044 12.2425 7.58342
Normal: 1 0 0
UV: 0.337472 0.274342

Position: 6.81044 10.4428 6.57254
Normal: 1 0 0
UV: 0.33477 0.279152

Position: 6.81044 10.4428 7.58342
Normal: 1 0 0
UV: 0.337472 0.279152

Position: 6.81044 12.2425 6.57254
Normal: 1 0 0
UV: 0.33477 0.274342

Position: 6.81044 12.2425 7.58342
Normal: -0 0 1
UV: 0.225803 0.274342

Position: 6.81044 10.4428 7.58342
Normal: -0 0 1
UV: 0.225803 0.279152

Position: 5.8348 12.2425 7.58342
Normal: -0 0 1
UV: 0.228411 0.274342

Position: 5.8348 10.4428 7.58342
Normal: -0 0 1
UV: 0.228411 0.279152

Position: -6.81044 10.4428 6.57254
Normal: -1 0 0
UV: 0.265911 0.279152

Position: -6.81044 12.2425 6.57254
Normal: -1 0 0
UV: 0.265911 0.274342

Position: -6.81044 10.4428 7.58342
Normal: -1 0 0
UV: 0.263209 0.279152

Position: -6.81044 12.2425 7.58342
Normal: -1 0 0
UV: 0.263209 0.274342

Position: 6.81044 10.4428 -6.11388
Normal: -0 0 -1
UV: 0.123763 0.446727

Position: 6.81044 12.2425 -6.11388
Normal: -0 0 -1
UV: 0.120567 0.446727

Position: 5.8348 10.4428 -6.11388
Normal: -0 0 -1
UV: 0.123763 0.44846

Position: 5.8348 12.2425 -6.11388
Normal: -0 0 -1
UV: 0.120567 0.44846

Position: 6.81044 14.0422 7.58342
Normal: 1 0 0
UV: 0.418324 0.0712525

Position: 6.81044 12.2425 6.57254
Normal: 1 0 0
UV: 0.415622 0.0760621

Position: 6.81044 12.2425 7.58342
Normal: 1 0 0
UV: 0.418324 0.0760621

Position: 6.81044 14.0422 6.57254
Normal: 1 0 0
UV: 0.415622 0.0712525

Position: 6.81044 14.0422 7.58342
Normal: -0 0 1
UV: 0.306655 0.0712525

Position: 6.81044 12.2425 7.58342
Normal: -0 0 1
UV: 0.306655 0.0760621

Position: 5.8348 14.0422 7.58342
Normal: -0 0 1
UV: 0.309263 0.0712525

Position: 5.8348 12.2425 7.58342
Normal: -0 0 1
UV: 0.309263 0.0760621

Position: -6.81044 12.2425 6.57254
Normal: -1 0 0
UV: 0.346763 0.0760621

Position: -6.81044 14.0422 6.57254
Normal: -1 0 0
UV: 0.346763 0.0712525

Position: -6.81044 12.2425 7.58342
Normal: -1 0 0
UV: 0.344061 0.0760621

Position: -6.81044 14.0422 7.58342
Normal: -1 0 0
UV: 0.344061 0.0712525

Position: 6.81044 12.2425 -6.11388
Normal: -0 0 -1
UV: 0.412807 0.0370136

Position: 6.81044 14.0422 -6.11388
Normal: -0 0 -1
UV: 0.412807 0.0418233

Position: 5.8348 12.2425 -6.11388
Normal: -0 0 -1
UV: 0.415415 0.0370136

Position: 5.8348 14.0422 -6.11388
Normal: -0 0 -1
UV: 0.415415 0.0418233

Position: 6.81044 15.8419 7.58342
Normal: 1 0 0
UV: 0.337472 0.264723

Position: 6.81044 14.0422 6.57254
Normal: 1 0 0
UV: 0.33477 0.269533

Position: 6.81044 14.0422 7.58342
Normal: 1 0 0
UV: 0.337472 0.269533

Position: 6.81044 15.8419 6.57254
Normal: 1 0 0
UV: 0.33477 0.264723

Position: 6.81044 15.8419 7.58342
Normal: -0 0 1
UV: 0.225803 0.264723

Position: 6.81044 14.0422 7.58342
Normal: -0 0 1
UV: 0.225803 0.269533

Position: 5.8348 15.8419 7.58342
Normal: -0 0 1
UV: 0.228411 0.264723

Position: 5.8348 14.0422 7.58342
Normal: -0 0 1
UV: 0.228411 0.269533

Position: -6.81044 14.0422 6.57254
Normal: -1 0 0
UV: 0.265911 0.269533

Position: -6.81044 15.8419 6.57254
Normal: -1 0 0
UV: 0.265911 0.264723

Position: -6.81044 14.0422 7.58342
Normal: -1 0 0
UV: 0.263209 0.269533

Position: -6.81044 15.8419 7.58342
Normal: -1 0 0
UV: 0.263209 0.264723

Position: 6.81044 14.0422 -6.11388
Normal: -0 0 -1
UV: 0.117371 0.446727

Position: 6.81044 15.8419 -6.11388
Normal: -0 0 -1
UV: 0.114174 0.446727

Position: 5.8348 14.0422 -6.11388
Normal: -0 0 -1
UV: 0.117371 0.44846

Position: 5.8348 15.8419 -6.11388
Normal: -0 0 -1
UV: 0.114174 0.44846

Position: 6.81044 17.6416 7.58342
Normal: 1 0 0
UV: 0.418324 0.0616331

Position: 6.81044 15.8419 6.57254
Normal: 1 0 0
UV: 0.415622 0.0664428

Position: 6.81044 15.8419 7.58342
Normal: 1 0 0
UV: 0.418324 0.0664428

Position: 6.81044 17.6416 6.57254
Normal: 1 0 0
UV: 0.415622 0.0616331

Position: 6.81044 17.6416 7.58342
Normal: -0 0 1
UV: 0.306655 0.0616331

Position: 6.81044 15.8419 7.58342
Normal: -0 0 1
UV: 0.306655 0.0664428

Position: 5.8348 17.6416 7.58342
Normal: -0 0 1
UV: 0.309263 0.0616331

Position: 5.8348 15.8419 7.58342
Normal: -0 0 1
UV: 0.309263 0.0664428

Position: -6.81044 15.8419 6.57254
Normal: -1 0 0
UV: 0.346763 0.0664428

Position: -6.81044 17.6416 6.57254
Normal: -1 0 0
UV: 0.346763 0.0616331

Position: -6.81044 15.8419 7.58342
Normal: -1 0 0
UV: 0.344061 0.0664428

Position: -6.81044 17.6416 7.58342
Normal: -1 0 0
UV: 0.344061 0.0616331

Position: 6.81044 15.8419 -6.11388
Normal: -0 0 -1
UV: 0.412807 0.046633

Position: 6.81044 17.6416 -6.11388
Normal: -0 0 -1
UV: 0.412807 0.0514426

Position: 5.8348 15.8419 -6.11388
Normal: -0 0 -1
UV: 0.415415 0.046633

Position: 5.8348 17.6416 -6.11388
Normal: -0 0 -1
UV: 0.415415 0.0514426

Position: -5.8348 17.6416 -6.11388
Normal: -0 0 -1
UV: 0.110978 0.469186

Position: -5.8348 19.4413 -6.11388
Normal: -0 0 -1
UV: 0.107781 0.469186

Position: -6.81044 17.6416 -6.11388
Normal: -0 0 -1
UV: 0.110978 0.470919

Position: -6.81044 19.4413 -6.11388
Normal: -0 0 -1
UV: 0.107781 0.470919

Position: -6.81044 17.6416 -6.11388
Normal: -0 0 -1
UV: 0.449208 0.0514426

Position: -6.81044 15.8419 -6.11388
Normal: -0 0 -1
UV: 0.449208 0.046633

Position: -5.8348 15.8419 -6.11388
Normal: -0 0 -1
UV: 0.446601 0.046633

Position: -5.8348 17.6416 -6.11388
Normal: -0 0 -1
UV: 0.446601 0.0514426

Position: -6.81044 15.8419 -6.11388
Normal: -0 0 -1
UV: 0.114174 0.470919

Position: -6.81044 14.0422 -6.11388
Normal: -0 0 -1
UV: 0.117371 0.470919

Position: -5.8348 14.0422 -6.11388
Normal: -0 0 -1
UV: 0.117371 0.469186

Position: -5.8348 15.8419 -6.11388
Normal: -0 0 -1
UV: 0.114174 0.469186

Position: -6.81044 14.0422 -6.11388
Normal: -0 0 -1
UV: 0.449208 0.0418233

Position: -6.81044 12.2425 -6.11388
Normal: -0 0 -1
UV: 0.449208 0.0370136

Position: -5.8348 12.2425 -6.11388
Normal: -0 0 -1
UV: 0.446601 0.0370136

Position: -5.8348 14.0422 -6.11388
Normal: -0 0 -1
UV: 0.446601 0.0418233

Position: -6.81044 12.2425 -6.11388
Normal: -0 0 -1
UV: 0.120567 0.470919

Position: -6.81044 10.4428 -6.11388
Normal: -0 0 -1
UV: 0.123763 0.470919

Position: -5.8348 10.4428 -6.11388
Normal: -0 0 -1
UV: 0.123763 0.469186

Position: -5.8348 12.2425 -6.11388
Normal: -0 0 -1
UV: 0.120567 0.469186

Position: -6.81044 10.4428 -6.11388
Normal: -0 0 -1
UV: 0.449208 0.032204

Position: -6.81044 8.64305 -6.11388
Normal: -0 0 -1
UV: 0.449208 0.0273943

Position: -5.8348 8.64305 -6.11388
Normal: -0 0 -1
UV: 0.446601 0.0273943

Position: -5.8348 10.4428 -6.11388
Normal: -0 0 -1
UV: 0.446601 0.032204

Position: -6.81044 8.64305 -6.11388
Normal: -0 0 -1
UV: 0.12696 0.470919

Position: -6.81044 6.84334 -6.11388
Normal: -0 0 -1
UV: 0.130156 0.470919

Position: -5.8348 6.84334 -6.11388
Normal: -0 0 -1
UV: 0.130156 0.469186

Position: -5.8348 8.64305 -6.11388
Normal: -0 0 -1
UV: 0.12696 0.469186

Position: -6.81044 6.84334 -6.11388
Normal: -0 0 -1
UV: 0.449208 0.0225847

Position: -6.81044 5.04363 -6.11388
Normal: -5.78706e-008 0 -1
UV: 0.449208 0.0177751

Position: -5.8348 5.04363 -6.11388
Normal: -6.51605e-008 0 -1
UV: 0.446601 0.0177751

Position: -5.8348 6.84334 -6.11388
Normal: -0 0 -1
UV: 0.446601 0.0225847

Position: -5.8348 4.87691 7.58342
Normal: -0 0 1
UV: 0.392221 0.508022

Position: -6.81044 0.244987 7.58342
Normal: -0 0 1
UV: 0.479946 0.508353

Position: -6.81044 4.87691 7.58342
Normal: -0 0 1
UV: 0.392221 0.508353

Position: -5.8348 0.244987 7.58342
Normal: -0 0 1
UV: 0.479947 0.508022

Position: -6.81044 5.04363 7.58342
Normal: -0 0 1
UV: 0.343057 0.0953007

Position: -6.81044 6.84334 7.58342
Normal: -0 0 1
UV: 0.343057 0.0904911

Position: -5.8348 6.84334 7.58342
Normal: -0 0 1
UV: 0.340449 0.0904911

Position: -5.8348 5.04363 7.58342
Normal: -0 0 1
UV: 0.340449 0.0953007

Position: -6.81044 6.84334 7.58342
Normal: -0 0 1
UV: 0.262205 0.288771

Position: -6.81044 8.64305 7.58342
Normal: -0 0 1
UV: 0.262205 0.283962

Position: -5.8348 8.64305 7.58342
Normal: -0 0 1
UV: 0.259597 0.283962

Position: -5.8348 6.84334 7.58342
Normal: -0 0 1
UV: 0.259597 0.288771

Position: -6.81044 8.64305 7.58342
Normal: -0 0 1
UV: 0.343057 0.0856814

Position: -6.81044 10.4428 7.58342
Normal: -0 0 1
UV: 0.343057 0.0808718

Position: -5.8348 10.4428 7.58342
Normal: -0 0 1
UV: 0.340449 0.0808718

Position: -5.8348 8.64305 7.58342
Normal: -0 0 1
UV: 0.340449 0.0856814

Position: -6.81044 10.4428 7.58342
Normal: -0 0 1
UV: 0.262205 0.279152

Position: -6.81044 12.2425 7.58342
Normal: -0 0 1
UV: 0.262205 0.274342

Position: -5.8348 12.2425 7.58342
Normal: -0 0 1
UV: 0.259597 0.274342

Position: -5.8348 10.4428 7.58342
Normal: -0 0 1
UV: 0.259597 0.279152

Position: -6.81044 12.2425 7.58342
Normal: -0 0 1
UV: 0.343057 0.0760621

Position: -6.81044 14.0422 7.58342
Normal: -0 0 1
UV: 0.343057 0.0712525

Position: -5.8348 14.0422 7.58342
Normal: -0 0 1
UV: 0.340449 0.0712525

Position: -5.8348 12.2425 7.58342
Normal: -0 0 1
UV: 0.340449 0.0760621

Position: -6.81044 14.0422 7.58342
Normal: -0 0 1
UV: 0.262205 0.269533

Position: -6.81044 15.8419 7.58342
Normal: -0 0 1
UV: 0.262205 0.264723

Position: -5.8348 15.8419 7.58342
Normal: -0 0 1
UV: 0.259597 0.264723

Position: -5.8348 14.0422 7.58342
Normal: -0 0 1
UV: 0.259597 0.269533

Position: -6.81044 15.8419 7.58342
Normal: -0 0 1
UV: 0.343057 0.0664428

Position: -6.81044 17.6416 7.58342
Normal: -0 0 1
UV: 0.343057 0.0616331

Position: -5.8348 17.6416 7.58342
Normal: -0 0 1
UV: 0.340449 0.0616331

Position: -5.8348 15.8419 7.58342
Normal: -0 0 1
UV: 0.340449 0.0664428

Position: -6.81044 17.6416 7.58342
Normal: -0 0 1
UV: 0.262205 0.259913

Position: -6.81044 19.4413 7.58342
Normal: -0 0 1
UV: 0.262205 0.255104

Position: -5.8348 19.4413 7.58342
Normal: -0 0 1
UV: 0.259597 0.255104

Position: -5.8348 17.6416 7.58342
Normal: -0 0 1
UV: 0.259597 0.259913

Position: -5.8348 19.4413 7.58342
Normal: -0 1 2.01745e-006
UV: 0.0161426 0.527069

Position: -6.81044 19.4413 7.58342
Normal: -0 1 0
UV: 0.0168163 0.527069

Position: -6.24099 19.4413 6.97894
Normal: -0 1 9.75786e-007
UV: 0.0164231 0.525454

Position: -6.81044 19.4413 6.57254
Normal: -0 1 0
UV: 0.0168163 0.524368

Position: 5.8348 15.8419 -5.71833
Normal: -0 0 -1
UV: 0.00249094 0.759165

Position: -5.8348 17.6416 -5.71833
Normal: -0 0 -1
UV: 0.989365 0.943118

Position: -5.8348 15.8419 -5.71833
Normal: -0 0 -1
UV: 0.989365 0.759165

Position: 5.8348 17.6416 -5.71833
Normal: -0 0 -1
UV: 0.00249094 0.943118

Position: 5.8348 12.2425 -5.71833
Normal: -0 0 -1
UV: 0.00249091 0.759165

Position: -5.8348 14.0422 -5.71833
Normal: -0 0 -1
UV: 0.989365 0.943118

Position: -5.8348 12.2425 -5.71833
Normal: -0 0 -1
UV: 0.989365 0.759165

Position: 5.8348 14.0422 -5.71833
Normal: -0 0 -1
UV: 0.00249091 0.943118

Position: 5.8348 8.64305 -5.71833
Normal: -0 0 -1
UV: 0.00249094 0.759165

Position: -5.8348 10.4428 -5.71833
Normal: -0 0 -1
UV: 0.989365 0.943118

Position: -5.8348 8.64305 -5.71833
Normal: -0 0 -1
UV: 0.989365 0.759165

Position: 5.8348 10.4428 -5.71833
Normal: -0 0 -1
UV: 0.00249094 0.943118

Position: -3.18935 5.04363 -5.71833
Normal: -0 0 -1
UV: 0.767467 0.759165

Position: -5.8348 6.84334 -5.71833
Normal: -0 0 -1
UV: 0.989365 0.943118

Position: -5.8348 5.04363 -5.71833
Normal: -0 0 -1
UV: 0.989365 0.759165

Position: -0.5439 5.04363 -5.71833
Normal: -0 0 -1
UV: 0.545569 0.759165

Position: -2.99088 0.505372 -4.44515
Normal: -0 0 -1
UV: 0.958072 0.576101

Position: -0.534477 0.505372 -4.44515
Normal: -0 0 -1
UV: 0.727861 0.5761

Position: -0.534477 4.41495 -4.44515
Normal: -0 0 -1
UV: 0.727861 0.178573

Position: -2.99088 4.41495 -4.44515
Normal: -0 0 -1
UV: 0.958073 0.178573

Position: 5.8348 6.84334 7.18787
Normal: -0 0 1
UV: 0.00249091 0.759165

Position: -5.8348 5.04363 7.18787
Normal: -0 0 1
UV: 0.989365 0.943118

Position: -5.8348 6.84334 7.18787
Normal: -0 0 1
UV: 0.989365 0.759165

Position: 5.8348 5.04363 7.18787
Normal: -0 0 1
UV: 0.00249094 0.943118

Position: 5.8348 10.4428 7.18787
Normal: -0 0 1
UV: 0.00249091 0.759165

Position: -5.8348 8.64305 7.18787
Normal: -0 0 1
UV: 0.989365 0.943118

Position: -5.8348 10.4428 7.18787
Normal: -0 0 1
UV: 0.989365 0.759165

Position: 5.8348 8.64305 7.18787
Normal: -0 0 1
UV: 0.00249094 0.943118

Position: 5.8348 14.0422 7.18787
Normal: -0 0 1
UV: 0.00249094 0.759165

Position: -5.8348 12.2425 7.18787
Normal: -0 0 1
UV: 0.989365 0.943118

Position: -5.8348 14.0422 7.18787
Normal: -0 0 1
UV: 0.989365 0.759165

Position: 5.8348 12.2425 7.18787
Normal: -0 0 1
UV: 0.00249094 0.943118

Position: 5.8348 17.6416 7.18787
Normal: -0 0 1
UV: 0.00249094 0.759165

Position: -5.8348 15.8419 7.18787
Normal: -0 0 1
UV: 0.989365 0.943118

Position: -5.8348 17.6416 7.18787
Normal: -0 0 1
UV: 0.989365 0.759165

Position: 5.8348 15.8419 7.18787
Normal: -0 0 1
UV: 0.00249094 0.943118

Position: 6.81044 19.4413 -5.103
Normal: 1 0 0
UV: 0.303568 0.255104

Position: 6.81044 17.6416 -6.11388
Normal: 1 0 0
UV: 0.300866 0.259913

Position: 6.81044 17.6416 -5.103
Normal: 1 0 0
UV: 0.303568 0.259913

Position: 6.81044 19.4413 -6.11388
Normal: 1 0 0
UV: 0.300866 0.255104

Position: 6.81044 17.6416 -5.103
Normal: 1 0 0
UV: 0.38442 0.0616331

Position: 6.81044 15.8419 -6.11388
Normal: 1 0 0
UV: 0.381718 0.0664428

Position: 6.81044 15.8419 -5.103
Normal: 1 0 0
UV: 0.38442 0.0664428

Position: 6.81044 17.6416 -6.11388
Normal: 1 0 0
UV: 0.381718 0.0616331

Position: 6.81044 15.8419 -5.103
Normal: 1 0 0
UV: 0.303568 0.264723

Position: 6.81044 14.0422 -6.11388
Normal: 1 0 0
UV: 0.300866 0.269533

Position: 6.81044 14.0422 -5.103
Normal: 1 0 0
UV: 0.303568 0.269533

Position: 6.81044 15.8419 -6.11388
Normal: 1 0 0
UV: 0.300866 0.264723

Position: 6.81044 14.0422 -5.103
Normal: 1 0 0
UV: 0.38442 0.0712525

Position: 6.81044 12.2425 -6.11388
Normal: 1 0 0
UV: 0.381718 0.0760621

Position: 6.81044 12.2425 -5.103
Normal: 1 0 0
UV: 0.38442 0.0760621

Position: 6.81044 14.0422 -6.11388
Normal: 1 0 0
UV: 0.381718 0.0712525

Position: 6.81044 12.2425 -5.103
Normal: 1 0 0
UV: 0.303568 0.274342

Position: 6.81044 10.4428 -6.11388
Normal: 1 0 0
UV: 0.300866 0.279152

Position: 6.81044 10.4428 -5.103
Normal: 1 0 0
UV: 0.303568 0.279152

Position: 6.81044 12.2425 -6.11388
Normal: 1 0 0
UV: 0.300866 0.274342

Position: 6.81044 10.4428 -5.103
Normal: 1 0 0
UV: 0.38442 0.0808718

Position: 6.81044 8.64305 -6.11388
Normal: 1 0 0
UV: 0.381718 0.0856814

Position: 6.81044 8.64305 -5.103
Normal: 1 0 0
UV: 0.38442 0.0856814

Position: 6.81044 10.4428 -6.11388
Normal: 1 0 0
UV: 0.381718 0.0808718

Position: 6.81044 8.64305 -5.103
Normal: 1 0 0
UV: 0.303568 0.283962

Position: 6.81044 6.84334 -6.11388
Normal: 1 0 0
UV: 0.300866 0.288771

Position: 6.81044 6.84334 -5.103
Normal: 1 0 0
UV: 0.303568 0.288771

Position: 6.81044 8.64305 -6.11388
Normal: 1 0 0
UV: 0.300866 0.283962

Position: 6.81044 6.84334 -5.103
Normal: 1 0 0
UV: 0.38442 0.0904911

Position: 6.81044 5.04363 -6.11388
Normal: 1 0 0
UV: 0.381718 0.0953007

Position: 6.81044 5.04363 -5.103
Normal: 1 0 0
UV: 0.38442 0.0953007

Position: 6.81044 6.84334 -6.11388
Normal: 1 0 0
UV: 0.381718 0.0904911

Position: 6.81044 0.244987 -5.103
Normal: 1 0 0
UV: 0.479947 0.513608

Position: 6.81044 4.87691 -5.103
Normal: 1 0 0
UV: 0.392221 0.513607

Position: 6.81044 4.87691 -6.11388
Normal: 1 0 0
UV: 0.392221 0.513264

Position: 6.81044 0.244987 -6.11388
Normal: 1 0 0
UV: 0.479947 0.513264

Position: -6.81044 4.87691 -5.103
Normal: -1 0 0
UV: 0.392221 0.512787

Position: -6.81044 0.244987 -5.103
Normal: -1 0 0
UV: 0.479947 0.512787

Position: -6.81044 0.244987 -6.11388
Normal: -1 0 0
UV: 0.479947 0.513131

Position: -6.81044 4.87691 -6.11388
Normal: -1 0 0
UV: 0.392221 0.513131

Position: -6.81044 6.84334 -5.103
Normal: -1 0 0
UV: 0.377965 0.0904911

Position: -6.81044 5.04363 -5.103
Normal: -1 0 0
UV: 0.377965 0.0953007

Position: -6.81044 5.04363 -6.11388
Normal: -1 0 0
UV: 0.380667 0.0953007

Position: -6.81044 6.84334 -6.11388
Normal: -1 0 0
UV: 0.380667 0.0904911

Position: -6.81044 8.64305 -5.103
Normal: -1 0 0
UV: 0.297113 0.283962

Position: -6.81044 6.84334 -5.103
Normal: -1 0 0
UV: 0.297113 0.288771

Position: -6.81044 6.84334 -6.11388
Normal: -1 0 0
UV: 0.299815 0.288771

Position: -6.81044 8.64305 -6.11388
Normal: -1 0 0
UV: 0.299815 0.283962

Position: -6.81044 10.4428 -5.103
Normal: -1 0 0
UV: 0.377965 0.0808718

Position: -6.81044 8.64305 -5.103
Normal: -1 0 0
UV: 0.377965 0.0856814

Position: -6.81044 8.64305 -6.11388
Normal: -1 0 0
UV: 0.380667 0.0856814

Position: -6.81044 10.4428 -6.11388
Normal: -1 0 0
UV: 0.380667 0.0808718

Position: -6.81044 12.2425 -5.103
Normal: -1 0 0
UV: 0.297113 0.274342

Position: -6.81044 10.4428 -5.103
Normal: -1 0 0
UV: 0.297113 0.279152

Position: -6.81044 10.4428 -6.11388
Normal: -1 0 0
UV: 0.299815 0.279152

Position: -6.81044 12.2425 -6.11388
Normal: -1 0 0
UV: 0.299815 0.274342

Position: -6.81044 14.0422 -5.103
Normal: -1 0 0
UV: 0.377965 0.0712525

Position: -6.81044 12.2425 -5.103
Normal: -1 0 0
UV: 0.377965 0.0760621

Position: -6.81044 12.2425 -6.11388
Normal: -1 0 0
UV: 0.380667 0.0760621

Position: -6.81044 14.0422 -6.11388
Normal: -1 0 0
UV: 0.380667 0.0712525

Position: -6.81044 15.8419 -5.103
Normal: -1 0 0
UV: 0.297113 0.264723

Position: -6.81044 14.0422 -5.103
Normal: -1 0 0
UV: 0.297113 0.269533

Position: -6.81044 14.0422 -6.11388
Normal: -1 0 0
UV: 0.299815 0.269533

Position: -6.81044 15.8419 -6.11388
Normal: -1 0 0
UV: 0.299815 0.264723

Position: -6.81044 17.6416 -5.103
Normal: -1 0 0
UV: 0.377965 0.0616331

Position: -6.81044 15.8419 -5.103
Normal: -1 0 0
UV: 0.377965 0.0664428

Position: -6.81044 15.8419 -6.11388
Normal: -1 0 0
UV: 0.380667 0.0664428

Position: -6.81044 17.6416 -6.11388
Normal: -1 0 0
UV: 0.380667 0.0616331

Position: -6.81044 19.4413 -5.103
Normal: -1 0 0
UV: 0.297113 0.255104

Position: -6.81044 17.6416 -5.103
Normal: -1 0 0
UV: 0.297113 0.259913

Position: -6.81044 17.6416 -6.11388
Normal: -1 0 0
UV: 0.299815 0.259913

Position: -6.81044 19.4413 -6.11388
Normal: -1 0 0
UV: 0.299815 0.255104

Position: -6.81044 19.4413 -5.103
Normal: -0 1 0
UV: 0.0168163 0.493165

Position: -6.81044 19.4413 -6.11388
Normal: -0 1 0
UV: 0.0168163 0.490464

Position: -6.24099 19.4413 -5.50939
Normal: -0 1 -9.7578e-007
UV: 0.0164231 0.492079

Position: -5.8348 19.4413 -6.11388
Normal: -0 1 -2.01743e-006
UV: 0.0161426 0.490464

Position: 5.8348 19.4413 -6.11388
Normal: -0 1 -2.01743e-006
UV: 0.00808558 0.490464

Position: 6.24099 19.4413 -5.50939
Normal: -0 1 -9.7578e-007
UV: 0.00780514 0.492079

Position: 6.81044 19.4413 -6.11388
Normal: -0 1 0
UV: 0.00741196 0.490464

Position: 6.81044 19.4413 -5.103
Normal: -0 1 0
UV: 0.00741196 0.493165

Position: 6.4149 17.6416 6.57254
Normal: 1 0 0
UV: 0.989365 0.759165

Position: 6.4149 15.8419 -5.103
Normal: 1 0 0
UV: 0.00249092 0.943118

Position: 6.4149 15.8419 6.57254
Normal: 1 0 0
UV: 0.989365 0.943118

Position: 6.4149 17.6416 -5.103
Normal: 1 0 0
UV: 0.00249092 0.759165

Position: 6.4149 14.0422 6.57254
Normal: 1 0 0
UV: 0.989365 0.759165

Position: 6.4149 12.2425 -5.103
Normal: 1 0 0
UV: 0.00249092 0.943118

Position: 6.4149 12.2425 6.57254
Normal: 1 0 0
UV: 0.989365 0.943118

Position: 6.4149 14.0422 -5.103
Normal: 1 0 0
UV: 0.00249092 0.759165

Position: 6.4149 10.4428 6.57254
Normal: 1 0 0
UV: 0.989365 0.759165

Position: 6.4149 8.64305 -5.103
Normal: 1 0 0
UV: 0.00249092 0.943118

Position: 6.4149 8.64305 6.57254
Normal: 1 0 0
UV: 0.989365 0.943118

Position: 6.4149 10.4428 -5.103
Normal: 1 0 0
UV: 0.00249092 0.759165

Position: 6.4149 6.84334 6.57254
Normal: 1 0 0
UV: 0.989365 0.759165

Position: 6.4149 5.04363 -5.103
Normal: 1 0 0
UV: 0.00249092 0.943118

Position: 6.4149 5.04363 6.57254
Normal: 1 0 0
UV: 0.989365 0.943118

Position: 6.4149 6.84334 -5.103
Normal: 1 0 0
UV: 0.00249092 0.759165

Position: -6.41489 5.04363 6.57254
Normal: -1 0 0
UV: 0.00249092 0.943118

Position: -6.41489 5.04363 -5.103
Normal: -1 0 0
UV: 0.989365 0.943118

Position: -6.41489 6.84334 6.57254
Normal: -1 0 0
UV: 0.00249092 0.759165

Position: -6.41489 6.84334 -5.103
Normal: -1 0 0
UV: 0.989365 0.759165

Position: -6.41489 8.64305 6.57254
Normal: -1 0 0
UV: 0.00249092 0.943118

Position: -6.41489 8.64305 -5.103
Normal: -1 0 0
UV: 0.989365 0.943118

Position: -6.41489 10.4428 6.57254
Normal: -1 0 0
UV: 0.00249092 0.759165

Position: -6.41489 10.4428 -5.103
Normal: -1 0 0
UV: 0.989365 0.759165

Position: -6.41489 12.2425 -5.103
Normal: -1 0 0
UV: 0.989365 0.943118

Position: -6.41489 14.0422 6.57254
Normal: -1 0 0
UV: 0.00249092 0.759165

Position: -6.41489 12.2425 6.57254
Normal: -1 0 0
UV: 0.00249092 0.943118

Position: -6.41489 14.0422 -5.103
Normal: -1 0 0
UV: 0.989365 0.759165

Position: -6.41489 15.8419 -5.103
Normal: -1 0 0
UV: 0.989365 0.943118

Position: -6.41489 17.6416 6.57254
Normal: -1 0 0
UV: 0.00249092 0.759165

Position: -6.41489 15.8419 6.57254
Normal: -1 0 0
UV: 0.00249092 0.943118

Position: -6.41489 17.6416 -5.103
Normal: -1 0 0
UV: 0.989365 0.759165

Position: 6.24099 19.2302 6.97894
Normal: -0 1 0
UV: 0.0721389 0.0914407

Position: -6.24099 19.2302 6.97894
Normal: -0 1 0
UV: 0.105497 0.0914407

Position: 6.24099 19.2302 -5.50939
Normal: -0 1 0
UV: 0.0721389 0.0580661

Position: -6.24099 19.2302 -5.50939
Normal: -0 1 0
UV: 0.105497 0.0580661

Position: 5.8348 17.6416 -5.71833
Normal: -1 0 0
UV: 0.221341 0.178395

Position: 5.8348 15.8419 -5.71833
Normal: -1 0 0
UV: 0.221341 0.183205

Position: 5.8348 15.8419 -6.11388
Normal: -1 0 0
UV: 0.222399 0.183205

Position: 5.8348 17.6416 -6.11388
Normal: -1 0 0
UV: 0.222399 0.178395

Position: 5.8348 17.6416 -5.71833
Normal: -0 -1 0
UV: 0.245372 0.0607446

Position: -5.8348 17.6416 -6.11388
Normal: -0 -1 0
UV: 0.244315 0.0919312

Position: -5.8348 17.6416 -5.71833
Normal: -0 -1 0
UV: 0.245372 0.0919312

Position: 5.8348 17.6416 -6.11388
Normal: -0 -1 0
UV: 0.244315 0.0607446

Position: -5.8348 15.8419 -5.71833
Normal: 1 0 0
UV: 0.220463 0.183205

Position: -5.8348 17.6416 -5.71833
Normal: 1 0 0
UV: 0.220463 0.178395

Position: -5.8348 17.6416 -6.11388
Normal: 1 0 0
UV: 0.219406 0.178395

Position: -5.8348 15.8419 -6.11388
Normal: 1 0 0
UV: 0.219406 0.183205

Position: -5.8348 15.8419 -6.11388
Normal: -0 1 0
UV: 0.0179829 0.290565

Position: 5.8348 15.8419 -6.11388
Normal: -0 1 0
UV: 0.0179829 0.259378

Position: -5.8348 15.8419 -5.71833
Normal: -0 1 0
UV: 0.017949 0.290565

Position: 5.8348 15.8419 -5.71833
Normal: -0 1 0
UV: 0.017949 0.259378

Position: 5.8348 14.0422 -5.71833
Normal: -1 0 0
UV: 0.217471 0.178395

Position: 5.8348 12.2425 -5.71833
Normal: -1 0 0
UV: 0.217471 0.183205

Position: 5.8348 12.2425 -6.11388
Normal: -1 0 0
UV: 0.218528 0.183205

Position: 5.8348 14.0422 -6.11388
Normal: -1 0 0
UV: 0.218528 0.178395

Position: 5.8348 14.0422 -5.71833
Normal: -0 -1 0
UV: 0.249277 0.0607446

Position: -5.8348 14.0422 -6.11388
Normal: -0 -1 0
UV: 0.24822 0.0919312

Position: -5.8348 14.0422 -5.71833
Normal: -0 -1 0
UV: 0.249277 0.0919312

Position: 5.8348 14.0422 -6.11388
Normal: -0 -1 0
UV: 0.24822 0.0607446

Position: -5.8348 12.2425 -5.71833
Normal: 1 0 0
UV: 0.216593 0.183205

Position: -5.8348 14.0422 -5.71833
Normal: 1 0 0
UV: 0.216593 0.178395

Position: -5.8348 14.0422 -6.11388
Normal: 1 0 0
UV: 0.215536 0.178395

Position: -5.8348 12.2425 -6.11388
Normal: 1 0 0
UV: 0.215536 0.183205

Position: -5.8348 12.2425 -6.11388
Normal: -0 1 0
UV: 0.018108 0.290565

Position: 5.8348 12.2425 -6.11388
Normal: -0 1 0
UV: 0.018108 0.259378

Position: -5.8348 12.2425 -5.71833
Normal: -0 1 0
UV: 0.0180742 0.290565

Position: 5.8348 12.2425 -5.71833
Normal: -0 1 0
UV: 0.0180742 0.259378

Position: 5.8348 10.4428 -5.71833
Normal: -1 0 0
UV: 0.213601 0.178379

Position: 5.8348 8.64305 -5.71833
Normal: -1 0 0
UV: 0.213601 0.183189

Position: 5.8348 8.64305 -6.11388
Normal: -1 0 0
UV: 0.214658 0.183189

Position: 5.8348 10.4428 -6.11388
Normal: -1 0 0
UV: 0.214658 0.178379

Position: 5.8348 10.4428 -5.71833
Normal: -0 -1 0
UV: 0.253182 0.0607446

Position: -5.8348 10.4428 -6.11388
Normal: -0 -1 0
UV: 0.252125 0.0919312

Position: -5.8348 10.4428 -5.71833
Normal: -0 -1 0
UV: 0.253182 0.0919312

Position: 5.8348 10.4428 -6.11388
Normal: -0 -1 0
UV: 0.252125 0.0607446

Position: -5.8348 8.64305 -5.71833
Normal: 1 0 0
UV: 0.212723 0.183189

Position: -5.8348 10.4428 -5.71833
Normal: 1 0 0
UV: 0.212723 0.178379

Position: -5.8348 10.4428 -6.11388
Normal: 1 0 0
UV: 0.211665 0.178379

Position: -5.8348 8.64305 -6.11388
Normal: 1 0 0
UV: 0.211665 0.183189

Position: -5.8348 8.64305 -6.11388
Normal: -0 1 0
UV: 0.0182332 0.290565

Position: 5.8348 8.64305 -6.11388
Normal: -0 1 0
UV: 0.0182332 0.259378

Position: -5.8348 8.64305 -5.71833
Normal: -0 1 0
UV: 0.0181993 0.290565

Position: 5.8348 8.64305 -5.71833
Normal: -0 1 0
UV: 0.0181993 0.259378

Position: 5.8348 6.84334 -5.71833
Normal: -1 0 0
UV: 0.171026 0.180551

Position: 5.8348 5.04363 -5.71833
Normal: -1 0 0
UV: 0.171026 0.185361

Position: 5.8348 5.04363 -6.11388
Normal: -1 0 0
UV: 0.172083 0.185361

Position: 5.8348 6.84334 -6.11388
Normal: -1 0 0
UV: 0.172083 0.180551

Position: 5.8348 6.84334 -5.71833
Normal: -0 -1 0
UV: 0.257087 0.0607446

Position: -5.8348 6.84334 -6.11388
Normal: -0 -1 0
UV: 0.25603 0.0919312

Position: -5.8348 6.84334 -5.71833
Normal: -0 -1 0
UV: 0.257087 0.0919312

Position: 5.8348 6.84334 -6.11388
Normal: -0 -1 0
UV: 0.25603 0.0607446

Position: -5.8348 5.04363 -5.71833
Normal: 1 0 0
UV: 0.170148 0.185361

Position: -5.8348 6.84334 -5.71833
Normal: 1 0 0
UV: 0.170148 0.180551

Position: -5.8348 6.84334 -6.11388
Normal: 1 0 0
UV: 0.169091 0.180551

Position: -5.8348 5.04363 -6.11388
Normal: 1 0 0
UV: 0.169091 0.185361

Position: -3.1549 5.04363 -6.11388
Normal: -0 1 0
UV: 0.0183583 0.283403

Position: -0.5439 5.04363 -5.71833
Normal: -0 1 0
UV: 0.0183244 0.276425

Position: -3.18935 5.04363 -5.71833
Normal: -0 1 0
UV: 0.0183244 0.283495

Position: -0.474998 5.04363 -6.11388
Normal: -0 1 0
UV: 0.0183583 0.276241

Position: 5.8348 5.04363 7.18787
Normal: -1 0 0
UV: 0.168213 0.185361

Position: 5.8348 6.84334 7.58342
Normal: -1 0 0
UV: 0.167156 0.180551

Position: 5.8348 5.04363 7.58342
Normal: -1 0 0
UV: 0.167156 0.185361

Position: 5.8348 6.84334 7.18787
Normal: -1 0 0
UV: 0.168213 0.180551

Position: -5.8348 5.04363 7.18787
Normal: -0 1 0
UV: 0.0184208 0.275214

Position: 5.8348 5.04363 7.18787
Normal: -0 1 0
UV: 0.0184208 0.244028

Position: -5.8348 5.04363 7.58342
Normal: -0 1 0
UV: 0.018387 0.275214

Position: 5.8348 5.04363 7.58342
Normal: -0 1 0
UV: 0.018387 0.244028

Position: -5.8348 5.04363 7.58342
Normal: 1 0 0
UV: 0.166416 0.185361

Position: -5.8348 6.84334 7.58342
Normal: 1 0 0
UV: 0.166416 0.180551

Position: -5.8348 6.84334 7.18787
Normal: 1 0 0
UV: 0.165359 0.180551

Position: -5.8348 5.04363 7.18787
Normal: 1 0 0
UV: 0.165359 0.185361

Position: 5.8348 6.84334 7.58342
Normal: -0 -1 0
UV: 0.262945 0.0453941

Position: -5.8348 6.84334 7.18787
Normal: -0 -1 0
UV: 0.261888 0.0765806

Position: -5.8348 6.84334 7.58342
Normal: -0 -1 0
UV: 0.262945 0.0765806

Position: 5.8348 6.84334 7.18787
Normal: -0 -1 0
UV: 0.261888 0.0453941

Position: 5.8348 10.4428 7.58342
Normal: -1 0 0
UV: 0.20973 0.178379

Position: 5.8348 8.64305 7.58342
Normal: -1 0 0
UV: 0.20973 0.183189

Position: 5.8348 8.64305 7.18787
Normal: -1 0 0
UV: 0.210787 0.183189

Position: 5.8348 10.4428 7.18787
Normal: -1 0 0
UV: 0.210787 0.178379

Position: -5.8348 8.64305 7.18787
Normal: -0 1 0
UV: 0.0185459 0.275214

Position: 5.8348 8.64305 7.18787
Normal: -0 1 0
UV: 0.0185459 0.244028

Position: -5.8348 8.64305 7.58342
Normal: -0 1 0
UV: 0.0185121 0.275214

Position: 5.8348 8.64305 7.58342
Normal: -0 1 0
UV: 0.0185121 0.244028

Position: -5.8348 8.64305 7.58342
Normal: 1 0 0
UV: 0.208852 0.183189

Position: -5.8348 10.4428 7.58342
Normal: 1 0 0
UV: 0.208852 0.178379

Position: -5.8348 10.4428 7.18787
Normal: 1 0 0
UV: 0.207795 0.178379

Position: -5.8348 8.64305 7.18787
Normal: 1 0 0
UV: 0.207795 0.183189

Position: 5.8348 10.4428 7.58342
Normal: -0 -1 0
UV: 0.26685 0.0453941

Position: -5.8348 10.4428 7.18787
Normal: -0 -1 0
UV: 0.265793 0.0765806

Position: -5.8348 10.4428 7.58342
Normal: -0 -1 0
UV: 0.26685 0.0765806

Position: 5.8348 10.4428 7.18787
Normal: -0 -1 0
UV: 0.265793 0.0453941

Position: 5.8348 14.0422 7.58342
Normal: -1 0 0
UV: 0.20586 0.178379

Position: 5.8348 12.2425 7.58342
Normal: -1 0 0
UV: 0.20586 0.183189

Position: 5.8348 12.2425 7.18787
Normal: -1 0 0
UV: 0.206917 0.183189

Position: 5.8348 14.0422 7.18787
Normal: -1 0 0
UV: 0.206917 0.178379

Position: -5.8348 12.2425 7.18787
Normal: -0 1 0
UV: 0.018671 0.275214

Position: 5.8348 12.2425 7.18787
Normal: -0 1 0
UV: 0.018671 0.244028

Position: -5.8348 12.2425 7.58342
Normal: -0 1 0
UV: 0.0186372 0.275214

Position: 5.8348 12.2425 7.58342
Normal: -0 1 0
UV: 0.0186372 0.244028

Position: -5.8348 14.0422 7.18787
Normal: 1 0 0
UV: 0.203925 0.178379

Position: -5.8348 12.2425 7.58342
Normal: 1 0 0
UV: 0.204982 0.183189

Position: -5.8348 14.0422 7.58342
Normal: 1 0 0
UV: 0.204982 0.178379

Position: -5.8348 12.2425 7.18787
Normal: 1 0 0
UV: 0.203925 0.183189

Position: 5.8348 14.0422 7.58342
Normal: -0 -1 0
UV: 0.270755 0.0453941

Position: -5.8348 14.0422 7.18787
Normal: -0 -1 0
UV: 0.269698 0.0765806

Position: -5.8348 14.0422 7.58342
Normal: -0 -1 0
UV: 0.270755 0.0765806

Position: 5.8348 14.0422 7.18787
Normal: -0 -1 0
UV: 0.269698 0.0453941

Position: 5.8348 17.6416 7.58342
Normal: -1 0 0
UV: 0.20199 0.178379

Position: 5.8348 15.8419 7.58342
Normal: -1 0 0
UV: 0.20199 0.183189

Position: 5.8348 15.8419 7.18787
Normal: -1 0 0
UV: 0.203047 0.183189

Position: 5.8348 17.6416 7.18787
Normal: -1 0 0
UV: 0.203047 0.178379

Position: -5.8348 15.8419 7.18787
Normal: -0 1 0
UV: 0.0187961 0.275214

Position: 5.8348 15.8419 7.18787
Normal: -0 1 0
UV: 0.0187961 0.244028

Position: -5.8348 15.8419 7.58342
Normal: -0 1 0
UV: 0.0187623 0.275214

Position: 5.8348 15.8419 7.58342
Normal: -0 1 0
UV: 0.0187623 0.244028

Position: -5.8348 17.6416 7.18787
Normal: 1 0 0
UV: 0.200054 0.178379

Position: -5.8348 15.8419 7.58342
Normal: 1 0 0
UV: 0.201111 0.183189

Position: -5.8348 17.6416 7.58342
Normal: 1 0 0
UV: 0.201111 0.178379

Position: -5.8348 15.8419 7.18787
Normal: 1 0 0
UV: 0.200054 0.183189

Position: 5.8348 17.6416 7.58342
Normal: -0 -1 0
UV: 0.27466 0.0453941

Position: -5.8348 17.6416 7.18787
Normal: -0 -1 0
UV: 0.273603 0.0765806

Position: -5.8348 17.6416 7.58342
Normal: -0 -1 0
UV: 0.27466 0.0765806

Position: 5.8348 17.6416 7.18787
Normal: -0 -1 0
UV: 0.273603 0.0453941

Position: 6.4149 15.8419 6.57254
Normal: -0 1 0
UV: 0.0156057 0.295968

Position: 6.81044 15.8419 -5.103
Normal: -0 1 0
UV: 0.0155719 0.264766

Position: 6.81044 15.8419 6.57254
Normal: -0 1 0
UV: 0.0155719 0.295968

Position: 6.4149 15.8419 -5.103
Normal: -0 1 0
UV: 0.0156057 0.264766

Position: 6.4149 17.6416 6.57254
Normal: -0 0 -1
UV: 0.199176 0.183189

Position: 6.4149 15.8419 6.57254
Normal: -0 0 -1
UV: 0.199176 0.178379

Position: 6.81044 15.8419 6.57254
Normal: -0 0 -1
UV: 0.198119 0.178379

Position: 6.81044 17.6416 6.57254
Normal: -0 0 -1
UV: 0.198119 0.183189

Position: 6.4149 17.6416 -5.103
Normal: -0 -1 0
UV: 0.175079 0.0973343

Position: 6.4149 17.6416 6.57254
Normal: -0 -1 0
UV: 0.175079 0.0661318

Position: 6.81044 17.6416 6.57254
Normal: -0 -1 0
UV: 0.174022 0.0661318

Position: 6.81044 17.6416 -5.103
Normal: -0 -1 0
UV: 0.174022 0.0973343

Position: 6.4149 15.8419 -5.103
Normal: -0 0 1
UV: 0.197241 0.183189

Position: 6.4149 17.6416 -5.103
Normal: -0 0 1
UV: 0.197241 0.178379

Position: 6.81044 17.6416 -5.103
Normal: -0 0 1
UV: 0.196184 0.178379

Position: 6.81044 15.8419 -5.103
Normal: -0 0 1
UV: 0.196184 0.183189

Position: 6.4149 12.2425 6.57254
Normal: -0 1 0
UV: 0.0157309 0.295968

Position: 6.81044 12.2425 -5.103
Normal: -0 1 0
UV: 0.015697 0.264766

Position: 6.81044 12.2425 6.57254
Normal: -0 1 0
UV: 0.015697 0.295968

Position: 6.4149 12.2425 -5.103
Normal: -0 1 0
UV: 0.0157309 0.264766

Position: 6.4149 14.0422 6.57254
Normal: -0 0 -1
UV: 0.195306 0.183206

Position: 6.4149 12.2425 6.57254
Normal: -0 0 -1
UV: 0.195306 0.178396

Position: 6.81044 12.2425 6.57254
Normal: -0 0 -1
UV: 0.194249 0.178396

Position: 6.81044 14.0422 6.57254
Normal: -0 0 -1
UV: 0.194249 0.183206

Position: 6.4149 14.0422 -5.103
Normal: -0 -1 0
UV: 0.178984 0.0973343

Position: 6.4149 14.0422 6.57254
Normal: -0 -1 0
UV: 0.178984 0.0661318

Position: 6.81044 14.0422 6.57254
Normal: -0 -1 0
UV: 0.177927 0.0661318

Position: 6.81044 14.0422 -5.103
Normal: -0 -1 0
UV: 0.177927 0.0973343

Position: 6.4149 12.2425 -5.103
Normal: -0 0 1
UV: 0.193371 0.183206

Position: 6.4149 14.0422 -5.103
Normal: -0 0 1
UV: 0.193371 0.178396

Position: 6.81044 14.0422 -5.103
Normal: -0 0 1
UV: 0.192313 0.178396

Position: 6.81044 12.2425 -5.103
Normal: -0 0 1
UV: 0.192313 0.183206

Position: 6.4149 8.64305 6.57254
Normal: -0 1 0
UV: 0.015856 0.295968

Position: 6.81044 8.64305 -5.103
Normal: -0 1 0
UV: 0.0158221 0.264766

Position: 6.81044 8.64305 6.57254
Normal: -0 1 0
UV: 0.0158221 0.295968

Position: 6.4149 8.64305 -5.103
Normal: -0 1 0
UV: 0.015856 0.264766

Position: 6.4149 10.4428 6.57254
Normal: -0 0 -1
UV: 0.191435 0.185361

Position: 6.4149 8.64305 6.57254
Normal: -0 0 -1
UV: 0.191435 0.180551

Position: 6.81044 8.64305 6.57254
Normal: -0 0 -1
UV: 0.190378 0.180551

Position: 6.81044 10.4428 6.57254
Normal: -0 0 -1
UV: 0.190378 0.185361

Position: 6.4149 10.4428 -5.103
Normal: -0 -1 0
UV: 0.182889 0.0951791

Position: 6.4149 10.4428 6.57254
Normal: -0 -1 0
UV: 0.182889 0.0639766

Position: 6.81044 10.4428 6.57254
Normal: -0 -1 0
UV: 0.181832 0.0639766

Position: 6.81044 10.4428 -5.103
Normal: -0 -1 0
UV: 0.181832 0.0951791

Position: 6.4149 8.64305 -5.103
Normal: -0 0 1
UV: 0.1895 0.185361

Position: 6.4149 10.4428 -5.103
Normal: -0 0 1
UV: 0.1895 0.180551

Position: 6.81044 10.4428 -5.103
Normal: -0 0 1
UV: 0.188443 0.180551

Position: 6.81044 8.64305 -5.103
Normal: -0 0 1
UV: 0.188443 0.185361

Position: 6.4149 5.04363 6.57254
Normal: -0 1 0
UV: 0.0159811 0.293813

Position: 6.81044 5.04363 -5.103
Normal: -0 1 0
UV: 0.0159472 0.26261

Position: 6.81044 5.04363 6.57254
Normal: -0 1 0
UV: 0.0159472 0.293813

Position: 6.4149 5.04363 -5.103
Normal: -0 1 0
UV: 0.0159811 0.26261

Position: 6.4149 6.84334 6.57254
Normal: -0 0 -1
UV: 0.187565 0.185361

Position: 6.4149 5.04363 6.57254
Normal: -0 0 -1
UV: 0.187565 0.180551

Position: 6.81044 5.04363 6.57254
Normal: -0 0 -1
UV: 0.186508 0.180551

Position: 6.81044 6.84334 6.57254
Normal: -0 0 -1
UV: 0.186508 0.185361

Position: 6.4149 6.84334 -5.103
Normal: -0 -1 0
UV: 0.186794 0.0951622

Position: 6.4149 6.84334 6.57254
Normal: -0 -1 0
UV: 0.186794 0.0639597

Position: 6.81044 6.84334 6.57254
Normal: -0 -1 0
UV: 0.185737 0.0639597

Position: 6.81044 6.84334 -5.103
Normal: -0 -1 0
UV: 0.185737 0.0951622

Position: 6.4149 5.04363 -5.103
Normal: -0 0 1
UV: 0.168396 0.17998

Position: 6.4149 6.84334 -5.103
Normal: -0 0 1
UV: 0.168396 0.17517

Position: 6.81044 6.84334 -5.103
Normal: -0 0 1
UV: 0.167339 0.17517

Position: 6.81044 5.04363 -5.103
Normal: -0 0 1
UV: 0.167339 0.17998

Position: -6.41489 5.04363 6.57254
Normal: -0 0 -1
UV: 0.184573 0.180551

Position: -6.81044 6.84334 6.57254
Normal: -0 0 -1
UV: 0.18563 0.185361

Position: -6.81044 5.04363 6.57254
Normal: -0 0 -1
UV: 0.18563 0.180551

Position: -6.41489 6.84334 6.57254
Normal: -0 0 -1
UV: 0.184573 0.185361

Position: -6.41489 5.04363 -5.103
Normal: -0 1 0
UV: 0.0160723 0.262594

Position: -6.41489 5.04363 6.57254
Normal: -0 1 0
UV: 0.0160723 0.293796

Position: -6.81044 5.04363 6.57254
Normal: -0 1 0
UV: 0.0161062 0.293796

Position: -6.81044 5.04363 -5.103
Normal: -0 1 0
UV: 0.0161062 0.262594

Position: -6.41489 6.84334 -5.103
Normal: -0 0 1
UV: 0.169292 0.17517

Position: -6.81044 5.04363 -5.103
Normal: -0 0 1
UV: 0.170349 0.17998

Position: -6.81044 6.84334 -5.103
Normal: -0 0 1
UV: 0.170349 0.17517

Position: -6.41489 5.04363 -5.103
Normal: -0 0 1
UV: 0.169292 0.17998

Position: -6.41489 6.84334 6.57254
Normal: -0 -1 0
UV: 0.189642 0.0639597

Position: -6.81044 6.84334 -5.103
Normal: -0 -1 0
UV: 0.1907 0.0951622

Position: -6.81044 6.84334 6.57254
Normal: -0 -1 0
UV: 0.1907 0.0639597

Position: -6.41489 6.84334 -5.103
Normal: -0 -1 0
UV: 0.189642 0.0951622

Position: -6.41489 8.64305 6.57254
Normal: -0 0 -1
UV: 0.182638 0.180551

Position: -6.81044 10.4428 6.57254
Normal: -0 0 -1
UV: 0.183695 0.185361

Position: -6.81044 8.64305 6.57254
Normal: -0 0 -1
UV: 0.183695 0.180551

Position: -6.41489 10.4428 6.57254
Normal: -0 0 -1
UV: 0.182638 0.185361

Position: -6.41489 8.64305 -5.103
Normal: -0 1 0
UV: 0.0161974 0.262594

Position: -6.41489 8.64305 6.57254
Normal: -0 1 0
UV: 0.0161974 0.293796

Position: -6.81044 8.64305 6.57254
Normal: -0 1 0
UV: 0.0162313 0.293796

Position: -6.81044 8.64305 -5.103
Normal: -0 1 0
UV: 0.0162313 0.262594

Position: -6.41489 10.4428 -5.103
Normal: -0 0 1
UV: 0.180702 0.180551

Position: -6.81044 8.64305 -5.103
Normal: -0 0 1
UV: 0.181759 0.185361

Position: -6.81044 10.4428 -5.103
Normal: -0 0 1
UV: 0.181759 0.180551

Position: -6.41489 8.64305 -5.103
Normal: -0 0 1
UV: 0.180702 0.185361

Position: -6.41489 10.4428 6.57254
Normal: -0 -1 0
UV: 0.193547 0.0639597

Position: -6.81044 10.4428 -5.103
Normal: -0 -1 0
UV: 0.194605 0.0951622

Position: -6.81044 10.4428 6.57254
Normal: -0 -1 0
UV: 0.194605 0.0639597

Position: -6.41489 10.4428 -5.103
Normal: -0 -1 0
UV: 0.193547 0.0951622

Position: -6.41489 12.2425 6.57254
Normal: -0 0 -1
UV: 0.178767 0.180551

Position: -6.81044 14.0422 6.57254
Normal: -0 0 -1
UV: 0.179824 0.185361

Position: -6.81044 12.2425 6.57254
Normal: -0 0 -1
UV: 0.179824 0.180551

Position: -6.41489 14.0422 6.57254
Normal: -0 0 -1
UV: 0.178767 0.185361

Position: -6.41489 12.2425 -5.103
Normal: -0 1 0
UV: 0.0163226 0.262594

Position: -6.41489 12.2425 6.57254
Normal: -0 1 0
UV: 0.0163226 0.293796

Position: -6.81044 12.2425 6.57254
Normal: -0 1 0
UV: 0.0163564 0.293796

Position: -6.81044 12.2425 -5.103
Normal: -0 1 0
UV: 0.0163564 0.262594

Position: -6.41489 14.0422 -5.103
Normal: -0 0 1
UV: 0.176832 0.180551

Position: -6.81044 12.2425 -5.103
Normal: -0 0 1
UV: 0.177889 0.185361

Position: -6.81044 14.0422 -5.103
Normal: -0 0 1
UV: 0.177889 0.180551

Position: -6.41489 12.2425 -5.103
Normal: -0 0 1
UV: 0.176832 0.185361

Position: -6.41489 14.0422 6.57254
Normal: -0 -1 0
UV: 0.197453 0.0639597

Position: -6.81044 14.0422 -5.103
Normal: -0 -1 0
UV: 0.19851 0.0951622

Position: -6.81044 14.0422 6.57254
Normal: -0 -1 0
UV: 0.19851 0.0639597

Position: -6.41489 14.0422 -5.103
Normal: -0 -1 0
UV: 0.197453 0.0951622

Position: -6.41489 15.8419 6.57254
Normal: -0 0 -1
UV: 0.174897 0.180551

Position: -6.81044 17.6416 6.57254
Normal: -0 0 -1
UV: 0.175954 0.185361

Position: -6.81044 15.8419 6.57254
Normal: -0 0 -1
UV: 0.175954 0.180551

Position: -6.41489 17.6416 6.57254
Normal: -0 0 -1
UV: 0.174897 0.185361

Position: -6.41489 15.8419 -5.103
Normal: -0 1 0
UV: 0.0164477 0.262594

Position: -6.41489 15.8419 6.57254
Normal: -0 1 0
UV: 0.0164477 0.293796

Position: -6.81044 15.8419 6.57254
Normal: -0 1 0
UV: 0.0164815 0.293796

Position: -6.81044 15.8419 -5.103
Normal: -0 1 0
UV: 0.0164815 0.262594

Position: -6.41489 17.6416 -5.103
Normal: -0 0 1
UV: 0.172961 0.180551

Position: -6.81044 15.8419 -5.103
Normal: -0 0 1
UV: 0.174018 0.185361

Position: -6.81044 17.6416 -5.103
Normal: -0 0 1
UV: 0.174018 0.180551

Position: -6.41489 15.8419 -5.103
Normal: -0 0 1
UV: 0.172961 0.185361

Position: -6.41489 17.6416 6.57254
Normal: -0 -1 0
UV: 0.201358 0.0639597

Position: -6.81044 17.6416 -5.103
Normal: -0 -1 0
UV: 0.202415 0.0951622

Position: -6.81044 17.6416 6.57254
Normal: -0 -1 0
UV: 0.202415 0.0639597

Position: -6.41489 17.6416 -5.103
Normal: -0 -1 0
UV: 0.201358 0.0951622

Position: 6.24099 19.2302 6.97894
Normal: -1 0 0
UV: 0.641869 0.148285

Position: 6.24099 19.4413 -5.50939
Normal: -1 0 0
UV: 0.608495 0.148849

Position: 6.24099 19.4413 6.97894
Normal: -1 0 0
UV: 0.641869 0.148849

Position: 6.24099 19.2302 -5.50939
Normal: -1 0 0
UV: 0.608495 0.148285

Position: 6.24099 19.2302 6.97894
Normal: -0 0 -1
UV: 0.641852 0.145965

Position: -6.24099 19.4413 6.97894
Normal: -0 0 -1
UV: 0.608495 0.145401

Position: -6.24099 19.2302 6.97894
Normal: -0 0 -1
UV: 0.608495 0.145965

Position: 6.24099 19.4413 6.97894
Normal: -0 0 -1
UV: 0.641852 0.145401

Position: -6.24099 19.2302 -5.50939
Normal: 1 0 0
UV: 0.641869 0.146843

Position: -6.24099 19.2302 6.97894
Normal: 1 0 0
UV: 0.608495 0.146843

Position: -6.24099 19.4413 6.97894
Normal: 1 0 0
UV: 0.608495 0.147407

Position: -6.24099 19.4413 -5.50939
Normal: 1 0 0
UV: 0.641869 0.147407

Position: 6.24099 19.4413 -5.50939
Normal: -0 0 1
UV: 0.641852 0.144522

Position: -6.24099 19.2302 -5.50939
Normal: -0 0 1
UV: 0.608495 0.143959

Position: -6.24099 19.4413 -5.50939
Normal: -0 0 1
UV: 0.608495 0.144522

Position: 6.24099 19.2302 -5.50939
Normal: -0 0 1
UV: 0.641852 0.143959

Position: -2.99088 4.65172 -6.11388
Normal: -0 0 -1
UV: 0.396761 0.607716

Position: -0.525429 4.65172 -6.11388
Normal: -0 0 -1
UV: 0.396761 0.614887

Position: -0.474998 5.04363 -6.11388
Normal: -0 0 -1
UV: 0.389339 0.615033

Position: -3.1549 5.04363 -6.11388
Normal: -0 0 -1
UV: 0.389339 0.607239

Position: -6.81044 4.87691 -6.11388
Normal: -3.38906e-007 0 -1
UV: 0.392496 0.596606

Position: -5.45633 4.65172 -6.11388
Normal: 4.77633e-008 0 -1
UV: 0.396761 0.600545

Position: -5.8348 5.04363 -6.11388
Normal: -6.51605e-008 0 -1
UV: 0.389339 0.599444

Position: -6.81044 5.04363 -6.11388
Normal: -5.78706e-008 0 -1
UV: 0.389339 0.596606

Position: -6.81044 5.04363 -5.103
Normal: -1 0 0
UV: 0.389063 0.512787

Position: -6.81044 5.04363 -6.11388
Normal: -1 0 0
UV: 0.389064 0.513131

Position: -6.81044 5.04363 6.57254
Normal: -1 0 0
UV: 0.389063 0.508824

Position: -6.81044 5.04363 7.58342
Normal: -1 0 0
UV: 0.389064 0.508481

Position: -5.8348 5.04363 7.58342
Normal: -0 0 1
UV: 0.389064 0.508022

Position: -6.81044 5.04363 7.58342
Normal: -0 0 1
UV: 0.389063 0.508353

Position: 5.8348 5.04363 7.58342
Normal: -0 0 1
UV: 0.389063 0.50406

Position: 6.81044 5.04363 7.58342
Normal: -0 0 1
UV: 0.389063 0.503729

Position: 6.81044 5.04363 7.58342
Normal: 1 0 0
UV: 0.389063 0.517914

Position: 6.81044 5.04363 6.57254
Normal: 1 0 0
UV: 0.389063 0.517571

Position: 6.81044 5.04363 -5.103
Normal: 1 0 0
UV: 0.389063 0.513607

Position: 6.81044 5.04363 -6.11388
Normal: 1 0 0
UV: 0.389063 0.513264

Position: 6.81044 5.04363 -6.11388
Normal: -0 0 -1
UV: 0.389339 0.636224

Position: 5.8348 5.04363 -6.11388
Normal: 3.23485e-008 0 -1
UV: 0.389339 0.633386

Position: -0.534477 4.41495 -6.11388
Normal: -1.58534e-007 0 -1
UV: 0.401245 0.61486

Position: -0.534477 4.41495 -7.58342
Normal: -0 0 -1
UV: 0.173378 0.37676

Position: -2.99088 4.65172 -7.58342
Normal: -0 0 -1
UV: 0.172745 0.383324

Position: -2.99088 4.41495 -7.58342
Normal: -0 0 -1
UV: 0.173378 0.383324

Position: -0.525429 4.65172 -7.58342
Normal: -0 0 -1
UV: 0.172745 0.376736

Position: -5.44728 0.505372 -6.11388
Normal: -0 0 -1
UV: 0.475291 0.600571

Position: -5.44728 4.41495 -6.11388
Normal: -0 0 -1
UV: 0.401245 0.600571

Position: -6.81044 0.244987 -6.11388
Normal: -0 0 -1
UV: 0.480222 0.596606

Position: -0.534477 0.505372 -6.11388
Normal: -0 0 -1
UV: 0.47529 0.61486

Position: -5.44265 0.244987 -6.11388
Normal: -0 0 -1
UV: 0.480222 0.600584

Position: -0.539108 0.244987 -6.72519
Normal: -0 0 -1
UV: 0.398187 0.265106

Position: -2.99088 0.505372 -6.72519
Normal: -0 0 -1
UV: 0.397491 0.271658

Position: -2.99088 0.244987 -6.72519
Normal: -0 0 -1
UV: 0.398187 0.271658

Position: -0.534477 0.505372 -6.72519
Normal: -0 0 -1
UV: 0.397491 0.265093

Position: -2.99088 4.41495 -4.44515
Normal: -0 -1 0
UV: 0.468204 0.530024

Position: -0.534477 4.41495 -4.44515
Normal: -0 -1 0
UV: 0.468204 0.52346

Position: -0.534477 4.41495 -6.11388
Normal: -0 -1 0
UV: 0.463744 0.52346

Position: -2.99088 4.41495 -6.11388
Normal: -0 -1 0
UV: 0.463744 0.530024

Position: -5.44728 4.41495 -6.11388
Normal: 1 0 0
UV: 0.460802 0.549456

Position: -5.44728 0.505372 -6.11388
Normal: 1 0 0
UV: 0.460802 0.559904

Position: -5.44728 4.41495 -4.44515
Normal: 1 0 0
UV: 0.465262 0.549456

Position: -5.44728 0.505372 -4.44515
Normal: 1 0 0
UV: 0.465262 0.559904

Position: -0.534477 4.41495 -4.44515
Normal: -1 0 0
UV: 0.455464 0.549456

Position: -0.534477 0.505372 -4.44515
Normal: -1 0 0
UV: 0.455464 0.559904

Position: -0.534477 0.505372 -6.11388
Normal: -1 0 0
UV: 0.459924 0.559904

Position: -0.534477 4.41495 -6.11388
Normal: -1 0 0
UV: 0.459924 0.549456

Position: -0.534477 0.505372 -4.44515
Normal: -0 1 0
UV: 0.113145 0.317626

Position: -2.99088 0.505372 -4.44515
Normal: -0 1 0
UV: 0.113145 0.324191

Position: -2.99088 0.505372 -6.11388
Normal: -0 1 0
UV: 0.117605 0.324191

Position: -0.534477 0.505372 -6.11388
Normal: -0 1 0
UV: 0.117605 0.317626

Position: -2.99088 4.65172 -6.11388
Normal: -0 1 0
UV: 0.112695 0.365764

Position: -2.99088 4.65172 -7.58342
Normal: -0 1 0
UV: 0.116622 0.365764

Position: -0.525429 4.65172 -6.11388
Normal: -0 1 0
UV: 0.112695 0.359175

Position: -0.525429 4.65172 -7.58342
Normal: -0 1 0
UV: 0.116622 0.359175

Position: -5.44728 4.41495 -6.11388
Normal: -0.99927 -0.0381879 0
UV: 0.157766 0.381059

Position: -5.44728 4.41495 -7.58342
Normal: -0.99927 -0.0381879 0
UV: 0.157766 0.384986

Position: -5.45633 4.65172 -6.11388
Normal: -0.99927 -0.0381879 0
UV: 0.158399 0.381059

Position: -5.45633 4.65172 -7.58342
Normal: -0.99927 -0.0381879 0
UV: 0.158399 0.384986

Position: -0.534477 4.41495 -7.58342
Normal: -0 -1 0
UV: 0.459817 0.52346

Position: -2.99088 4.41495 -7.58342
Normal: -0 -1 0
UV: 0.459817 0.530024

Position: -0.525429 4.65172 -6.11388
Normal: 0.99927 -0.0381879 0
UV: 0.160073 0.384986

Position: -0.525429 4.65172 -7.58342
Normal: 0.99927 -0.0381879 0
UV: 0.160073 0.381059

Position: -0.534477 4.41495 -6.11388
Normal: 0.99927 -0.0381879 0
UV: 0.15944 0.384986

Position: -0.534477 4.41495 -7.58342
Normal: 0.99927 -0.0381879 0
UV: 0.15944 0.381059

Position: -0.534477 0.505372 -6.11388
Normal: 0.999842 -0.0177824 0
UV: 0.288288 0.407267

Position: -0.534477 0.505372 -6.72519
Normal: 0.999842 -0.0177824 0
UV: 0.288288 0.405634

Position: -0.539108 0.244987 -6.11388
Normal: 0.999842 -0.0177824 0
UV: 0.287592 0.407267

Position: -0.539108 0.244987 -6.72519
Normal: 0.999842 -0.0177824 0
UV: 0.287592 0.405634

Position: -2.99088 0.505372 -6.72519
Normal: -0 1 0
UV: 0.119238 0.324191

Position: -0.534477 0.505372 -6.72519
Normal: -0 1 0
UV: 0.119238 0.317626

Position: -5.44265 0.244987 -6.11388
Normal: -0.999842 -0.0177674 0
UV: 0.289824 0.405634

Position: -5.44265 0.244987 -6.72519
Normal: -0.999842 -0.0177674 0
UV: 0.289824 0.407267

Position: -5.44728 0.505372 -6.11388
Normal: -0.999842 -0.0177674 0
UV: 0.29052 0.405634

Position: -5.44728 0.505372 -6.72519
Normal: -0.999842 -0.0177674 0
UV: 0.29052 0.407267

Position: -0.539108 0.244987 -6.11388
Normal: -0 0 -1
UV: 0.480222 0.614847

Position: 5.8348 5.04363 -5.71833
Normal: -0 1 0
UV: 0.0183244 0.259378

Position: 5.8348 5.04363 -6.11388
Normal: -0 1 0
UV: 0.0183583 0.259378

Position: 5.8348 6.84334 -5.71833
Normal: -0 0 -1
UV: 0.00249091 0.943118

Position: 5.8348 5.04363 -5.71833
Normal: -0 0 -1
UV: 0.00249094 0.759165

Position: 6.81044 0 7.58342
Normal: -0 0 1
UV: 0.484587 0.503729

Position: 5.8348 0 7.58342
Normal: -0 0 1
UV: 0.484587 0.50406

Position: 5.8348 0 -6.11388
Normal: -0 0 -1
UV: 0.484861 0.633386

Position: 6.81044 0 -6.11388
Normal: -0 0 -1
UV: 0.484861 0.636224

Position: 6.81044 0 -6.11388
Normal: 1 0 0
UV: 0.484587 0.513264

Position: 6.81044 0 -5.103
Normal: 1 0 0
UV: 0.484587 0.513608

Position: -6.81044 0 -5.103
Normal: -1 0 0
UV: 0.484587 0.512787

Position: -6.81044 0 -6.11388
Normal: -1 0 0
UV: 0.484587 0.513131

Position: -6.81044 0 -6.11388
Normal: -0 0 -1
UV: 0.484861 0.596606

Position: -5.44265 0 -6.11388
Normal: -0 0 -1
UV: 0.484862 0.600584

Position: -5.8348 0 7.58342
Normal: -0 0 1
UV: 0.484587 0.508022

Position: -6.81044 0 7.58342
Normal: -0 0 1
UV: 0.484587 0.508353

Position: -0.539108 0 -6.11388
Normal: -0 0 -1
UV: 0.484861 0.614847

Position: 6.81044 0 6.57254
Normal: 1 0 0
UV: 0.484587 0.517571

Position: -6.81044 0 6.57254
Normal: -1 0 0
UV: 0.484587 0.508824

Position: 6.81044 0 7.58342
Normal: 1 0 0
UV: 0.484587 0.517914

Position: -6.81044 0 7.58342
Normal: -1 0 0
UV: 0.484587 0.50848

Position: -0.539108 0 -6.72519
Normal: 1 0 0
UV: 0.286938 0.405634

Position: -0.539108 0 -6.11388
Normal: 1 0 0
UV: 0.286938 0.407267

Position: -0.539108 0.244987 -6.11388
Normal: 1 0 0
UV: 0.287592 0.407267

Position: -0.539108 0.244987 -6.72519
Normal: 1 0 0
UV: 0.287592 0.405634

Position: -5.44265 0 -6.11388
Normal: -1 0 0
UV: 0.289169 0.405634

Position: -5.44265 0.244987 -6.72519
Normal: -1 0 0
UV: 0.289824 0.407267

Position: -5.44265 0.244987 -6.11388
Normal: -1 0 0
UV: 0.289824 0.405634

Position: -5.44265 0 -6.72519
Normal: -1 0 0
UV: 0.289169 0.407267

Position: -2.99088 0 -7.33569
Normal: -0 0 -1
UV: 0.364031 0.287021

Position: -0.539108 0 -7.33569
Normal: -0 0 -1
UV: 0.364031 0.280469

Position: -0.539108 0.244987 -7.33569
Normal: -0 0 -1
UV: 0.363376 0.280469

Position: -2.99088 0.244987 -7.33569
Normal: -0 0 -1
UV: 0.363376 0.287021

Position: -2.99088 0.244987 -7.33569
Normal: -0 1 0
UV: 0.123217 0.420994

Position: -0.539108 0.244987 -6.72519
Normal: -0 1 0
UV: 0.121586 0.414442

Position: -2.99088 0.244987 -6.72519
Normal: -0 1 0
UV: 0.121586 0.420994

Position: -0.539108 0.244987 -7.33569
Normal: -0 1 0
UV: 0.123217 0.414442

Position: -5.44265 0 -6.72519
Normal: -1 0 0
UV: 0.291401 0.405636

Position: -5.44265 0 -7.33569
Normal: -1 0 0
UV: 0.291401 0.407267

Position: -5.44265 0.244987 -6.72519
Normal: -1 0 0
UV: 0.292055 0.405636

Position: -5.44265 0.244987 -7.33569
Normal: -1 0 0
UV: 0.292055 0.407267

Position: -0.539108 0 -7.33569
Normal: -0 -1 0
UV: 0.335419 0.396329

Position: -2.99088 0 -6.72519
Normal: -0 -1 0
UV: 0.33705 0.402881

Position: -0.539108 0 -6.72519
Normal: -0 -1 0
UV: 0.33705 0.396329

Position: -2.99088 0 -7.33569
Normal: -0 -1 0
UV: 0.335419 0.402881

Position: -0.539108 0.244987 -6.72519
Normal: 1 0 0
UV: 0.293729 0.407267

Position: -0.539108 0.244987 -7.33569
Normal: 1 0 0
UV: 0.293729 0.405636

Position: -0.539108 0 -6.72519
Normal: 1 0 0
UV: 0.293074 0.407267

Position: -0.539108 0 -7.33569
Normal: 1 0 0
UV: 0.293074 0.405636

Position: -5.8348 5.04363 -6.11388
Normal: -0 1 0
UV: 0.0183583 0.290565

Position: -5.8348 5.04363 -5.71833
Normal: -0 1 0
UV: 0.0183244 0.290565

Position: -5.45633 4.65172 -6.11388
Normal: -0 1 0
UV: 0.112695 0.372353

Position: -5.45633 4.65172 -7.58342
Normal: -0 1 0
UV: 0.116622 0.372353

Position: -5.44728 4.41495 -7.58342
Normal: -0 0 -1
UV: 0.173378 0.389889

Position: -5.45633 4.65172 -7.58342
Normal: -0 0 -1
UV: 0.172745 0.389913

Position: -5.44728 4.41495 -6.11388
Normal: -0 -1 0
UV: 0.463744 0.536589

Position: -5.44728 4.41495 -7.58342
Normal: -0 -1 0
UV: 0.459817 0.536589

Position: -5.44728 4.41495 -4.44515
Normal: -0 -1 0
UV: 0.468204 0.536589

Position: -5.44728 0.505372 -4.44515
Normal: -0 0 -1
UV: 0.727398 0.576101

Position: -5.44728 4.41495 -4.44515
Normal: -0 0 -1
UV: 0.727398 0.178573

Position: -5.44728 0.505372 -4.44515
Normal: -0 1 0
UV: 0.113145 0.330756

Position: -5.44728 0.505372 -6.11388
Normal: -0 1 0
UV: 0.117605 0.330756

Position: -5.44728 0.505372 -6.72519
Normal: -0 1 0
UV: 0.119238 0.330756

Position: -5.44265 0.244987 -6.72519
Normal: -0 0 -1
UV: 0.398187 0.27821

Position: -5.44728 0.505372 -6.72519
Normal: -0 0 -1
UV: 0.397491 0.278223

Position: -5.44265 0.244987 -6.72519
Normal: -0 1 0
UV: 0.121586 0.427547

Position: -5.44265 0.244987 -7.33569
Normal: -0 1 0
UV: 0.123217 0.427547

Position: -5.44265 0.244987 -7.33569
Normal: -0 0 -1
UV: 0.363376 0.293573

Position: -5.44265 0 -7.33569
Normal: -0 0 -1
UV: 0.364031 0.293573

Position: -5.44265 0 -6.72519
Normal: -0 -1 0
UV: 0.33705 0.409433

Position: -5.44265 0 -7.33569
Normal: -0 -1 0
UV: 0.335419 0.409433

Position: -6.58297 1.60741 -6.14563
Normal: -0 0 1
UV: 0.319823 0.404523

Position: -5.56993 1.60741 -6.14563
Normal: -0 0 1
UV: 0.317116 0.404523

Position: -5.56993 -4.1249e-008 -6.14563
Normal: -0 0 1
UV: 0.317116 0.409433

Position: -6.58297 -4.1249e-008 -6.14563
Normal: -0 0 1
UV: 0.319823 0.409433

Position: -6.58297 1.60741 -7.21569
Normal: -0 1 0
UV: 0.461207 0.432415

Position: -5.56993 1.60741 -6.14563
Normal: -0 1 0
UV: 0.4585 0.435274

Position: -6.58297 1.60741 -6.14563
Normal: -0 1 0
UV: 0.461207 0.435274

Position: -5.56993 1.60741 -7.21569
Normal: -0 1 0
UV: 0.4585 0.432415

Position: -6.58297 -4.1249e-008 -7.21569
Normal: -0 0 -1
UV: 0.386208 0.32892

Position: -5.56993 -4.1249e-008 -7.21569
Normal: -0 0 -1
UV: 0.368711 0.32892

Position: -5.56993 1.60741 -7.21569
Normal: -0 0 -1
UV: 0.368711 0.360651

Position: -6.58297 1.60741 -7.21569
Normal: -0 0 -1
UV: 0.386208 0.360651

Position: -6.58297 1.60741 -6.14563
Normal: -1 0 0
UV: 0.325227 0.252639

Position: -6.58297 -4.1249e-008 -6.14563
Normal: -1 0 0
UV: 0.325227 0.257549

Position: -6.58297 1.60741 -7.21569
Normal: -1 0 0
UV: 0.328087 0.252639

Position: -6.58297 -4.1249e-008 -7.21569
Normal: -1 0 0
UV: 0.328087 0.257549

Position: -5.56993 1.60741 -6.14563
Normal: 1 0 0
UV: 0.324349 0.255869

Position: -5.56993 -4.1249e-008 -7.21569
Normal: 1 0 0
UV: 0.321489 0.26078

Position: -5.56993 -4.1249e-008 -6.14563
Normal: 1 0 0
UV: 0.324349 0.26078

Position: -5.56993 1.60741 -7.21569
Normal: 1 0 0
UV: 0.321489 0.255869

Position: -6.25463 1.95921 -6.49245
Normal: -0 0 1
UV: 0.624829 0.553017

Position: -5.89827 1.95921 -6.49245
Normal: -0 0 1
UV: 0.624829 0.546862

Position: -5.89827 1.57821 -6.49245
Normal: -0 0 1
UV: 0.618249 0.546862

Position: -6.25463 1.57821 -6.49245
Normal: -0 0 1
UV: 0.618249 0.553017

Position: -6.58524 3.06875 -7.21808
Normal: -0 1 0
UV: 0.578621 0.220657

Position: -5.56767 3.06875 -6.14324
Normal: -0 1 0
UV: 0.561047 0.23922

Position: -6.58524 3.06875 -6.14324
Normal: -0 1 0
UV: 0.578621 0.23922

Position: -5.56767 3.06875 -7.21808
Normal: -0 1 0
UV: 0.561047 0.220657

Position: -6.25463 1.57821 -6.86887
Normal: -0 0 -1
UV: 0.624727 0.590873

Position: -5.89827 1.57821 -6.86887
Normal: -0 0 -1
UV: 0.624727 0.584718

Position: -5.89827 1.95921 -6.86887
Normal: -0 0 -1
UV: 0.618147 0.584718

Position: -6.25463 1.95921 -6.86887
Normal: -0 0 -1
UV: 0.618147 0.590873

Position: -6.25463 1.95921 -6.49245
Normal: -1 0 0
UV: 0.624829 0.559481

Position: -6.25463 1.57821 -6.49245
Normal: -1 0 0
UV: 0.618249 0.559481

Position: -6.25463 1.95921 -6.86887
Normal: -1 0 0
UV: 0.624829 0.565982

Position: -6.25463 1.57821 -6.86887
Normal: -1 0 0
UV: 0.618249 0.565982

Position: -5.89827 1.95921 -6.49245
Normal: 1 0 0
UV: 0.624727 0.5786

Position: -5.89827 1.57821 -6.86887
Normal: 1 0 0
UV: 0.618147 0.572099

Position: -5.89827 1.57821 -6.49245
Normal: 1 0 0
UV: 0.618147 0.5786

Position: -5.89827 1.95921 -6.86887
Normal: 1 0 0
UV: 0.624727 0.572099

Position: -6.58524 1.95921 -6.14324
Normal: -0 -1 0
UV: 0.58846 0.392511

Position: -5.56767 1.95921 -6.14324
Normal: -0 -1 0
UV: 0.570886 0.392511

Position: -5.89827 1.95921 -6.49245
Normal: -0 -1 0
UV: 0.576596 0.398542

Position: -6.25463 1.95921 -6.49245
Normal: -0 -1 0
UV: 0.582751 0.398542

Position: -6.58524 1.95921 -7.21808
Normal: -0 -1 0
UV: 0.58846 0.411074

Position: -6.25463 1.95921 -6.86887
Normal: -0 -1 0
UV: 0.582751 0.405043

Position: -5.89827 1.95921 -6.86887
Normal: -0 -1 -2.4846e-007
UV: 0.576596 0.405043

Position: -5.56767 1.95921 -7.21808
Normal: -0 -1 -2.4846e-007
UV: 0.570886 0.411074

Position: -6.58524 3.06875 -6.14324
Normal: -0 0 1
UV: 0.58855 0.438322

Position: -5.56767 3.06875 -6.14324
Normal: -0 0 1
UV: 0.570976 0.438322

Position: -5.56767 1.95921 -6.14324
Normal: -0 0 1
UV: 0.570976 0.438322

Position: -6.58524 1.95921 -6.14324
Normal: -0 0 1
UV: 0.58855 0.438322

Position: -6.58524 3.06875 -6.14324
Normal: -1 0 0
UV: 0.601623 0.431109

Position: -6.58524 1.95921 -6.14324
Normal: -1 0 0
UV: 0.601623 0.431109

Position: -6.58524 3.06875 -7.21808
Normal: -1 0 0
UV: 0.620187 0.431109

Position: -6.58524 1.95921 -7.21808
Normal: -1 0 0
UV: 0.620187 0.431109

Position: -5.56767 1.95921 -7.21808
Normal: -0 0 -1
UV: 0.556196 0.285415

Position: -5.56767 3.06875 -7.21808
Normal: -0 0 -1
UV: 0.556196 0.285415

Position: -6.58524 1.95921 -7.21808
Normal: -0 0 -1
UV: 0.573771 0.285415

Position: -6.58524 3.06875 -7.21808
Normal: -0 0 -1
UV: 0.573771 0.285415

Position: -5.56767 3.06875 -6.14324
Normal: 1 0 0
UV: 0.558499 0.416432

Position: -5.56767 1.95921 -7.21808
Normal: 1 0 0
UV: 0.539935 0.435595

Position: -5.56767 1.95921 -6.14324
Normal: 1 0 0
UV: 0.558499 0.435595

Position: -5.56767 3.06875 -7.21808
Normal: 1 0 0
UV: 0.539935 0.416432


[INDEX_DATA]
0 2 1
0 3 2
4 6 5
4 7 6
8 10 9
8 11 10
12 14 13
13 14 15
16 18 17
17 19 16
20 22 21
20 23 22
24 26 25
24 27 26
28 30 29
28 31 30
32 34 33
33 34 35
36 38 37
37 39 36
40 42 41
41 43 40
44 46 45
45 47 44
48 50 49
49 51 48
52 54 53
52 55 54
56 58 57
57 59 56
60 62 61
60 63 62
64 66 65
65 67 64
68 70 69
68 71 70
72 74 73
73 74 75
76 78 77
77 79 76
80 82 81
80 83 82
84 86 85
86 87 85
88 90 89
88 91 90
92 94 93
93 94 95
96 98 97
97 99 96
100 102 101
100 103 102
104 106 105
105 107 104
108 110 109
108 111 110
112 114 113
113 114 115
116 118 117
117 119 116
120 122 121
120 123 122
124 123 120
124 125 123
125 127 126
125 124 127
121 122 126
121 126 127
128 130 129
128 131 130
132 134 133
133 134 135
136 138 137
138 139 137
140 142 141
141 143 140
144 146 145
146 147 145
148 150 149
151 148 149
152 154 153
154 155 153
156 158 157
159 157 158
160 162 161
161 163 160
164 166 165
164 167 166
168 170 169
170 171 169
172 174 173
172 175 174
176 178 177
178 176 179
180 182 181
181 183 180
184 186 185
186 187 185
188 190 189
191 189 190
192 194 193
194 195 193
196 198 197
197 199 196
200 202 201
202 203 201
204 206 205
207 205 206
208 210 209
210 211 209
212 214 213
213 215 212
216 218 217
218 219 217
220 222 221
223 221 222
224 226 225
226 227 225
228 230 229
229 231 228
232 234 233
234 235 233
236 238 237
239 237 238
240 242 241
242 243 241
244 246 245
245 247 244
248 250 249
250 251 249
252 254 253
255 253 254
256 258 257
258 259 257
260 262 261
261 263 260
264 266 265
266 267 265
268 270 269
271 269 270
272 274 273
274 275 273
276 278 277
277 279 276
280 282 281
282 283 281
284 286 285
287 285 286
288 290 289
290 291 289
292 294 293
294 295 293
296 298 297
298 296 299
300 302 301
302 300 303
304 306 305
306 304 307
308 310 309
310 308 311
312 314 313
314 312 315
316 318 317
318 316 319
320 322 321
322 320 323
324 326 325
325 327 324
328 330 329
330 328 331
332 334 333
334 332 335
336 338 337
338 336 339
340 342 341
342 340 343
344 346 345
346 344 347
348 350 349
350 348 351
352 354 353
354 352 355
356 358 357
358 356 359
360 362 361
361 362 363
154 292 293
293 155 154
364 366 365
365 367 364
274 302 303
303 275 274
368 370 369
369 371 368
242 310 311
311 243 242
372 374 373
373 375 372
210 318 319
319 211 210
376 378 377
379 376 377
380 382 381
380 383 382
170 324 327
327 171 170
384 386 385
385 387 384
202 334 335
335 203 202
388 390 389
389 391 388
234 342 343
343 235 234
392 394 393
393 395 392
266 350 351
351 267 266
396 398 397
397 399 396
146 358 359
359 147 146
362 360 148
360 150 148
400 402 401
401 403 400
404 406 405
405 407 404
408 410 409
409 411 408
412 414 413
413 415 412
416 418 417
417 419 416
420 422 421
421 423 420
424 426 425
425 427 424
428 430 429
429 431 428
432 434 433
432 435 434
436 438 437
436 439 438
440 442 441
440 443 442
444 446 445
444 447 446
448 450 449
448 451 450
452 454 453
452 455 454
456 458 457
456 459 458
460 462 461
460 463 462
464 466 465
464 467 466
468 470 469
468 471 470
472 474 473
475 473 474
476 475 474
477 476 474
478 477 479
477 478 476
163 161 402
402 400 163
480 482 481
481 483 480
263 261 410
410 408 263
484 486 485
485 487 484
231 229 418
418 416 231
488 490 489
489 491 488
199 197 426
426 424 199
492 494 493
493 495 492
166 167 433
167 432 433
174 175 437
175 436 437
496 498 497
498 499 497
204 205 445
205 444 445
500 502 501
502 503 501
453 236 237
237 452 453
504 506 505
505 507 504
461 268 269
269 460 461
508 510 509
509 511 508
469 156 157
157 468 469
363 362 474
474 472 363
512 514 513
513 514 515
148 151 477
151 479 477
516 518 517
516 519 518
520 522 521
521 523 520
524 526 525
524 527 526
528 530 529
531 529 530
532 534 533
532 535 534
536 538 537
537 539 536
540 542 541
540 543 542
544 546 545
547 545 546
548 550 549
548 551 550
552 554 553
553 555 552
556 558 557
556 559 558
560 562 561
563 561 562
564 566 565
564 567 566
568 570 569
569 571 568
572 574 573
572 575 574
576 578 577
577 579 576
580 582 581
581 583 580
584 586 585
587 585 586
588 590 589
588 591 590
592 594 593
593 595 592
596 598 597
596 599 598
600 602 601
603 601 602
604 606 605
604 607 606
608 610 609
609 611 608
612 614 613
612 615 614
616 618 617
619 617 618
620 622 621
621 623 620
624 626 625
625 627 624
628 630 629
628 631 630
632 634 633
635 633 634
636 638 637
637 639 636
640 642 641
641 643 640
644 646 645
645 647 644
648 650 649
650 648 651
652 654 653
654 652 655
656 658 657
658 656 659
660 662 661
661 663 660
664 666 665
666 664 667
668 670 669
670 668 671
672 674 673
674 672 675
676 678 677
677 679 676
680 682 681
682 680 683
684 686 685
686 684 687
688 690 689
690 688 691
692 694 693
693 695 692
696 698 697
698 696 699
700 702 701
702 700 703
704 706 705
706 704 707
708 710 709
709 711 708
712 714 713
714 712 715
716 718 717
717 719 716
720 722 721
721 723 720
724 726 725
725 727 724
728 730 729
730 728 731
732 734 733
733 735 732
736 738 737
737 739 736
740 742 741
741 743 740
744 746 745
746 744 747
748 750 749
749 751 748
752 754 753
753 755 752
756 758 757
757 759 756
760 762 761
762 760 763
764 766 765
765 767 764
768 770 769
769 771 768
772 774 773
773 775 772
776 778 777
777 779 776
780 782 781
782 780 783
784 786 785
785 787 784
788 790 789
790 788 791
792 794 793
792 795 794
436 796 439
796 797 439
436 175 798
798 796 436
798 172 799
172 798 175
324 800 326
801 326 800
802 800 324
324 170 802
802 168 803
802 170 168
804 165 166
166 805 804
805 166 433
433 806 805
806 433 434
434 807 806
176 808 179
176 809 808
789 176 810
811 813 812
812 814 811
815 817 816
817 792 816
177 818 810
810 176 177
819 817 815
820 822 821
821 823 820
824 826 825
824 827 826
828 830 829
831 829 830
832 834 833
832 835 834
836 838 837
836 839 838
840 842 841
842 843 841
844 846 845
846 847 845
848 826 827
827 849 848
850 852 851
852 853 851
854 856 855
856 857 855
858 838 839
839 859 858
860 862 861
862 863 861
792 793 816
177 864 818
176 789 790
790 809 176
579 577 865
865 866 579
867 868 379
379 377 867
171 869 169
171 870 869
871 178 872
871 177 178
873 432 874
432 873 435
875 437 438
438 876 875
877 819 878
877 817 819
325 879 327
325 880 879
881 177 871
881 864 177
327 870 171
327 879 870
874 167 882
167 874 432
883 174 437
437 875 883
882 164 884
164 882 167
885 173 174
174 883 885
886 888 887
888 886 889
890 892 891
891 893 890
894 896 895
894 897 896
898 900 899
899 901 898
902 904 903
904 905 903
906 908 907
907 909 906
910 912 911
912 913 911
914 915 578
578 576 914
791 788 793
793 794 791
916 840 841
841 917 916
812 813 918
918 919 812
827 920 849
920 921 849
922 920 824
824 920 827
923 924 380
380 924 383
837 926 925
837 838 926
926 838 858
858 927 926
928 821 822
928 929 821
930 900 898
898 931 930
897 894 932
933 932 894
934 909 907
934 935 909
936 938 937
936 939 938
940 942 941
941 943 940
944 946 945
944 947 946
948 950 949
949 950 951
952 954 953
953 955 952
956 958 957
956 959 958
960 962 961
961 963 960
964 966 965
964 967 966
968 970 969
969 970 971
972 974 973
973 975 972
976 978 977
976 979 978
980 979 976
980 981 979
982 981 980
980 983 982
977 978 982
977 982 983
984 986 985
984 987 986
988 990 989
989 990 991
992 994 993
994 995 993
996 998 997
997 999 996

