[FBX_META_DATA]
MeshCount: 1

[MESH_DATA]
VertexCount: 712
IndexCount: 1344
BoneCount: 0
AnimationClips: 1

[VERTEX_DATA]
Position: -5.65301 12.829 5.98972
Normal: -0 0 1
UV: 0.762751 0.0884744

Position: -3.37187 12.829 5.98972
Normal: -0 0 1
UV: 0.778661 0.0884138

Position: -3.37187 11.9707 5.98972
Normal: -0 0 1
UV: 0.778613 0.0759184

Position: -5.65301 11.9707 5.98972
Normal: -0 0 1
UV: 0.762703 0.075979

Position: -3.37187 12.829 5.98972
Normal: -0 1 0
UV: 0.892459 0.00569046

Position: -5.65301 12.829 5.98972
Normal: -0 1 0
UV: 0.752642 0.00569046

Position: -5.65301 12.829 4.93427
Normal: -0 1 0
UV: 0.752642 0.0728931

Position: -3.37187 12.829 4.93427
Normal: -0 1 0
UV: 0.892459 0.0728931

Position: -5.65301 11.9707 4.93427
Normal: -0 0 -1
UV: 0.762828 0.108793

Position: -3.37187 11.9707 4.93427
Normal: -0 0 -1
UV: 0.778738 0.108732

Position: -3.37187 12.829 4.93427
Normal: -0 0 -1
UV: 0.77869 0.0962369

Position: -5.65301 12.829 4.93427
Normal: -0 0 -1
UV: 0.76278 0.0962974

Position: -5.65301 12.829 5.98972
Normal: -1 0 0
UV: 0.732504 0.0759823

Position: -5.65301 11.9707 5.98972
Normal: -1 0 0
UV: 0.720008 0.0760298

Position: -5.65301 12.829 4.93427
Normal: -1 0 0
UV: 0.732532 0.0833437

Position: -5.65301 11.9707 4.93427
Normal: -1 0 0
UV: 0.720036 0.0833912

Position: -3.37187 12.829 5.98972
Normal: 1 0 0
UV: 0.732503 0.0757712

Position: -3.37187 11.9707 4.93427
Normal: 1 0 0
UV: 0.71998 0.0684572

Position: -3.37187 11.9707 5.98972
Normal: 1 0 0
UV: 0.720007 0.0758187

Position: -3.37187 12.829 4.93427
Normal: 1 0 0
UV: 0.732475 0.0684097

Position: -5.65301 12.829 4.2762
Normal: -0 0 1
UV: 0.762751 0.0884744

Position: -3.37187 12.829 4.2762
Normal: -0 0 1
UV: 0.778661 0.0884138

Position: -3.37187 11.9707 4.2762
Normal: -0 0 1
UV: 0.778613 0.0759184

Position: -5.65301 11.9707 4.2762
Normal: -0 0 1
UV: 0.762703 0.075979

Position: -3.37187 12.829 4.2762
Normal: -0 1 0
UV: 0.892459 0.00569046

Position: -5.65301 12.829 4.2762
Normal: -0 1 0
UV: 0.752642 0.00569046

Position: -5.65301 12.829 3.22073
Normal: -0 1 0
UV: 0.752642 0.0728931

Position: -3.37187 12.829 3.22073
Normal: -0 1 0
UV: 0.892459 0.0728931

Position: -5.65301 11.9707 3.22073
Normal: -0 0 -1
UV: 0.762828 0.108793

Position: -3.37187 11.9707 3.22073
Normal: -0 0 -1
UV: 0.778738 0.108732

Position: -3.37187 12.829 3.22073
Normal: -0 0 -1
UV: 0.77869 0.0962369

Position: -5.65301 12.829 3.22073
Normal: -0 0 -1
UV: 0.76278 0.0962974

Position: -5.65301 12.829 4.2762
Normal: -1 0 0
UV: 0.732504 0.0759823

Position: -5.65301 11.9707 4.2762
Normal: -1 0 0
UV: 0.720008 0.0760298

Position: -5.65301 12.829 3.22073
Normal: -1 0 0
UV: 0.732532 0.0833437

Position: -5.65301 11.9707 3.22073
Normal: -1 0 0
UV: 0.720036 0.0833912

Position: -3.37187 12.829 4.2762
Normal: 1 0 0
UV: 0.732503 0.0757712

Position: -3.37187 11.9707 3.22073
Normal: 1 0 0
UV: 0.71998 0.0684572

Position: -3.37187 11.9707 4.2762
Normal: 1 0 0
UV: 0.720007 0.0758187

Position: -3.37187 12.829 3.22073
Normal: 1 0 0
UV: 0.732475 0.0684097

Position: -4.76646 12.659 2.374
Normal: 1 0 0
UV: 0.762751 0.0884744

Position: -4.76646 12.1407 0.99659
Normal: 1 0 0
UV: 0.778613 0.0759184

Position: -4.76646 12.1407 2.374
Normal: 1 0 0
UV: 0.762703 0.075979

Position: -4.76646 12.659 0.99659
Normal: 1 0 0
UV: 0.778661 0.0884138

Position: -5.40377 12.659 2.374
Normal: -0 1 0
UV: 0.752642 0.0728931

Position: -4.76646 12.659 0.99659
Normal: -0 1 0
UV: 0.892459 0.00569046

Position: -4.76646 12.659 2.374
Normal: -0 1 0
UV: 0.752642 0.00569046

Position: -5.40377 12.659 0.99659
Normal: -0 1 0
UV: 0.892459 0.0728931

Position: -5.40377 12.1407 2.374
Normal: -1 0 0
UV: 0.762828 0.108793

Position: -5.40377 12.659 0.99659
Normal: -1 0 0
UV: 0.77869 0.0962369

Position: -5.40377 12.659 2.374
Normal: -1 0 0
UV: 0.76278 0.0962974

Position: -5.40377 12.1407 0.99659
Normal: -1 0 0
UV: 0.778738 0.108732

Position: -5.40377 12.659 2.374
Normal: -0 0 1
UV: 0.732532 0.0833437

Position: -4.76646 12.659 2.374
Normal: -0 0 1
UV: 0.732504 0.0759823

Position: -4.76646 12.1407 2.374
Normal: -0 0 1
UV: 0.720008 0.0760298

Position: -5.40377 12.1407 2.374
Normal: -0 0 1
UV: 0.720036 0.0833912

Position: -4.76646 12.1407 0.99659
Normal: -0 0 -1
UV: 0.720007 0.0758187

Position: -4.76646 12.659 0.99659
Normal: -0 0 -1
UV: 0.732503 0.0757712

Position: -5.40377 12.1407 0.99659
Normal: -0 0 -1
UV: 0.71998 0.0684572

Position: -5.40377 12.659 0.99659
Normal: -0 0 -1
UV: 0.732475 0.0684097

Position: 3.02905 12.829 -3.55198
Normal: -0 0 1
UV: 0.762751 0.0884744

Position: 5.31017 12.829 -3.55198
Normal: -0 0 1
UV: 0.778661 0.0884138

Position: 5.31017 11.9707 -3.55198
Normal: -0 0 1
UV: 0.778613 0.0759184

Position: 3.02905 11.9707 -3.55198
Normal: -0 0 1
UV: 0.762703 0.075979

Position: 5.31017 12.829 -3.55198
Normal: -0 1 0
UV: 0.892459 0.00569046

Position: 3.02905 12.829 -3.55198
Normal: -0 1 0
UV: 0.752642 0.00569046

Position: 3.02905 12.829 -4.60744
Normal: -0 1 0
UV: 0.752642 0.0728931

Position: 5.31017 12.829 -4.60744
Normal: -0 1 0
UV: 0.892459 0.0728931

Position: 3.02905 11.9707 -4.60744
Normal: -0 0 -1
UV: 0.762828 0.108793

Position: 5.31017 11.9707 -4.60744
Normal: -0 0 -1
UV: 0.778738 0.108732

Position: 5.31017 12.829 -4.60744
Normal: -0 0 -1
UV: 0.77869 0.0962369

Position: 3.02905 12.829 -4.60744
Normal: -0 0 -1
UV: 0.76278 0.0962974

Position: 3.02905 12.829 -3.55198
Normal: -1 0 0
UV: 0.732504 0.0759823

Position: 3.02905 11.9707 -3.55198
Normal: -1 0 0
UV: 0.720008 0.0760298

Position: 3.02905 12.829 -4.60744
Normal: -1 0 0
UV: 0.732532 0.0833437

Position: 3.02905 11.9707 -4.60744
Normal: -1 0 0
UV: 0.720036 0.0833912

Position: 5.31017 12.829 -3.55198
Normal: 1 0 0
UV: 0.732503 0.0757712

Position: 5.31017 11.9707 -4.60744
Normal: 1 0 0
UV: 0.71998 0.0684572

Position: 5.31017 11.9707 -3.55198
Normal: 1 0 0
UV: 0.720007 0.0758187

Position: 5.31017 12.829 -4.60744
Normal: 1 0 0
UV: 0.732475 0.0684097

Position: -0.428093 1.60741 -6.14563
Normal: -0 0 1
UV: 0.319823 0.404523

Position: 0.584946 1.60741 -6.14563
Normal: -0 0 1
UV: 0.317116 0.404523

Position: 0.584946 0 -6.14563
Normal: -0 0 1
UV: 0.317116 0.409433

Position: -0.428093 0 -6.14563
Normal: -0 0 1
UV: 0.319823 0.409433

Position: -0.428093 1.60741 -6.14563
Normal: -0 1 0
UV: 0.474133 0.388955

Position: -0.428093 1.60741 -7.21569
Normal: -0 1 0
UV: 0.474133 0.386095

Position: 0.584946 1.60741 -6.14563
Normal: -0 1 0
UV: 0.471426 0.388955

Position: 0.584946 1.60741 -7.21569
Normal: -0 1 0
UV: 0.471426 0.386095

Position: -0.428093 0 -7.21569
Normal: -0 0 -1
UV: 0.341651 0.332281

Position: 0.584946 0 -7.21569
Normal: -0 0 -1
UV: 0.324155 0.332281

Position: 0.584946 1.60741 -7.21569
Normal: -0 0 -1
UV: 0.324155 0.364013

Position: -0.428093 1.60741 -7.21569
Normal: -0 0 -1
UV: 0.341651 0.364013

Position: -0.428093 1.60741 -6.14563
Normal: -1 0 0
UV: 0.361852 0.249407

Position: -0.428093 0 -6.14563
Normal: -1 0 0
UV: 0.361852 0.254317

Position: -0.428093 1.60741 -7.21569
Normal: -1 0 0
UV: 0.364711 0.249407

Position: -0.428093 0 -7.21569
Normal: -1 0 0
UV: 0.364711 0.254317

Position: 0.584946 1.60741 -6.14563
Normal: 1 0 0
UV: 0.360974 0.252638

Position: 0.584946 0 -7.21569
Normal: 1 0 0
UV: 0.358114 0.257548

Position: 0.584946 0 -6.14563
Normal: 1 0 0
UV: 0.360974 0.257548

Position: 0.584946 1.60741 -7.21569
Normal: 1 0 0
UV: 0.358114 0.252638

Position: -0.0997543 1.95921 -6.49245
Normal: -0 0 1
UV: 0.624829 0.553017

Position: 0.256607 1.95921 -6.49245
Normal: -0 0 1
UV: 0.624829 0.546862

Position: 0.256607 1.57821 -6.49245
Normal: -0 0 1
UV: 0.618249 0.546862

Position: -0.0997543 1.57821 -6.49245
Normal: -0 0 1
UV: 0.618249 0.553017

Position: -0.430359 3.06875 -6.14324
Normal: -0 1 0
UV: 0.578621 0.23922

Position: -0.430359 3.06875 -7.21808
Normal: -0 1 0
UV: 0.578621 0.220657

Position: 0.587212 3.06875 -6.14324
Normal: -0 1 0
UV: 0.561047 0.23922

Position: 0.587212 3.06875 -7.21808
Normal: -0 1 0
UV: 0.561047 0.220657

Position: -0.0997543 1.57821 -6.86887
Normal: -0 0 -1
UV: 0.624727 0.590873

Position: 0.256607 1.57821 -6.86887
Normal: -0 0 -1
UV: 0.624727 0.584718

Position: 0.256607 1.95921 -6.86887
Normal: -0 0 -1
UV: 0.618147 0.584718

Position: -0.0997543 1.95921 -6.86887
Normal: -0 0 -1
UV: 0.618147 0.590873

Position: -0.0997543 1.95921 -6.49245
Normal: -1 0 0
UV: 0.624829 0.559481

Position: -0.0997543 1.57821 -6.49245
Normal: -1 0 0
UV: 0.618249 0.559481

Position: -0.0997543 1.95921 -6.86887
Normal: -1 0 0
UV: 0.624829 0.565982

Position: -0.0997543 1.57821 -6.86887
Normal: -1 0 0
UV: 0.618249 0.565982

Position: 0.256607 1.95921 -6.49245
Normal: 1 0 0
UV: 0.624727 0.5786

Position: 0.256607 1.57821 -6.86887
Normal: 1 0 0
UV: 0.618147 0.572099

Position: 0.256607 1.57821 -6.49245
Normal: 1 0 0
UV: 0.618147 0.5786

Position: 0.256607 1.95921 -6.86887
Normal: 1 0 0
UV: 0.624727 0.572099

Position: -0.430359 1.95921 -6.14324
Normal: -0 -1 -2.48458e-007
UV: 0.58846 0.392511

Position: 0.587212 1.95921 -6.14324
Normal: -0 -1 -2.48458e-007
UV: 0.570886 0.392511

Position: 0.256607 1.95921 -6.49245
Normal: -0 -1 -2.48458e-007
UV: 0.576596 0.398542

Position: -0.0997543 1.95921 -6.49245
Normal: -0 -1 -2.48458e-007
UV: 0.582751 0.398542

Position: -0.430359 1.95921 -7.21808
Normal: -0 -1 0
UV: 0.58846 0.411074

Position: -0.0997543 1.95921 -6.86887
Normal: -0 -1 0
UV: 0.582751 0.405043

Position: 0.256607 1.95921 -6.86887
Normal: -0 -1 2.48459e-007
UV: 0.576596 0.405043

Position: 0.587212 1.95921 -7.21808
Normal: -0 -1 2.48459e-007
UV: 0.570886 0.411074

Position: -0.430359 3.06875 -6.14324
Normal: -0 0 1
UV: 0.58855 0.438322

Position: 0.587212 3.06875 -6.14324
Normal: -0 0 1
UV: 0.570976 0.438322

Position: 0.587212 1.95921 -6.14324
Normal: -0 0 1
UV: 0.570976 0.438322

Position: -0.430359 1.95921 -6.14324
Normal: -0 0 1
UV: 0.58855 0.438322

Position: -0.430359 3.06875 -6.14324
Normal: -1 0 0
UV: 0.601623 0.431109

Position: -0.430359 1.95921 -6.14324
Normal: -1 0 0
UV: 0.601623 0.431109

Position: -0.430359 3.06875 -7.21808
Normal: -1 0 0
UV: 0.620187 0.431109

Position: -0.430359 1.95921 -7.21808
Normal: -1 0 0
UV: 0.620187 0.431109

Position: 0.587212 1.95921 -7.21808
Normal: -0 0 -1
UV: 0.556196 0.285415

Position: 0.587212 3.06875 -7.21808
Normal: -0 0 -1
UV: 0.556196 0.285415

Position: -0.430359 1.95921 -7.21808
Normal: -0 0 -1
UV: 0.573771 0.285415

Position: -0.430359 3.06875 -7.21808
Normal: -0 0 -1
UV: 0.573771 0.285415

Position: 0.587212 3.06875 -6.14324
Normal: 1 0 0
UV: 0.558499 0.416432

Position: 0.587212 1.95921 -7.21808
Normal: 1 0 0
UV: 0.539935 0.435595

Position: 0.587212 1.95921 -6.14324
Normal: 1 0 0
UV: 0.558499 0.435595

Position: 0.587212 3.06875 -7.21808
Normal: 1 0 0
UV: 0.539935 0.416432

Position: 6.81044 12.2271 7.58342
Normal: -0 0 1
UV: 0.225803 0.255104

Position: 6.81044 10.4351 7.58342
Normal: -0 0 1
UV: 0.225803 0.259913

Position: 5.8348 12.2271 7.58342
Normal: -0 0 1
UV: 0.228411 0.255104

Position: 5.8348 10.4351 7.58342
Normal: -0 0 1
UV: 0.228411 0.259913

Position: 6.24099 12.2271 6.97893
Normal: -0 1 9.75784e-007
UV: 0.00780514 0.525454

Position: 6.81044 12.2271 7.58342
Normal: -0 1 0
UV: 0.00741196 0.527069

Position: 5.8348 12.2271 7.58342
Normal: -0 1 2.01743e-006
UV: 0.00808558 0.527069

Position: 6.81044 12.2271 6.57254
Normal: -0 1 0
UV: 0.00741196 0.524368

Position: 6.81044 10.4351 -6.11388
Normal: -0 0 -1
UV: 0.110978 0.446727

Position: 6.81044 12.2271 -6.11388
Normal: -0 0 -1
UV: 0.107781 0.446727

Position: 5.8348 10.4351 -6.11388
Normal: -0 0 -1
UV: 0.110978 0.44846

Position: 5.8348 12.2271 -6.11388
Normal: -0 0 -1
UV: 0.107781 0.44846

Position: -6.81044 10.4351 6.57254
Normal: -1 0 0
UV: 0.265911 0.259913

Position: -6.81044 12.2271 6.57254
Normal: -1 0 0
UV: 0.265911 0.255104

Position: -6.81044 10.4351 7.58342
Normal: -1 0 0
UV: 0.263209 0.259913

Position: -6.81044 12.2271 7.58342
Normal: -1 0 0
UV: 0.263209 0.255104

Position: 6.81044 12.2271 7.58342
Normal: 1 0 0
UV: 0.337472 0.255104

Position: 6.81044 10.4351 6.57254
Normal: 1 0 0
UV: 0.33477 0.259913

Position: 6.81044 10.4351 7.58342
Normal: 1 0 0
UV: 0.337472 0.259913

Position: 6.81044 12.2271 6.57254
Normal: 1 0 0
UV: 0.33477 0.255104

Position: 6.81044 0.244987 7.58342
Normal: 1 0 0
UV: 0.479947 0.517914

Position: 6.81044 4.87691 7.58342
Normal: 1 0 0
UV: 0.392221 0.517914

Position: 6.81044 4.87691 6.57254
Normal: 1 0 0
UV: 0.392221 0.517571

Position: 6.81044 0.244987 6.57254
Normal: 1 0 0
UV: 0.479946 0.517571

Position: 6.81044 0.244987 7.58342
Normal: -0 0 1
UV: 0.479947 0.503729

Position: 5.8348 4.87691 7.58342
Normal: -0 0 1
UV: 0.392221 0.50406

Position: 6.81044 4.87691 7.58342
Normal: -0 0 1
UV: 0.392221 0.503729

Position: 5.8348 0.244987 7.58342
Normal: -0 0 1
UV: 0.479946 0.50406

Position: -6.81044 4.87691 7.58342
Normal: -1 0 0
UV: 0.392221 0.50848

Position: -6.81044 0.244987 7.58342
Normal: -1 0 0
UV: 0.479947 0.50848

Position: -6.81044 0.244987 6.57254
Normal: -1 0 0
UV: 0.479946 0.508824

Position: -6.81044 4.87691 6.57254
Normal: -1 0 0
UV: 0.392221 0.508824

Position: 5.8348 4.87691 -6.11388
Normal: 5.60625e-008 0 -1
UV: 0.392496 0.633386

Position: 5.8348 0.244987 -6.11388
Normal: 5.99016e-008 0 -1
UV: 0.480221 0.633386

Position: 6.81044 0.244987 -6.11388
Normal: -0 0 -1
UV: 0.480222 0.636224

Position: 6.81044 4.87691 -6.11388
Normal: -0 0 -1
UV: 0.392496 0.636224

Position: 6.81044 6.84334 7.58342
Normal: 1 0 0
UV: 0.418324 0.0904911

Position: 6.81044 5.04363 6.57254
Normal: 1 0 0
UV: 0.415622 0.0953007

Position: 6.81044 5.04363 7.58342
Normal: 1 0 0
UV: 0.418324 0.0953007

Position: 6.81044 6.84334 6.57254
Normal: 1 0 0
UV: 0.415622 0.0904911

Position: 6.81044 6.84334 7.58342
Normal: -0 0 1
UV: 0.306655 0.0904911

Position: 6.81044 5.04363 7.58342
Normal: -0 0 1
UV: 0.306655 0.0953007

Position: 5.8348 6.84334 7.58342
Normal: -0 0 1
UV: 0.309263 0.0904911

Position: 5.8348 5.04363 7.58342
Normal: -0 0 1
UV: 0.309263 0.0953007

Position: -6.81044 5.04363 6.57254
Normal: -1 0 0
UV: 0.346763 0.0953007

Position: -6.81044 6.84334 6.57254
Normal: -1 0 0
UV: 0.346763 0.0904911

Position: -6.81044 5.04363 7.58342
Normal: -1 0 0
UV: 0.344061 0.0953007

Position: -6.81044 6.84334 7.58342
Normal: -1 0 0
UV: 0.344061 0.0904911

Position: 6.81044 5.04363 -6.11388
Normal: -0 0 -1
UV: 0.412807 0.0177751

Position: 6.81044 6.84334 -6.11388
Normal: -0 0 -1
UV: 0.412807 0.0225847

Position: 5.8348 5.04363 -6.11388
Normal: -0 0 -1
UV: 0.415415 0.0177751

Position: 5.8348 6.84334 -6.11388
Normal: -0 0 -1
UV: 0.415415 0.0225847

Position: 6.81044 8.64305 7.58342
Normal: 1 0 0
UV: 0.337472 0.283962

Position: 6.81044 6.84334 6.57254
Normal: 1 0 0
UV: 0.33477 0.288771

Position: 6.81044 6.84334 7.58342
Normal: 1 0 0
UV: 0.337472 0.288771

Position: 6.81044 8.64305 6.57254
Normal: 1 0 0
UV: 0.33477 0.283962

Position: 6.81044 8.64305 7.58342
Normal: -0 0 1
UV: 0.225803 0.283962

Position: 6.81044 6.84334 7.58342
Normal: -0 0 1
UV: 0.225803 0.288771

Position: 5.8348 8.64305 7.58342
Normal: -0 0 1
UV: 0.228411 0.283962

Position: 5.8348 6.84334 7.58342
Normal: -0 0 1
UV: 0.228411 0.288771

Position: -6.81044 6.84334 6.57254
Normal: -1 0 0
UV: 0.265911 0.288771

Position: -6.81044 8.64305 6.57254
Normal: -1 0 0
UV: 0.265911 0.283962

Position: -6.81044 6.84334 7.58342
Normal: -1 0 0
UV: 0.263209 0.288771

Position: -6.81044 8.64305 7.58342
Normal: -1 0 0
UV: 0.263209 0.283962

Position: 6.81044 6.84334 -6.11388
Normal: -0 0 -1
UV: 0.130156 0.446727

Position: 6.81044 8.64305 -6.11388
Normal: -0 0 -1
UV: 0.12696 0.446727

Position: 5.8348 6.84334 -6.11388
Normal: -0 0 -1
UV: 0.130156 0.44846

Position: 5.8348 8.64305 -6.11388
Normal: -0 0 -1
UV: 0.12696 0.44846

Position: 6.81044 10.4351 7.58342
Normal: 1 0 0
UV: 0.418324 0.0808718

Position: 6.81044 8.64305 6.57254
Normal: 1 0 0
UV: 0.415622 0.0856814

Position: 6.81044 8.64305 7.58342
Normal: 1 0 0
UV: 0.418324 0.0856814

Position: 6.81044 10.4351 6.57254
Normal: 1 0 0
UV: 0.415622 0.0808718

Position: 6.81044 10.4351 7.58342
Normal: -0 0 1
UV: 0.306655 0.0808718

Position: 6.81044 8.64305 7.58342
Normal: -0 0 1
UV: 0.306655 0.0856814

Position: 5.8348 10.4351 7.58342
Normal: -0 0 1
UV: 0.309263 0.0808718

Position: 5.8348 8.64305 7.58342
Normal: -0 0 1
UV: 0.309263 0.0856814

Position: -6.81044 8.64305 6.57254
Normal: -1 0 0
UV: 0.346763 0.0856814

Position: -6.81044 10.4351 6.57254
Normal: -1 0 0
UV: 0.346763 0.0808718

Position: -6.81044 8.64305 7.58342
Normal: -1 0 0
UV: 0.344061 0.0856814

Position: -6.81044 10.4351 7.58342
Normal: -1 0 0
UV: 0.344061 0.0808718

Position: 6.81044 8.64305 -6.11388
Normal: -0 0 -1
UV: 0.412807 0.0273943

Position: 6.81044 10.4351 -6.11388
Normal: -0 0 -1
UV: 0.412807 0.032204

Position: 5.8348 8.64305 -6.11388
Normal: -0 0 -1
UV: 0.415415 0.0273943

Position: 5.8348 10.4351 -6.11388
Normal: -0 0 -1
UV: 0.415415 0.032204

Position: -5.8348 10.4351 -6.11388
Normal: -0 0 -1
UV: 0.110978 0.469186

Position: -5.8348 12.2271 -6.11388
Normal: -0 0 -1
UV: 0.107781 0.469186

Position: -6.81044 10.4351 -6.11388
Normal: -0 0 -1
UV: 0.110978 0.470919

Position: -6.81044 12.2271 -6.11388
Normal: -0 0 -1
UV: 0.107781 0.470919

Position: -6.81044 10.4351 -6.11388
Normal: -0 0 -1
UV: 0.449208 0.032204

Position: -6.81044 8.64305 -6.11388
Normal: -0 0 -1
UV: 0.449208 0.0273943

Position: -5.8348 8.64305 -6.11388
Normal: -0 0 -1
UV: 0.446601 0.0273943

Position: -5.8348 10.4351 -6.11388
Normal: -0 0 -1
UV: 0.446601 0.032204

Position: -6.81044 8.64305 -6.11388
Normal: -0 0 -1
UV: 0.12696 0.470919

Position: -6.81044 6.84334 -6.11388
Normal: -0 0 -1
UV: 0.130156 0.470919

Position: -5.8348 6.84334 -6.11388
Normal: -0 0 -1
UV: 0.130156 0.469186

Position: -5.8348 8.64305 -6.11388
Normal: -0 0 -1
UV: 0.12696 0.469186

Position: -6.81044 6.84334 -6.11388
Normal: -0 0 -1
UV: 0.449208 0.0225847

Position: -6.81044 5.04363 -6.11388
Normal: -0 0 -1
UV: 0.449208 0.0177751

Position: -5.8348 5.04363 -6.11388
Normal: -0 0 -1
UV: 0.446601 0.0177751

Position: -5.8348 6.84334 -6.11388
Normal: -0 0 -1
UV: 0.446601 0.0225847

Position: -5.8348 4.87691 7.58342
Normal: -0 0 1
UV: 0.392221 0.508022

Position: -6.81044 0.244987 7.58342
Normal: -0 0 1
UV: 0.479946 0.508353

Position: -6.81044 4.87691 7.58342
Normal: -0 0 1
UV: 0.392221 0.508353

Position: -5.8348 0.244987 7.58342
Normal: -0 0 1
UV: 0.479947 0.508022

Position: -6.81044 5.04363 7.58342
Normal: -0 0 1
UV: 0.343057 0.0953007

Position: -6.81044 6.84334 7.58342
Normal: -0 0 1
UV: 0.343057 0.0904911

Position: -5.8348 6.84334 7.58342
Normal: -0 0 1
UV: 0.340449 0.0904911

Position: -5.8348 5.04363 7.58342
Normal: -0 0 1
UV: 0.340449 0.0953007

Position: -6.81044 6.84334 7.58342
Normal: -0 0 1
UV: 0.262205 0.288771

Position: -6.81044 8.64305 7.58342
Normal: -0 0 1
UV: 0.262205 0.283962

Position: -5.8348 8.64305 7.58342
Normal: -0 0 1
UV: 0.259597 0.283962

Position: -5.8348 6.84334 7.58342
Normal: -0 0 1
UV: 0.259597 0.288771

Position: -6.81044 8.64305 7.58342
Normal: -0 0 1
UV: 0.343057 0.0856814

Position: -6.81044 10.4351 7.58342
Normal: -0 0 1
UV: 0.343057 0.0808718

Position: -5.8348 10.4351 7.58342
Normal: -0 0 1
UV: 0.340449 0.0808718

Position: -5.8348 8.64305 7.58342
Normal: -0 0 1
UV: 0.340449 0.0856814

Position: -6.81044 10.4351 7.58342
Normal: -0 0 1
UV: 0.262205 0.259913

Position: -6.81044 12.2271 7.58342
Normal: -0 0 1
UV: 0.262205 0.255104

Position: -5.8348 12.2271 7.58342
Normal: -0 0 1
UV: 0.259597 0.255104

Position: -5.8348 10.4351 7.58342
Normal: -0 0 1
UV: 0.259597 0.259913

Position: -5.8348 12.2271 7.58342
Normal: -0 1 2.01743e-006
UV: 0.0161426 0.527069

Position: -6.81044 12.2271 7.58342
Normal: -0 1 0
UV: 0.0168163 0.527069

Position: -6.24099 12.2271 6.97893
Normal: -0 1 9.75783e-007
UV: 0.0164231 0.525454

Position: -6.81044 12.2271 6.57254
Normal: -0 1 0
UV: 0.0168163 0.524368

Position: 5.8348 8.64305 -5.71833
Normal: -0 0 -1
UV: 0.00249094 0.759165

Position: -5.8348 10.4351 -5.71833
Normal: -0 0 -1
UV: 0.989365 0.943118

Position: -5.8348 8.64305 -5.71833
Normal: -0 0 -1
UV: 0.989365 0.759165

Position: 5.8348 10.4351 -5.71833
Normal: -0 0 -1
UV: 0.00249094 0.943118

Position: -3.18935 5.04363 -5.71833
Normal: -0 0 -1
UV: 0.767467 0.759165

Position: -5.8348 6.84334 -5.71833
Normal: -0 0 -1
UV: 0.989365 0.943118

Position: -5.8348 5.04363 -5.71833
Normal: -0 0 -1
UV: 0.989365 0.759165

Position: -0.5439 5.04363 -5.71833
Normal: -0 0 -1
UV: 0.545569 0.759165

Position: -2.99088 0.505372 -4.44515
Normal: -0 0 -1
UV: 0.958072 0.576101

Position: -0.534477 0.505372 -4.44515
Normal: -0 0 -1
UV: 0.727861 0.5761

Position: -0.534477 4.41495 -4.44515
Normal: -0 0 -1
UV: 0.727861 0.178573

Position: -2.99088 4.41495 -4.44515
Normal: -0 0 -1
UV: 0.958073 0.178573

Position: 5.8348 6.84334 7.18787
Normal: -0 0 1
UV: 0.00249091 0.759165

Position: -5.8348 5.04363 7.18787
Normal: -0 0 1
UV: 0.989365 0.943118

Position: -5.8348 6.84334 7.18787
Normal: -0 0 1
UV: 0.989365 0.759165

Position: 5.8348 5.04363 7.18787
Normal: -0 0 1
UV: 0.00249094 0.943118

Position: 5.8348 10.4351 7.18787
Normal: -0 0 1
UV: 0.00249091 0.759165

Position: -5.8348 8.64305 7.18787
Normal: -0 0 1
UV: 0.989365 0.943118

Position: -5.8348 10.4351 7.18787
Normal: -0 0 1
UV: 0.989365 0.759165

Position: 5.8348 8.64305 7.18787
Normal: -0 0 1
UV: 0.00249094 0.943118

Position: 6.81044 12.2271 -5.103
Normal: 1 0 0
UV: 0.303568 0.255104

Position: 6.81044 10.4351 -6.11388
Normal: 1 0 0
UV: 0.300866 0.259913

Position: 6.81044 10.4351 -5.103
Normal: 1 0 0
UV: 0.303568 0.259913

Position: 6.81044 12.2271 -6.11388
Normal: 1 0 0
UV: 0.300866 0.255104

Position: 6.81044 10.4351 -5.103
Normal: 1 0 0
UV: 0.38442 0.0808718

Position: 6.81044 8.64305 -6.11388
Normal: 1 0 0
UV: 0.381718 0.0856814

Position: 6.81044 8.64305 -5.103
Normal: 1 0 0
UV: 0.38442 0.0856814

Position: 6.81044 10.4351 -6.11388
Normal: 1 0 0
UV: 0.381718 0.0808718

Position: 6.81044 8.64305 -5.103
Normal: 1 0 0
UV: 0.303568 0.283962

Position: 6.81044 6.84334 -6.11388
Normal: 1 0 0
UV: 0.300866 0.288771

Position: 6.81044 6.84334 -5.103
Normal: 1 0 0
UV: 0.303568 0.288771

Position: 6.81044 8.64305 -6.11388
Normal: 1 0 0
UV: 0.300866 0.283962

Position: 6.81044 6.84334 -5.103
Normal: 1 0 0
UV: 0.38442 0.0904911

Position: 6.81044 5.04363 -6.11388
Normal: 1 0 0
UV: 0.381718 0.0953007

Position: 6.81044 5.04363 -5.103
Normal: 1 0 0
UV: 0.38442 0.0953007

Position: 6.81044 6.84334 -6.11388
Normal: 1 0 0
UV: 0.381718 0.0904911

Position: 6.81044 4.87691 -6.11388
Normal: 1 0 0
UV: 0.392221 0.513264

Position: 6.81044 0.244987 -5.103
Normal: 1 0 0
UV: 0.479947 0.513608

Position: 6.81044 4.87691 -5.103
Normal: 1 0 0
UV: 0.392221 0.513607

Position: 6.81044 0.244987 -6.11388
Normal: 1 0 0
UV: 0.479947 0.513264

Position: -6.81044 4.87691 -5.103
Normal: -1 0 0
UV: 0.392221 0.512787

Position: -6.81044 0.244987 -5.103
Normal: -1 0 0
UV: 0.479947 0.512787

Position: -6.81044 0.244987 -6.11388
Normal: -1 0 0
UV: 0.479947 0.513131

Position: -6.81044 4.87691 -6.11388
Normal: -1 0 0
UV: 0.392221 0.513131

Position: -6.81044 6.84334 -5.103
Normal: -1 0 0
UV: 0.377965 0.0904911

Position: -6.81044 5.04363 -5.103
Normal: -1 0 0
UV: 0.377965 0.0953007

Position: -6.81044 5.04363 -6.11388
Normal: -1 0 0
UV: 0.380667 0.0953007

Position: -6.81044 6.84334 -6.11388
Normal: -1 0 0
UV: 0.380667 0.0904911

Position: -6.81044 6.84334 -6.11388
Normal: -1 0 0
UV: 0.299815 0.288771

Position: -6.81044 8.64305 -5.103
Normal: -1 0 0
UV: 0.297113 0.283962

Position: -6.81044 6.84334 -5.103
Normal: -1 0 0
UV: 0.297113 0.288771

Position: -6.81044 8.64305 -6.11388
Normal: -1 0 0
UV: 0.299815 0.283962

Position: -6.81044 8.64305 -6.11388
Normal: -1 0 0
UV: 0.380667 0.0856814

Position: -6.81044 10.4351 -5.103
Normal: -1 0 0
UV: 0.377965 0.0808718

Position: -6.81044 8.64305 -5.103
Normal: -1 0 0
UV: 0.377965 0.0856814

Position: -6.81044 10.4351 -6.11388
Normal: -1 0 0
UV: 0.380667 0.0808718

Position: -6.81044 10.4351 -6.11388
Normal: -1 0 0
UV: 0.299815 0.259913

Position: -6.81044 12.2271 -5.103
Normal: -1 0 0
UV: 0.297113 0.255104

Position: -6.81044 10.4351 -5.103
Normal: -1 0 0
UV: 0.297113 0.259913

Position: -6.81044 12.2271 -6.11388
Normal: -1 0 0
UV: 0.299815 0.255104

Position: -6.81044 12.2271 -5.103
Normal: -0 1 0
UV: 0.0168163 0.493165

Position: -6.81044 12.2271 -6.11388
Normal: -0 1 0
UV: 0.0168163 0.490464

Position: -6.24099 12.2271 -5.50939
Normal: -0 1 -9.75782e-007
UV: 0.0164231 0.492079

Position: -5.8348 12.2271 -6.11388
Normal: -0 1 -2.01743e-006
UV: 0.0161426 0.490464

Position: 5.8348 12.2271 -6.11388
Normal: -0 1 -2.01743e-006
UV: 0.00808558 0.490464

Position: 6.24099 12.2271 -5.50939
Normal: -0 1 -9.75782e-007
UV: 0.00780514 0.492079

Position: 6.81044 12.2271 -6.11388
Normal: -0 1 0
UV: 0.00741196 0.490464

Position: 6.81044 12.2271 -5.103
Normal: -0 1 0
UV: 0.00741196 0.493165

Position: 6.4149 10.4351 6.57254
Normal: 1 0 0
UV: 0.989365 0.759165

Position: 6.4149 8.64305 -5.103
Normal: 1 0 0
UV: 0.00249092 0.943118

Position: 6.4149 8.64305 6.57254
Normal: 1 0 0
UV: 0.989365 0.943118

Position: 6.4149 10.4351 -5.103
Normal: 1 0 0
UV: 0.00249092 0.759165

Position: 6.4149 6.84334 6.57254
Normal: 1 0 0
UV: 0.989365 0.759165

Position: 6.4149 5.04363 -5.103
Normal: 1 0 0
UV: 0.00249092 0.943118

Position: 6.4149 5.04363 6.57254
Normal: 1 0 0
UV: 0.989365 0.943118

Position: 6.4149 6.84334 -5.103
Normal: 1 0 0
UV: 0.00249092 0.759165

Position: -6.41489 5.04363 6.57254
Normal: -1 0 0
UV: 0.00249092 0.943118

Position: -6.41489 5.04363 -5.103
Normal: -1 0 0
UV: 0.989365 0.943118

Position: -6.41489 6.84334 6.57254
Normal: -1 0 0
UV: 0.00249092 0.759165

Position: -6.41489 6.84334 -5.103
Normal: -1 0 0
UV: 0.989365 0.759165

Position: -6.41489 8.64305 6.57254
Normal: -1 0 0
UV: 0.00249092 0.943118

Position: -6.41489 8.64305 -5.103
Normal: -1 0 0
UV: 0.989365 0.943118

Position: -6.41489 10.4351 6.57254
Normal: -1 0 0
UV: 0.00249092 0.759165

Position: -6.41489 10.4351 -5.103
Normal: -1 0 0
UV: 0.989365 0.759165

Position: 6.24099 12.016 6.97893
Normal: -0 1 0
UV: 0.0721389 0.0914407

Position: -6.24099 12.016 6.97893
Normal: -0 1 0
UV: 0.105497 0.0914407

Position: 6.24099 12.016 -5.50939
Normal: -0 1 0
UV: 0.0721389 0.0580661

Position: -6.24099 12.016 -5.50939
Normal: -0 1 0
UV: 0.105497 0.0580661

Position: 5.8348 10.4351 -5.71833
Normal: -0 -1 0
UV: 0.245372 0.0607446

Position: -5.8348 10.4351 -6.11388
Normal: -0 -1 0
UV: 0.244315 0.0919312

Position: -5.8348 10.4351 -5.71833
Normal: -0 -1 0
UV: 0.245372 0.0919312

Position: 5.8348 10.4351 -6.11388
Normal: -0 -1 0
UV: 0.244315 0.0607446

Position: 5.8348 10.4351 -5.71833
Normal: -1 0 0
UV: 0.213601 0.178379

Position: 5.8348 8.64305 -5.71833
Normal: -1 0 0
UV: 0.213601 0.183189

Position: 5.8348 8.64305 -6.11388
Normal: -1 0 0
UV: 0.214658 0.183189

Position: 5.8348 10.4351 -6.11388
Normal: -1 0 0
UV: 0.214658 0.178379

Position: -5.8348 8.64305 -5.71833
Normal: 1 0 0
UV: 0.212723 0.183189

Position: -5.8348 10.4351 -5.71833
Normal: 1 0 0
UV: 0.212723 0.178379

Position: -5.8348 10.4351 -6.11388
Normal: 1 0 0
UV: 0.211665 0.178379

Position: -5.8348 8.64305 -6.11388
Normal: 1 0 0
UV: 0.211665 0.183189

Position: -5.8348 8.64305 -6.11388
Normal: -0 1 0
UV: 0.0182332 0.290565

Position: 5.8348 8.64305 -6.11388
Normal: -0 1 0
UV: 0.0182332 0.259378

Position: -5.8348 8.64305 -5.71833
Normal: -0 1 0
UV: 0.0181993 0.290565

Position: 5.8348 8.64305 -5.71833
Normal: -0 1 0
UV: 0.0181993 0.259378

Position: 5.8348 6.84334 -5.71833
Normal: -1 0 0
UV: 0.171026 0.180551

Position: 5.8348 5.04363 -5.71833
Normal: -1 0 0
UV: 0.171026 0.185361

Position: 5.8348 5.04363 -6.11388
Normal: -1 0 0
UV: 0.172083 0.185361

Position: 5.8348 6.84334 -6.11388
Normal: -1 0 0
UV: 0.172083 0.180551

Position: 5.8348 6.84334 -5.71833
Normal: -0 -1 0
UV: 0.257087 0.0607446

Position: -5.8348 6.84334 -6.11388
Normal: -0 -1 0
UV: 0.25603 0.0919312

Position: -5.8348 6.84334 -5.71833
Normal: -0 -1 0
UV: 0.257087 0.0919312

Position: 5.8348 6.84334 -6.11388
Normal: -0 -1 0
UV: 0.25603 0.0607446

Position: -5.8348 5.04363 -5.71833
Normal: 1 0 0
UV: 0.170148 0.185361

Position: -5.8348 6.84334 -5.71833
Normal: 1 0 0
UV: 0.170148 0.180551

Position: -5.8348 6.84334 -6.11388
Normal: 1 0 0
UV: 0.169091 0.180551

Position: -5.8348 5.04363 -6.11388
Normal: 1 0 0
UV: 0.169091 0.185361

Position: -3.1549 5.04363 -6.11388
Normal: -0 1 0
UV: 0.0183583 0.283403

Position: -0.5439 5.04363 -5.71833
Normal: -0 1 0
UV: 0.0183244 0.276425

Position: -3.18935 5.04363 -5.71833
Normal: -0 1 0
UV: 0.0183244 0.283495

Position: -0.474998 5.04363 -6.11388
Normal: -0 1 0
UV: 0.0183583 0.276241

Position: 5.8348 6.84334 7.58342
Normal: -1 0 0
UV: 0.167156 0.180551

Position: 5.8348 5.04363 7.58342
Normal: -1 0 0
UV: 0.167156 0.185361

Position: 5.8348 5.04363 7.18787
Normal: -1 0 0
UV: 0.168213 0.185361

Position: 5.8348 6.84334 7.18787
Normal: -1 0 0
UV: 0.168213 0.180551

Position: -5.8348 5.04363 7.18787
Normal: -0 1 0
UV: 0.0184208 0.275214

Position: 5.8348 5.04363 7.18787
Normal: -0 1 0
UV: 0.0184208 0.244028

Position: -5.8348 5.04363 7.58342
Normal: -0 1 0
UV: 0.018387 0.275214

Position: 5.8348 5.04363 7.58342
Normal: -0 1 0
UV: 0.018387 0.244028

Position: -5.8348 5.04363 7.58342
Normal: 1 0 0
UV: 0.166416 0.185361

Position: -5.8348 6.84334 7.58342
Normal: 1 0 0
UV: 0.166416 0.180551

Position: -5.8348 6.84334 7.18787
Normal: 1 0 0
UV: 0.165359 0.180551

Position: -5.8348 5.04363 7.18787
Normal: 1 0 0
UV: 0.165359 0.185361

Position: 5.8348 6.84334 7.58342
Normal: -0 -1 0
UV: 0.262945 0.0453941

Position: -5.8348 6.84334 7.18787
Normal: -0 -1 0
UV: 0.261888 0.0765806

Position: -5.8348 6.84334 7.58342
Normal: -0 -1 0
UV: 0.262945 0.0765806

Position: 5.8348 6.84334 7.18787
Normal: -0 -1 0
UV: 0.261888 0.0453941

Position: 5.8348 10.4351 7.58342
Normal: -1 0 0
UV: 0.20973 0.178379

Position: 5.8348 8.64305 7.58342
Normal: -1 0 0
UV: 0.20973 0.183189

Position: 5.8348 8.64305 7.18787
Normal: -1 0 0
UV: 0.210787 0.183189

Position: 5.8348 10.4351 7.18787
Normal: -1 0 0
UV: 0.210787 0.178379

Position: -5.8348 8.64305 7.18787
Normal: -0 1 0
UV: 0.0185459 0.275214

Position: 5.8348 8.64305 7.18787
Normal: -0 1 0
UV: 0.0185459 0.244028

Position: -5.8348 8.64305 7.58342
Normal: -0 1 0
UV: 0.0185121 0.275214

Position: 5.8348 8.64305 7.58342
Normal: -0 1 0
UV: 0.0185121 0.244028

Position: -5.8348 8.64305 7.58342
Normal: 1 0 0
UV: 0.208852 0.183189

Position: -5.8348 10.4351 7.58342
Normal: 1 0 0
UV: 0.208852 0.178379

Position: -5.8348 10.4351 7.18787
Normal: 1 0 0
UV: 0.207795 0.178379

Position: -5.8348 8.64305 7.18787
Normal: 1 0 0
UV: 0.207795 0.183189

Position: 5.8348 10.4351 7.58342
Normal: -0 -1 0
UV: 0.27466 0.0453941

Position: -5.8348 10.4351 7.18787
Normal: -0 -1 0
UV: 0.273603 0.0765806

Position: -5.8348 10.4351 7.58342
Normal: -0 -1 0
UV: 0.27466 0.0765806

Position: 5.8348 10.4351 7.18787
Normal: -0 -1 0
UV: 0.273603 0.0453941

Position: 6.4149 10.4351 -5.103
Normal: -0 -1 0
UV: 0.175079 0.0973343

Position: 6.4149 10.4351 6.57254
Normal: -0 -1 0
UV: 0.175079 0.0661318

Position: 6.81044 10.4351 6.57254
Normal: -0 -1 0
UV: 0.174022 0.0661318

Position: 6.81044 10.4351 -5.103
Normal: -0 -1 0
UV: 0.174022 0.0973343

Position: 6.4149 8.64305 6.57254
Normal: -0 1 0
UV: 0.015856 0.295968

Position: 6.81044 8.64305 -5.103
Normal: -0 1 0
UV: 0.0158221 0.264766

Position: 6.81044 8.64305 6.57254
Normal: -0 1 0
UV: 0.0158221 0.295968

Position: 6.4149 8.64305 -5.103
Normal: -0 1 0
UV: 0.015856 0.264766

Position: 6.4149 10.4351 6.57254
Normal: -0 0 -1
UV: 0.191435 0.185361

Position: 6.4149 8.64305 6.57254
Normal: -0 0 -1
UV: 0.191435 0.180551

Position: 6.81044 8.64305 6.57254
Normal: -0 0 -1
UV: 0.190378 0.180551

Position: 6.81044 10.4351 6.57254
Normal: -0 0 -1
UV: 0.190378 0.185361

Position: 6.4149 8.64305 -5.103
Normal: -0 0 1
UV: 0.1895 0.185361

Position: 6.4149 10.4351 -5.103
Normal: -0 0 1
UV: 0.1895 0.180551

Position: 6.81044 10.4351 -5.103
Normal: -0 0 1
UV: 0.188443 0.180551

Position: 6.81044 8.64305 -5.103
Normal: -0 0 1
UV: 0.188443 0.185361

Position: 6.4149 5.04363 6.57254
Normal: -0 1 0
UV: 0.0159811 0.293813

Position: 6.81044 5.04363 -5.103
Normal: -0 1 0
UV: 0.0159472 0.26261

Position: 6.81044 5.04363 6.57254
Normal: -0 1 0
UV: 0.0159472 0.293813

Position: 6.4149 5.04363 -5.103
Normal: -0 1 0
UV: 0.0159811 0.26261

Position: 6.4149 6.84334 6.57254
Normal: -0 0 -1
UV: 0.187565 0.185361

Position: 6.4149 5.04363 6.57254
Normal: -0 0 -1
UV: 0.187565 0.180551

Position: 6.81044 5.04363 6.57254
Normal: -0 0 -1
UV: 0.186508 0.180551

Position: 6.81044 6.84334 6.57254
Normal: -0 0 -1
UV: 0.186508 0.185361

Position: 6.4149 6.84334 -5.103
Normal: -0 -1 0
UV: 0.186794 0.0951622

Position: 6.4149 6.84334 6.57254
Normal: -0 -1 0
UV: 0.186794 0.0639597

Position: 6.81044 6.84334 6.57254
Normal: -0 -1 0
UV: 0.185737 0.0639597

Position: 6.81044 6.84334 -5.103
Normal: -0 -1 0
UV: 0.185737 0.0951622

Position: 6.4149 5.04363 -5.103
Normal: -0 0 1
UV: 0.168396 0.17998

Position: 6.4149 6.84334 -5.103
Normal: -0 0 1
UV: 0.168396 0.17517

Position: 6.81044 6.84334 -5.103
Normal: -0 0 1
UV: 0.167339 0.17517

Position: 6.81044 5.04363 -5.103
Normal: -0 0 1
UV: 0.167339 0.17998

Position: -6.41489 5.04363 6.57254
Normal: -0 0 -1
UV: 0.184573 0.180551

Position: -6.81044 6.84334 6.57254
Normal: -0 0 -1
UV: 0.18563 0.185361

Position: -6.81044 5.04363 6.57254
Normal: -0 0 -1
UV: 0.18563 0.180551

Position: -6.41489 6.84334 6.57254
Normal: -0 0 -1
UV: 0.184573 0.185361

Position: -6.41489 5.04363 -5.103
Normal: -0 1 0
UV: 0.0160723 0.262594

Position: -6.41489 5.04363 6.57254
Normal: -0 1 0
UV: 0.0160723 0.293796

Position: -6.81044 5.04363 6.57254
Normal: -0 1 0
UV: 0.0161062 0.293796

Position: -6.81044 5.04363 -5.103
Normal: -0 1 0
UV: 0.0161062 0.262594

Position: -6.41489 6.84334 -5.103
Normal: -0 0 1
UV: 0.169292 0.17517

Position: -6.81044 5.04363 -5.103
Normal: -0 0 1
UV: 0.170349 0.17998

Position: -6.81044 6.84334 -5.103
Normal: -0 0 1
UV: 0.170349 0.17517

Position: -6.41489 5.04363 -5.103
Normal: -0 0 1
UV: 0.169292 0.17998

Position: -6.41489 6.84334 6.57254
Normal: -0 -1 0
UV: 0.189642 0.0639597

Position: -6.81044 6.84334 -5.103
Normal: -0 -1 0
UV: 0.1907 0.0951622

Position: -6.81044 6.84334 6.57254
Normal: -0 -1 0
UV: 0.1907 0.0639597

Position: -6.41489 6.84334 -5.103
Normal: -0 -1 0
UV: 0.189642 0.0951622

Position: -6.41489 8.64305 6.57254
Normal: -0 0 -1
UV: 0.182638 0.180551

Position: -6.81044 10.4351 6.57254
Normal: -0 0 -1
UV: 0.183695 0.185361

Position: -6.81044 8.64305 6.57254
Normal: -0 0 -1
UV: 0.183695 0.180551

Position: -6.41489 10.4351 6.57254
Normal: -0 0 -1
UV: 0.182638 0.185361

Position: -6.41489 8.64305 -5.103
Normal: -0 1 0
UV: 0.0161974 0.262594

Position: -6.41489 8.64305 6.57254
Normal: -0 1 0
UV: 0.0161974 0.293796

Position: -6.81044 8.64305 6.57254
Normal: -0 1 0
UV: 0.0162313 0.293796

Position: -6.81044 8.64305 -5.103
Normal: -0 1 0
UV: 0.0162313 0.262594

Position: -6.41489 10.4351 -5.103
Normal: -0 0 1
UV: 0.180702 0.180551

Position: -6.81044 8.64305 -5.103
Normal: -0 0 1
UV: 0.181759 0.185361

Position: -6.81044 10.4351 -5.103
Normal: -0 0 1
UV: 0.181759 0.180551

Position: -6.41489 8.64305 -5.103
Normal: -0 0 1
UV: 0.180702 0.185361

Position: -6.41489 10.4351 6.57254
Normal: -0 -1 0
UV: 0.201358 0.0639597

Position: -6.81044 10.4351 -5.103
Normal: -0 -1 0
UV: 0.202415 0.0951622

Position: -6.81044 10.4351 6.57254
Normal: -0 -1 0
UV: 0.202415 0.0639597

Position: -6.41489 10.4351 -5.103
Normal: -0 -1 0
UV: 0.201358 0.0951622

Position: 6.24099 12.016 6.97893
Normal: -1 0 0
UV: 0.641869 0.148285

Position: 6.24099 12.2271 -5.50939
Normal: -1 0 0
UV: 0.608495 0.148849

Position: 6.24099 12.2271 6.97893
Normal: -1 0 0
UV: 0.641869 0.148849

Position: 6.24099 12.016 -5.50939
Normal: -1 0 0
UV: 0.608495 0.148285

Position: 6.24099 12.016 6.97893
Normal: -0 0 -1
UV: 0.641852 0.145965

Position: -6.24099 12.2271 6.97893
Normal: -0 0 -1
UV: 0.608495 0.145401

Position: -6.24099 12.016 6.97893
Normal: -0 0 -1
UV: 0.608495 0.145965

Position: 6.24099 12.2271 6.97893
Normal: -0 0 -1
UV: 0.641852 0.145401

Position: -6.24099 12.016 -5.50939
Normal: 1 0 0
UV: 0.641869 0.146843

Position: -6.24099 12.016 6.97893
Normal: 1 0 0
UV: 0.608495 0.146843

Position: -6.24099 12.2271 6.97893
Normal: 1 0 0
UV: 0.608495 0.147407

Position: -6.24099 12.2271 -5.50939
Normal: 1 0 0
UV: 0.641869 0.147407

Position: 6.24099 12.2271 -5.50939
Normal: -0 0 1
UV: 0.641852 0.144522

Position: -6.24099 12.016 -5.50939
Normal: -0 0 1
UV: 0.608495 0.143959

Position: -6.24099 12.2271 -5.50939
Normal: -0 0 1
UV: 0.608495 0.144522

Position: 6.24099 12.016 -5.50939
Normal: -0 0 1
UV: 0.641852 0.143959

Position: -2.99088 4.65172 -6.11388
Normal: -0 0 -1
UV: 0.396761 0.607716

Position: -0.525429 4.65172 -6.11388
Normal: -0 0 -1
UV: 0.396761 0.614887

Position: -0.474998 5.04363 -6.11388
Normal: -0 0 -1
UV: 0.389339 0.615033

Position: -3.1549 5.04363 -6.11388
Normal: -0 0 -1
UV: 0.389339 0.607239

Position: -6.81044 4.87691 -6.11388
Normal: -0 0 -1
UV: 0.392496 0.596606

Position: -5.45633 4.65172 -6.11388
Normal: -0 0 -1
UV: 0.396761 0.600545

Position: -5.8348 5.04363 -6.11388
Normal: -0 0 -1
UV: 0.389339 0.599444

Position: -6.81044 5.04363 -6.11388
Normal: -0 0 -1
UV: 0.389339 0.596606

Position: -6.81044 5.04363 -5.103
Normal: -1 0 0
UV: 0.389063 0.512787

Position: -6.81044 5.04363 -6.11388
Normal: -1 0 0
UV: 0.389064 0.513131

Position: -6.81044 5.04363 6.57254
Normal: -1 0 0
UV: 0.389063 0.508824

Position: -6.81044 5.04363 7.58342
Normal: -1 0 0
UV: 0.389064 0.508481

Position: -5.8348 5.04363 7.58342
Normal: -0 0 1
UV: 0.389064 0.508022

Position: -6.81044 5.04363 7.58342
Normal: -0 0 1
UV: 0.389063 0.508353

Position: 5.8348 5.04363 7.58342
Normal: -0 0 1
UV: 0.389063 0.50406

Position: 6.81044 5.04363 7.58342
Normal: -0 0 1
UV: 0.389063 0.503729

Position: 6.81044 5.04363 7.58342
Normal: 1 0 0
UV: 0.389063 0.517914

Position: 6.81044 5.04363 6.57254
Normal: 1 0 0
UV: 0.389063 0.517571

Position: 6.81044 5.04363 -5.103
Normal: 1 0 0
UV: 0.389063 0.513607

Position: 6.81044 5.04363 -6.11388
Normal: 1 0 0
UV: 0.389063 0.513264

Position: 6.81044 5.04363 -6.11388
Normal: -0 0 -1
UV: 0.389339 0.636224

Position: 5.8348 5.04363 -6.11388
Normal: -0 0 -1
UV: 0.389339 0.633386

Position: -0.534477 4.41495 -6.11388
Normal: -0 0 -1
UV: 0.401245 0.61486

Position: -0.534477 4.41495 -7.58342
Normal: -0 0 -1
UV: 0.173378 0.37676

Position: -2.99088 4.65172 -7.58342
Normal: -0 0 -1
UV: 0.172745 0.383324

Position: -2.99088 4.41495 -7.58342
Normal: -0 0 -1
UV: 0.173378 0.383324

Position: -0.525429 4.65172 -7.58342
Normal: -0 0 -1
UV: 0.172745 0.376736

Position: -5.44728 0.505372 -6.11388
Normal: -3.27627e-007 0 -1
UV: 0.475291 0.600571

Position: -5.44728 4.41495 -6.11388
Normal: -3.27627e-007 0 -1
UV: 0.401245 0.600571

Position: -6.81044 0.244987 -6.11388
Normal: -3.27627e-007 0 -1
UV: 0.480222 0.596606

Position: -0.534477 0.505372 -6.11388
Normal: 7.01191e-008 0 -1
UV: 0.47529 0.61486

Position: -5.44265 0.244987 -6.11388
Normal: -0 0 -1
UV: 0.480222 0.600584

Position: -0.539108 0.244987 -6.72519
Normal: -0 0 -1
UV: 0.398187 0.265106

Position: -2.99088 0.505372 -6.72519
Normal: -0 0 -1
UV: 0.397491 0.271658

Position: -2.99088 0.244987 -6.72519
Normal: -0 0 -1
UV: 0.398187 0.271658

Position: -0.534477 0.505372 -6.72519
Normal: -0 0 -1
UV: 0.397491 0.265093

Position: -2.99088 4.41495 -4.44515
Normal: -0 -1 0
UV: 0.468204 0.530024

Position: -0.534477 4.41495 -4.44515
Normal: -0 -1 0
UV: 0.468204 0.52346

Position: -0.534477 4.41495 -6.11388
Normal: -0 -1 0
UV: 0.463744 0.52346

Position: -2.99088 4.41495 -6.11388
Normal: -0 -1 0
UV: 0.463744 0.530024

Position: -5.44728 4.41495 -6.11388
Normal: 1 0 0
UV: 0.460802 0.549456

Position: -5.44728 0.505372 -6.11388
Normal: 1 0 0
UV: 0.460802 0.559904

Position: -5.44728 4.41495 -4.44515
Normal: 1 0 0
UV: 0.465262 0.549456

Position: -5.44728 0.505372 -4.44515
Normal: 1 0 0
UV: 0.465262 0.559904

Position: -0.534477 0.505372 -6.11388
Normal: -1 0 0
UV: 0.459924 0.559904

Position: -0.534477 4.41495 -4.44515
Normal: -1 0 0
UV: 0.455464 0.549456

Position: -0.534477 0.505372 -4.44515
Normal: -1 0 0
UV: 0.455464 0.559904

Position: -0.534477 4.41495 -6.11388
Normal: -1 0 0
UV: 0.459924 0.549456

Position: -0.534477 0.505372 -4.44515
Normal: -0 1 0
UV: 0.113145 0.317626

Position: -2.99088 0.505372 -4.44515
Normal: -0 1 0
UV: 0.113145 0.324191

Position: -2.99088 0.505372 -6.11388
Normal: -0 1 0
UV: 0.117605 0.324191

Position: -0.534477 0.505372 -6.11388
Normal: -0 1 0
UV: 0.117605 0.317626

Position: -2.99088 4.65172 -6.11388
Normal: -0 1 0
UV: 0.112695 0.365764

Position: -2.99088 4.65172 -7.58342
Normal: -0 1 0
UV: 0.116622 0.365764

Position: -0.525429 4.65172 -6.11388
Normal: -0 1 0
UV: 0.112695 0.359175

Position: -0.525429 4.65172 -7.58342
Normal: -0 1 0
UV: 0.116622 0.359175

Position: -5.44728 4.41495 -7.58342
Normal: -0.999271 -0.038188 0
UV: 0.157766 0.384986

Position: -5.45633 4.65172 -6.11388
Normal: -0.999271 -0.038188 0
UV: 0.158399 0.381059

Position: -5.44728 4.41495 -6.11388
Normal: -0.999271 -0.038188 0
UV: 0.157766 0.381059

Position: -5.45633 4.65172 -7.58342
Normal: -0.999271 -0.038188 0
UV: 0.158399 0.384986

Position: -0.534477 4.41495 -7.58342
Normal: -0 -1 0
UV: 0.459817 0.52346

Position: -2.99088 4.41495 -7.58342
Normal: -0 -1 0
UV: 0.459817 0.530024

Position: -0.525429 4.65172 -6.11388
Normal: 0.999271 -0.038188 0
UV: 0.160073 0.384986

Position: -0.525429 4.65172 -7.58342
Normal: 0.999271 -0.038188 0
UV: 0.160073 0.381059

Position: -0.534477 4.41495 -6.11388
Normal: 0.999271 -0.038188 0
UV: 0.15944 0.384986

Position: -0.534477 4.41495 -7.58342
Normal: 0.999271 -0.038188 0
UV: 0.15944 0.381059

Position: -0.534477 0.505372 -6.11388
Normal: 0.999842 -0.0177824 0
UV: 0.288288 0.407267

Position: -0.534477 0.505372 -6.72519
Normal: 0.999842 -0.0177824 0
UV: 0.288288 0.405634

Position: -0.539108 0.244987 -6.11388
Normal: 0.999842 -0.0177824 0
UV: 0.287592 0.407267

Position: -0.539108 0.244987 -6.72519
Normal: 0.999842 -0.0177824 0
UV: 0.287592 0.405634

Position: -2.99088 0.505372 -6.72519
Normal: -0 1 0
UV: 0.119238 0.324191

Position: -0.534477 0.505372 -6.72519
Normal: -0 1 0
UV: 0.119238 0.317626

Position: -5.44265 0.244987 -6.11388
Normal: -0.999842 -0.0177824 0
UV: 0.289824 0.405634

Position: -5.44265 0.244987 -6.72519
Normal: -0.999842 -0.0177824 0
UV: 0.289824 0.407267

Position: -5.44728 0.505372 -6.11388
Normal: -0.999842 -0.0177824 0
UV: 0.29052 0.405634

Position: -5.44728 0.505372 -6.72519
Normal: -0.999842 -0.0177824 0
UV: 0.29052 0.407267

Position: -0.539108 0.244987 -6.11388
Normal: -0 0 -1
UV: 0.480222 0.614847

Position: 5.8348 5.04363 -5.71833
Normal: -0 1 0
UV: 0.0183244 0.259378

Position: 5.8348 5.04363 -6.11388
Normal: -0 1 0
UV: 0.0183583 0.259378

Position: 5.8348 6.84334 -5.71833
Normal: -0 0 -1
UV: 0.00249091 0.943118

Position: 5.8348 5.04363 -5.71833
Normal: -0 0 -1
UV: 0.00249094 0.759165

Position: 6.81044 0 7.58342
Normal: -0 0 1
UV: 0.484587 0.503729

Position: 5.8348 0 7.58342
Normal: -0 0 1
UV: 0.484587 0.50406

Position: 5.8348 0 -6.11388
Normal: -0 0 -1
UV: 0.484861 0.633386

Position: 6.81044 0 -6.11388
Normal: -0 0 -1
UV: 0.484861 0.636224

Position: 6.81044 0 -6.11388
Normal: 1 0 0
UV: 0.484587 0.513264

Position: 6.81044 0 -5.103
Normal: 1 0 0
UV: 0.484587 0.513608

Position: -6.81044 0 -5.103
Normal: -1 0 0
UV: 0.484587 0.512787

Position: -6.81044 0 -6.11388
Normal: -1 0 0
UV: 0.484587 0.513131

Position: -6.81044 0 -6.11388
Normal: -0 0 -1
UV: 0.484861 0.596606

Position: -5.44265 0 -6.11388
Normal: -0 0 -1
UV: 0.484862 0.600584

Position: -5.8348 0 7.58342
Normal: -0 0 1
UV: 0.484587 0.508022

Position: -6.81044 0 7.58342
Normal: -0 0 1
UV: 0.484587 0.508353

Position: -0.539108 0 -6.11388
Normal: -0 0 -1
UV: 0.484861 0.614847

Position: 6.81044 0 6.57254
Normal: 1 0 0
UV: 0.484587 0.517571

Position: -6.81044 0 6.57254
Normal: -1 0 0
UV: 0.484587 0.508824

Position: 6.81044 0 7.58342
Normal: 1 0 0
UV: 0.484587 0.517914

Position: -6.81044 0 7.58342
Normal: -1 0 0
UV: 0.484587 0.50848

Position: -0.539108 0 -6.72519
Normal: 1 0 0
UV: 0.286938 0.405634

Position: -0.539108 0 -6.11388
Normal: 1 0 0
UV: 0.286938 0.407267

Position: -0.539108 0.244987 -6.11388
Normal: 1 0 0
UV: 0.287592 0.407267

Position: -0.539108 0.244987 -6.72519
Normal: 1 0 0
UV: 0.287592 0.405634

Position: -5.44265 0 -6.11388
Normal: -1 0 0
UV: 0.289169 0.405634

Position: -5.44265 0.244987 -6.72519
Normal: -1 0 0
UV: 0.289824 0.407267

Position: -5.44265 0.244987 -6.11388
Normal: -1 0 0
UV: 0.289824 0.405634

Position: -5.44265 0 -6.72519
Normal: -1 0 0
UV: 0.289169 0.407267

Position: -2.99088 0 -7.33569
Normal: -0 0 -1
UV: 0.364031 0.287021

Position: -0.539108 0 -7.33569
Normal: -0 0 -1
UV: 0.364031 0.280469

Position: -0.539108 0.244987 -7.33569
Normal: -0 0 -1
UV: 0.363376 0.280469

Position: -2.99088 0.244987 -7.33569
Normal: -0 0 -1
UV: 0.363376 0.287021

Position: -2.99088 0.244987 -7.33569
Normal: -0 1 0
UV: 0.123217 0.420994

Position: -0.539108 0.244987 -6.72519
Normal: -0 1 0
UV: 0.121586 0.414442

Position: -2.99088 0.244987 -6.72519
Normal: -0 1 0
UV: 0.121586 0.420994

Position: -0.539108 0.244987 -7.33569
Normal: -0 1 0
UV: 0.123217 0.414442

Position: -5.44265 0 -6.72519
Normal: -1 0 0
UV: 0.291401 0.405636

Position: -5.44265 0 -7.33569
Normal: -1 0 0
UV: 0.291401 0.407267

Position: -5.44265 0.244987 -6.72519
Normal: -1 0 0
UV: 0.292055 0.405636

Position: -5.44265 0.244987 -7.33569
Normal: -1 0 0
UV: 0.292055 0.407267

Position: -0.539108 0 -7.33569
Normal: -0 -1 0
UV: 0.335419 0.396329

Position: -2.99088 0 -6.72519
Normal: -0 -1 0
UV: 0.33705 0.402881

Position: -0.539108 0 -6.72519
Normal: -0 -1 0
UV: 0.33705 0.396329

Position: -2.99088 0 -7.33569
Normal: -0 -1 0
UV: 0.335419 0.402881

Position: -0.539108 0.244987 -6.72519
Normal: 1 0 0
UV: 0.293729 0.407267

Position: -0.539108 0.244987 -7.33569
Normal: 1 0 0
UV: 0.293729 0.405636

Position: -0.539108 0 -6.72519
Normal: 1 0 0
UV: 0.293074 0.407267

Position: -0.539108 0 -7.33569
Normal: 1 0 0
UV: 0.293074 0.405636

Position: -5.8348 5.04363 -6.11388
Normal: -0 1 0
UV: 0.0183583 0.290565

Position: -5.8348 5.04363 -5.71833
Normal: -0 1 0
UV: 0.0183244 0.290565

Position: -5.45633 4.65172 -6.11388
Normal: -0 1 0
UV: 0.112695 0.372353

Position: -5.45633 4.65172 -7.58342
Normal: -0 1 0
UV: 0.116622 0.372353

Position: -5.44728 4.41495 -7.58342
Normal: -0 0 -1
UV: 0.173378 0.389889

Position: -5.45633 4.65172 -7.58342
Normal: -0 0 -1
UV: 0.172745 0.389913

Position: -5.44728 4.41495 -6.11388
Normal: -0 -1 0
UV: 0.463744 0.536589

Position: -5.44728 4.41495 -7.58342
Normal: -0 -1 0
UV: 0.459817 0.536589

Position: -5.44728 4.41495 -4.44515
Normal: -0 -1 0
UV: 0.468204 0.536589

Position: -5.44728 0.505372 -4.44515
Normal: -0 0 -1
UV: 0.727398 0.576101

Position: -5.44728 4.41495 -4.44515
Normal: -0 0 -1
UV: 0.727398 0.178573

Position: -5.44728 0.505372 -4.44515
Normal: -0 1 0
UV: 0.113145 0.330756

Position: -5.44728 0.505372 -6.11388
Normal: -0 1 0
UV: 0.117605 0.330756

Position: -5.44728 0.505372 -6.72519
Normal: -0 1 0
UV: 0.119238 0.330756

Position: -5.44265 0.244987 -6.72519
Normal: -0 0 -1
UV: 0.398187 0.27821

Position: -5.44728 0.505372 -6.72519
Normal: -0 0 -1
UV: 0.397491 0.278223

Position: -5.44265 0.244987 -6.72519
Normal: -0 1 0
UV: 0.121586 0.427547

Position: -5.44265 0.244987 -7.33569
Normal: -0 1 0
UV: 0.123217 0.427547

Position: -5.44265 0.244987 -7.33569
Normal: -0 0 -1
UV: 0.363376 0.293573

Position: -5.44265 0 -7.33569
Normal: -0 0 -1
UV: 0.364031 0.293573

Position: -5.44265 0 -6.72519
Normal: -0 -1 0
UV: 0.33705 0.409433

Position: -5.44265 0 -7.33569
Normal: -0 -1 0
UV: 0.335419 0.409433

Position: -6.58297 1.60741 -6.14563
Normal: -0 0 1
UV: 0.319823 0.404523

Position: -5.56993 1.60741 -6.14563
Normal: -0 0 1
UV: 0.317116 0.404523

Position: -5.56993 0 -6.14563
Normal: -0 0 1
UV: 0.317116 0.409433

Position: -6.58297 0 -6.14563
Normal: -0 0 1
UV: 0.319823 0.409433

Position: -6.58297 1.60741 -7.21569
Normal: -0 1 0
UV: 0.461207 0.432415

Position: -5.56993 1.60741 -6.14563
Normal: -0 1 0
UV: 0.4585 0.435274

Position: -6.58297 1.60741 -6.14563
Normal: -0 1 0
UV: 0.461207 0.435274

Position: -5.56993 1.60741 -7.21569
Normal: -0 1 0
UV: 0.4585 0.432415

Position: -6.58297 0 -7.21569
Normal: -0 0 -1
UV: 0.386208 0.32892

Position: -5.56993 0 -7.21569
Normal: -0 0 -1
UV: 0.368711 0.32892

Position: -5.56993 1.60741 -7.21569
Normal: -0 0 -1
UV: 0.368711 0.360651

Position: -6.58297 1.60741 -7.21569
Normal: -0 0 -1
UV: 0.386208 0.360651

Position: -6.58297 1.60741 -6.14563
Normal: -1 0 0
UV: 0.325227 0.252639

Position: -6.58297 0 -6.14563
Normal: -1 0 0
UV: 0.325227 0.257549

Position: -6.58297 1.60741 -7.21569
Normal: -1 0 0
UV: 0.328087 0.252639

Position: -6.58297 0 -7.21569
Normal: -1 0 0
UV: 0.328087 0.257549

Position: -5.56993 1.60741 -6.14563
Normal: 1 0 0
UV: 0.324349 0.255869

Position: -5.56993 0 -7.21569
Normal: 1 0 0
UV: 0.321489 0.26078

Position: -5.56993 0 -6.14563
Normal: 1 0 0
UV: 0.324349 0.26078

Position: -5.56993 1.60741 -7.21569
Normal: 1 0 0
UV: 0.321489 0.255869

Position: -6.25463 1.95921 -6.49245
Normal: -0 0 1
UV: 0.624829 0.553017

Position: -5.89827 1.95921 -6.49245
Normal: -0 0 1
UV: 0.624829 0.546862

Position: -5.89827 1.57821 -6.49245
Normal: -0 0 1
UV: 0.618249 0.546862

Position: -6.25463 1.57821 -6.49245
Normal: -0 0 1
UV: 0.618249 0.553017

Position: -6.58524 3.06875 -7.21808
Normal: -0 1 0
UV: 0.578621 0.220657

Position: -5.56767 3.06875 -6.14324
Normal: -0 1 0
UV: 0.561047 0.23922

Position: -6.58524 3.06875 -6.14324
Normal: -0 1 0
UV: 0.578621 0.23922

Position: -5.56767 3.06875 -7.21808
Normal: -0 1 0
UV: 0.561047 0.220657

Position: -6.25463 1.57821 -6.86887
Normal: -0 0 -1
UV: 0.624727 0.590873

Position: -5.89827 1.57821 -6.86887
Normal: -0 0 -1
UV: 0.624727 0.584718

Position: -5.89827 1.95921 -6.86887
Normal: -0 0 -1
UV: 0.618147 0.584718

Position: -6.25463 1.95921 -6.86887
Normal: -0 0 -1
UV: 0.618147 0.590873

Position: -6.25463 1.95921 -6.49245
Normal: -1 0 0
UV: 0.624829 0.559481

Position: -6.25463 1.57821 -6.49245
Normal: -1 0 0
UV: 0.618249 0.559481

Position: -6.25463 1.95921 -6.86887
Normal: -1 0 0
UV: 0.624829 0.565982

Position: -6.25463 1.57821 -6.86887
Normal: -1 0 0
UV: 0.618249 0.565982

Position: -5.89827 1.95921 -6.49245
Normal: 1 0 0
UV: 0.624727 0.5786

Position: -5.89827 1.57821 -6.86887
Normal: 1 0 0
UV: 0.618147 0.572099

Position: -5.89827 1.57821 -6.49245
Normal: 1 0 0
UV: 0.618147 0.5786

Position: -5.89827 1.95921 -6.86887
Normal: 1 0 0
UV: 0.624727 0.572099

Position: -6.58524 1.95921 -6.14324
Normal: -0 -1 -2.48458e-007
UV: 0.58846 0.392511

Position: -5.56767 1.95921 -6.14324
Normal: -0 -1 -2.48458e-007
UV: 0.570886 0.392511

Position: -5.89827 1.95921 -6.49245
Normal: -0 -1 -2.48458e-007
UV: 0.576596 0.398542

Position: -6.25463 1.95921 -6.49245
Normal: -0 -1 -2.48458e-007
UV: 0.582751 0.398542

Position: -6.58524 1.95921 -7.21808
Normal: -0 -1 0
UV: 0.58846 0.411074

Position: -6.25463 1.95921 -6.86887
Normal: -0 -1 0
UV: 0.582751 0.405043

Position: -5.89827 1.95921 -6.86887
Normal: -0 -1 2.48459e-007
UV: 0.576596 0.405043

Position: -5.56767 1.95921 -7.21808
Normal: -0 -1 2.48459e-007
UV: 0.570886 0.411074

Position: -6.58524 3.06875 -6.14324
Normal: -0 0 1
UV: 0.58855 0.438322

Position: -5.56767 3.06875 -6.14324
Normal: -0 0 1
UV: 0.570976 0.438322

Position: -5.56767 1.95921 -6.14324
Normal: -0 0 1
UV: 0.570976 0.438322

Position: -6.58524 1.95921 -6.14324
Normal: -0 0 1
UV: 0.58855 0.438322

Position: -6.58524 3.06875 -6.14324
Normal: -1 0 0
UV: 0.601623 0.431109

Position: -6.58524 1.95921 -6.14324
Normal: -1 0 0
UV: 0.601623 0.431109

Position: -6.58524 3.06875 -7.21808
Normal: -1 0 0
UV: 0.620187 0.431109

Position: -6.58524 1.95921 -7.21808
Normal: -1 0 0
UV: 0.620187 0.431109

Position: -5.56767 1.95921 -7.21808
Normal: -0 0 -1
UV: 0.556196 0.285415

Position: -5.56767 3.06875 -7.21808
Normal: -0 0 -1
UV: 0.556196 0.285415

Position: -6.58524 1.95921 -7.21808
Normal: -0 0 -1
UV: 0.573771 0.285415

Position: -6.58524 3.06875 -7.21808
Normal: -0 0 -1
UV: 0.573771 0.285415

Position: -5.56767 3.06875 -6.14324
Normal: 1 0 0
UV: 0.558499 0.416432

Position: -5.56767 1.95921 -7.21808
Normal: 1 0 0
UV: 0.539935 0.435595

Position: -5.56767 1.95921 -6.14324
Normal: 1 0 0
UV: 0.558499 0.435595

Position: -5.56767 3.06875 -7.21808
Normal: 1 0 0
UV: 0.539935 0.416432


[INDEX_DATA]
0 2 1
0 3 2
4 6 5
4 7 6
8 10 9
8 11 10
12 14 13
13 14 15
16 18 17
17 19 16
20 22 21
20 23 22
24 26 25
24 27 26
28 30 29
28 31 30
32 34 33
33 34 35
36 38 37
37 39 36
40 42 41
41 43 40
44 46 45
45 47 44
48 50 49
49 51 48
52 54 53
52 55 54
56 58 57
58 59 57
60 62 61
60 63 62
64 66 65
64 67 66
68 70 69
68 71 70
72 74 73
73 74 75
76 78 77
77 79 76
80 82 81
80 83 82
84 86 85
86 87 85
88 90 89
88 91 90
92 94 93
93 94 95
96 98 97
97 99 96
100 102 101
100 103 102
104 106 105
106 107 105
108 110 109
108 111 110
112 114 113
113 114 115
116 118 117
117 119 116
120 122 121
120 123 122
124 123 120
124 125 123
125 127 126
125 124 127
122 126 127
127 121 122
128 130 129
128 131 130
132 134 133
133 134 135
136 138 137
138 139 137
140 142 141
141 143 140
144 146 145
146 147 145
148 150 149
151 148 149
152 154 153
154 155 153
156 158 157
159 157 158
160 162 161
161 163 160
164 166 165
164 167 166
168 170 169
169 171 168
172 174 173
172 175 174
176 178 177
178 176 179
180 182 181
181 183 180
184 186 185
186 187 185
188 190 189
191 189 190
192 194 193
194 195 193
196 198 197
197 199 196
200 202 201
202 203 201
204 206 205
207 205 206
208 210 209
210 211 209
212 214 213
213 215 212
216 218 217
218 219 217
220 222 221
223 221 222
224 226 225
226 227 225
228 230 229
230 231 229
232 234 233
234 232 235
236 238 237
238 236 239
240 242 241
242 240 243
244 246 245
245 247 244
248 250 249
250 248 251
252 254 253
254 252 255
256 258 257
258 256 259
260 262 261
262 260 263
264 266 265
265 266 267
154 228 229
229 155 154
268 270 269
269 271 268
210 238 239
239 211 210
272 274 273
275 272 273
276 278 277
276 279 278
169 244 247
247 171 169
280 282 281
281 283 280
202 254 255
255 203 202
284 286 285
285 287 284
146 262 263
263 147 146
266 264 148
264 150 148
288 290 289
289 291 288
292 294 293
293 295 292
296 298 297
297 299 296
300 302 301
301 303 300
304 306 305
305 307 304
308 310 309
308 311 310
312 314 313
312 315 314
316 318 317
317 319 316
320 322 321
321 323 320
324 326 325
325 327 324
328 330 329
331 329 330
332 331 330
333 332 330
334 333 335
333 334 332
163 161 290
290 288 163
336 338 337
337 339 336
199 197 298
298 296 199
340 342 341
341 343 340
166 167 306
167 305 306
174 175 309
175 308 309
344 346 345
346 347 345
204 205 318
205 317 318
348 350 349
350 351 349
156 157 326
157 325 326
267 266 330
330 328 267
352 354 353
353 354 355
148 151 333
151 335 333
356 358 357
357 359 356
360 362 361
360 363 362
364 366 365
364 367 366
368 370 369
371 369 370
372 374 373
372 375 374
376 378 377
377 379 376
380 382 381
380 383 382
384 386 385
385 387 384
388 390 389
388 391 390
392 394 393
395 393 394
396 398 397
396 399 398
400 402 401
401 403 400
404 406 405
404 407 406
408 410 409
411 409 410
412 414 413
412 415 414
416 418 417
417 419 416
420 422 421
422 420 423
424 426 425
425 427 424
428 430 429
430 428 431
432 434 433
434 432 435
436 438 437
437 439 436
440 442 441
442 440 443
444 446 445
446 444 447
448 450 449
450 448 451
452 454 453
453 455 452
456 458 457
458 456 459
460 462 461
461 463 460
464 466 465
465 467 464
468 470 469
469 471 468
472 474 473
474 472 475
476 478 477
477 479 476
480 482 481
481 483 480
484 486 485
485 487 484
488 490 489
489 491 488
492 494 493
494 492 495
496 498 497
497 499 496
500 502 501
502 500 503
504 506 505
504 507 506
311 308 508
508 509 311
175 510 308
510 508 308
510 172 511
172 510 175
244 512 246
513 246 512
514 512 244
244 169 514
514 170 515
514 169 170
516 165 166
166 517 516
517 166 306
306 518 517
518 306 304
304 519 518
176 520 179
176 521 520
501 176 522
523 525 524
524 526 523
527 529 528
529 504 528
177 530 522
522 176 177
531 529 527
532 534 533
533 535 532
536 538 537
536 539 538
540 542 541
543 541 542
544 546 545
545 547 544
548 550 549
548 551 550
552 554 553
554 555 553
556 558 557
557 559 556
560 538 539
539 561 560
562 564 563
564 565 563
566 568 567
568 569 567
570 550 551
551 571 570
572 574 573
574 575 573
504 505 528
177 576 530
176 501 502
502 521 176
387 385 577
577 578 387
579 580 275
275 273 579
171 581 168
171 582 581
583 178 584
583 177 178
585 305 586
305 585 307
587 309 310
310 588 587
589 531 590
589 529 531
245 591 247
245 592 591
593 177 583
593 576 177
247 582 171
247 591 582
586 167 594
167 586 305
595 174 309
309 587 595
594 164 596
164 594 167
597 173 174
174 595 597
598 600 599
600 598 601
602 604 603
603 605 602
606 608 607
606 609 608
610 612 611
611 613 610
614 616 615
616 617 615
618 620 619
619 621 618
622 624 623
624 625 623
626 627 386
386 384 626
503 500 505
505 506 503
628 552 553
553 629 628
524 525 630
630 631 524
561 539 632
632 633 561
634 632 536
536 632 539
635 636 276
276 636 279
549 638 637
549 550 638
638 550 570
570 639 638
640 533 534
640 641 533
642 612 610
610 643 642
609 606 644
645 644 606
646 621 619
646 647 621
648 650 649
648 651 650
652 654 653
653 655 652
656 658 657
656 659 658
660 662 661
661 662 663
664 666 665
665 667 664
668 670 669
668 671 670
672 674 673
673 675 672
676 678 677
676 679 678
680 682 681
681 682 683
684 686 685
685 687 684
688 690 689
688 691 690
692 691 688
692 693 691
693 695 694
693 692 695
690 694 695
695 689 690
696 698 697
696 699 698
700 702 701
701 702 703
704 706 705
706 707 705
708 710 709
709 711 708

