[FBX_META_DATA]
MeshCount: 5

[MESH_DATA]
VertexCount: 750
IndexCount: 1470
BoneCount: 0
AnimationClips: 1

[VERTEX_DATA]
Position: 0.174887 2.79865 -0.728126
Normal: 0 -0.359704 -0.933067
UV: 0.727246 0.122338

Position: -0.174887 2.79865 -0.728126
Normal: 0 -0.359704 -0.933067
UV: 0.727246 0.122338

Position: 0.174887 2.70633 -0.692533
Normal: 0 -0.359704 -0.933067
UV: 0.727246 0.122338

Position: -0.174887 2.70633 -0.692533
Normal: 0 -0.359704 -0.933067
UV: 0.727246 0.122338

Position: -0.917594 3.45878 0.984229
Normal: -0 0.933067 -0.359704
UV: 0.748951 0.122338

Position: 0.174887 2.79865 -0.728126
Normal: -0 0.933067 -0.359704
UV: 0.748951 0.122338

Position: 0.917594 3.45878 0.984229
Normal: -0 0.933067 -0.359704
UV: 0.748951 0.122338

Position: -0.174887 2.79865 -0.728126
Normal: -0 0.933067 -0.359704
UV: 0.748951 0.122338

Position: 0.917594 3.3064 1.44485
Normal: -0 0.359704 0.933067
UV: 0.762901 0.103389

Position: -0.917594 3.3064 1.44485
Normal: -0 0.359704 0.933067
UV: 0.762901 0.103389

Position: 0.917594 3.79939 1.2548
Normal: -0 0.359704 0.933067
UV: 0.762901 0.103389

Position: -0.917594 3.79939 1.2548
Normal: -0 0.359704 0.933067
UV: 0.762901 0.103389

Position: -0.917594 3.17152 1.09497
Normal: -0 -0.933067 0.359704
UV: 0.720464 0.103389

Position: 0.917594 3.17152 1.09497
Normal: -0 -0.933067 0.359704
UV: 0.720464 0.103389

Position: -0.174887 2.51139 -0.617385
Normal: -0 -0.933067 0.359704
UV: 0.720464 0.103389

Position: 0.174887 2.51139 -0.617385
Normal: -0 -0.933067 0.359704
UV: 0.720464 0.103389

Position: -0.917594 3.36645 1.01982
Normal: -0.926966 -0.134941 -0.350036
UV: 0.727246 0.122338

Position: -0.174887 2.70633 -0.692533
Normal: -0.926966 -0.134941 -0.350036
UV: 0.727246 0.122338

Position: -0.917594 3.45878 0.984229
Normal: -0.926966 -0.134941 -0.350036
UV: 0.727246 0.122338

Position: -0.174887 2.79865 -0.728126
Normal: -0.926966 -0.134941 -0.350036
UV: 0.727246 0.122338

Position: 0.917594 3.45878 0.984229
Normal: 0.926966 -0.134941 -0.350036
UV: 0.727246 0.122338

Position: 0.174887 2.70633 -0.692533
Normal: 0.926966 -0.134941 -0.350036
UV: 0.727246 0.122338

Position: 0.917594 3.36645 1.01982
Normal: 0.926966 -0.134941 -0.350036
UV: 0.727246 0.122338

Position: 0.174887 2.79865 -0.728126
Normal: 0.926966 -0.134941 -0.350036
UV: 0.727246 0.122338

Position: -0.917594 3.79939 1.2548
Normal: -0 0.933067 -0.359704
UV: 0.788397 0.103389

Position: 0.917594 3.66451 0.904919
Normal: -0 0.933067 -0.359704
UV: 0.788397 0.103389

Position: 0.917594 3.79939 1.2548
Normal: -0 0.933067 -0.359704
UV: 0.788397 0.103389

Position: -0.917594 3.66451 0.904919
Normal: -0 0.933067 -0.359704
UV: 0.788397 0.103389

Position: -0.917594 3.79939 1.2548
Normal: -1 0 0
UV: 0.7424 0.103389

Position: -0.917594 3.3064 1.44485
Normal: -1 0 0
UV: 0.7424 0.103389

Position: -0.917594 3.45878 0.984229
Normal: -1 0 0
UV: 0.7424 0.103389

Position: -0.917594 3.36645 1.01982
Normal: -1 0 0
UV: 0.7424 0.103389

Position: 0.917594 3.3064 1.44485
Normal: -0 -0.933067 0.359704
UV: 0.720464 0.103389

Position: -0.917594 3.3064 1.44485
Normal: -0 -0.933067 0.359704
UV: 0.720464 0.103389

Position: 0.917594 3.45878 0.984229
Normal: 1 -0 -0
UV: 0.7424 0.103389

Position: 0.917594 3.3064 1.44485
Normal: 1 -0 -0
UV: 0.7424 0.103389

Position: 0.917594 3.79939 1.2548
Normal: 1 -0 -0
UV: 0.7424 0.103389

Position: 0.917594 3.36645 1.01982
Normal: 1 -0 -0
UV: 0.7424 0.103389

Position: 0.917594 3.66451 0.904919
Normal: 0 -0.359704 -0.933067
UV: 0.762901 0.103389

Position: -0.917594 3.66451 0.904919
Normal: 0 -0.359704 -0.933067
UV: 0.762901 0.103389

Position: 0.917594 3.45878 0.984229
Normal: 0 -0.359704 -0.933067
UV: 0.762901 0.103389

Position: -0.917594 3.45878 0.984229
Normal: 0 -0.359704 -0.933067
UV: 0.762901 0.103389

Position: -0.917594 3.66451 0.904919
Normal: -1 0 0
UV: 0.7424 0.103389

Position: 0.917594 3.66451 0.904919
Normal: 1 -0 -0
UV: 0.7424 0.103389

Position: 0.917594 3.36645 1.01982
Normal: 0.926966 -0.134941 -0.350036
UV: 0.7424 0.103389

Position: 0.174887 2.51139 -0.617385
Normal: 0.926966 -0.134941 -0.350036
UV: 0.7424 0.103389

Position: 0.917594 3.17152 1.09497
Normal: 0.926966 -0.134941 -0.350036
UV: 0.7424 0.103389

Position: 0.174887 2.70633 -0.692533
Normal: 0.926966 -0.134941 -0.350036
UV: 0.7424 0.103389

Position: 0.174887 2.70633 -0.692533
Normal: 0 -0.359704 -0.933067
UV: 0.788397 0.103389

Position: -0.174887 2.70633 -0.692533
Normal: 0 -0.359704 -0.933067
UV: 0.788397 0.103389

Position: 0.174887 2.51139 -0.617385
Normal: 0 -0.359704 -0.933067
UV: 0.788397 0.103389

Position: -0.174887 2.51139 -0.617385
Normal: 0 -0.359704 -0.933067
UV: 0.788397 0.103389

Position: -0.917594 3.17152 1.09497
Normal: -0.926966 -0.134941 -0.350036
UV: 0.7424 0.103389

Position: -0.174887 2.51139 -0.617385
Normal: -0.926966 -0.134941 -0.350036
UV: 0.7424 0.103389

Position: -0.917594 3.36645 1.01982
Normal: -0.926966 -0.134941 -0.350036
UV: 0.7424 0.103389

Position: -0.174887 2.70633 -0.692533
Normal: -0.926966 -0.134941 -0.350036
UV: 0.7424 0.103389

Position: -0.917594 3.17152 1.09497
Normal: -1 0 0
UV: 0.7424 0.103389

Position: 0.917594 3.17152 1.09497
Normal: 1 -0 -0
UV: 0.7424 0.103389

Position: -0.0106285 3.26698 0.275995
Normal: 0 -0.359704 -0.933067
UV: 0.716413 0.13842

Position: -0.602958 3.26698 0.275995
Normal: 0 -0.359704 -0.933067
UV: 0.716413 0.13842

Position: -0.0106285 3.19626 0.303258
Normal: 0 -0.359704 -0.933067
UV: 0.716413 0.13842

Position: -0.602958 3.19626 0.303258
Normal: 0 -0.359704 -0.933067
UV: 0.716413 0.13842

Position: -0.602958 3.48004 0.828676
Normal: -0 0.933067 -0.359704
UV: 0.738199 0.13842

Position: -0.0106285 3.26698 0.275995
Normal: -0 0.933067 -0.359704
UV: 0.738199 0.13842

Position: -0.0106285 3.48004 0.828676
Normal: -0 0.933067 -0.359704
UV: 0.738199 0.13842

Position: -0.602958 3.26698 0.275995
Normal: -0 0.933067 -0.359704
UV: 0.738199 0.13842

Position: -0.0106285 3.40932 0.855939
Normal: -0 0.359704 0.933067
UV: 0.716413 0.13842

Position: -0.602958 3.40932 0.855939
Normal: -0 0.359704 0.933067
UV: 0.716413 0.13842

Position: -0.0106285 3.48004 0.828676
Normal: -0 0.359704 0.933067
UV: 0.716413 0.13842

Position: -0.602958 3.48004 0.828676
Normal: -0 0.359704 0.933067
UV: 0.716413 0.13842

Position: -0.602958 3.40932 0.855939
Normal: -0 -0.933067 0.359704
UV: 0.716413 0.13842

Position: -0.0106285 3.40932 0.855939
Normal: -0 -0.933067 0.359704
UV: 0.716413 0.13842

Position: -0.602958 3.19626 0.303258
Normal: -0 -0.933067 0.359704
UV: 0.716413 0.13842

Position: -0.0106285 3.19626 0.303258
Normal: -0 -0.933067 0.359704
UV: 0.716413 0.13842

Position: -0.602958 3.40932 0.855939
Normal: -1 0 0
UV: 0.716413 0.13842

Position: -0.602958 3.19626 0.303258
Normal: -1 0 0
UV: 0.716413 0.13842

Position: -0.602958 3.48004 0.828676
Normal: -1 0 0
UV: 0.716413 0.13842

Position: -0.602958 3.26698 0.275995
Normal: -1 0 0
UV: 0.716413 0.13842

Position: -0.0106285 3.48004 0.828676
Normal: 1 -0 -0
UV: 0.716413 0.13842

Position: -0.0106285 3.19626 0.303258
Normal: 1 -0 -0
UV: 0.716413 0.13842

Position: -0.0106285 3.40932 0.855939
Normal: 1 -0 -0
UV: 0.716413 0.13842

Position: -0.0106285 3.26698 0.275995
Normal: 1 -0 -0
UV: 0.716413 0.13842

Position: 0.283675 2.96547 -0.506098
Normal: 0 -0.359704 -0.933067
UV: 0.716413 0.13842

Position: 0.0657177 2.96547 -0.506098
Normal: 0 -0.359704 -0.933067
UV: 0.716413 0.13842

Position: 0.283675 2.89475 -0.478835
Normal: 0 -0.359704 -0.933067
UV: 0.716413 0.13842

Position: 0.0657177 2.89475 -0.478835
Normal: 0 -0.359704 -0.933067
UV: 0.716413 0.13842

Position: 0.0657177 3.17854 0.0465832
Normal: -0 0.933067 -0.359704
UV: 0.738199 0.13842

Position: 0.283675 2.96547 -0.506098
Normal: -0 0.933066 -0.359704
UV: 0.738199 0.13842

Position: 0.522352 3.17854 0.0465832
Normal: -0 0.933067 -0.359704
UV: 0.738199 0.13842

Position: 0.0657177 2.96547 -0.506098
Normal: -0 0.933067 -0.359704
UV: 0.738199 0.13842

Position: 0.522352 3.10782 0.0738468
Normal: -0 0.359704 0.933067
UV: 0.716413 0.13842

Position: 0.0657177 3.10782 0.0738468
Normal: -0 0.359704 0.933067
UV: 0.716413 0.13842

Position: 0.522352 3.17854 0.0465832
Normal: -0 0.359704 0.933067
UV: 0.716413 0.13842

Position: 0.0657177 3.17854 0.0465832
Normal: -0 0.359704 0.933067
UV: 0.716413 0.13842

Position: 0.0657177 3.10782 0.0738468
Normal: -0 -0.933067 0.359704
UV: 0.716413 0.13842

Position: 0.283675 2.89475 -0.478835
Normal: -0 -0.933066 0.359704
UV: 0.716413 0.13842

Position: 0.0657177 2.89475 -0.478835
Normal: -0 -0.933067 0.359704
UV: 0.716413 0.13842

Position: 0.522352 3.10782 0.0738468
Normal: -0 -0.933067 0.359704
UV: 0.716413 0.13842

Position: 0.0657177 3.10782 0.0738468
Normal: -1 0 0
UV: 0.716413 0.13842

Position: 0.0657177 2.89475 -0.478835
Normal: -1 0 0
UV: 0.716413 0.13842

Position: 0.0657177 3.17854 0.0465832
Normal: -1 0 0
UV: 0.716413 0.13842

Position: 0.0657177 2.96547 -0.506098
Normal: -1 0 0
UV: 0.716413 0.13842

Position: 0.522352 3.17854 0.0465832
Normal: 0.927531 -0.134438 -0.348731
UV: 0.716413 0.13842

Position: 0.283675 2.89475 -0.478835
Normal: 0.927531 -0.134438 -0.348731
UV: 0.716413 0.13842

Position: 0.522352 3.10782 0.0738468
Normal: 0.927531 -0.134438 -0.348731
UV: 0.716413 0.13842

Position: 0.283675 2.96547 -0.506098
Normal: 0.927531 -0.134438 -0.348731
UV: 0.716413 0.13842

Position: -0.0731542 3.09669 -0.165732
Normal: 0 -0.359704 -0.933067
UV: 0.671459 0.149248

Position: -0.290149 3.09669 -0.165732
Normal: 0 -0.359704 -0.933067
UV: 0.671459 0.149248

Position: -0.0731542 3.02597 -0.13847
Normal: 0 -0.359704 -0.933067
UV: 0.671459 0.149248

Position: -0.290149 3.02597 -0.13847
Normal: 0 -0.359704 -0.933067
UV: 0.671459 0.149248

Position: -0.290149 3.17474 0.0367365
Normal: -0 0.933067 -0.359704
UV: 0.694612 0.149248

Position: -0.0731542 3.09669 -0.165732
Normal: -0 0.933067 -0.359704
UV: 0.694612 0.149248

Position: -0.0731542 3.17474 0.0367365
Normal: -0 0.933067 -0.359704
UV: 0.694612 0.149248

Position: -0.290149 3.09669 -0.165732
Normal: -0 0.933067 -0.359704
UV: 0.694612 0.149248

Position: -0.0731542 3.10402 0.0639992
Normal: -0 0.359704 0.933067
UV: 0.671459 0.149248

Position: -0.290149 3.10402 0.0639992
Normal: -0 0.359704 0.933067
UV: 0.671459 0.149248

Position: -0.0731542 3.17474 0.0367365
Normal: -0 0.359704 0.933067
UV: 0.671459 0.149248

Position: -0.290149 3.17474 0.0367365
Normal: -0 0.359704 0.933067
UV: 0.671459 0.149248

Position: -0.290149 3.10402 0.0639992
Normal: -0 -0.933067 0.359704
UV: 0.671459 0.149248

Position: -0.0731542 3.10402 0.0639992
Normal: -0 -0.933067 0.359704
UV: 0.671459 0.149248

Position: -0.290149 3.02597 -0.13847
Normal: -0 -0.933067 0.359704
UV: 0.671459 0.149248

Position: -0.0731542 3.02597 -0.13847
Normal: -0 -0.933067 0.359704
UV: 0.671459 0.149248

Position: -0.290149 3.09669 -0.165732
Normal: -1 0 0
UV: 0.671459 0.149248

Position: -0.290149 3.10402 0.0639992
Normal: -1 0 0
UV: 0.671459 0.149248

Position: -0.290149 3.02597 -0.13847
Normal: -1 0 0
UV: 0.671459 0.149248

Position: -0.290149 3.17474 0.0367365
Normal: -1 0 0
UV: 0.671459 0.149248

Position: -0.0731542 3.09669 -0.165732
Normal: 1 -0 -0
UV: 0.671459 0.149248

Position: -0.0731542 3.10402 0.0639992
Normal: 1 -0 -0
UV: 0.671459 0.149248

Position: -0.0731542 3.17474 0.0367365
Normal: 1 -0 -0
UV: 0.671459 0.149248

Position: -0.0731542 3.02597 -0.13847
Normal: 1 -0 -0
UV: 0.671459 0.149248

Position: 0.497467 3.3303 0.440256
Normal: 0 -0.359704 -0.933067
UV: 0.671459 0.149248

Position: 0.280475 3.3303 0.440256
Normal: 0 -0.359704 -0.933067
UV: 0.671459 0.149248

Position: 0.497467 3.25958 0.467518
Normal: 0 -0.359704 -0.933067
UV: 0.671459 0.149248

Position: 0.280475 3.25958 0.467518
Normal: 0 -0.359704 -0.933067
UV: 0.671459 0.149248

Position: 0.280475 3.40835 0.642724
Normal: -0 0.933067 -0.359704
UV: 0.694612 0.149248

Position: 0.497467 3.3303 0.440256
Normal: -0 0.933067 -0.359704
UV: 0.694612 0.149248

Position: 0.497467 3.40835 0.642724
Normal: -0 0.933067 -0.359704
UV: 0.694612 0.149248

Position: 0.280475 3.3303 0.440256
Normal: -0 0.933067 -0.359704
UV: 0.694612 0.149248

Position: 0.497467 3.33763 0.669987
Normal: -0 0.359704 0.933067
UV: 0.671459 0.149248

Position: 0.280475 3.33763 0.669987
Normal: -0 0.359704 0.933067
UV: 0.671459 0.149248

Position: 0.497467 3.40835 0.642724
Normal: -0 0.359704 0.933067
UV: 0.671459 0.149248

Position: 0.280475 3.40835 0.642724
Normal: -0 0.359704 0.933067
UV: 0.671459 0.149248

Position: 0.280475 3.33763 0.669987
Normal: -0 -0.933067 0.359704
UV: 0.671459 0.149248

Position: 0.497467 3.33763 0.669987
Normal: -0 -0.933067 0.359704
UV: 0.671459 0.149248

Position: 0.280475 3.25958 0.467518
Normal: -0 -0.933067 0.359704
UV: 0.671459 0.149248

Position: 0.497467 3.25958 0.467518
Normal: -0 -0.933067 0.359704
UV: 0.671459 0.149248

Position: 0.280475 3.40835 0.642724
Normal: -1 0 0
UV: 0.671459 0.149248

Position: 0.280475 3.25958 0.467518
Normal: -1 0 0
UV: 0.671459 0.149248

Position: 0.280475 3.3303 0.440256
Normal: -1 0 0
UV: 0.671459 0.149248

Position: 0.280475 3.33763 0.669987
Normal: -1 0 0
UV: 0.671459 0.149248

Position: 0.497467 3.40835 0.642724
Normal: 1 -0 -0
UV: 0.671459 0.149248

Position: 0.497467 3.25958 0.467518
Normal: 1 -0 -0
UV: 0.671459 0.149248

Position: 0.497467 3.33763 0.669987
Normal: 1 -0 -0
UV: 0.671459 0.149248

Position: 0.497467 3.3303 0.440256
Normal: 1 -0 -0
UV: 0.671459 0.149248

Position: -0.178488 2.65979 0.722983
Normal: -0 0 1
UV: 0.323647 0.543414

Position: 0.178488 2.65979 0.722983
Normal: -0 0 1
UV: 0.323647 0.543414

Position: 0.178488 2.5185 0.722983
Normal: -0 0 1
UV: 0.323647 0.543414

Position: -0.178488 2.5185 0.722983
Normal: -0 0 1
UV: 0.323647 0.543414

Position: -0.0920073 2.92361 0.452488
Normal: -0 0.933144 -0.359502
UV: 0.444109 0.55546

Position: 0.0920073 2.9945 0.636502
Normal: -0 0.933144 -0.359502
UV: 0.444109 0.55546

Position: -0.0920073 2.9945 0.636502
Normal: -0 0.933144 -0.359502
UV: 0.444109 0.55546

Position: 0.0920073 2.92361 0.452488
Normal: -0 0.933144 -0.359502
UV: 0.444109 0.55546

Position: -0.178488 2.5185 0.366007
Normal: -0 0 -1
UV: 0.323647 0.543414

Position: 0.178488 2.5185 0.366007
Normal: -0 0 -1
UV: 0.323647 0.543414

Position: 0.178488 2.65979 0.366007
Normal: -0 0 -1
UV: 0.323647 0.543414

Position: -0.178488 2.65979 0.366007
Normal: -0 0 -1
UV: 0.323647 0.543414

Position: -0.178488 2.65979 0.366007
Normal: -1 0 0
UV: 0.444109 0.55546

Position: -0.178488 2.65979 0.722983
Normal: -1 0 0
UV: 0.444109 0.55546

Position: -0.178488 2.5185 0.722983
Normal: -1 0 0
UV: 0.444109 0.55546

Position: -0.178488 2.5185 0.366007
Normal: -1 0 0
UV: 0.444109 0.55546

Position: 0.178488 2.65979 0.722983
Normal: 1 0 0
UV: 0.444109 0.55546

Position: 0.178488 2.5185 0.366007
Normal: 1 0 0
UV: 0.444109 0.55546

Position: 0.178488 2.5185 0.722983
Normal: 1 0 0
UV: 0.444109 0.55546

Position: 0.178488 2.65979 0.366007
Normal: 1 0 0
UV: 0.444109 0.55546

Position: 0.178488 2.65979 0.722983
Normal: -0 1 -6.36999e-007
UV: 0.509159 0.545823

Position: -0.178488 2.65979 0.722983
Normal: -0 1 -6.36999e-007
UV: 0.509159 0.545823

Position: -0.0920073 2.65979 0.636502
Normal: -0 1 -6.36999e-007
UV: 0.509159 0.545823

Position: 0.0920073 2.65979 0.636502
Normal: -0 1 -6.36999e-007
UV: 0.509159 0.545823

Position: -0.178488 2.65979 0.366007
Normal: -0 1 0
UV: 0.509159 0.545823

Position: -0.0920073 2.65979 0.452488
Normal: -0 1 0
UV: 0.509159 0.545823

Position: 0.178488 2.65979 0.366007
Normal: -0 1 6.37002e-007
UV: 0.509159 0.545823

Position: 0.0920073 2.65979 0.452488
Normal: -0 1 6.37002e-007
UV: 0.509159 0.545823

Position: 0.0920073 2.9945 0.636502
Normal: -0 0 1
UV: 0.323647 0.543414

Position: 0.0920073 2.65979 0.636502
Normal: -0 0 1
UV: 0.323647 0.543414

Position: -0.0920073 2.9945 0.636502
Normal: -0 0 1
UV: 0.323647 0.543414

Position: -0.0920073 2.65979 0.636502
Normal: -0 0 1
UV: 0.323647 0.543414

Position: -0.0920073 2.9945 0.636502
Normal: -1 0 0
UV: 0.444109 0.55546

Position: -0.0920073 2.65979 0.636502
Normal: -1 0 0
UV: 0.444109 0.55546

Position: -0.0920073 2.92361 0.452488
Normal: -1 0 0
UV: 0.444109 0.55546

Position: -0.0920073 2.65979 0.452488
Normal: -1 0 0
UV: 0.444109 0.55546

Position: 0.0920073 2.92361 0.452488
Normal: -0 0 -1
UV: 0.323647 0.543414

Position: -0.0920073 2.65979 0.452488
Normal: -0 0 -1
UV: 0.323647 0.543414

Position: 0.0920073 2.65979 0.452488
Normal: -0 0 -1
UV: 0.323647 0.543414

Position: -0.0920073 2.92361 0.452488
Normal: -0 0 -1
UV: 0.323647 0.543414

Position: 0.0920073 2.65979 0.636502
Normal: 1 0 0
UV: 0.444109 0.55546

Position: 0.0920073 2.92361 0.452488
Normal: 1 0 0
UV: 0.444109 0.55546

Position: 0.0920073 2.65979 0.452488
Normal: 1 0 0
UV: 0.444109 0.55546

Position: 0.0920073 2.9945 0.636502
Normal: 1 0 0
UV: 0.444109 0.55546

Position: 1.16845 0.356283 1.83891
Normal: -0 0.707107 0.707107
UV: 0.449752 0.182262

Position: -1.16845 0.356283 1.83891
Normal: -0 0.707107 0.707107
UV: 0.448477 0.182262

Position: -1.16845 0.457611 1.73758
Normal: -0 0.707107 0.707107
UV: 0.448477 0.183537

Position: 1.16845 0.457611 1.73758
Normal: -0 0.707107 0.707107
UV: 0.449752 0.183537

Position: -1.16845 0.356283 1.63625
Normal: -0 0.707107 -0.707107
UV: 0.448477 0.184812

Position: 1.16845 0.356283 1.63625
Normal: -0 0.707107 -0.707107
UV: 0.449752 0.184812

Position: 1.16845 0.457611 1.73758
Normal: -0 0.707107 -0.707107
UV: 0.449752 0.183537

Position: -1.16845 0.457611 1.73758
Normal: -0 0.707107 -0.707107
UV: 0.448477 0.183537

Position: -1.16845 0.254954 1.73758
Normal: -0 -0.707107 -0.707107
UV: 0.448477 0.186087

Position: 1.16845 0.254954 1.73758
Normal: -0 -0.707107 -0.707107
UV: 0.449752 0.186087

Position: 1.16845 0.356283 1.63625
Normal: -0 -0.707107 -0.707107
UV: 0.449752 0.184812

Position: -1.16845 0.356283 1.63625
Normal: -0 -0.707107 -0.707107
UV: 0.448477 0.184812

Position: -1.16845 0.356283 1.83891
Normal: -0 -0.707107 0.707107
UV: 0.448477 0.187362

Position: 1.16845 0.356283 1.83891
Normal: -0 -0.707107 0.707107
UV: 0.449752 0.187362

Position: 1.16845 0.254954 1.73758
Normal: -0 -0.707107 0.707107
UV: 0.449752 0.186087

Position: -1.16845 0.254954 1.73758
Normal: -0 -0.707107 0.707107
UV: 0.448477 0.186087

Position: 1.16845 0.356283 -1.52402
Normal: -0 0.707107 0.707107
UV: 0.449752 0.182262

Position: -1.16845 0.356283 -1.52402
Normal: -0 0.707107 0.707107
UV: 0.448477 0.182262

Position: -1.16845 0.457611 -1.62535
Normal: -0 0.707107 0.707107
UV: 0.448477 0.183537

Position: 1.16845 0.457611 -1.62535
Normal: -0 0.707107 0.707107
UV: 0.449752 0.183537

Position: -1.16845 0.356283 -1.72668
Normal: -0 0.707107 -0.707107
UV: 0.448477 0.184812

Position: 1.16845 0.356283 -1.72668
Normal: -0 0.707107 -0.707107
UV: 0.449752 0.184812

Position: 1.16845 0.457611 -1.62535
Normal: -0 0.707107 -0.707107
UV: 0.449752 0.183537

Position: -1.16845 0.457611 -1.62535
Normal: -0 0.707107 -0.707107
UV: 0.448477 0.183537

Position: -1.16845 0.254954 -1.62535
Normal: -0 -0.707107 -0.707107
UV: 0.448477 0.186087

Position: 1.16845 0.254954 -1.62535
Normal: -0 -0.707107 -0.707107
UV: 0.449752 0.186087

Position: 1.16845 0.356283 -1.72668
Normal: -0 -0.707107 -0.707107
UV: 0.449752 0.184812

Position: -1.16845 0.356283 -1.72668
Normal: -0 -0.707107 -0.707107
UV: 0.448477 0.184812

Position: -1.16845 0.356283 -1.52402
Normal: -0 -0.707107 0.707107
UV: 0.448477 0.187362

Position: 1.16845 0.356283 -1.52402
Normal: -0 -0.707107 0.707107
UV: 0.449752 0.187362

Position: 1.16845 0.254954 -1.62535
Normal: -0 -0.707107 0.707107
UV: 0.449752 0.186087

Position: -1.16845 0.254954 -1.62535
Normal: -0 -0.707107 0.707107
UV: 0.448477 0.186087

Position: 1.19744 1.55432 -0.971153
Normal: -0 0.938583 -0.345053
UV: 0.735139 0.24763

Position: 1.52156 1.50878 -1.09502
Normal: -0 0.938583 -0.345053
UV: 0.735139 0.24763

Position: 1.5797 1.55432 -0.971153
Normal: -0 0.938583 -0.345053
UV: 0.735139 0.24763

Position: 1.25558 1.50878 -1.09502
Normal: -0 0.938583 -0.345053
UV: 0.735139 0.24763

Position: 1.25558 1.30044 -1.09502
Normal: -0 0 -1
UV: 0.229778 0.738259

Position: 1.52156 1.30044 -1.09502
Normal: -0 0 -1
UV: 0.263821 0.738259

Position: 1.52156 1.50878 -1.09502
Normal: -0 0 -1
UV: 0.263821 0.711594

Position: 1.25558 1.50878 -1.09502
Normal: -0 0 -1
UV: 0.229778 0.711594

Position: 1.19744 1.25491 -0.971153
Normal: -0 -0.938584 -0.345051
UV: 0.660386 0.0370995

Position: 1.5797 1.25491 -0.971153
Normal: -0 -0.938584 -0.345051
UV: 0.696893 0.0370995

Position: 1.52156 1.30044 -1.09502
Normal: -0 -0.938584 -0.345051
UV: 0.69134 0.024496

Position: 1.25558 1.30044 -1.09502
Normal: -0 -0.938584 -0.345051
UV: 0.665938 0.024496

Position: 1.19744 1.55432 -0.971153
Normal: -0 0 1
UV: 0.549489 0.340527

Position: 1.5797 1.55432 -0.971153
Normal: -0 0 1
UV: 0.512522 0.340527

Position: 1.5797 1.25491 -0.971153
Normal: -0 0 1
UV: 0.512522 0.369482

Position: 1.19744 1.25491 -0.971153
Normal: -0 0 1
UV: 0.549489 0.369482

Position: 1.19744 1.25491 -0.971153
Normal: -0.905248 0 -0.424883
UV: 0.215954 0.744336

Position: 1.25558 1.50878 -1.09502
Normal: -0.905248 0 -0.424883
UV: 0.183461 0.726822

Position: 1.19744 1.55432 -0.971153
Normal: -0.905248 0 -0.424883
UV: 0.177632 0.744336

Position: 1.25558 1.30044 -1.09502
Normal: -0.905248 0 -0.424883
UV: 0.210125 0.726822

Position: 1.5797 1.25491 -0.971153
Normal: 0.905247 0 -0.424886
UV: 0.203664 0.736474

Position: 1.5797 1.55432 -0.971153
Normal: 0.905247 0 -0.424886
UV: 0.241986 0.736474

Position: 1.52156 1.50878 -1.09502
Normal: 0.905247 0 -0.424886
UV: 0.236158 0.71896

Position: 1.52156 1.30044 -1.09502
Normal: 0.905247 0 -0.424886
UV: 0.209493 0.718961

Position: 1.1643 0.554255 -2.66183
Normal: -0 0 -1
UV: 0.354073 0.338627

Position: 0.722378 0.554255 -2.66183
Normal: -0 0 -1
UV: 0.427908 0.338627

Position: 1.1643 0.363955 -2.66183
Normal: -0 0 -1
UV: 0.354077 0.370422

Position: 0.722378 0.363955 -2.66183
Normal: -0 0 -1
UV: 0.427908 0.370422

Position: 1.1643 2.3693 0.175271
Normal: 1 0 0
UV: 0.0439042 0.0390904

Position: 1.1643 2.3693 -0.88724
Normal: 1 0 0
UV: 0.221426 0.0390904

Position: 1.1643 1.4609 0.167261
Normal: 1 1.97531e-007 8.77853e-008
UV: 0.0452426 0.190862

Position: 1.1643 1.4609 -0.967024
Normal: 1 0 0
UV: 0.234757 0.190862

Position: 0.942738 0.363955 -2.03738
Normal: 1 -2.91371e-007 0
UV: 0.647271 0.0373102

Position: 0.942738 0.363955 -1.20818
Normal: 1 1.16422e-006 3.35984e-007
UV: 0.647271 0.0280333

Position: 0.942738 0.571147 -2.03663
Normal: 1 1.05259e-006 2.50872e-007
UV: 0.653765 0.0373018

Position: 0.942738 0.747452 -1.87306
Normal: 1 2.06733e-006 3.22694e-007
UV: 0.660198 0.0355583

Position: 0.942738 0.828878 -1.61506
Normal: 1 6.9398e-007 -1.62485e-007
UV: 0.664029 0.0325456

Position: 0.942738 0.746456 -1.36939
Normal: 1 1.49356e-006 6.06181e-007
UV: 0.660812 0.0291413

Position: 0.942738 0.571997 -1.20625
Normal: 1 1.73905e-006 2.42714e-006
UV: 0.655222 0.0280117

Position: 1.1643 2.5199 -1.01221
Normal: 0.00803023 0.105465 -0.994391
UV: 0.735139 0.24763

Position: 1.05283 1.4827 -1.11233
Normal: 0.00136965 0.0907605 -0.995872
UV: 0.735139 0.24763

Position: 1.1643 1.3798 -1.11941
Normal: 0.0072105 0.077775 -0.996945
UV: 0.735139 0.24763

Position: 1.05283 2.42498 -1.02303
Normal: 0.00135989 0.0968022 -0.995303
UV: 0.735139 0.24763

Position: 1.1643 2.3693 -0.88724
Normal: 1 0 0
UV: 0.190782 0.817399

Position: 1.1643 1.3798 -1.11941
Normal: 1 -8.64335e-008 3.78907e-009
UV: 0.190782 0.817399

Position: 1.1643 1.4609 -0.967024
Normal: 1 0 0
UV: 0.190782 0.817399

Position: 1.1643 2.5199 -1.01221
Normal: 1 0 0
UV: 0.190782 0.817399

Position: 1.1643 2.3693 0.175271
Normal: 1 0 0
UV: 0.190783 0.817399

Position: 1.1643 1.4609 0.361233
Normal: 1 1.1576e-007 7.49178e-008
UV: 0.190783 0.817399

Position: 1.1643 2.3693 0.353912
Normal: 1 -8.14063e-008 0
UV: 0.190783 0.817399

Position: 1.1643 1.4609 0.167261
Normal: 1 1.97531e-007 8.77853e-008
UV: 0.190783 0.817399

Position: 1.1643 2.38214 2.16911
Normal: 1 4.87033e-008 0
UV: 0.0675491 0.0380538

Position: 1.1643 1.4609 0.361233
Normal: 1 1.1576e-007 7.49178e-008
UV: 0.370733 0.18973

Position: 1.1643 1.46102 2.45972
Normal: 1 -7.19466e-008 0
UV: 0.0201353 0.192307

Position: 1.1643 2.3693 0.353912
Normal: 1 -8.14063e-008 0
UV: 0.370835 0.0379533

Position: 1.1643 1.3798 -2.16238
Normal: 1 0 0
UV: 0.190782 0.817399

Position: 1.1643 1.0976 -2.16238
Normal: 1 0 0
UV: 0.190782 0.817399

Position: -0 0.554255 -2.5617
Normal: 1.37261e-007 0 -1
UV: 0.236473 0.377272

Position: 0.722378 0.554255 -2.5617
Normal: -0 0 -1
UV: 0.115781 0.37728

Position: 0.722378 0.769573 -2.5617
Normal: 8.85736e-008 0 -1
UV: 0.115779 0.341303

Position: 1.1643 0.363955 -2.5617
Normal: 1 0 0
UV: 0.33735 0.370426

Position: 1.1643 0.554255 -2.5617
Normal: 1 0 0
UV: 0.337341 0.33863

Position: 1.1643 0.554255 -2.66183
Normal: 1 0 0
UV: 0.354073 0.338627

Position: 1.1643 0.363955 -2.66183
Normal: 1 0 0
UV: 0.354077 0.370422

Position: 1.1643 0.554255 -2.5617
Normal: -0 1 0
UV: 0.457559 0.361053

Position: 0.722378 0.554255 -2.5617
Normal: -0 1 0
UV: 0.383724 0.361053

Position: 0.722378 0.554255 -2.66183
Normal: -0 1 0
UV: 0.383724 0.344323

Position: 1.1643 0.554255 -2.66183
Normal: -0 1 0
UV: 0.457559 0.344323

Position: 0.722378 0.363955 -2.5617
Normal: -0 -1 0
UV: 0.917188 0.359729

Position: -0 0.363955 -2.66183
Normal: -0 -1 0
UV: 0.974038 0.351848

Position: -0 0.363955 -2.5617
Normal: -0 -1 0
UV: 0.974038 0.359729

Position: 0.722378 0.363955 -2.66183
Normal: -0 -1 0
UV: 0.917188 0.351849

Position: 0.942738 0.363955 2.15999
Normal: 1 -8.87682e-008 0
UV: 0.628746 0.0279551

Position: 0.942738 0.490962 1.32712
Normal: 1 5.2789e-008 0
UV: 0.633619 0.0372732

Position: 0.942738 0.363955 1.32381
Normal: 1 -8.87682e-008 0
UV: 0.628746 0.0373102

Position: 0.942738 0.571152 2.15415
Normal: 1 2.8115e-008 0
UV: 0.635257 0.0280205

Position: 0.722378 0.549275 2.65891
Normal: 0.00039386 -0.00169418 0.999999
UV: 0.440946 0.370782

Position: -0 0.363955 2.6587
Normal: 0.000246249 -0.00212755 0.999998
UV: 0.561628 0.339781

Position: -0 0.549561 2.65927
Normal: 0.000811943 -0.00258815 0.999996
UV: 0.56164 0.370784

Position: 0.722378 0.363955 2.6587
Normal: 0.000245646 -0.00154227 0.999999
UV: 0.440933 0.339818

Position: -0 1.38108 2.66183
Normal: 0.00111619 -0.00271329 0.999996
UV: 0.670671 0.618592

Position: 1.1643 1.3798 2.65989
Normal: 0.00150624 -0.00180815 0.999997
UV: 0.865192 0.618745

Position: 0.722378 1.0976 2.66004
Normal: 0.00120654 -0.00241015 0.999996
UV: 0.791376 0.665922

Position: 1.1643 2.38214 2.16911
Normal: 1 4.87033e-008 0
UV: 0.190783 0.817399

Position: 1.1643 2.5199 2.2684
Normal: 1 8.25786e-007 0
UV: 0.190783 0.817399

Position: 1.1643 1.46102 2.45972
Normal: 1 -7.19466e-008 0
UV: 0.190782 0.817399

Position: 1.1643 1.3798 2.65989
Normal: 1 1.31959e-007 0
UV: 0.190783 0.817399

Position: 1.1643 0.5491 2.6587
Normal: 1 -6.6415e-010 0
UV: 0.367113 0.3708

Position: 1.1643 0.363955 2.47818
Normal: 1 -2.55705e-007 0
UV: 0.336942 0.3399

Position: 1.1643 0.363955 2.6587
Normal: 1 -4.45048e-007 0
UV: 0.367095 0.339868

Position: 1.1643 0.549696 2.4781
Normal: 1 8.5219e-008 0
UV: 0.336939 0.370918

Position: 1.1643 1.0976 2.46705
Normal: 1 -7.21494e-008 -1.34157e-007
UV: 0.190783 0.817399

Position: 1.16429 0.82981 1.73941
Normal: 1 -5.21176e-007 -2.12279e-007
UV: 0.190783 0.817399

Position: 1.1643 1.0976 2.65948
Normal: 1 3.81612e-008 0
UV: 0.190783 0.817399

Position: 1.1643 1.32888 0.361393
Normal: 1 1.1576e-007 7.49178e-008
UV: 0.443805 0.0489972

Position: 1.1643 1.32888 -0.0118198
Normal: 1 -8.64335e-008 3.78907e-009
UV: 0.443805 0.0489972

Position: 1.1643 1.22407 -0.0118198
Normal: 1 2.06148e-007 -1.5386e-007
UV: 0.443805 0.0489972

Position: -0 0.363955 2.6587
Normal: -0 -1 0
UV: 0.974038 0.770562

Position: 0.722378 0.363955 2.6587
Normal: -0 -1 0
UV: 0.917188 0.770562

Position: 0.722378 0.363955 2.5467
Normal: -0 -1 0
UV: 0.917188 0.761747

Position: 1.1643 2.5199 2.2684
Normal: 0.000492819 0.325766 0.94545
UV: 0.735139 0.24763

Position: 1.1643 1.3798 2.65989
Normal: 0.00171719 0.324881 0.945753
UV: 0.735139 0.24763

Position: 1.03412 2.39243 2.31239
Normal: 0.000129355 0.325013 0.94571
UV: 0.735139 0.24763

Position: 1.03412 1.50727 2.61633
Normal: 0.000241663 0.324853 0.945764
UV: 0.735139 0.24763

Position: 1.1643 0.769573 -2.16238
Normal: 1 -2.55576e-007 2.53727e-007
UV: 0.959194 0.304103

Position: 1.1643 1.0976 -2.16238
Normal: 1 0 0
UV: 0.90439 0.304086

Position: 1.1643 1.0976 -2.5617
Normal: 1 0 0
UV: 0.904419 0.237368

Position: 1.1643 0.769573 -2.5617
Normal: 1 0 0
UV: 0.959228 0.237386

Position: 1.1643 1.0976 -2.5617
Normal: -7.09548e-008 0 -1
UV: 0.0419451 0.286494

Position: 1.1643 1.3798 -2.5617
Normal: -9.46106e-008 0 -1
UV: 0.0419451 0.239339

Position: 0.722378 1.0976 -2.5617
Normal: 7.4922e-008 0 -1
UV: 0.115779 0.286492

Position: 0.722378 1.0976 2.66004
Normal: 0.00120654 -0.00241015 0.999996
UV: 0.968901 0.169602

Position: 1.1643 0.769573 2.65901
Normal: 0.000874224 -0.00174678 0.999998
UV: 0.91422 0.277182

Position: 0.722378 0.769573 2.65936
Normal: 0.000951631 -0.0024183 0.999997
UV: 0.914091 0.169727

Position: 1.1643 1.0976 2.65948
Normal: 0.00110162 -0.00165475 0.999998
UV: 0.969013 0.277056

Position: 1.1643 0.74311 2.00131
Normal: 1 4.08577e-007 -4.98272e-007
UV: 0.190783 0.817399

Position: 1.1643 0.769573 2.47367
Normal: 1 3.21064e-007 -2.64838e-007
UV: 0.190783 0.817399

Position: 1.1643 1.0976 2.65948
Normal: 1 3.81612e-008 0
UV: 0.908127 0.11088

Position: 1.1643 0.769573 2.47367
Normal: 1 3.21064e-007 -2.64838e-007
UV: 0.962899 0.0656844

Position: 1.1643 0.769573 2.65901
Normal: 1 1.45577e-007 0
UV: 0.96292 0.110754

Position: 1.1643 1.0976 2.46705
Normal: 1 -7.21494e-008 -1.34157e-007
UV: 0.908122 0.0640898

Position: 0.722378 0.769573 -2.5617
Normal: 8.85736e-008 0 -1
UV: 0.95925 0.163552

Position: 1.1643 0.769573 -2.5617
Normal: -0 0 -1
UV: 0.959228 0.237386

Position: 0.722378 1.0976 -2.5617
Normal: 7.4922e-008 0 -1
UV: 0.904439 0.163535

Position: 1.1643 1.0976 -2.5617
Normal: -7.09548e-008 0 -1
UV: 0.904419 0.237368

Position: 1.1643 0.769573 -2.16238
Normal: 1 -2.55576e-007 2.53727e-007
UV: 0.190782 0.817399

Position: 1.1643 0.769573 -2.5617
Normal: 1 0 0
UV: 0.190782 0.817399

Position: 1.1643 0.555682 -2.16238
Normal: 1 1.19479e-007 1.92297e-007
UV: 0.190782 0.817399

Position: 1.1643 0.554255 -2.5617
Normal: 1 0 0
UV: 0.190782 0.817399

Position: 1.1643 0.5491 2.6587
Normal: 0.000460161 -0.00121305 0.999999
UV: 0.865236 0.75755

Position: 0.722378 0.549275 2.65891
Normal: 0.00039386 -0.00169418 0.999999
UV: 0.791402 0.757544

Position: 1.1643 0.769573 2.65901
Normal: 0.000874224 -0.00174678 0.999998
UV: 0.865227 0.720705

Position: 0.722378 0.769573 2.65936
Normal: 0.000951631 -0.0024183 0.999997
UV: 0.791393 0.720732

Position: 0.942738 0.74311 2.00131
Normal: 1 6.39318e-007 -1.33077e-007
UV: 0.642373 0.0295938

Position: 0.942738 0.572079 1.33106
Normal: 1 6.83409e-007 -1.49289e-007
UV: 0.639417 0.0372291

Position: 1.1643 0.769573 2.65901
Normal: 1 1.45577e-007 0
UV: 0.190783 0.817399

Position: 1.1643 0.549696 2.4781
Normal: 1 8.5219e-008 0
UV: 0.190783 0.817399

Position: 1.1643 0.5491 2.6587
Normal: 1 -6.6415e-010 0
UV: 0.190783 0.817399

Position: 0.722378 0.363955 -2.16238
Normal: -0 -1 0
UV: 0.917188 0.391153

Position: 1.1643 0.363955 -2.5617
Normal: -0 -1 0
UV: 0.88241 0.359729

Position: 1.1643 0.363955 -2.16238
Normal: -0 -1 0
UV: 0.88241 0.391153

Position: 1.1643 0.363955 -2.16238
Normal: 1 -3.44836e-009 0
UV: 0.270637 0.370444

Position: 1.1643 0.555682 -2.16238
Normal: 1 1.19479e-007 1.92297e-007
UV: 0.270627 0.338406

Position: 1.1643 1.0976 -2.5617
Normal: 1 0 0
UV: 0.190782 0.817399

Position: 1.1643 1.3798 -2.5617
Normal: 1 0 0
UV: 0.190782 0.817399

Position: -0 0.363955 -2.66183
Normal: -0 0 -1
UV: 0.548601 0.370422

Position: -0 0.554255 -2.66183
Normal: -0 0 -1
UV: 0.548601 0.338627

Position: 1.1643 0.554255 -2.5617
Normal: -0 0 -1
UV: 0.0419461 0.37728

Position: 1.1643 0.769573 -2.5617
Normal: -0 0 -1
UV: 0.0419451 0.341304

Position: -0 0.554255 -2.5617
Normal: -0 1 0
UV: 0.263031 0.361053

Position: -0 0.554255 -2.66183
Normal: -0 1 0
UV: 0.263031 0.344323

Position: 1.1643 0.363955 -2.66183
Normal: -0 -1 0
UV: 0.88241 0.351848

Position: 1.1643 0.5491 2.6587
Normal: 0.000460161 -0.00121305 0.999999
UV: 0.367113 0.3708

Position: 1.1643 0.363955 2.6587
Normal: 0.000244659 -0.000584358 1
UV: 0.367095 0.339868

Position: 1.1643 1.0976 2.65948
Normal: 0.00110162 -0.00165475 0.999998
UV: 0.865209 0.665894

Position: 1.1643 0.363955 2.6587
Normal: -0 -1 0
UV: 0.88241 0.770562

Position: 1.1643 0.363955 2.47818
Normal: -0 -1 0
UV: 0.88241 0.756356

Position: -0 1.3798 -2.5617
Normal: 1.27439e-007 0 -1
UV: 0.236473 0.239351

Position: -0 0.549561 2.65927
Normal: 0.000811943 -0.00258815 0.999996
UV: 0.670708 0.757508

Position: -0 0.363955 -2.16238
Normal: -0 -1 0
UV: 0.974038 0.391153

Position: 1.1643 0.363955 -2.03738
Normal: 1 -1.39674e-008 0
UV: 0.190782 0.817399

Position: 1.1643 0.363955 -2.16238
Normal: 1 -3.44836e-009 0
UV: 0.190782 0.817399

Position: 1.1643 0.571147 -2.03663
Normal: 1 5.29941e-007 8.47087e-007
UV: 0.190782 0.817399

Position: 1.1643 0.363955 -1.11586
Normal: 1 2.06148e-007 -1.5386e-007
UV: 0.190782 0.817399

Position: 1.16429 0.571997 -1.20625
Normal: 1 1.31587e-007 -3.37411e-006
UV: 0.190782 0.817399

Position: 1.1643 0.363955 -1.20818
Normal: 1 4.0531e-007 -4.3918e-006
UV: 0.190782 0.817399

Position: 1.1643 0.363955 1.32381
Normal: 1 0 0
UV: 0.190783 0.817399

Position: 1.1643 0.490962 1.32712
Normal: 1 0 0
UV: 0.190783 0.817399

Position: 1.1643 0.572079 1.33106
Normal: 1 3.14889e-007 1.39941e-007
UV: 0.190783 0.817399

Position: 0.942738 0.754104 1.49217
Normal: 1 2.63519e-006 -8.66932e-007
UV: 0.644834 0.0348599

Position: 0.942738 0.82981 1.73941
Normal: 1 2.63519e-006 -8.66932e-007
UV: 0.646882 0.0324581

Position: 1.1643 0.571152 2.15415
Normal: 1 2.01495e-007 0
UV: 0.190783 0.817399

Position: 1.1643 0.363955 2.15999
Normal: 1 -1.55099e-007 0
UV: 0.190783 0.817399

Position: 1.1643 0.363955 2.47818
Normal: 1 -2.55705e-007 0
UV: 0.190783 0.817399

Position: 0.942738 0.571147 -2.03663
Normal: -0 -0.00362013 0.999994
UV: 0.644147 0.0260026

Position: 1.1643 0.571147 -2.03663
Normal: -0 -0.00362013 0.999994
UV: 0.652647 0.0260026

Position: 1.1643 0.363955 -2.03738
Normal: -0 -0.00362013 0.999994
UV: 0.652647 0.0278963

Position: 0.942738 0.363955 -2.03738
Normal: -0 -0.00362013 0.999994
UV: 0.644147 0.0278963

Position: 1.16429 0.747452 -1.86952
Normal: -0.00584051 -0.684057 0.729405
UV: 0.652647 0.0241268

Position: 0.942738 0.571147 -2.03663
Normal: -0.00584051 -0.684057 0.729405
UV: 0.644147 0.0260026

Position: 0.942738 0.747452 -1.87306
Normal: -0.00584051 -0.684057 0.729405
UV: 0.644147 0.0241268

Position: 1.1643 0.571147 -2.03663
Normal: -0.00584051 -0.684057 0.729405
UV: 0.652647 0.0260026

Position: 0.942738 0.828878 -1.61506
Normal: -0.00481938 -0.953625 0.30096
UV: 0.664408 0.0342974

Position: 1.16429 0.828878 -1.61151
Normal: -0.00481938 -0.953625 0.30096
UV: 0.672908 0.0342974

Position: 1.16429 0.747452 -1.86952
Normal: -0.00481938 -0.953625 0.30096
UV: 0.672908 0.0373102

Position: 0.942738 0.747452 -1.87306
Normal: -0.00481938 -0.953625 0.30096
UV: 0.664408 0.0373102

Position: 0.942738 0.746456 -1.36939
Normal: 0.00509331 -0.948054 -0.318069
UV: 0.664408 0.0308931

Position: 1.16429 0.746456 -1.36584
Normal: 0.00509331 -0.948054 -0.318069
UV: 0.672908 0.0308931

Position: 1.16429 0.828878 -1.61151
Normal: 0.00509331 -0.948054 -0.318069
UV: 0.672908 0.0342974

Position: 0.942738 0.828878 -1.61506
Normal: 0.00509331 -0.948054 -0.318069
UV: 0.664408 0.0342974

Position: 0.942738 0.571997 -1.20625
Normal: 0.00587797 -0.67899 -0.734125
UV: 0.664408 0.0297635

Position: 1.16429 0.571997 -1.20625
Normal: 0.00587797 -0.67899 -0.734125
UV: 0.672908 0.0297635

Position: 1.16429 0.746456 -1.36584
Normal: 0.00587797 -0.678989 -0.734124
UV: 0.672908 0.0308931

Position: 0.942738 0.746456 -1.36939
Normal: 0.00587797 -0.678989 -0.734125
UV: 0.664408 0.0308931

Position: 1.1643 0.363955 -1.20818
Normal: -0 0.00926282 -0.999957
UV: 0.712198 0.0369235

Position: 1.16429 0.571997 -1.20625
Normal: -0 0.00926282 -0.999957
UV: 0.636535 0.0278963

Position: 0.942738 0.363955 -1.20818
Normal: -0 0.00926282 -0.999957
UV: 0.712198 0.0369235

Position: 0.942738 0.571997 -1.20625
Normal: -0 0.00926282 -0.999957
UV: 0.636535 0.0254176

Position: 0.942738 0.490962 1.32712
Normal: -0 -0.0260356 0.999661
UV: 0.661767 0.0265319

Position: 1.1643 0.490962 1.32712
Normal: -0 -0.0260356 0.999661
UV: 0.670267 0.0265319

Position: 1.1643 0.363955 1.32381
Normal: -0 -0.0260356 0.999661
UV: 0.670267 0.0279529

Position: 0.942738 0.363955 1.32381
Normal: -0 -0.0260356 0.999661
UV: 0.661767 0.0279529

Position: 0.942738 0.363955 2.15999
Normal: -0 -0.0281944 -0.999602
UV: 0.652957 0.0239791

Position: 1.1643 0.363955 2.15999
Normal: -0 -0.0281944 -0.999602
UV: 0.661457 0.0239791

Position: 1.1643 0.571152 2.15415
Normal: -0 -0.0281944 -0.999602
UV: 0.661457 0.0258777

Position: 0.942738 0.571152 2.15415
Normal: -0 -0.0281944 -0.999602
UV: 0.652957 0.0258777

Position: 0.942738 0.572079 1.33106
Normal: -0 -0.0485323 0.998822
UV: 0.661767 0.024841

Position: 1.1643 0.572079 1.33106
Normal: -0 -0.0485323 0.998822
UV: 0.670267 0.024841

Position: 1.1643 0.490962 1.32712
Normal: -0 -0.0485323 0.998822
UV: 0.670267 0.0265319

Position: 0.942738 0.490962 1.32712
Normal: -0 -0.0485323 0.998822
UV: 0.661767 0.0265319

Position: 0.942738 0.571152 2.15415
Normal: -0 -0.664323 -0.747446
UV: 0.652957 0.0258777

Position: 1.1643 0.571152 2.15415
Normal: -0 -0.664323 -0.747446
UV: 0.661457 0.0258777

Position: 1.1643 0.74311 2.00131
Normal: -0 -0.664323 -0.747446
UV: 0.661457 0.0279529

Position: 0.942738 0.74311 2.00131
Normal: -0 -0.664323 -0.747446
UV: 0.652957 0.0279529

Position: 1.16429 0.754104 1.49217
Normal: -0 -0.662777 0.748817
UV: 0.670267 0.0232613

Position: 0.942738 0.572079 1.33106
Normal: -0 -0.662777 0.748817
UV: 0.661767 0.024841

Position: 0.942738 0.754104 1.49217
Normal: -0 -0.662777 0.748817
UV: 0.661767 0.0232613

Position: 1.1643 0.572079 1.33106
Normal: -0 -0.662777 0.748817
UV: 0.670267 0.024841

Position: 0.942738 0.82981 1.73941
Normal: -0 -0.956181 0.292777
UV: 0.670577 0.0273029

Position: 1.16429 0.82981 1.73941
Normal: -0 -0.956181 0.292777
UV: 0.679078 0.0273029

Position: 1.16429 0.754104 1.49217
Normal: -0 -0.956181 0.292777
UV: 0.679078 0.0297047

Position: 0.942738 0.754104 1.49217
Normal: -0 -0.956181 0.292777
UV: 0.670577 0.0297047

Position: 0.942738 0.74311 2.00131
Normal: -0 -0.949333 -0.314271
UV: 0.670577 0.0244386

Position: 1.1643 0.74311 2.00131
Normal: -0 -0.949333 -0.314271
UV: 0.679078 0.0244386

Position: 1.16429 0.82981 1.73941
Normal: -0 -0.949333 -0.314271
UV: 0.679078 0.0273029

Position: 0.942738 0.82981 1.73941
Normal: -0 -0.949333 -0.314271
UV: 0.670577 0.0273029

Position: 0.722378 0.363955 2.5467
Normal: -0 -1 0
UV: 0.144515 0.0672764

Position: 1.1643 0.363955 2.47818
Normal: -0 -1 0
UV: 0.151837 0.0684116

Position: 0.942738 0.363955 2.15999
Normal: -0 -1 0
UV: 0.148166 0.073462

Position: 1.1643 0.363955 2.15999
Normal: -0 -1 0
UV: 0.151837 0.073462

Position: -0 0.363955 2.6587
Normal: -0 -1 0
UV: 0.132517 0.0654206

Position: 0.942738 0.363955 -1.20818
Normal: -0 -1 0
UV: 0.148166 0.129553

Position: 0.942738 0.363955 1.32381
Normal: -0 -1 0
UV: 0.148166 0.0873175

Position: 1.1643 0.363955 1.32381
Normal: -0 -1 0
UV: 0.151837 0.0873175

Position: 1.1643 0.363955 -1.20818
Normal: -0 -1 0
UV: 0.151837 0.129553

Position: 1.1643 0.363955 -2.16238
Normal: -0 -1 0
UV: 0.151837 0.145305

Position: 0.942738 0.363955 -2.03738
Normal: -0 -1 0
UV: 0.148166 0.143293

Position: 1.1643 0.363955 -2.03738
Normal: -0 -1 0
UV: 0.151837 0.143293

Position: 0.722378 0.363955 -2.16238
Normal: -0 -1 0
UV: 0.144515 0.145305

Position: -0 0.363955 -2.16238
Normal: -0 -1 0
UV: 0.132517 0.145305

Position: 1.16429 0.746456 -1.36584
Normal: 1 -8.15917e-007 -4.02814e-007
UV: 0.190782 0.817399

Position: 1.16429 0.828878 -1.61151
Normal: 1 -2.07883e-006 8.16191e-007
UV: 0.190782 0.817399

Position: 1.16429 0.747452 -1.86952
Normal: 1 -2.10747e-006 1.09061e-006
UV: 0.190782 0.817399

Position: 1.1643 1.22407 0.361393
Normal: 1 1.69743e-007 1.44788e-007
UV: 0.443805 0.0489972

Position: 1.16429 0.754104 1.49217
Normal: 1 1.69743e-007 1.44788e-007
UV: 0.629135 0.911729

Position: 1.16429 0.82981 1.73941
Normal: 1 -5.21176e-007 -2.12279e-007
UV: 0.662558 0.895931

Position: 1.1643 1.4609 0.361233
Normal: 1 1.1576e-007 7.49178e-008
UV: 0.476253 0.764235

Position: -1.52156 1.50878 -1.09502
Normal: -0 0.938583 -0.345053
UV: 0.735139 0.24763

Position: -1.19744 1.55432 -0.971153
Normal: -0 0.938583 -0.345053
UV: 0.735139 0.24763

Position: -1.5797 1.55432 -0.971153
Normal: -0 0.938583 -0.345053
UV: 0.735139 0.24763

Position: -1.25558 1.50878 -1.09502
Normal: -0 0.938583 -0.345053
UV: 0.735139 0.24763

Position: -1.25558 1.30044 -1.09502
Normal: -0 0 -1
UV: 0.229778 0.738259

Position: -1.52156 1.50878 -1.09502
Normal: -0 0 -1
UV: 0.263821 0.711594

Position: -1.52156 1.30044 -1.09502
Normal: -0 0 -1
UV: 0.263821 0.738259

Position: -1.25558 1.50878 -1.09502
Normal: -0 0 -1
UV: 0.229778 0.711594

Position: -1.5797 1.25491 -0.971153
Normal: -0 -0.938584 -0.345051
UV: 0.696893 0.0370995

Position: -1.19744 1.25491 -0.971153
Normal: -0 -0.938584 -0.345051
UV: 0.660386 0.0370995

Position: -1.52156 1.30044 -1.09502
Normal: -0 -0.938584 -0.345051
UV: 0.69134 0.024496

Position: -1.25558 1.30044 -1.09502
Normal: -0 -0.938584 -0.345051
UV: 0.665938 0.024496

Position: -1.19744 1.55432 -0.971153
Normal: -0 0 1
UV: 0.549489 0.340527

Position: -1.5797 1.25491 -0.971153
Normal: -0 0 1
UV: 0.512522 0.369482

Position: -1.5797 1.55432 -0.971153
Normal: -0 0 1
UV: 0.512522 0.340527

Position: -1.19744 1.25491 -0.971153
Normal: -0 0 1
UV: 0.549489 0.369482

Position: -1.25558 1.50878 -1.09502
Normal: 0.905248 0 -0.424883
UV: 0.183461 0.726822

Position: -1.19744 1.25491 -0.971153
Normal: 0.905248 0 -0.424883
UV: 0.215954 0.744336

Position: -1.19744 1.55432 -0.971153
Normal: 0.905248 0 -0.424883
UV: 0.177632 0.744336

Position: -1.25558 1.30044 -1.09502
Normal: 0.905248 0 -0.424883
UV: 0.210125 0.726822

Position: -1.52156 1.30044 -1.09502
Normal: -0.905247 0 -0.424886
UV: 0.209493 0.718961

Position: -1.52156 1.50878 -1.09502
Normal: -0.905247 0 -0.424886
UV: 0.236158 0.71896

Position: -1.5797 1.25491 -0.971153
Normal: -0.905247 0 -0.424886
UV: 0.203664 0.736474

Position: -1.5797 1.55432 -0.971153
Normal: -0.905247 0 -0.424886
UV: 0.241986 0.736474

Position: -1.1643 0.363955 -2.66183
Normal: -0 0 -1
UV: 0.354077 0.370422

Position: -0.722378 0.363955 -2.66183
Normal: -0 0 -1
UV: 0.427908 0.370422

Position: -0.722378 0.554255 -2.66183
Normal: -0 0 -1
UV: 0.427908 0.338627

Position: -1.1643 0.554255 -2.66183
Normal: -0 0 -1
UV: 0.354073 0.338627

Position: -1.1643 2.3693 0.175271
Normal: -1 1.29506e-008 0
UV: 0.0439042 0.0390904

Position: -1.1643 1.4609 0.167261
Normal: -1 2.03027e-007 8.77853e-008
UV: 0.0452426 0.190862

Position: -1.1643 2.3693 -0.88724
Normal: -1 2.82388e-008 0
UV: 0.221426 0.0390904

Position: -1.1643 1.4609 -0.967024
Normal: -1 6.81619e-009 0
UV: 0.234757 0.190862

Position: -1.05283 1.4827 -1.11233
Normal: -0.00136963 0.0907605 -0.995872
UV: 0.0523975 0.191702

Position: 1.05283 1.4827 -1.11233
Normal: 0.00136965 0.0907605 -0.995872
UV: 0.0523975 0.191702

Position: 1.05283 2.42498 -1.02303
Normal: 0.00135989 0.0968022 -0.995303
UV: 0.0523975 0.0335637

Position: -1.05283 2.42498 -1.02303
Normal: -0.00135986 0.0968022 -0.995303
UV: 0.0523975 0.0335637

Position: 1.1643 1.3798 -2.16238
Normal: -0 1 0
UV: 0.720295 0.435101

Position: -1.1643 1.3798 -2.16238
Normal: -0 1 0
UV: 0.720295 0.435101

Position: -0 1.3798 -2.5617
Normal: -0 1 0
UV: 0.725855 0.418891

Position: -0.942738 0.363955 -2.03738
Normal: -1 0 0
UV: 0.647271 0.0373102

Position: -0.942738 0.571147 -2.03663
Normal: -1 1.21082e-006 2.50872e-007
UV: 0.653765 0.0373018

Position: -0.942738 0.363955 -1.20818
Normal: -1 1.31445e-006 3.35984e-007
UV: 0.647271 0.0280333

Position: -0.942738 0.747452 -1.87306
Normal: -1 2.12222e-006 3.22694e-007
UV: 0.660198 0.0355583

Position: -0.942738 0.828878 -1.61506
Normal: -1 8.64705e-007 -1.62485e-007
UV: 0.664029 0.0325456

Position: -0.942738 0.746456 -1.36939
Normal: -1 1.5169e-006 6.06181e-007
UV: 0.660812 0.0291413

Position: -0.942738 0.571997 -1.20625
Normal: -1 2.11947e-006 2.42714e-006
UV: 0.655222 0.0280117

Position: -1.1643 1.3798 -1.11941
Normal: -0.00721038 0.077775 -0.996945
UV: 0.735139 0.24763

Position: -1.05283 1.4827 -1.11233
Normal: -0.00136963 0.0907605 -0.995872
UV: 0.735139 0.24763

Position: -1.1643 2.5199 -1.01221
Normal: -0.0080301 0.105465 -0.994391
UV: 0.735139 0.24763

Position: -1.05283 2.42498 -1.02303
Normal: -0.00135986 0.0968022 -0.995303
UV: 0.735139 0.24763

Position: -1.1643 1.3798 -1.11941
Normal: -1 -9.03248e-008 3.78908e-009
UV: 0.190782 0.817399

Position: -1.1643 2.3693 -0.88724
Normal: -1 2.82388e-008 0
UV: 0.190782 0.817399

Position: -1.1643 1.4609 -0.967024
Normal: -1 6.81619e-009 0
UV: 0.190782 0.817399

Position: -1.1643 2.5199 -1.01221
Normal: -1 5.40579e-008 0
UV: 0.190782 0.817399

Position: -1.1643 1.4609 0.167261
Normal: -1 2.03027e-007 8.77853e-008
UV: 0.190783 0.817399

Position: -1.1643 2.3693 0.175271
Normal: -1 1.29506e-008 0
UV: 0.190783 0.817399

Position: -1.1643 1.4609 0.361233
Normal: -1 1.09203e-007 7.49178e-008
UV: 0.190783 0.817399

Position: -1.1643 2.3693 0.353912
Normal: -1 -9.04281e-008 0
UV: 0.190783 0.817399

Position: -1.1643 1.46102 2.45972
Normal: -1 -8.07769e-008 0
UV: 0.0201353 0.192307

Position: -1.1643 1.4609 0.361233
Normal: -1 1.09203e-007 7.49178e-008
UV: 0.370733 0.18973

Position: -1.1643 2.38214 2.16911
Normal: -1 2.81989e-008 0
UV: 0.0675491 0.0380538

Position: -1.1643 2.3693 0.353912
Normal: -1 -9.04281e-008 0
UV: 0.370835 0.0379533

Position: -1.1643 1.0976 -2.16238
Normal: -1 0 0
UV: 0.190782 0.817399

Position: -1.1643 1.3798 -2.16238
Normal: -1 0 0
UV: 0.190782 0.817399

Position: -0.722378 0.769573 -2.5617
Normal: -1.77147e-007 0 -1
UV: 0.115779 0.341303

Position: -0.722378 0.554255 -2.5617
Normal: -0 0 -1
UV: 0.115781 0.37728

Position: -1.1643 0.363955 -2.66183
Normal: -1 0 0
UV: 0.354077 0.370422

Position: -1.1643 0.554255 -2.66183
Normal: -1 0 0
UV: 0.354073 0.338627

Position: -1.1643 0.363955 -2.5617
Normal: -1 0 0
UV: 0.33735 0.370426

Position: -1.1643 0.554255 -2.5617
Normal: -1 0 0
UV: 0.337341 0.33863

Position: -1.1643 0.554255 -2.66183
Normal: -0 1 0
UV: 0.457559 0.344323

Position: -0.722378 0.554255 -2.66183
Normal: -0 1 0
UV: 0.383724 0.344323

Position: -1.1643 0.554255 -2.5617
Normal: -0 1 0
UV: 0.457559 0.361053

Position: -0.722378 0.554255 -2.5617
Normal: -0 1 0
UV: 0.383724 0.361053

Position: -0.722378 0.363955 -2.5617
Normal: -0 -1 0
UV: 0.917188 0.359729

Position: -0.722378 0.363955 -2.66183
Normal: -0 -1 0
UV: 0.917188 0.351849

Position: -1.1643 2.5199 2.2684
Normal: -0 1 0
UV: 0.0518994 0.456732

Position: -1.1643 2.5199 -1.01221
Normal: -0 1 0
UV: 0.600014 0.456732

Position: 1.1643 2.5199 2.2684
Normal: -0 1 0
UV: 0.0518994 0.456732

Position: 1.1643 2.5199 -1.01221
Normal: -0 1 0
UV: 0.600014 0.456732

Position: -0.942738 0.363955 2.15999
Normal: -1 0 0
UV: 0.628746 0.0279551

Position: -0.942738 0.490962 1.32712
Normal: -1 0 0
UV: 0.633619 0.0372732

Position: -0.942738 0.571152 2.15415
Normal: -1 0 0
UV: 0.635257 0.0280205

Position: -0.942738 0.363955 1.32381
Normal: -1 0 0
UV: 0.628746 0.0373102

Position: -0 0.363955 2.6587
Normal: -0.000246191 -0.00212755 0.999998
UV: 0.561628 0.339781

Position: -0.722378 0.549275 2.65891
Normal: -0.000393795 -0.00169418 0.999999
UV: 0.440946 0.370782

Position: -0 0.549561 2.65927
Normal: -0.00081182 -0.00258815 0.999996
UV: 0.56164 0.370784

Position: -0.722378 0.363955 2.6587
Normal: -0.00024563 -0.00154227 0.999999
UV: 0.440933 0.339818

Position: -1.03412 2.39243 2.31239
Normal: -0.000129407 0.325013 0.94571
UV: 0.227001 0.0347635

Position: 1.03412 2.39243 2.31239
Normal: 0.000129355 0.325013 0.94571
UV: 0.227001 0.0347635

Position: 1.03412 1.50727 2.61633
Normal: 0.000241663 0.324853 0.945764
UV: 0.227018 0.19113

Position: -1.03412 1.50727 2.61633
Normal: -0.000241728 0.324853 0.945764
UV: 0.227018 0.19113

Position: -0 1.38108 2.66183
Normal: -0.00111607 -0.00271329 0.999996
UV: 0.670671 0.618592

Position: -0.722378 1.0976 2.66004
Normal: -0.00120649 -0.00241015 0.999996
UV: 0.791376 0.665922

Position: -1.1643 1.3798 2.65989
Normal: -0.00150628 -0.00180815 0.999997
UV: 0.865192 0.618745

Position: -1.1643 2.5199 2.2684
Normal: -1 7.75843e-007 0
UV: 0.190783 0.817399

Position: -1.1643 2.38214 2.16911
Normal: -1 2.81989e-008 0
UV: 0.190783 0.817399

Position: -1.1643 1.46102 2.45972
Normal: -1 -8.07769e-008 0
UV: 0.190782 0.817399

Position: -1.1643 1.3798 2.65989
Normal: -1 4.82885e-008 0
UV: 0.190783 0.817399

Position: -1.1643 0.5491 2.6587
Normal: -1 -2.54926e-008 0
UV: 0.367113 0.3708

Position: -1.1643 0.363955 2.47818
Normal: -1 -1.1084e-007 0
UV: 0.336942 0.3399

Position: -1.1643 0.549696 2.4781
Normal: -1 1.23761e-007 0
UV: 0.336939 0.370918

Position: -1.1643 0.363955 2.6587
Normal: -1 -3.19444e-007 0
UV: 0.367095 0.339868

Position: -1.1643 1.0976 2.46705
Normal: -1 -4.56783e-008 -1.34157e-007
UV: 0.190783 0.817399

Position: -1.16429 0.82981 1.73941
Normal: -1 -6.2437e-007 -2.12279e-007
UV: 0.190783 0.817399

Position: -1.1643 1.0976 2.65948
Normal: -1 -2.97301e-008 0
UV: 0.190783 0.817399

Position: -1.1643 1.32888 0.361393
Normal: -1 1.09203e-007 7.49178e-008
UV: 0.443805 0.0489972

Position: -1.1643 1.22407 -0.0118198
Normal: -1 2.04788e-007 -1.5386e-007
UV: 0.443805 0.0489972

Position: -1.1643 1.32888 -0.0118198
Normal: -1 6.81619e-009 0
UV: 0.443805 0.0489972

Position: -0.722378 0.363955 2.5467
Normal: -0 -1 0
UV: 0.917188 0.761747

Position: -0.722378 0.363955 2.6587
Normal: -0 -1 0
UV: 0.917188 0.770562

Position: -0 1.38108 2.66183
Normal: -2.65296e-009 0.338476 0.940975
UV: 0.735139 0.24763

Position: -1.03412 1.50727 2.61633
Normal: -0.000241728 0.324853 0.945764
UV: 0.735139 0.24763

Position: -1.1643 1.3798 2.65989
Normal: -0.00171763 0.324881 0.945753
UV: 0.735139 0.24763

Position: -1.1643 2.5199 2.2684
Normal: -0.000493018 0.325766 0.94545
UV: 0.735139 0.24763

Position: -1.03412 2.39243 2.31239
Normal: -0.000129407 0.325013 0.94571
UV: 0.735139 0.24763

Position: -1.1643 0.769573 -2.16238
Normal: -1 -2.2241e-007 2.53727e-007
UV: 0.959194 0.304103

Position: -1.1643 1.0976 -2.5617
Normal: -1 0 0
UV: 0.904419 0.237368

Position: -1.1643 1.0976 -2.16238
Normal: -1 0 0
UV: 0.90439 0.304086

Position: -1.1643 0.769573 -2.5617
Normal: -1 0 0
UV: 0.959228 0.237386

Position: -1.1643 1.0976 -2.5617
Normal: -0 0 -1
UV: 0.0419451 0.286494

Position: -0.722378 1.0976 -2.5617
Normal: -1.615e-007 0 -1
UV: 0.115779 0.286492

Position: -1.1643 1.3798 -2.5617
Normal: -0 0 -1
UV: 0.0419451 0.239339

Position: -0.722378 1.0976 2.66004
Normal: -0.00120649 -0.00241015 0.999996
UV: 0.968901 0.169602

Position: -1.1643 0.769573 2.65901
Normal: -0.000874313 -0.00174678 0.999998
UV: 0.91422 0.277182

Position: -1.1643 1.0976 2.65948
Normal: -0.00110172 -0.00165475 0.999998
UV: 0.969013 0.277056

Position: -0.722378 0.769573 2.65936
Normal: -0.000951548 -0.0024183 0.999997
UV: 0.914091 0.169727

Position: -1.1643 0.74311 2.00131
Normal: -1 5.84276e-007 -4.98272e-007
UV: 0.190783 0.817399

Position: -1.1643 0.769573 2.47367
Normal: -1 3.84581e-007 -2.64838e-007
UV: 0.190783 0.817399

Position: -1.1643 1.0976 2.65948
Normal: -1 -2.97301e-008 0
UV: 0.908127 0.11088

Position: -1.1643 0.769573 2.47367
Normal: -1 3.84581e-007 -2.64838e-007
UV: 0.962899 0.0656844

Position: -1.1643 1.0976 2.46705
Normal: -1 -4.56783e-008 -1.34157e-007
UV: 0.908122 0.0640898

Position: -1.1643 0.769573 2.65901
Normal: -1 4.99754e-008 0
UV: 0.96292 0.110754

Position: -0.722378 1.0976 -2.5617
Normal: -1.615e-007 0 -1
UV: 0.904439 0.163535

Position: -1.1643 0.769573 -2.5617
Normal: -0 0 -1
UV: 0.959228 0.237386

Position: -0.722378 0.769573 -2.5617
Normal: -1.77147e-007 0 -1
UV: 0.95925 0.163552

Position: -1.1643 1.0976 -2.5617
Normal: -0 0 -1
UV: 0.904419 0.237368

Position: -1.1643 0.555682 -2.16238
Normal: -1 1.81708e-007 1.92297e-007
UV: 0.190782 0.817399

Position: -1.1643 0.769573 -2.5617
Normal: -1 0 0
UV: 0.190782 0.817399

Position: -1.1643 0.769573 -2.16238
Normal: -1 -2.2241e-007 2.53727e-007
UV: 0.190782 0.817399

Position: -1.1643 0.554255 -2.5617
Normal: -1 0 0
UV: 0.190782 0.817399

Position: -0.722378 0.549275 2.65891
Normal: -0.000393795 -0.00169418 0.999999
UV: 0.791402 0.757544

Position: -1.1643 0.769573 2.65901
Normal: -0.000874313 -0.00174678 0.999998
UV: 0.865227 0.720705

Position: -0.722378 0.769573 2.65936
Normal: -0.000951548 -0.0024183 0.999997
UV: 0.791393 0.720732

Position: -1.1643 0.5491 2.6587
Normal: -0.000460185 -0.00121305 0.999999
UV: 0.865236 0.75755

Position: -0.942738 0.74311 2.00131
Normal: -1 4.04512e-007 -1.33077e-007
UV: 0.642373 0.0295938

Position: -0.942738 0.572079 1.33106
Normal: -1 4.5379e-007 -1.49289e-007
UV: 0.639417 0.0372291

Position: -1.1643 0.769573 2.65901
Normal: -1 4.99754e-008 0
UV: 0.190783 0.817399

Position: -1.1643 0.549696 2.4781
Normal: -1 1.23761e-007 0
UV: 0.190783 0.817399

Position: -1.1643 0.5491 2.6587
Normal: -1 -2.54926e-008 0
UV: 0.190783 0.817399

Position: -0.722378 0.363955 -2.16238
Normal: -0 -1 0
UV: 0.917188 0.391153

Position: -1.1643 0.363955 -2.5617
Normal: -0 -1 0
UV: 0.88241 0.359729

Position: -1.1643 0.363955 -2.16238
Normal: -0 -1 0
UV: 0.88241 0.391153

Position: 1.1643 1.3798 -1.11941
Normal: -0 1 0
UV: 0.705774 0.435101

Position: -1.1643 1.3798 -1.11941
Normal: -0 1 0
UV: 0.705774 0.435101

Position: -1.1643 0.363955 -2.16238
Normal: -1 0 0
UV: 0.270637 0.370444

Position: -1.1643 0.555682 -2.16238
Normal: -1 1.81708e-007 1.92297e-007
UV: 0.270627 0.338406

Position: -1.1643 1.0976 -2.5617
Normal: -1 0 0
UV: 0.190782 0.817399

Position: -1.1643 1.3798 -2.5617
Normal: -1 0 0
UV: 0.190782 0.817399

Position: -1.1643 0.769573 -2.5617
Normal: -0 0 -1
UV: 0.0419451 0.341304

Position: -1.1643 0.554255 -2.5617
Normal: -0 0 -1
UV: 0.0419461 0.37728

Position: -1.1643 0.363955 -2.66183
Normal: -0 -1 0
UV: 0.88241 0.351848

Position: -1.1643 0.5491 2.6587
Normal: -0.000460185 -0.00121305 0.999999
UV: 0.367113 0.3708

Position: -1.1643 0.363955 2.6587
Normal: -0.00024471 -0.000584358 1
UV: 0.367095 0.339868

Position: -1.1643 1.0976 2.65948
Normal: -0.00110172 -0.00165475 0.999998
UV: 0.865209 0.665894

Position: -1.1643 0.363955 2.6587
Normal: -0 -1 0
UV: 0.88241 0.770562

Position: -1.1643 0.363955 2.47818
Normal: -0 -1 0
UV: 0.88241 0.756356

Position: -0 0.549561 2.65927
Normal: -0.00081182 -0.00258815 0.999996
UV: 0.670708 0.757508

Position: -1.1643 0.363955 -2.03738
Normal: -1 0 0
UV: 0.190782 0.817399

Position: -1.1643 0.571147 -2.03663
Normal: -1 8.00439e-007 8.47087e-007
UV: 0.190782 0.817399

Position: -1.1643 0.363955 -2.16238
Normal: -1 0 0
UV: 0.190782 0.817399

Position: -1.1643 0.363955 -1.20818
Normal: -1 3.79978e-007 -4.3918e-006
UV: 0.190782 0.817399

Position: -1.16429 0.571997 -1.20625
Normal: -1 1.68209e-007 -3.37411e-006
UV: 0.190782 0.817399

Position: -1.1643 0.363955 -1.11586
Normal: -1 2.04788e-007 -1.5386e-007
UV: 0.190782 0.817399

Position: -1.1643 0.490962 1.32712
Normal: -1 0 0
UV: 0.190783 0.817399

Position: -1.1643 0.363955 1.32381
Normal: -1 0 0
UV: 0.190783 0.817399

Position: -1.1643 0.572079 1.33106
Normal: -1 3.14889e-007 1.39941e-007
UV: 0.190783 0.817399

Position: -0.942738 0.754104 1.49217
Normal: -1 2.63519e-006 -8.66932e-007
UV: 0.644834 0.0348599

Position: -0.942738 0.82981 1.73941
Normal: -1 2.63519e-006 -8.66932e-007
UV: 0.646882 0.0324581

Position: -1.1643 0.571152 2.15415
Normal: -1 2.53446e-007 0
UV: 0.190783 0.817399

Position: -1.1643 0.363955 2.47818
Normal: -1 -1.1084e-007 0
UV: 0.190783 0.817399

Position: -1.1643 0.363955 2.15999
Normal: -1 0 0
UV: 0.190783 0.817399

Position: -0.942738 0.571147 -2.03663
Normal: -0 -0.00362013 0.999994
UV: 0.644147 0.0260026

Position: -1.1643 0.363955 -2.03738
Normal: -0 -0.00362013 0.999994
UV: 0.652647 0.0278963

Position: -1.1643 0.571147 -2.03663
Normal: -0 -0.00362013 0.999994
UV: 0.652647 0.0260026

Position: -0.942738 0.363955 -2.03738
Normal: -0 -0.00362013 0.999994
UV: 0.644147 0.0278963

Position: -1.16429 0.747452 -1.86952
Normal: 0.00584051 -0.684057 0.729405
UV: 0.652647 0.0241268

Position: -0.942738 0.571147 -2.03663
Normal: 0.00584051 -0.684057 0.729405
UV: 0.644147 0.0260026

Position: -1.1643 0.571147 -2.03663
Normal: 0.00584051 -0.684057 0.729405
UV: 0.652647 0.0260026

Position: -0.942738 0.747452 -1.87306
Normal: 0.00584051 -0.684057 0.729405
UV: 0.644147 0.0241268

Position: -0.942738 0.828878 -1.61506
Normal: 0.00481938 -0.953625 0.30096
UV: 0.664408 0.0342974

Position: -1.16429 0.747452 -1.86952
Normal: 0.00481938 -0.953625 0.30096
UV: 0.672908 0.0373102

Position: -1.16429 0.828878 -1.61151
Normal: 0.00481938 -0.953625 0.30096
UV: 0.672908 0.0342974

Position: -0.942738 0.747452 -1.87306
Normal: 0.00481938 -0.953625 0.30096
UV: 0.664408 0.0373102

Position: -0.942738 0.746456 -1.36939
Normal: -0.00509331 -0.948054 -0.318069
UV: 0.664408 0.0308931

Position: -1.16429 0.828878 -1.61151
Normal: -0.00509331 -0.948054 -0.318069
UV: 0.672908 0.0342974

Position: -1.16429 0.746456 -1.36584
Normal: -0.00509331 -0.948054 -0.318069
UV: 0.672908 0.0308931

Position: -0.942738 0.828878 -1.61506
Normal: -0.00509331 -0.948054 -0.318069
UV: 0.664408 0.0342974

Position: -0.942738 0.571997 -1.20625
Normal: -0.00587797 -0.67899 -0.734125
UV: 0.664408 0.0297635

Position: -1.16429 0.746456 -1.36584
Normal: -0.00587797 -0.678989 -0.734124
UV: 0.672908 0.0308931

Position: -1.16429 0.571997 -1.20625
Normal: -0.00587797 -0.67899 -0.734125
UV: 0.672908 0.0297635

Position: -0.942738 0.746456 -1.36939
Normal: -0.00587797 -0.678989 -0.734125
UV: 0.664408 0.0308931

Position: -1.1643 0.363955 -1.20818
Normal: -0 0.00926282 -0.999957
UV: 0.712198 0.0369235

Position: -0.942738 0.363955 -1.20818
Normal: -0 0.00926282 -0.999957
UV: 0.712198 0.0369235

Position: -1.16429 0.571997 -1.20625
Normal: -0 0.00926282 -0.999957
UV: 0.636535 0.0278963

Position: -0.942738 0.571997 -1.20625
Normal: -0 0.00926282 -0.999957
UV: 0.636535 0.0254176

Position: -0.942738 0.490962 1.32712
Normal: -0 -0.0260356 0.999661
UV: 0.661767 0.0265319

Position: -1.1643 0.363955 1.32381
Normal: -0 -0.0260356 0.999661
UV: 0.670267 0.0279529

Position: -1.1643 0.490962 1.32712
Normal: -0 -0.0260356 0.999661
UV: 0.670267 0.0265319

Position: -0.942738 0.363955 1.32381
Normal: -0 -0.0260356 0.999661
UV: 0.661767 0.0279529

Position: -0.942738 0.363955 2.15999
Normal: -0 -0.0281944 -0.999602
UV: 0.652957 0.0239791

Position: -1.1643 0.571152 2.15415
Normal: -0 -0.0281944 -0.999602
UV: 0.661457 0.0258777

Position: -1.1643 0.363955 2.15999
Normal: -0 -0.0281944 -0.999602
UV: 0.661457 0.0239791

Position: -0.942738 0.571152 2.15415
Normal: -0 -0.0281944 -0.999602
UV: 0.652957 0.0258777

Position: -0.942738 0.572079 1.33106
Normal: -0 -0.0485323 0.998822
UV: 0.661767 0.024841

Position: -1.1643 0.490962 1.32712
Normal: -0 -0.0485323 0.998822
UV: 0.670267 0.0265319

Position: -1.1643 0.572079 1.33106
Normal: -0 -0.0485323 0.998822
UV: 0.670267 0.024841

Position: -0.942738 0.490962 1.32712
Normal: -0 -0.0485323 0.998822
UV: 0.661767 0.0265319

Position: -0.942738 0.571152 2.15415
Normal: -0 -0.664323 -0.747446
UV: 0.652957 0.0258777

Position: -1.1643 0.74311 2.00131
Normal: -0 -0.664323 -0.747446
UV: 0.661457 0.0279529

Position: -1.1643 0.571152 2.15415
Normal: -0 -0.664323 -0.747446
UV: 0.661457 0.0258777

Position: -0.942738 0.74311 2.00131
Normal: -0 -0.664323 -0.747446
UV: 0.652957 0.0279529

Position: -1.16429 0.754104 1.49217
Normal: -0 -0.662777 0.748817
UV: 0.670267 0.0232613

Position: -0.942738 0.572079 1.33106
Normal: -0 -0.662777 0.748817
UV: 0.661767 0.024841

Position: -1.1643 0.572079 1.33106
Normal: -0 -0.662777 0.748817
UV: 0.670267 0.024841

Position: -0.942738 0.754104 1.49217
Normal: -0 -0.662777 0.748817
UV: 0.661767 0.0232613

Position: -0.942738 0.82981 1.73941
Normal: -0 -0.956181 0.292777
UV: 0.670577 0.0273029

Position: -1.16429 0.754104 1.49217
Normal: -0 -0.956181 0.292777
UV: 0.679078 0.0297047

Position: -1.16429 0.82981 1.73941
Normal: -0 -0.956181 0.292777
UV: 0.679078 0.0273029

Position: -0.942738 0.754104 1.49217
Normal: -0 -0.956181 0.292777
UV: 0.670577 0.0297047

Position: -0.942738 0.74311 2.00131
Normal: -0 -0.949333 -0.314271
UV: 0.670577 0.0244386

Position: -1.16429 0.82981 1.73941
Normal: -0 -0.949333 -0.314271
UV: 0.679078 0.0273029

Position: -1.1643 0.74311 2.00131
Normal: -0 -0.949333 -0.314271
UV: 0.679078 0.0244386

Position: -0.942738 0.82981 1.73941
Normal: -0 -0.949333 -0.314271
UV: 0.670577 0.0273029

Position: -1.1643 0.363955 2.47818
Normal: -0 -1 0
UV: 0.151837 0.0684116

Position: -0.722378 0.363955 2.5467
Normal: -0 -1 0
UV: 0.144515 0.0672764

Position: -0.942738 0.363955 2.15999
Normal: -0 -1 0
UV: 0.148166 0.073462

Position: -1.1643 0.363955 2.15999
Normal: -0 -1 0
UV: 0.151837 0.073462

Position: -0.942738 0.363955 1.32381
Normal: -0 -1 0
UV: 0.148166 0.0873175

Position: -0.942738 0.363955 -1.20818
Normal: -0 -1 0
UV: 0.148166 0.129553

Position: -1.1643 0.363955 1.32381
Normal: -0 -1 0
UV: 0.151837 0.0873175

Position: -1.1643 0.363955 -1.20818
Normal: -0 -1 0
UV: 0.151837 0.129553

Position: -1.1643 0.363955 -2.16238
Normal: -0 -1 0
UV: 0.151837 0.145305

Position: -0.942738 0.363955 -2.03738
Normal: -0 -1 0
UV: 0.148166 0.143293

Position: -0.722378 0.363955 -2.16238
Normal: -0 -1 0
UV: 0.144515 0.145305

Position: -1.1643 0.363955 -2.03738
Normal: -0 -1 0
UV: 0.151837 0.143293

Position: -1.16429 0.746456 -1.36584
Normal: -1 -8.78239e-007 -4.02814e-007
UV: 0.190782 0.817399

Position: -1.16429 0.828878 -1.61151
Normal: -1 -2.14853e-006 8.16192e-007
UV: 0.190782 0.817399

Position: -1.16429 0.747452 -1.86952
Normal: -1 -2.07846e-006 1.09061e-006
UV: 0.190782 0.817399

Position: -1.1643 1.22407 0.361393
Normal: -1 3.14889e-007 1.39941e-007
UV: 0.443805 0.0489972

Position: -1.16429 0.754104 1.49217
Normal: -1 1.69743e-007 1.44788e-007
UV: 0.230899 0.905874

Position: -1.1643 1.4609 0.361233
Normal: -1 1.09203e-007 7.49178e-008
UV: 0.383781 0.75838

Position: -1.16429 0.82981 1.73941
Normal: -1 -6.2437e-007 -2.12279e-007
UV: 0.197476 0.890076

Position: -1.1643 1.3798 -2.5617
Normal: -0 1 0
UV: 0.725855 0.435101

Position: 1.1643 1.3798 -2.5617
Normal: -0 1 0
UV: 0.725855 0.435101

Position: 1.1643 1.32888 0.361393
Normal: 1 1.1576e-007 7.49178e-008
UV: 0.190783 0.817399

Position: 1.1643 1.32888 -0.0118198
Normal: 1 -8.64335e-008 3.78907e-009
UV: 0.190782 0.817399

Position: 1.1643 0.363955 -1.11586
Normal: 1 2.06148e-007 -1.5386e-007
UV: 0.276577 0.993144

Position: 1.1643 1.22407 -0.0118198
Normal: 1 2.06148e-007 -1.5386e-007
UV: 0.425823 0.813658

Position: 1.1643 1.3798 -1.11941
Normal: 1 -8.64335e-008 3.78907e-009
UV: 0.276097 0.78116

Position: 1.1643 1.32888 -0.0118198
Normal: 1 -8.64335e-008 3.78907e-009
UV: 0.425823 0.791785

Position: 1.1643 0.572079 1.33106
Normal: 1 3.14889e-007 1.39941e-007
UV: 0.607355 0.949713

Position: 1.1643 1.22407 0.361393
Normal: 1 1.69743e-007 1.44788e-007
UV: 0.476275 0.813658

Position: 1.1643 1.32888 0.361393
Normal: 1 1.1576e-007 7.49178e-008
UV: 0.476275 0.791785

Position: -1.1643 1.22407 -0.0118198
Normal: -1 2.04788e-007 -1.5386e-007
UV: 0.434211 0.807803

Position: -1.1643 1.3798 -1.11941
Normal: -1 -9.03248e-008 3.78908e-009
UV: 0.583937 0.775305

Position: -1.1643 1.32888 -0.0118198
Normal: -1 6.81619e-009 0
UV: 0.434211 0.78593

Position: -1.1643 0.363955 -1.11586
Normal: -1 2.04788e-007 -1.5386e-007
UV: 0.583457 0.987289

Position: -1.1643 1.32888 -0.0118198
Normal: -1 6.81619e-009 0
UV: 0.190782 0.817399

Position: -1.1643 1.32888 0.361393
Normal: -1 1.09203e-007 7.49178e-008
UV: 0.190783 0.817399

Position: -1.1643 1.32888 0.361393
Normal: -1 1.09203e-007 7.49178e-008
UV: 0.383759 0.78593

Position: -1.1643 1.22407 0.361393
Normal: -1 3.14889e-007 1.39941e-007
UV: 0.383759 0.807803

Position: -1.1643 0.572079 1.33106
Normal: -1 3.14889e-007 1.39941e-007
UV: 0.252679 0.943859


[INDEX_DATA]
0 2 1
3 1 2
4 6 5
5 7 4
8 10 9
11 9 10
12 14 13
13 14 15
16 18 17
18 19 17
20 22 21
21 23 20
24 26 25
25 27 24
28 30 29
30 31 29
32 33 12
12 13 32
34 36 35
35 37 34
38 40 39
41 39 40
30 28 42
36 34 43
44 46 45
45 47 44
48 50 49
51 49 50
52 54 53
54 55 53
29 31 56
57 37 35
58 60 59
61 59 60
62 64 63
63 65 62
66 68 67
69 67 68
70 72 71
71 72 73
74 76 75
76 77 75
78 80 79
79 81 78
82 84 83
85 83 84
86 88 87
87 89 86
90 92 91
93 91 92
94 96 95
95 97 94
98 100 99
100 101 99
102 104 103
103 105 102
106 108 107
109 107 108
110 112 111
111 113 110
114 116 115
117 115 116
118 120 119
119 120 121
122 124 123
123 125 122
126 128 127
127 129 126
130 132 131
133 131 132
134 136 135
135 137 134
138 140 139
141 139 140
142 144 143
143 144 145
146 148 147
147 149 146
150 152 151
151 153 150
154 156 155
154 157 156
158 160 159
159 161 158
162 164 163
162 165 164
166 168 167
168 166 169
170 172 171
171 173 170
174 176 175
174 177 176
178 175 176
176 179 178
178 181 180
178 179 181
180 177 174
180 181 177
182 184 183
184 185 183
186 188 187
187 188 189
190 192 191
191 193 190
194 196 195
195 197 194
198 200 199
198 201 200
202 204 203
202 205 204
206 208 207
206 209 208
210 212 211
210 213 212
214 216 215
214 217 216
218 220 219
218 221 220
222 224 223
222 225 224
226 228 227
226 229 228
230 232 231
231 233 230
234 236 235
234 237 236
238 240 239
238 241 240
242 244 243
242 245 244
246 248 247
247 249 246
250 252 251
250 253 252
254 256 255
257 255 256
258 260 259
260 261 259
262 264 263
264 265 263
265 266 263
266 267 263
263 267 268
269 271 270
270 272 269
273 275 274
274 276 273
277 279 278
278 280 277
281 283 282
282 284 281
274 286 285
287 289 288
290 292 291
290 293 292
294 296 295
294 297 296
298 300 299
299 301 298
302 304 303
303 305 302
306 308 307
307 309 306
310 312 311
279 314 313
315 313 314
316 315 314
317 319 318
318 320 317
315 321 278
322 278 321
276 277 273
276 314 279
279 277 276
323 321 316
316 321 315
324 326 325
327 329 328
330 332 331
332 333 331
334 336 335
334 337 336
338 340 339
341 343 342
342 344 341
321 346 345
345 322 321
347 349 348
348 350 347
351 353 352
352 353 354
355 357 356
357 358 356
359 361 360
362 360 361
303 363 305
303 364 363
365 367 366
366 346 365
368 298 369
369 370 368
371 290 291
291 372 371
286 373 285
285 373 374
355 286 274
375 255 257
375 376 255
288 378 377
288 289 378
295 380 379
295 296 380
298 381 369
298 301 381
382 306 309
309 383 382
311 312 384
385 328 329
329 386 385
339 340 387
312 310 388
388 362 312
287 340 289
287 387 340
360 362 388
368 389 300
300 298 368
390 391 357
357 392 390
393 394 274
393 395 394
393 397 396
393 398 397
363 364 399
399 400 363
346 366 401
346 401 345
366 403 402
402 401 366
404 406 405
404 407 406
408 410 409
409 411 408
412 414 413
412 415 414
416 418 417
416 419 418
420 422 421
420 423 422
424 426 425
426 427 425
428 430 429
428 431 430
432 434 433
432 435 434
436 438 437
436 439 438
440 442 441
440 443 442
444 446 445
445 447 444
448 450 449
448 451 450
452 454 453
452 455 454
456 458 457
458 459 457
456 460 458
461 463 462
463 461 464
465 467 466
466 468 465
466 461 468
462 458 460
469 468 461
469 462 460
469 461 462
274 394 470
274 470 471
355 274 471
471 472 355
392 355 472
355 392 357
326 324 473
474 476 475
477 479 478
478 480 477
481 483 482
482 484 481
485 487 486
487 488 486
489 491 490
490 492 489
493 495 494
494 496 493
497 499 498
500 498 499
501 503 502
501 504 503
505 507 506
506 507 508
509 511 510
509 512 511
513 515 514
516 518 517
517 518 519
519 518 520
520 518 521
518 522 521
523 270 271
523 524 270
269 526 525
269 272 526
524 523 525
525 526 524
527 529 528
528 530 527
531 533 532
534 532 533
535 537 536
537 538 536
527 540 539
287 542 541
543 545 544
546 544 545
547 549 548
550 548 549
299 300 551
551 552 299
553 555 554
555 556 554
557 559 558
558 560 557
561 563 562
562 564 561
565 567 566
565 568 567
569 571 570
534 573 572
574 572 573
572 574 575
576 578 577
577 579 576
574 533 580
581 580 533
530 528 532
534 572 530
530 532 534
582 575 580
575 574 580
583 585 584
327 587 586
588 333 589
590 592 591
590 589 592
591 332 330
591 592 332
593 595 594
594 596 593
597 599 598
600 602 601
601 603 600
580 581 604
604 605 580
606 608 607
607 609 606
610 612 611
611 613 610
614 616 615
615 617 614
618 620 619
619 621 618
559 622 558
622 623 558
624 605 625
625 626 624
627 629 628
628 551 627
514 631 630
630 513 514
632 633 546
546 545 632
539 540 634
540 635 634
616 527 539
375 502 503
503 376 375
541 542 636
637 636 542
548 550 380
379 380 550
552 551 638
628 638 551
564 562 639
639 640 564
571 641 570
586 587 642
642 643 586
599 387 598
570 620 644
644 569 570
287 541 598
598 387 287
618 644 620
627 551 300
300 389 627
645 646 614
614 647 645
648 650 649
527 649 650
650 652 651
650 651 653
622 655 654
654 623 622
605 604 656
605 656 625
625 658 657
625 656 658
659 661 660
660 662 659
663 665 664
664 666 663
667 669 668
668 670 667
671 673 672
672 674 671
675 677 676
676 678 675
679 681 680
680 681 682
683 685 684
684 686 683
687 689 688
688 690 687
691 693 692
692 694 691
695 697 696
696 698 695
699 701 700
700 702 699
703 705 704
704 706 703
707 709 708
708 710 707
711 713 712
711 714 713
712 713 460
715 717 716
717 718 716
719 721 720
720 722 719
720 721 716
715 460 713
469 716 721
460 715 469
715 716 469
527 723 649
527 724 723
724 527 616
616 725 724
616 646 725
616 614 646
584 726 583
727 729 728
588 331 333
588 589 590
515 730 514
513 731 515
732 733 280
280 733 275
275 733 274
734 736 735
737 735 736
738 734 735
735 739 738
738 739 474
474 740 476
474 739 740
278 732 280
741 743 742
742 744 741
527 745 529
531 529 745
745 746 531
531 746 533
728 747 727
727 747 748
727 748 749
748 741 749
749 741 744

[MESH_DATA]
VertexCount: 57
IndexCount: 138
BoneCount: 0
AnimationClips: 1

[VERTEX_DATA]
Position: -1.22412 0.544323 -1.9355
Normal: -0 0.500001 -0.866025
UV: 0.912679 0.523163

Position: -0.999308 0.544323 -1.9355
Normal: -0 0.500001 -0.866025
UV: 0.912679 0.53954

Position: -0.999308 0.676698 -1.80312
Normal: -0 0.866026 -0.499999
UV: 0.894394 0.53954

Position: -1.22412 0.676698 -1.80312
Normal: -0 0.866026 -0.499999
UV: 0.894394 0.523163

Position: -1.22412 0.363496 -1.98395
Normal: -0 -6.27145e-007 -1
UV: 0.930964 0.523163

Position: -0.999308 0.363496 -1.98395
Normal: -0 -6.27145e-007 -1
UV: 0.930964 0.53954

Position: -1.22412 0.182669 -1.93549
Normal: -0 -0.500001 -0.866025
UV: 0.949248 0.523163

Position: -0.999308 0.182669 -1.93549
Normal: -0 -0.500001 -0.866025
UV: 0.949248 0.53954

Position: -1.22412 0.0502944 -1.80312
Normal: -0 -0.866025 -0.5
UV: 0.967533 0.523163

Position: -0.999308 0.0502944 -1.80312
Normal: -0 -0.866025 -0.5
UV: 0.967533 0.53954

Position: -1.22412 0.00184122 -1.62229
Normal: -0 -1 -8.1675e-007
UV: 0.94255 0.544389

Position: -0.999308 0.00184122 -1.62229
Normal: -0 -1 -8.1675e-007
UV: 0.94255 0.528011

Position: -0.999308 0.0502944 -1.80312
Normal: -0 -0.866025 -0.5
UV: 0.960835 0.528012

Position: -1.22412 0.0502944 -1.80312
Normal: -0 -0.866025 -0.5
UV: 0.960835 0.544389

Position: -1.22412 0.0502941 -1.44147
Normal: -0 -0.866025 0.500001
UV: 0.924265 0.544388

Position: -0.999308 0.0502941 -1.44147
Normal: -0 -0.866025 0.500001
UV: 0.924265 0.528011

Position: -1.22412 0.182669 -1.30909
Normal: -0 -0.500001 0.866025
UV: 0.90598 0.544389

Position: -0.999308 0.182669 -1.30909
Normal: -0 -0.500001 0.866025
UV: 0.90598 0.528011

Position: -1.22412 0.363496 -1.26064
Normal: -0 0 1
UV: 0.938624 0.539921

Position: -0.999308 0.363496 -1.26064
Normal: -0 0 1
UV: 0.938624 0.523544

Position: -0.999308 0.182669 -1.30909
Normal: -0 -0.500001 0.866025
UV: 0.956909 0.523544

Position: -1.22412 0.182669 -1.30909
Normal: -0 -0.500001 0.866025
UV: 0.956909 0.539921

Position: -1.22412 0.544323 -1.30909
Normal: -0 0.500001 0.866025
UV: 0.920339 0.539921

Position: -0.999308 0.544323 -1.30909
Normal: -0 0.500001 0.866025
UV: 0.920339 0.523544

Position: -1.22412 0.676698 -1.44147
Normal: -0 0.866026 0.499999
UV: 0.902054 0.539921

Position: -0.999308 0.676698 -1.44147
Normal: -0 0.866026 0.499999
UV: 0.902054 0.523544

Position: -1.22412 0.676698 -1.44147
Normal: -0 0.866026 0.499999
UV: 0.917614 0.522887

Position: -1.22412 0.72515 -1.62229
Normal: -0 1 -3.64621e-007
UV: 0.9359 0.522887

Position: -0.999308 0.676698 -1.44147
Normal: -0 0.866026 0.499999
UV: 0.917614 0.539265

Position: -0.999308 0.72515 -1.62229
Normal: -0 1 -3.64621e-007
UV: 0.9359 0.539265

Position: -1.22412 0.676698 -1.80312
Normal: -0 0.866026 -0.499999
UV: 0.954185 0.522887

Position: -0.999308 0.676698 -1.80312
Normal: -0 0.866026 -0.499999
UV: 0.954185 0.539265

Position: -1.22412 0.676698 -1.80312
Normal: -1 0 0
UV: 0.495735 0.211535

Position: -1.22412 0.363496 -1.62229
Normal: -1 1.89871e-008 0
UV: 0.495735 0.117832

Position: -1.22412 0.544323 -1.9355
Normal: -1 -1.13929e-007 0
UV: 0.542585 0.198982

Position: -1.22412 0.363496 -1.98395
Normal: -1 -1.13928e-007 0
UV: 0.576885 0.164682

Position: -1.22412 0.182669 -1.93549
Normal: -1 2.27857e-007 0
UV: 0.589438 0.117828

Position: -1.22412 0.0502944 -1.80312
Normal: -1 2.27857e-007 0
UV: 0.576885 0.070978

Position: -1.22412 0.00184122 -1.62229
Normal: -1 2.27858e-007 0
UV: 0.542587 0.0366817

Position: -1.22412 0.0502941 -1.44147
Normal: -1 1.16204e-012 0
UV: 0.495735 0.0241255

Position: -1.22412 0.182669 -1.30909
Normal: -1 0 0
UV: 0.448882 0.0366786

Position: -1.22412 0.363496 -1.26064
Normal: -1 8.30029e-014 0
UV: 0.414583 0.0709763

Position: -1.22412 0.544323 -1.30909
Normal: -1 -2.27857e-007 0
UV: 0.402029 0.117828

Position: -1.22412 0.676698 -1.44147
Normal: -1 0 0
UV: 0.414583 0.164682

Position: -1.22412 0.72515 -1.62229
Normal: -1 0 0
UV: 0.448882 0.19898

Position: -0.999308 0.676698 -1.80312
Normal: 1 -1.70074e-006 0
UV: 0.894394 0.53954

Position: -0.999308 0.544323 -1.9355
Normal: 1 1.12992e-006 0
UV: 0.912679 0.53954

Position: -0.999308 0.72515 -1.62229
Normal: 1 3.83954e-008 0
UV: 0.9359 0.539265

Position: -0.999308 0.363496 -1.98395
Normal: 1 -4.71113e-007 0
UV: 0.930964 0.53954

Position: -0.999308 0.182669 -1.93549
Normal: 1 2.28884e-007 0
UV: 0.949248 0.53954

Position: -0.999308 0.0502944 -1.80312
Normal: 1 1.92607e-007 0
UV: 0.960835 0.528012

Position: -0.999308 0.00184122 -1.62229
Normal: 1 1.26188e-009 0
UV: 0.94255 0.528011

Position: -0.999308 0.0502941 -1.44147
Normal: 1 1.6e-009 0
UV: 0.924265 0.528011

Position: -0.999308 0.182669 -1.30909
Normal: 1 0 0
UV: 0.956909 0.523544

Position: -0.999308 0.363496 -1.26064
Normal: 1 0 0
UV: 0.938624 0.523544

Position: -0.999308 0.544323 -1.30909
Normal: 1 0 0
UV: 0.920339 0.523544

Position: -0.999308 0.676698 -1.44147
Normal: 1 0 0
UV: 0.917614 0.539265


[INDEX_DATA]
0 2 1
0 3 2
4 1 5
4 0 1
6 5 7
6 4 5
8 7 9
8 6 7
10 12 11
10 13 12
14 11 15
14 10 11
16 15 17
16 14 15
18 20 19
18 21 20
22 19 23
22 18 19
22 23 24
23 25 24
26 28 27
28 29 27
30 27 29
29 31 30
32 34 33
34 35 33
35 36 33
36 37 33
37 38 33
38 39 33
39 40 33
40 41 33
41 42 33
42 43 33
43 44 33
44 32 33
45 47 46
46 47 48
48 47 49
49 47 50
50 47 51
51 47 52
52 47 53
53 47 54
54 47 55
55 47 56

[MESH_DATA]
VertexCount: 57
IndexCount: 138
BoneCount: 0
AnimationClips: 1

[VERTEX_DATA]
Position: -1.22412 0.676698 1.55335
Normal: -0 0.866026 -0.499999
UV: 0.894394 0.523163

Position: -1.22412 0.544323 1.42097
Normal: -0 0.500001 -0.866025
UV: 0.912679 0.523163

Position: -0.999308 0.676698 1.55335
Normal: -0 0.866026 -0.499999
UV: 0.894394 0.53954

Position: -0.999308 0.544323 1.42097
Normal: -0 0.500001 -0.866025
UV: 0.912679 0.53954

Position: -1.22412 0.363496 1.37252
Normal: -0 0 -1
UV: 0.930964 0.523163

Position: -0.999308 0.363496 1.37252
Normal: -0 0 -1
UV: 0.930964 0.53954

Position: -1.22412 0.182669 1.42097
Normal: -0 -0.500002 -0.866024
UV: 0.949248 0.523163

Position: -0.999308 0.182669 1.42097
Normal: -0 -0.500002 -0.866024
UV: 0.949248 0.53954

Position: -1.22412 0.0502942 1.55335
Normal: -0 -0.866025 -0.5
UV: 0.967533 0.523163

Position: -0.999308 0.0502942 1.55335
Normal: -0 -0.866025 -0.5
UV: 0.967533 0.53954

Position: -1.22412 0.00184151 1.73417
Normal: -0 -1 1.45847e-008
UV: 0.94255 0.544389

Position: -0.999308 0.00184151 1.73417
Normal: -0 -1 1.45847e-008
UV: 0.94255 0.528011

Position: -0.999308 0.0502942 1.55335
Normal: -0 -0.866025 -0.5
UV: 0.960835 0.528012

Position: -1.22412 0.0502942 1.55335
Normal: -0 -0.866025 -0.5
UV: 0.960835 0.544389

Position: -1.22412 0.0502942 1.915
Normal: -0 -0.866027 0.499997
UV: 0.924265 0.544388

Position: -0.999308 0.0502942 1.915
Normal: -0 -0.866027 0.499997
UV: 0.924265 0.528011

Position: -1.22412 0.182669 2.04738
Normal: -0 -0.499996 0.866028
UV: 0.90598 0.544389

Position: -0.999308 0.182669 2.04738
Normal: -0 -0.499996 0.866028
UV: 0.90598 0.528011

Position: -1.22412 0.363496 2.09583
Normal: -0 0 1
UV: 0.938624 0.539921

Position: -0.999308 0.363496 2.09583
Normal: -0 0 1
UV: 0.938624 0.523544

Position: -0.999308 0.182669 2.04738
Normal: -0 -0.499996 0.866028
UV: 0.956909 0.523544

Position: -1.22412 0.182669 2.04738
Normal: -0 -0.499996 0.866028
UV: 0.956909 0.539921

Position: -1.22412 0.544323 2.04738
Normal: -0 0.499996 0.866028
UV: 0.920339 0.539921

Position: -0.999308 0.544323 2.04738
Normal: -0 0.499996 0.866028
UV: 0.920339 0.523544

Position: -1.22412 0.676698 1.915
Normal: -0 0.866028 0.499996
UV: 0.902054 0.539921

Position: -0.999308 0.676698 1.915
Normal: -0 0.866028 0.499996
UV: 0.902054 0.523544

Position: -1.22412 0.676698 1.915
Normal: -0 0.866028 0.499996
UV: 0.917614 0.522887

Position: -1.22412 0.72515 1.73417
Normal: -0 1 1.45847e-008
UV: 0.9359 0.522887

Position: -0.999308 0.676698 1.915
Normal: -0 0.866028 0.499996
UV: 0.917614 0.539265

Position: -0.999308 0.72515 1.73417
Normal: -0 1 1.45847e-008
UV: 0.9359 0.539265

Position: -1.22412 0.676698 1.55335
Normal: -0 0.866026 -0.499999
UV: 0.954185 0.522887

Position: -0.999308 0.676698 1.55335
Normal: -0 0.866026 -0.499999
UV: 0.954185 0.539265

Position: -1.22412 0.676698 1.55335
Normal: -1 0 0
UV: 0.495735 0.211535

Position: -1.22412 0.363496 1.73417
Normal: -1 3.45845e-014 0
UV: 0.495735 0.117832

Position: -1.22412 0.544323 1.42097
Normal: -1 -1.13929e-007 0
UV: 0.542585 0.198982

Position: -1.22412 0.363496 1.37252
Normal: -1 0 0
UV: 0.576885 0.164682

Position: -1.22412 0.182669 1.42097
Normal: -1 1.13929e-007 0
UV: 0.589438 0.117828

Position: -1.22412 0.0502942 1.55335
Normal: -1 0 0
UV: 0.576885 0.070978

Position: -1.22412 0.00184151 1.73417
Normal: -1 0 0
UV: 0.542587 0.0366817

Position: -1.22412 0.0502942 1.915
Normal: -1 -2.27856e-007 0
UV: 0.495735 0.0241255

Position: -1.22412 0.182669 2.04738
Normal: -1 -1.13929e-007 0
UV: 0.448882 0.0366786

Position: -1.22412 0.363496 2.09583
Normal: -1 0 0
UV: 0.414583 0.0709763

Position: -1.22412 0.544323 2.04738
Normal: -1 1.13929e-007 0
UV: 0.402029 0.117828

Position: -1.22412 0.676698 1.915
Normal: -1 2.27857e-007 0
UV: 0.414583 0.164682

Position: -1.22412 0.72515 1.73417
Normal: -1 0 0
UV: 0.448882 0.19898

Position: -0.999308 0.676698 1.55335
Normal: 1 0 0
UV: 0.894394 0.53954

Position: -0.999308 0.544323 1.42097
Normal: 1 0 0
UV: 0.912679 0.53954

Position: -0.999308 0.72515 1.73417
Normal: 1 -3.79753e-008 0
UV: 0.9359 0.539265

Position: -0.999308 0.363496 1.37252
Normal: 1 0 0
UV: 0.930964 0.53954

Position: -0.999308 0.182669 1.42097
Normal: 1 0 0
UV: 0.949248 0.53954

Position: -0.999308 0.0502942 1.55335
Normal: 1 0 0
UV: 0.960835 0.528012

Position: -0.999308 0.00184151 1.73417
Normal: 1 0 0
UV: 0.94255 0.528011

Position: -0.999308 0.0502942 1.915
Normal: 1 9.63033e-008 0
UV: 0.924265 0.528011

Position: -0.999308 0.182669 2.04738
Normal: 1 2.86115e-008 0
UV: 0.956909 0.523544

Position: -0.999308 0.363496 2.09583
Normal: 1 -4.71113e-007 0
UV: 0.938624 0.523544

Position: -0.999308 0.544323 2.04738
Normal: 1 1.06342e-006 0
UV: 0.920339 0.523544

Position: -0.999308 0.676698 1.915
Normal: 1 -3.40141e-006 0
UV: 0.917614 0.539265


[INDEX_DATA]
0 2 1
2 3 1
4 3 5
4 1 3
6 5 7
6 4 5
8 7 9
8 6 7
10 12 11
10 13 12
14 11 15
14 10 11
16 15 17
16 14 15
18 20 19
18 21 20
22 19 23
22 18 19
24 23 25
24 22 23
26 28 27
28 29 27
27 29 30
29 31 30
32 34 33
34 35 33
35 36 33
36 37 33
37 38 33
38 39 33
39 40 33
40 41 33
41 42 33
42 43 33
43 44 33
44 32 33
45 47 46
46 47 48
48 47 49
49 47 50
50 47 51
51 47 52
52 47 53
53 47 54
54 47 55
55 47 56

[MESH_DATA]
VertexCount: 57
IndexCount: 138
BoneCount: 0
AnimationClips: 1

[VERTEX_DATA]
Position: 1.22412 0.676698 1.55335
Normal: -0 0.866026 -0.499999
UV: 0.894394 0.523163

Position: 0.999308 0.676698 1.55335
Normal: -0 0.866026 -0.499999
UV: 0.894394 0.53954

Position: 1.22412 0.544323 1.42097
Normal: -0 0.500001 -0.866025
UV: 0.912679 0.523163

Position: 0.999308 0.544323 1.42097
Normal: -0 0.500001 -0.866025
UV: 0.912679 0.53954

Position: 1.22412 0.363496 1.37252
Normal: -0 0 -1
UV: 0.930964 0.523163

Position: 0.999308 0.363496 1.37252
Normal: -0 0 -1
UV: 0.930964 0.53954

Position: 1.22412 0.182669 1.42097
Normal: -0 -0.500002 -0.866024
UV: 0.949248 0.523163

Position: 0.999308 0.182669 1.42097
Normal: -0 -0.500002 -0.866024
UV: 0.949248 0.53954

Position: 1.22412 0.0502942 1.55335
Normal: -0 -0.866025 -0.5
UV: 0.967533 0.523163

Position: 0.999308 0.0502942 1.55335
Normal: -0 -0.866025 -0.5
UV: 0.967533 0.53954

Position: 1.22412 0.00184151 1.73417
Normal: -0 -1 1.45847e-008
UV: 0.94255 0.544389

Position: 0.999308 0.0502942 1.55335
Normal: -0 -0.866025 -0.5
UV: 0.960835 0.528012

Position: 0.999308 0.00184151 1.73417
Normal: -0 -1 1.45847e-008
UV: 0.94255 0.528011

Position: 1.22412 0.0502942 1.55335
Normal: -0 -0.866025 -0.5
UV: 0.960835 0.544389

Position: 1.22412 0.0502942 1.915
Normal: -0 -0.866027 0.499997
UV: 0.924265 0.544388

Position: 0.999308 0.0502942 1.915
Normal: -0 -0.866027 0.499997
UV: 0.924265 0.528011

Position: 1.22412 0.182669 2.04738
Normal: -0 -0.499996 0.866028
UV: 0.90598 0.544389

Position: 0.999308 0.182669 2.04738
Normal: -0 -0.499996 0.866028
UV: 0.90598 0.528011

Position: 1.22412 0.363496 2.09583
Normal: -0 0 1
UV: 0.938624 0.539921

Position: 0.999308 0.182669 2.04738
Normal: -0 -0.499996 0.866028
UV: 0.956909 0.523544

Position: 0.999308 0.363496 2.09583
Normal: -0 0 1
UV: 0.938624 0.523544

Position: 1.22412 0.182669 2.04738
Normal: -0 -0.499996 0.866028
UV: 0.956909 0.539921

Position: 1.22412 0.544323 2.04738
Normal: -0 0.499996 0.866028
UV: 0.920339 0.539921

Position: 0.999308 0.544323 2.04738
Normal: -0 0.499996 0.866028
UV: 0.920339 0.523544

Position: 1.22412 0.676698 1.915
Normal: -0 0.866028 0.499996
UV: 0.902054 0.539921

Position: 0.999308 0.676698 1.915
Normal: -0 0.866028 0.499996
UV: 0.902054 0.523544

Position: 1.22412 0.676698 1.915
Normal: -0 0.866028 0.499996
UV: 0.917614 0.522887

Position: 0.999308 0.676698 1.915
Normal: -0 0.866028 0.499996
UV: 0.917614 0.539265

Position: 1.22412 0.72515 1.73417
Normal: -0 1 1.45847e-008
UV: 0.9359 0.522887

Position: 0.999308 0.72515 1.73417
Normal: -0 1 1.45847e-008
UV: 0.9359 0.539265

Position: 1.22412 0.676698 1.55335
Normal: -0 0.866026 -0.499999
UV: 0.954185 0.522887

Position: 0.999308 0.676698 1.55335
Normal: -0 0.866026 -0.499999
UV: 0.954185 0.539265

Position: 1.22412 0.676698 1.55335
Normal: 1 0 0
UV: 0.495735 0.211328

Position: 1.22412 0.544323 1.42097
Normal: 1 0 0
UV: 0.542585 0.198776

Position: 1.22412 0.363496 1.73417
Normal: 1 3.79758e-008 0
UV: 0.495735 0.117626

Position: 1.22412 0.363496 1.37252
Normal: 1 0 0
UV: 0.576885 0.164476

Position: 1.22412 0.182669 1.42097
Normal: 1 0 0
UV: 0.589438 0.117622

Position: 1.22412 0.0502942 1.55335
Normal: 1 0 0
UV: 0.576885 0.0707719

Position: 1.22412 0.00184151 1.73417
Normal: 1 0 0
UV: 0.542587 0.0364756

Position: 1.22412 0.0502942 1.915
Normal: 1 -2.27856e-007 0
UV: 0.495735 0.0239194

Position: 1.22412 0.182669 2.04738
Normal: 1 -2.27857e-007 0
UV: 0.448882 0.0364725

Position: 1.22412 0.363496 2.09583
Normal: 1 0 0
UV: 0.414583 0.0707702

Position: 1.22412 0.544323 2.04738
Normal: 1 4.55714e-007 0
UV: 0.402029 0.117622

Position: 1.22412 0.676698 1.915
Normal: 1 4.55713e-007 0
UV: 0.414583 0.164476

Position: 1.22412 0.72515 1.73417
Normal: 1 0 0
UV: 0.448882 0.198774

Position: 0.999308 0.676698 1.55335
Normal: -1 0 0
UV: 0.894394 0.53954

Position: 0.999308 0.72515 1.73417
Normal: -1 -3.45845e-014 0
UV: 0.9359 0.539265

Position: 0.999308 0.544323 1.42097
Normal: -1 -4.4864e-007 0
UV: 0.912679 0.53954

Position: 0.999308 0.363496 1.37252
Normal: -1 1.7667e-007 0
UV: 0.930964 0.53954

Position: 0.999308 0.182669 1.42097
Normal: -1 6.43732e-008 0
UV: 0.949248 0.53954

Position: 0.999308 0.0502942 1.55335
Normal: -1 0 0
UV: 0.960835 0.528012

Position: 0.999308 0.00184151 1.73417
Normal: -1 0 0
UV: 0.94255 0.528011

Position: 0.999308 0.0502942 1.915
Normal: -1 9.63033e-008 0
UV: 0.924265 0.528011

Position: 0.999308 0.182669 2.04738
Normal: -1 9.29848e-008 0
UV: 0.956909 0.523544

Position: 0.999308 0.363496 2.09583
Normal: -1 -2.94446e-007 0
UV: 0.938624 0.523544

Position: 0.999308 0.544323 2.04738
Normal: -1 6.81256e-007 0
UV: 0.920339 0.523544

Position: 0.999308 0.676698 1.915
Normal: -1 -1.7007e-006 0
UV: 0.917614 0.539265


[INDEX_DATA]
0 2 1
1 2 3
4 5 3
3 2 4
6 7 5
5 4 6
8 9 7
7 6 8
10 12 11
11 13 10
14 15 12
12 10 14
16 17 15
15 14 16
18 20 19
19 21 18
22 23 20
20 18 22
24 25 23
23 22 24
26 28 27
27 28 29
28 30 29
29 30 31
32 34 33
33 34 35
35 34 36
36 34 37
37 34 38
38 34 39
39 34 40
40 34 41
41 34 42
42 34 43
43 34 44
44 34 32
45 47 46
47 48 46
48 49 46
49 50 46
50 51 46
51 52 46
52 53 46
53 54 46
54 55 46
55 56 46

[MESH_DATA]
VertexCount: 57
IndexCount: 138
BoneCount: 0
AnimationClips: 1

[VERTEX_DATA]
Position: 1.22412 0.544323 -1.93549
Normal: -0 0.500001 -0.866025
UV: 0.912679 0.523163

Position: 0.999308 0.676698 -1.80312
Normal: -0 0.866026 -0.499999
UV: 0.894394 0.53954

Position: 0.999308 0.544323 -1.93549
Normal: -0 0.500001 -0.866025
UV: 0.912679 0.53954

Position: 1.22412 0.676698 -1.80312
Normal: -0 0.866026 -0.499999
UV: 0.894394 0.523163

Position: 1.22412 0.363496 -1.98395
Normal: -0 0 -1
UV: 0.930964 0.523163

Position: 0.999308 0.363496 -1.98395
Normal: -0 0 -1
UV: 0.930964 0.53954

Position: 1.22412 0.182669 -1.93549
Normal: -0 -0.500001 -0.866025
UV: 0.949248 0.523163

Position: 0.999308 0.182669 -1.93549
Normal: -0 -0.500001 -0.866025
UV: 0.949248 0.53954

Position: 1.22412 0.0502942 -1.80312
Normal: -0 -0.866025 -0.5
UV: 0.967533 0.523163

Position: 0.999308 0.0502942 -1.80312
Normal: -0 -0.866025 -0.5
UV: 0.967533 0.53954

Position: 1.22412 0.00184151 -1.62229
Normal: -0 -1 0
UV: 0.94255 0.544389

Position: 0.999308 0.0502942 -1.80312
Normal: -0 -0.866025 -0.5
UV: 0.960835 0.528012

Position: 0.999308 0.00184151 -1.62229
Normal: -0 -1 0
UV: 0.94255 0.528011

Position: 1.22412 0.0502942 -1.80312
Normal: -0 -0.866025 -0.5
UV: 0.960835 0.544389

Position: 1.22412 0.0502942 -1.44147
Normal: -0 -0.866026 0.5
UV: 0.924265 0.544388

Position: 0.999308 0.0502942 -1.44147
Normal: -0 -0.866026 0.5
UV: 0.924265 0.528011

Position: 1.22412 0.182669 -1.30909
Normal: -0 -0.500001 0.866025
UV: 0.90598 0.544389

Position: 0.999308 0.182669 -1.30909
Normal: -0 -0.500001 0.866025
UV: 0.90598 0.528011

Position: 1.22412 0.363496 -1.26064
Normal: -0 -1.45848e-008 1
UV: 0.938624 0.539921

Position: 0.999308 0.182669 -1.30909
Normal: -0 -0.500001 0.866025
UV: 0.956909 0.523544

Position: 0.999308 0.363496 -1.26064
Normal: -0 -1.45848e-008 1
UV: 0.938624 0.523544

Position: 1.22412 0.182669 -1.30909
Normal: -0 -0.500001 0.866025
UV: 0.956909 0.539921

Position: 1.22412 0.544323 -1.30909
Normal: -0 0.500001 0.866025
UV: 0.920339 0.539921

Position: 0.999308 0.544323 -1.30909
Normal: -0 0.500001 0.866025
UV: 0.920339 0.523544

Position: 1.22412 0.676698 -1.44147
Normal: -0 0.866026 0.499999
UV: 0.902054 0.539921

Position: 0.999308 0.676698 -1.44147
Normal: -0 0.866026 0.499999
UV: 0.902054 0.523544

Position: 1.22412 0.676698 -1.44147
Normal: -0 0.866026 0.499999
UV: 0.917614 0.522887

Position: 0.999308 0.676698 -1.44147
Normal: -0 0.866026 0.499999
UV: 0.917614 0.539265

Position: 1.22412 0.72515 -1.62229
Normal: -0 1 0
UV: 0.9359 0.522887

Position: 0.999308 0.72515 -1.62229
Normal: -0 1 0
UV: 0.9359 0.539265

Position: 1.22412 0.676698 -1.80312
Normal: -0 0.866026 -0.499999
UV: 0.954185 0.522887

Position: 0.999308 0.676698 -1.80312
Normal: -0 0.866026 -0.499999
UV: 0.954185 0.539265

Position: 1.22412 0.676698 -1.80312
Normal: 1 0 0
UV: 0.495735 0.211328

Position: 1.22412 0.544323 -1.93549
Normal: 1 0 0
UV: 0.542585 0.198776

Position: 1.22412 0.363496 -1.62229
Normal: 1 7.59525e-008 0
UV: 0.495735 0.117626

Position: 1.22412 0.363496 -1.98395
Normal: 1 0 0
UV: 0.576885 0.164476

Position: 1.22412 0.182669 -1.93549
Normal: 1 0 0
UV: 0.589438 0.117622

Position: 1.22412 0.0502942 -1.80312
Normal: 1 0 0
UV: 0.576885 0.0707719

Position: 1.22412 0.00184151 -1.62229
Normal: 1 0 0
UV: 0.542587 0.0364756

Position: 1.22412 0.0502942 -1.44147
Normal: 1 0 0
UV: 0.495735 0.0239194

Position: 1.22412 0.182669 -1.30909
Normal: 1 4.55714e-007 0
UV: 0.448882 0.0364725

Position: 1.22412 0.363496 -1.26064
Normal: 1 4.55716e-007 0
UV: 0.414583 0.0707702

Position: 1.22412 0.544323 -1.30909
Normal: 1 0 0
UV: 0.402029 0.117622

Position: 1.22412 0.676698 -1.44147
Normal: 1 0 0
UV: 0.414583 0.164476

Position: 1.22412 0.72515 -1.62229
Normal: 1 0 0
UV: 0.448882 0.198774

Position: 0.999308 0.676698 -1.80312
Normal: -1 -1.70074e-006 0
UV: 0.894394 0.53954

Position: 0.999308 0.72515 -1.62229
Normal: -1 -1.21046e-012 0
UV: 0.9359 0.539265

Position: 0.999308 0.544323 -1.93549
Normal: -1 5.31726e-007 0
UV: 0.912679 0.53954

Position: 0.999308 0.363496 -1.98395
Normal: -1 -2.35557e-007 0
UV: 0.930964 0.53954

Position: 0.999308 0.182669 -1.93549
Normal: -1 1.14442e-007 0
UV: 0.949248 0.53954

Position: 0.999308 0.0502942 -1.80312
Normal: -1 9.63039e-008 0
UV: 0.960835 0.528012

Position: 0.999308 0.00184151 -1.62229
Normal: -1 0 0
UV: 0.94255 0.528011

Position: 0.999308 0.0502942 -1.44147
Normal: -1 0 0
UV: 0.924265 0.528011

Position: 0.999308 0.182669 -1.30909
Normal: -1 6.43731e-008 0
UV: 0.956909 0.523544

Position: 0.999308 0.363496 -1.26064
Normal: -1 1.7667e-007 0
UV: 0.938624 0.523544

Position: 0.999308 0.544323 -1.30909
Normal: -1 -4.4864e-007 0
UV: 0.920339 0.523544

Position: 0.999308 0.676698 -1.44147
Normal: -1 0 0
UV: 0.917614 0.539265


[INDEX_DATA]
0 2 1
1 3 0
4 5 2
2 0 4
6 7 5
5 4 6
8 9 7
7 6 8
10 12 11
11 13 10
14 15 12
12 10 14
16 17 15
15 14 16
18 20 19
19 21 18
22 23 20
20 18 22
22 24 23
23 24 25
26 28 27
27 28 29
28 30 29
29 30 31
32 34 33
33 34 35
35 34 36
36 34 37
37 34 38
38 34 39
39 34 40
40 34 41
41 34 42
42 34 43
43 34 44
44 34 32
45 47 46
47 48 46
48 49 46
49 50 46
50 51 46
51 52 46
52 53 46
53 54 46
54 55 46
55 56 46

