[FBX_META_DATA]
MeshCount: 1

[MESH_DATA]
VertexCount: 535
IndexCount: 930
BoneCount: 0
AnimationClips: 1

[VERTEX_DATA]
Position: -6.03607 1.49512 -0.248909
Normal: -0 1 0
UV: 0.16177 0.523037

Position: -6.03607 1.49512 -5.40367
Normal: -0 1 0
UV: 0.16177 0.51579

Position: -5.26014 1.49512 -0.248909
Normal: -0 1 0
UV: 0.15491 0.523037

Position: -5.26014 1.49512 -5.40367
Normal: -0 1 0
UV: 0.15491 0.51579

Position: -5.26014 0.712059 -0.248909
Normal: -0 -1 0
UV: 0.189758 0.532311

Position: -6.03607 0.712059 -5.40367
Normal: -0 -1 0
UV: 0.192126 0.544224

Position: -6.03607 0.712059 -0.248909
Normal: -0 -1 0
UV: 0.192126 0.532311

Position: -5.26014 0.712059 -5.40367
Normal: -0 -1 0
UV: 0.189758 0.544224

Position: -6.03607 1.49512 -0.248909
Normal: -0 0 1
UV: 0.22008 0.537539

Position: -5.26014 1.49512 -0.248909
Normal: -0 0 1
UV: 0.218762 0.537539

Position: -5.26014 0.712059 -0.248909
Normal: -0 0 1
UV: 0.218762 0.538977

Position: -6.03607 0.712059 -0.248909
Normal: -0 0 1
UV: 0.22008 0.538977

Position: -6.03607 1.49512 -5.40367
Normal: -1 0 0
UV: 0.186155 0.520409

Position: -6.03607 1.49512 -0.248909
Normal: -1 0 0
UV: 0.184214 0.520409

Position: -6.03607 0.712059 -0.248909
Normal: -1 0 0
UV: 0.184214 0.522413

Position: -6.03607 0.712059 -5.40367
Normal: -1 0 0
UV: 0.186155 0.522413

Position: -5.26014 0.712059 -5.40367
Normal: -0 0 -1
UV: 0.212471 0.534327

Position: -5.26014 1.49512 -5.40367
Normal: -0 0 -1
UV: 0.212471 0.536811

Position: -6.03607 0.712059 -5.40367
Normal: -0 0 -1
UV: 0.21475 0.534327

Position: -6.03607 1.49512 -5.40367
Normal: -0 0 -1
UV: 0.21475 0.536811

Position: -5.26014 1.49512 -0.248909
Normal: 1 0 0
UV: 0.183419 0.538024

Position: -5.26014 0.712059 -5.40367
Normal: 1 0 0
UV: 0.178299 0.54331

Position: -5.26014 0.712059 -0.248909
Normal: 1 0 0
UV: 0.183419 0.54331

Position: -5.26014 1.49512 -5.40367
Normal: 1 0 0
UV: 0.178299 0.538024

Position: -2.51218 1.49512 8.9515
Normal: -0 1 0
UV: 0.16177 0.51579

Position: 2.64258 1.49512 8.17557
Normal: -0 1 0
UV: 0.15491 0.523037

Position: 2.64258 1.49512 8.9515
Normal: -0 1 0
UV: 0.16177 0.523037

Position: -2.51218 1.49512 8.17557
Normal: -0 1 0
UV: 0.15491 0.51579

Position: 2.64258 0.712059 8.17557
Normal: -0 -1 0
UV: 0.189758 0.532311

Position: -2.51218 0.712059 8.9515
Normal: -0 -1 0
UV: 0.192126 0.544224

Position: 2.64258 0.712059 8.9515
Normal: -0 -1 0
UV: 0.192126 0.532311

Position: -2.51218 0.712059 8.17557
Normal: -0 -1 0
UV: 0.189758 0.544224

Position: 2.64258 1.49512 8.9515
Normal: 1 0 0
UV: 0.22008 0.537539

Position: 2.64258 0.712059 8.17557
Normal: 1 0 0
UV: 0.218762 0.538977

Position: 2.64258 0.712059 8.9515
Normal: 1 0 0
UV: 0.22008 0.538977

Position: 2.64258 1.49512 8.17557
Normal: 1 0 0
UV: 0.218762 0.537539

Position: -2.51218 1.49512 8.9515
Normal: -0 0 1
UV: 0.186155 0.520409

Position: 2.64258 1.49512 8.9515
Normal: -0 0 1
UV: 0.184214 0.520409

Position: 2.64258 0.712059 8.9515
Normal: -0 0 1
UV: 0.184214 0.522413

Position: -2.51218 0.712059 8.9515
Normal: -0 0 1
UV: 0.186155 0.522413

Position: -2.51218 1.49512 8.9515
Normal: -1 0 0
UV: 0.21475 0.536811

Position: -2.51218 0.712059 8.9515
Normal: -1 0 0
UV: 0.21475 0.534327

Position: -2.51218 1.49512 8.17557
Normal: -1 0 0
UV: 0.212471 0.536811

Position: -2.51218 0.712059 8.17557
Normal: -1 0 0
UV: 0.212471 0.534327

Position: -2.51218 0.712059 8.17557
Normal: -0 0 -1
UV: 0.178299 0.54331

Position: 2.64258 0.712059 8.17557
Normal: -0 0 -1
UV: 0.183419 0.54331

Position: 2.64258 1.49512 8.17557
Normal: -0 0 -1
UV: 0.183419 0.538024

Position: -2.51218 1.49512 8.17557
Normal: -0 0 -1
UV: 0.178299 0.538024

Position: -2.59743 6.10271 -8.13956
Normal: -1 0 0
UV: 0.900908 0.783296

Position: -2.59743 4.32643 -8.13956
Normal: -1 0 0
UV: 0.900908 0.783296

Position: -2.59743 4.86528 -9.13956
Normal: -1 0 0
UV: 0.900908 0.783296

Position: -2.59743 4.32643 -9.13956
Normal: -1 0 0
UV: 0.900908 0.783296

Position: 2.70291 4.86528 -9.13956
Normal: -0 0.62854 -0.777778
UV: 0.912856 0.741295

Position: -2.59743 6.10271 -8.13956
Normal: -0 0.62854 -0.777778
UV: 0.503593 0.741295

Position: -2.59743 4.86528 -9.13956
Normal: -0 0.62854 -0.777778
UV: 0.503593 0.741295

Position: 2.70291 6.10271 -8.13956
Normal: -0 0.62854 -0.777778
UV: 0.912856 0.741295

Position: 2.70291 4.86528 -9.13956
Normal: 1 0 0
UV: 0.900908 0.783296

Position: 2.70291 4.32643 -8.13956
Normal: 1 0 0
UV: 0.900908 0.783296

Position: 2.70291 6.10271 -8.13956
Normal: 1 0 0
UV: 0.900908 0.783296

Position: 2.70291 4.32643 -9.13956
Normal: 1 0 0
UV: 0.900908 0.783296

Position: 2.70291 4.32643 -9.13956
Normal: -0 -1 0
UV: 0.912856 0.741295

Position: -2.59743 4.32643 -9.13956
Normal: -0 -1 0
UV: 0.503593 0.741295

Position: 2.70291 4.32643 -8.13956
Normal: -0 -1 0
UV: 0.912856 0.741295

Position: -2.59743 4.32643 -8.13956
Normal: -0 -1 0
UV: 0.503593 0.741295

Position: -2.59743 4.32643 -9.13956
Normal: -0 0 -1
UV: 0.503593 0.785489

Position: 2.70291 4.32643 -9.13956
Normal: -0 0 -1
UV: 0.912856 0.785489

Position: 2.70291 4.86528 -9.13956
Normal: -0 0 -1
UV: 0.912856 0.785489

Position: -2.59743 4.86528 -9.13956
Normal: -0 0 -1
UV: 0.503593 0.785489

Position: -6.23168 0.765286 -0.0594101
Normal: -0 0 1
UV: 0.34961 0.531117

Position: -5.23168 0.765286 -0.0594101
Normal: -0 0 1
UV: 0.349126 0.531117

Position: -5.23168 8.9407e-008 -0.0594101
Normal: -0 0 1
UV: 0.349126 0.530703

Position: -6.23168 8.9407e-008 -0.0594101
Normal: -0 0 1
UV: 0.34961 0.530703

Position: -6.23168 0.765286 -0.0594101
Normal: -0 1 0
UV: 0.261305 0.536134

Position: -6.23168 0.765286 -5.56078
Normal: -0 1 0
UV: 0.261305 0.519866

Position: -5.23168 0.765286 -0.0594101
Normal: -0 1 0
UV: 0.245037 0.536134

Position: -5.23168 0.765286 -5.56078
Normal: -0 1 0
UV: 0.245037 0.519866

Position: -6.23168 8.9407e-008 -5.56078
Normal: -0 0 -1
UV: 0.34961 0.531947

Position: -5.23168 8.9407e-008 -5.56078
Normal: -0 0 -1
UV: 0.349126 0.531947

Position: -5.23168 0.765286 -5.56078
Normal: -0 0 -1
UV: 0.349126 0.531532

Position: -6.23168 0.765286 -5.56078
Normal: -0 0 -1
UV: 0.34961 0.531532

Position: -6.23168 0.765286 -5.56078
Normal: -1 0 0
UV: 0.320948 0.519125

Position: -6.23168 0.765286 -0.0594101
Normal: -1 0 0
UV: 0.290019 0.519125

Position: -6.23168 8.9407e-008 -0.0594101
Normal: -1 0 0
UV: 0.290019 0.550054

Position: -6.23168 8.9407e-008 -5.56078
Normal: -1 0 0
UV: 0.320948 0.550054

Position: 2.73231 0.765286 9.07973
Normal: 1 0 0
UV: 0.34961 0.531117

Position: 2.73231 8.9407e-008 8.07973
Normal: 1 0 0
UV: 0.349126 0.530703

Position: 2.73231 8.9407e-008 9.07973
Normal: 1 0 0
UV: 0.34961 0.530703

Position: 2.73231 0.765286 8.07973
Normal: 1 0 0
UV: 0.349126 0.531117

Position: -2.76905 0.765286 9.07973
Normal: -0 1 0
UV: 0.261305 0.519866

Position: 2.73231 0.765286 8.07973
Normal: -0 1 0
UV: 0.245037 0.536134

Position: 2.73231 0.765286 9.07973
Normal: -0 1 0
UV: 0.261305 0.536134

Position: -2.76905 0.765286 8.07973
Normal: -0 1 0
UV: 0.245037 0.519866

Position: -2.76905 8.9407e-008 9.07973
Normal: -1 0 0
UV: 0.34961 0.531947

Position: -2.76905 0.765286 8.07973
Normal: -1 0 0
UV: 0.349126 0.531532

Position: -2.76905 0.765286 9.07973
Normal: -1 0 0
UV: 0.34961 0.531532

Position: -2.76905 8.9407e-008 8.07973
Normal: -1 0 0
UV: 0.349126 0.531947

Position: -2.76905 0.765286 9.07973
Normal: -0 0 1
UV: 0.320948 0.519125

Position: 2.73231 0.765286 9.07973
Normal: -0 0 1
UV: 0.290019 0.519125

Position: 2.73231 8.9407e-008 9.07973
Normal: -0 0 1
UV: 0.290019 0.550054

Position: -2.76905 8.9407e-008 9.07973
Normal: -0 0 1
UV: 0.320948 0.550054

Position: 2.59605 4.86528 9.13956
Normal: 1 0 0
UV: 0.900908 0.783296

Position: 2.59605 4.32643 8.13956
Normal: 1 0 0
UV: 0.900908 0.783296

Position: 2.59605 4.32643 9.13956
Normal: 1 0 0
UV: 0.900908 0.783296

Position: 2.59605 6.10271 8.13956
Normal: 1 0 0
UV: 0.900908 0.783296

Position: 2.59605 4.86528 9.13956
Normal: -0 0.62854 0.777778
UV: 0.912856 0.741295

Position: -2.7043 4.86528 9.13956
Normal: -0 0.62854 0.777778
UV: 0.503593 0.741295

Position: 2.59605 6.10271 8.13956
Normal: -0 0.62854 0.777778
UV: 0.912856 0.741295

Position: -2.7043 6.10271 8.13956
Normal: -0 0.62854 0.777778
UV: 0.503593 0.741295

Position: -2.7043 4.32643 8.13956
Normal: -1 0 0
UV: 0.900908 0.783296

Position: -2.7043 4.86528 9.13956
Normal: -1 0 0
UV: 0.900908 0.783296

Position: -2.7043 4.32643 9.13956
Normal: -1 0 0
UV: 0.900908 0.783296

Position: -2.7043 6.10271 8.13956
Normal: -1 0 0
UV: 0.900908 0.783296

Position: 2.59605 4.32643 9.13956
Normal: -0 -1 0
UV: 0.912856 0.741295

Position: -2.7043 4.32643 8.13956
Normal: -0 -1 0
UV: 0.503593 0.741295

Position: -2.7043 4.32643 9.13956
Normal: -0 -1 0
UV: 0.503593 0.741295

Position: 2.59605 4.32643 8.13956
Normal: -0 -1 0
UV: 0.912856 0.741295

Position: -2.7043 4.86528 9.13956
Normal: -0 0 1
UV: 0.503593 0.785489

Position: 2.59605 4.86528 9.13956
Normal: -0 0 1
UV: 0.912856 0.785489

Position: 2.59605 4.32643 9.13956
Normal: -0 0 1
UV: 0.912856 0.785489

Position: -2.7043 4.32643 9.13956
Normal: -0 0 1
UV: 0.503593 0.785489

Position: -3.22489 -4.76837e-007 6.1929
Normal: -0 0 -1
UV: 0.122307 0.97281

Position: -3.22489 8.28336 6.1929
Normal: -0 0 -1
UV: 0.122307 0.32556

Position: -5.57687 -4.76837e-007 6.1929
Normal: -0 0 -1
UV: 0.117859 0.97281

Position: -5.57687 8.28336 6.1929
Normal: -0 0 -1
UV: 0.117859 0.32556

Position: -3.22489 -4.76837e-007 8.47898
Normal: 1 0 0
UV: 0.117722 0.97281

Position: -3.22489 8.28336 8.47898
Normal: 1 0 0
UV: 0.117722 0.32556

Position: -3.22489 8.28336 6.1929
Normal: 1 0 0
UV: 0.122307 0.32556

Position: -3.22489 -4.76837e-007 6.1929
Normal: 1 0 0
UV: 0.122307 0.97281

Position: -5.57687 -4.76837e-007 8.47898
Normal: -0 0 1
UV: 0.0211284 0.97281

Position: -5.57687 8.28336 8.47898
Normal: -0 0 1
UV: 0.0211284 0.32556

Position: -3.22489 8.28336 8.47898
Normal: -0 0 1
UV: 0.0188662 0.32556

Position: -3.22489 -4.76837e-007 8.47898
Normal: -0 0 1
UV: 0.0188662 0.97281

Position: -5.57687 8.28336 8.47898
Normal: -1 0 0
UV: 0.0492594 0.32556

Position: -5.57687 -4.76837e-007 8.47898
Normal: -1 0 0
UV: 0.0492594 0.97281

Position: -5.57687 -4.76837e-007 6.1929
Normal: -1 0 0
UV: 0.0763954 0.97281

Position: -5.57687 8.28336 6.1929
Normal: -1 0 0
UV: 0.0763954 0.32556

Position: -3.22489 -4.76837e-007 -8.51752
Normal: -0 0 -1
UV: 0.00928892 0.97281

Position: -3.22489 8.28336 -8.51752
Normal: -0 0 -1
UV: 0.00928892 0.32556

Position: -5.57687 -4.76837e-007 -8.51752
Normal: -0 0 -1
UV: 0.0115511 0.97281

Position: -5.57687 8.28336 -8.51752
Normal: -0 0 -1
UV: 0.0115511 0.32556

Position: -3.22489 -4.76837e-007 -6.23144
Normal: 1 0 0
UV: 0.119644 0.97281

Position: -3.22489 8.28336 -6.23144
Normal: 1 0 0
UV: 0.119644 0.32556

Position: -3.22489 8.28336 -8.51752
Normal: 1 0 0
UV: 0.121871 0.32556

Position: -3.22489 -4.76837e-007 -8.51752
Normal: 1 0 0
UV: 0.121871 0.97281

Position: -5.57687 -4.76837e-007 -6.23144
Normal: -0 0 1
UV: 0.117289 0.97281

Position: -5.57687 8.28336 -6.23144
Normal: -0 0 1
UV: 0.117289 0.32556

Position: -3.22489 8.28336 -6.23144
Normal: -0 0 1
UV: 0.119644 0.32556

Position: -3.22489 -4.76837e-007 -6.23144
Normal: -0 0 1
UV: 0.119644 0.97281

Position: -5.57687 8.28336 -6.23144
Normal: -1 0 0
UV: 0.0495479 0.32556

Position: -5.57687 -4.76837e-007 -6.23144
Normal: -1 0 0
UV: 0.0495479 0.97281

Position: -5.57687 -4.76837e-007 -8.51752
Normal: -1 0 0
UV: 0.0766839 0.97281

Position: -5.57687 8.28336 -8.51752
Normal: -1 0 0
UV: 0.0766839 0.32556

Position: 5.59027 8.28336 6.1929
Normal: -0 0 -1
UV: 0.122079 0.32556

Position: 3.23829 -4.76837e-007 6.1929
Normal: -0 0 -1
UV: 0.117706 0.97281

Position: 5.59027 -4.76837e-007 6.1929
Normal: -0 0 -1
UV: 0.122079 0.97281

Position: 3.23829 8.28336 6.1929
Normal: -0 0 -1
UV: 0.117706 0.32556

Position: 5.59027 -4.76837e-007 8.47898
Normal: 1 0 0
UV: 0.076807 0.97281

Position: 5.59027 8.28336 8.47898
Normal: 1 0 0
UV: 0.076807 0.32556

Position: 5.59027 8.28336 6.1929
Normal: 1 0 0
UV: 0.049671 0.32556

Position: 5.59027 -4.76837e-007 6.1929
Normal: 1 0 0
UV: 0.049671 0.97281

Position: 3.23829 -4.76837e-007 8.47898
Normal: -0 0 1
UV: 0.0163967 0.97281

Position: 3.23829 8.28336 8.47898
Normal: -0 0 1
UV: 0.0163967 0.32556

Position: 5.59027 8.28336 8.47898
Normal: -0 0 1
UV: 0.0141344 0.32556

Position: 5.59027 -4.76837e-007 8.47898
Normal: -0 0 1
UV: 0.0141344 0.97281

Position: 3.23829 8.28336 8.47898
Normal: -1 0 0
UV: 0.122366 0.32556

Position: 3.23829 -4.76837e-007 8.47898
Normal: -1 0 0
UV: 0.122366 0.97281

Position: 3.23829 -4.76837e-007 6.1929
Normal: -1 0 0
UV: 0.117706 0.97281

Position: 3.23829 8.28336 6.1929
Normal: -1 0 0
UV: 0.117706 0.32556

Position: 5.62129 8.28336 -8.51752
Normal: -0 0 -1
UV: 0.0141147 0.32556

Position: 3.26932 -4.76837e-007 -8.51752
Normal: -0 0 -1
UV: 0.0163769 0.97281

Position: 5.62129 -4.76837e-007 -8.51752
Normal: -0 0 -1
UV: 0.0141147 0.97281

Position: 3.26932 8.28336 -8.51752
Normal: -0 0 -1
UV: 0.0163769 0.32556

Position: 5.62129 -4.76837e-007 -6.23144
Normal: 1 0 0
UV: 0.0763941 0.97281

Position: 5.62129 8.28336 -6.23144
Normal: 1 0 0
UV: 0.0763941 0.32556

Position: 5.62129 8.28336 -8.51752
Normal: 1 0 0
UV: 0.049258 0.32556

Position: 5.62129 -4.76837e-007 -8.51752
Normal: 1 0 0
UV: 0.049258 0.97281

Position: 3.26932 -4.76837e-007 -6.23144
Normal: -0 0 1
UV: 0.11963 0.97281

Position: 3.26932 8.28336 -6.23144
Normal: -0 0 1
UV: 0.11963 0.32556

Position: 5.62129 8.28336 -6.23144
Normal: -0 0 1
UV: 0.122155 0.32556

Position: 5.62129 -4.76837e-007 -6.23144
Normal: -0 0 1
UV: 0.122155 0.97281

Position: 3.26932 8.28336 -6.23144
Normal: -1 0 0
UV: 0.11963 0.32556

Position: 3.26932 -4.76837e-007 -6.23144
Normal: -1 0 0
UV: 0.11963 0.97281

Position: 3.26932 -4.76837e-007 -8.51752
Normal: -1 0 0
UV: 0.117233 0.97281

Position: 3.26932 8.28336 -8.51752
Normal: -1 0 0
UV: 0.117233 0.32556

Position: 0.0255146 4.76837e-007 -8.17214
Normal: -0 0 -1
UV: 0.35642 0.492588

Position: 3.3206 4.76837e-007 -8.17214
Normal: -0 0 -1
UV: 0.691315 0.492588

Position: 3.3206 1.65201 -8.17214
Normal: -0 0 -1
UV: 0.691315 0.354995

Position: 0.0255146 1.65201 -8.17214
Normal: -0 0 -1
UV: 0.35642 0.354995

Position: 0.0255146 4.34221 -8.17214
Normal: -0 0 -1
UV: 0.610801 0.645439

Position: 3.3206 4.34221 -8.17214
Normal: -0 0 -1
UV: 0.609066 0.645439

Position: 3.3206 4.62625 -8.17214
Normal: -0 0 -1
UV: 0.609066 0.645439

Position: 0.0255146 4.62625 -8.17214
Normal: -0 0 -1
UV: 0.610801 0.645439

Position: 0.0255165 7.86083 -8.17215
Normal: 3.29586e-013 -2.37539e-014 -1
UV: 0.9555 1.01201

Position: 3.3206 8.30357 -8.17214
Normal: 4.90274e-007 4.30798e-006 -1
UV: 0.944575 1.01662

Position: 0.0255146 8.30357 -8.17214
Normal: -1.35639e-012 4.30798e-006 -1
UV: 0.9555 1.01662

Position: 3.3206 7.86083 -8.17214
Normal: 5.31258e-007 4.77839e-014 -1
UV: 0.944575 1.01201

Position: -3.30787 4.34221 -8.17214
Normal: -0 0 -1
UV: 0.612556 0.645439

Position: -3.30787 4.62625 -8.17214
Normal: -0 0 -1
UV: 0.612556 0.645439

Position: 0.0255146 1.65201 -8.17214
Normal: -0 0 -1
UV: 0.691315 0.354995

Position: -3.30787 1.65201 -8.17214
Normal: -0 0 -1
UV: 0.35642 0.354995

Position: 0.0255146 4.76837e-007 -8.17214
Normal: -0 0 -1
UV: 0.691315 0.492588

Position: -3.30787 4.76837e-007 -8.17214
Normal: -0 0 -1
UV: 0.35642 0.492588

Position: 0.0255146 4.62625 -8.17214
Normal: -2.16043e-013 -5.89675e-007 -1
UV: 0.9555 0.74893

Position: -3.30787 7.86083 -8.17214
Normal: -5.25154e-007 0 -1
UV: 0.966552 1.01201

Position: -3.30787 4.62625 -8.17214
Normal: -5.30699e-007 -5.89674e-007 -1
UV: 0.966552 0.74893

Position: 3.3206 4.34221 -8.17214
Normal: -0 0 -1
UV: 0.691315 0.00222266

Position: 0.0255146 4.34221 -8.17214
Normal: -0 0 -1
UV: 0.35642 0.00222272

Position: 0.0255146 4.34221 -8.17214
Normal: -0 0 -1
UV: 0.691315 0.00222266

Position: -3.30787 4.34221 -8.17214
Normal: -0 0 -1
UV: 0.35642 0.00222272

Position: -3.30787 1.65201 8.16219
Normal: -0 0 1
UV: 0.691315 0.354995

Position: 3.3206 1.65201 8.16219
Normal: -0 0 1
UV: 0.35642 0.354995

Position: 3.3206 4.76837e-007 8.16219
Normal: -0 0 1
UV: 0.35642 0.492588

Position: -3.30787 4.76837e-007 8.16219
Normal: -0 0 1
UV: 0.691315 0.492588

Position: 3.3206 4.34221 8.16219
Normal: -0 0 1
UV: 0.609066 0.657852

Position: -3.30787 4.34221 8.16219
Normal: -0 0 1
UV: 0.612556 0.657852

Position: 3.3206 4.62625 8.16219
Normal: -0 0 1
UV: 0.609066 0.657852

Position: -3.30787 4.62625 8.16219
Normal: -0 0 1
UV: 0.612556 0.657852

Position: -3.30787 8.30357 8.16219
Normal: -0 0 1
UV: 0.966467 1.01638

Position: 3.3206 8.30357 8.16219
Normal: -0 0 1
UV: 0.944489 1.01638

Position: 3.3206 7.86083 8.16219
Normal: -0 0 1
UV: 0.944489 1.01177

Position: -3.30787 7.86083 8.16219
Normal: -0 0 1
UV: 0.966467 1.01177

Position: -3.30787 4.34221 8.16219
Normal: -0 0 1
UV: 0.691315 0.00222266

Position: 3.3206 4.34221 8.16219
Normal: -0 0 1
UV: 0.35642 0.00222272

Position: -5.2443 4.76837e-007 0.908531
Normal: -1 0 0
UV: 0.35642 0.492588

Position: -5.2443 4.76837e-007 -6.26321
Normal: -1 0 0
UV: 0.691315 0.492588

Position: -5.2443 1.65201 0.908531
Normal: -1 0 0
UV: 0.35642 0.354995

Position: -5.2443 1.65201 -6.26321
Normal: -1 0 0
UV: 0.691315 0.354995

Position: 5.25703 1.65201 1.94673
Normal: 1 0 0
UV: 0.691315 0.354995

Position: 5.25703 4.76837e-007 -1.29948
Normal: 1 0 0
UV: 0.35642 0.492588

Position: 5.25703 4.76837e-007 1.94673
Normal: 1 0 0
UV: 0.691315 0.492588

Position: 5.25703 1.65201 -1.29948
Normal: 1 0 0
UV: 0.35642 0.354995

Position: -5.2443 4.34221 0.908531
Normal: -1 0 0
UV: 0.603972 0.648205

Position: -5.2443 4.62625 -6.26321
Normal: -1 0 0
UV: 0.603972 0.64252

Position: -5.2443 4.62625 0.908531
Normal: -1 0 0
UV: 0.603972 0.648205

Position: -5.2443 4.34221 -6.26321
Normal: -1 0 0
UV: 0.603972 0.64252

Position: 5.25703 4.62625 1.94673
Normal: 1 0 0
UV: 0.609066 0.653581

Position: 5.25703 4.34221 -1.29948
Normal: 1 0 0
UV: 0.609066 0.650362

Position: 5.25703 4.34221 1.94673
Normal: 1 0 0
UV: 0.609066 0.653581

Position: 5.25703 4.62625 -1.29948
Normal: 1 0 0
UV: 0.609066 0.650362

Position: -5.2443 7.86083 0.908531
Normal: -1 0 0
UV: 0.504807 0.858569

Position: -5.2443 8.30357 -6.26321
Normal: -1 0 0
UV: 0.980518 0.85409

Position: -5.2443 8.30357 0.908531
Normal: -1 0 0
UV: 0.504807 0.85409

Position: -5.2443 7.86083 -6.26321
Normal: -1 0 0
UV: 0.980518 0.858569

Position: 5.25703 7.86083 1.94673
Normal: 1 0 0
UV: 0.971619 1.01206

Position: 5.25703 4.62625 -1.29948
Normal: 1 0 0
UV: 0.960855 0.748982

Position: 5.25703 4.62625 1.94673
Normal: 1 0 0
UV: 0.971619 0.748982

Position: 5.25703 7.86083 -1.29948
Normal: 1 0 0
UV: 0.960855 1.01206

Position: 5.25703 1.65201 6.25325
Normal: 1 0 0
UV: 0.691315 0.354995

Position: 5.25703 1.65201 1.94673
Normal: 1 0 0
UV: 0.35642 0.354995

Position: 5.25703 4.76837e-007 6.25325
Normal: 1 0 0
UV: 0.691315 0.492588

Position: 5.25703 4.76837e-007 1.94673
Normal: 1 0 0
UV: 0.35642 0.492588

Position: 5.25703 4.62625 6.25325
Normal: 1 0 0
UV: 0.609066 0.657852

Position: 5.25703 4.34221 6.25325
Normal: 1 0 0
UV: 0.609066 0.657852

Position: 5.25703 8.30357 6.25325
Normal: 1 0 0
UV: 0.985898 1.01667

Position: 5.25703 8.30357 1.94673
Normal: 1 0 0
UV: 0.971619 1.01667

Position: 5.25703 7.86083 6.25325
Normal: 1 0 0
UV: 0.985898 1.01206

Position: -5.2443 7.86083 6.25325
Normal: -1 0 0
UV: 0.150284 0.858569

Position: -5.2443 6.13758 6.25325
Normal: -1 0 0
UV: 0.150284 0.994809

Position: -5.2443 7.86083 4.91708
Normal: -1 0 0
UV: 0.238915 0.858569

Position: -5.2443 6.13758 4.91708
Normal: -1 0 0
UV: 0.238915 0.994809

Position: -5.2443 4.62625 4.91708
Normal: -1 0 0
UV: 0.603972 0.650441

Position: -5.2443 4.62625 6.25325
Normal: -1 0 0
UV: 0.603972 0.651186

Position: -5.2443 4.34221 6.25325
Normal: -1 0 0
UV: 0.603972 0.651186

Position: -5.2443 4.34221 4.91708
Normal: -1 0 0
UV: 0.603972 0.650441

Position: -5.2443 1.65201 6.25325
Normal: -1 0 0
UV: 0.53001 0.432029

Position: -5.2443 4.76837e-007 6.25325
Normal: -1 0 0
UV: 0.53001 0.443649

Position: -5.2443 1.65201 4.91708
Normal: -1 0 0
UV: 0.544128 0.432029

Position: -5.2443 4.76837e-007 4.91708
Normal: -1 0 0
UV: 0.544128 0.443649

Position: 5.25703 4.62625 -6.26321
Normal: 1 0 0
UV: 0.944397 0.748982

Position: 5.25703 7.86083 -6.26321
Normal: 1 0 0
UV: 0.944397 1.01206

Position: 5.25703 4.34221 -6.26321
Normal: 1 0 0
UV: 0.609066 0.645439

Position: 5.25703 4.62625 -6.26321
Normal: 1 0 0
UV: 0.609066 0.645439

Position: 5.25703 1.65201 -1.29948
Normal: 1 0 0
UV: 0.691315 0.354995

Position: 5.25703 4.76837e-007 -6.26321
Normal: 1 0 0
UV: 0.35642 0.492588

Position: 5.25703 4.76837e-007 -1.29948
Normal: 1 0 0
UV: 0.691315 0.492588

Position: 5.25703 1.65201 -6.26321
Normal: 1 0 0
UV: 0.35642 0.354995

Position: -5.2443 4.34221 -6.26321
Normal: -1 0 0
UV: 0.691315 0.00222266

Position: -5.2443 4.34221 0.908531
Normal: -1 0 0
UV: 0.35642 0.00222272

Position: -5.2443 4.34221 4.91708
Normal: -1 0 0
UV: 0.544128 0.395642

Position: -5.2443 4.34221 6.25325
Normal: -1 0 0
UV: 0.53001 0.395642

Position: 5.25703 4.34221 6.25325
Normal: 1 0 0
UV: 0.691315 0.00222266

Position: 5.25703 4.34221 1.94673
Normal: 1 0 0
UV: 0.35642 0.00222272

Position: 5.25703 4.34221 1.94673
Normal: 1 0 0
UV: 0.691315 0.00222266

Position: 5.25703 4.34221 -1.29948
Normal: 1 0 0
UV: 0.35642 0.00222272

Position: 5.25703 4.34221 -1.29948
Normal: 1 0 0
UV: 0.691315 0.00222266

Position: 5.25703 4.34221 -6.26321
Normal: 1 0 0
UV: 0.35642 0.00222272

Position: -5.2443 6.13758 6.25325
Normal: -1 0 0
UV: 0.432181 0.424215

Position: -5.2443 4.62625 6.25325
Normal: -1 0 0
UV: 0.432181 0.424215

Position: -5.2443 6.13758 4.91708
Normal: -1 0 0
UV: 0.432181 0.421749

Position: -5.2443 4.62625 4.91708
Normal: -1 0 0
UV: 0.432181 0.421749

Position: -5.2443 4.62625 0.908531
Normal: -1 0 0
UV: 0.432181 0.414353

Position: -5.2443 6.13758 -6.26321
Normal: -1 0 0
UV: 0.432181 0.395552

Position: -5.2443 6.13758 0.908531
Normal: -1 0 0
UV: 0.432181 0.414353

Position: -5.2443 4.62625 -6.26321
Normal: -1 0 0
UV: 0.432181 0.395552

Position: -5.2443 1.65201 2.96613
Normal: -1 0 0
UV: 0.994199 0.319223

Position: -5.2443 4.76837e-007 2.96613
Normal: -1 0 0
UV: 0.994199 0.487983

Position: -5.2443 1.65201 0.908531
Normal: -1 0 0
UV: 0.714149 0.319223

Position: -5.2443 4.76837e-007 0.908531
Normal: -1 0 0
UV: 0.714149 0.487983

Position: -5.2443 4.34221 2.96613
Normal: -1 0 0
UV: 0.994199 0.00927776

Position: -5.2443 4.34221 0.908531
Normal: -1 0 0
UV: 0.714149 0.00927776

Position: -5.2443 4.62625 2.96613
Normal: -1 0 0
UV: 0.603972 0.649352

Position: -5.2443 4.34221 2.96613
Normal: -1 0 0
UV: 0.603972 0.649352

Position: -5.2443 6.13758 2.96613
Normal: -1 0 0
UV: 0.432181 0.418149

Position: -5.2443 4.62625 2.96613
Normal: -1 0 0
UV: 0.432181 0.418149

Position: -5.2443 8.30357 2.96613
Normal: -1 0 0
UV: 0.368324 0.854091

Position: -5.2443 7.86083 2.96613
Normal: -1 0 0
UV: 0.368324 0.85857

Position: -5.2443 1.65201 4.91708
Normal: -1 0 0
UV: 0.71509 0.319223

Position: -5.2443 4.76837e-007 4.91708
Normal: -1 0 0
UV: 0.71509 0.487983

Position: -5.2443 4.34221 4.91708
Normal: -1 0 0
UV: 0.71509 0.00927776

Position: -5.2443 8.30357 4.91708
Normal: -1 0 0
UV: 0.238915 0.85409

Position: -6.2161 4.86528 0.56184
Normal: -0 0 1
UV: 0.900908 0.783296

Position: -5.2161 6.10271 0.56184
Normal: -0 0 1
UV: 0.900908 0.783296

Position: -5.2161 4.32643 0.56184
Normal: -0 0 1
UV: 0.900908 0.783296

Position: -6.2161 4.32643 0.56184
Normal: -0 0 1
UV: 0.900908 0.783296

Position: -6.2161 4.86528 -5.88728
Normal: -0.777778 0.62854 0
UV: 0.503593 0.741295

Position: -5.2161 6.10271 0.56184
Normal: -0.777778 0.62854 0
UV: 0.912856 0.741295

Position: -6.2161 4.86528 0.56184
Normal: -0.777778 0.62854 0
UV: 0.912856 0.741295

Position: -5.2161 6.10271 -5.88728
Normal: -0.777778 0.62854 0
UV: 0.503593 0.741295

Position: -5.2161 4.32643 -5.88728
Normal: -8.23863e-007 0 -1
UV: 0.900908 0.783296

Position: -6.2161 4.86528 -5.88728
Normal: -8.23863e-007 0 -1
UV: 0.900908 0.783296

Position: -6.2161 4.32643 -5.88728
Normal: -8.23863e-007 0 -1
UV: 0.900908 0.783296

Position: -5.2161 6.10271 -5.88728
Normal: -8.23863e-007 0 -1
UV: 0.900908 0.783296

Position: -5.2161 4.32643 0.56184
Normal: -0 -1 0
UV: 0.912856 0.741295

Position: -5.2161 4.32643 -5.88728
Normal: -0 -1 0
UV: 0.503593 0.741295

Position: -6.2161 4.32643 0.56184
Normal: -0 -1 0
UV: 0.912856 0.741295

Position: -6.2161 4.32643 -5.88728
Normal: -0 -1 0
UV: 0.503593 0.741295

Position: -6.2161 4.86528 -5.88728
Normal: -1 0 0
UV: 0.503593 0.785489

Position: -6.2161 4.86528 0.56184
Normal: -1 0 0
UV: 0.912856 0.785489

Position: -6.2161 4.32643 0.56184
Normal: -1 0 0
UV: 0.912856 0.785489

Position: -6.2161 4.32643 -5.88728
Normal: -1 0 0
UV: 0.503593 0.785489

Position: 3.3206 4.62625 -8.17214
Normal: 5.36867e-007 -5.89675e-007 -1
UV: 0.944575 0.74893

Position: -3.30787 8.30357 -8.17214
Normal: -4.84641e-007 4.30798e-006 -1
UV: 0.966552 1.01662

Position: 3.3206 4.62625 8.16219
Normal: -0 0 1
UV: 0.944489 0.748694

Position: -3.30787 4.62625 8.16219
Normal: -0 0 1
UV: 0.966467 0.748694

Position: -5.2443 6.13758 0.908531
Normal: -1 0 0
UV: 0.504807 0.994809

Position: -5.2443 6.13758 -6.26321
Normal: -1 0 0
UV: 0.980518 0.994809

Position: 5.25703 8.30357 -1.29948
Normal: 1 0 0
UV: 0.960855 1.01667

Position: 5.25703 4.62625 6.25325
Normal: 1 0 0
UV: 0.985898 0.748982

Position: -5.2443 8.30357 6.25325
Normal: -1 0 0
UV: 0.150284 0.85409

Position: 5.25703 8.30357 -6.26321
Normal: 1 0 0
UV: 0.944397 1.01667

Position: -5.2443 6.13758 2.96613
Normal: -1 0 0
UV: 0.368324 0.994808

Position: -6.03422 8.67626 8.94771
Normal: -0 0 1
UV: 0.255313 0.446685

Position: 6.04448 8.67626 8.94771
Normal: -0 0 1
UV: 0.255313 0.446685

Position: 6.04448 8.14586 8.94771
Normal: -0 0 1
UV: 0.255313 0.446685

Position: -6.03422 8.14586 8.94771
Normal: -0 0 1
UV: 0.255313 0.446685

Position: -1.00325 10.5928 6.70847
Normal: -0 1 0
UV: 0.206917 0.457684

Position: -1.00325 10.5928 -6.78367
Normal: -0 1 0
UV: 0.206917 0.457684

Position: 1.01352 10.5928 6.70847
Normal: -0 1 0
UV: 0.206917 0.457684

Position: 1.01352 10.5928 -6.78367
Normal: -0 1 0
UV: 0.206917 0.457684

Position: -6.03422 8.14586 -9.0229
Normal: -0 0 -1
UV: 0.255313 0.446685

Position: 6.04448 8.14586 -9.0229
Normal: -0 0 -1
UV: 0.255313 0.446685

Position: 6.04448 8.67626 -9.0229
Normal: -0 0 -1
UV: 0.255313 0.446685

Position: -6.03422 8.67626 -9.0229
Normal: -0 0 -1
UV: 0.255313 0.446685

Position: -6.03422 8.14586 8.94771
Normal: -0 -1 0
UV: 0.260812 0.38949

Position: 6.04448 8.14586 8.94771
Normal: -0 -1 0
UV: 0.260812 0.38949

Position: 6.04448 8.14586 -9.0229
Normal: -0 -1 0
UV: 0.260812 0.38949

Position: -6.03422 8.14586 -9.0229
Normal: -0 -1 0
UV: 0.260812 0.38949

Position: -6.03422 8.67626 -9.0229
Normal: -1 0 0
UV: 0.161821 0.38839

Position: -6.03422 8.67626 8.94771
Normal: -1 0 0
UV: 0.161821 0.38839

Position: -6.03422 8.14586 8.94771
Normal: -1 0 0
UV: 0.161821 0.38839

Position: -6.03422 8.14586 -9.0229
Normal: -1 0 0
UV: 0.161821 0.38839

Position: 6.04448 8.67626 8.94771
Normal: 1 0 0
UV: 0.161821 0.38839

Position: 6.04448 8.14586 -9.0229
Normal: 1 0 0
UV: 0.161821 0.38839

Position: 6.04448 8.14586 8.94771
Normal: 1 0 0
UV: 0.161821 0.38839

Position: 6.04448 8.67626 -9.0229
Normal: 1 0 0
UV: 0.161821 0.38839

Position: 6.04448 8.67626 8.94771
Normal: -0 0.759729 0.650239
UV: 0.160721 0.396089

Position: -6.03422 8.67626 8.94771
Normal: -0 0.759729 0.650239
UV: 0.160721 0.396089

Position: -1.00325 10.5928 6.70847
Normal: -0 0.759729 0.650239
UV: 0.160721 0.396089

Position: 1.01352 10.5928 6.70847
Normal: -0 0.759729 0.650239
UV: 0.160721 0.396089

Position: -1.00325 10.5928 6.70847
Normal: -0.35599 0.93449 0
UV: 0.208017 0.400489

Position: -6.03422 8.67626 -9.0229
Normal: -0.35599 0.93449 0
UV: 0.208017 0.400489

Position: -1.00325 10.5928 -6.78367
Normal: -0.35599 0.93449 0
UV: 0.208017 0.400489

Position: -6.03422 8.67626 8.94771
Normal: -0.35599 0.93449 0
UV: 0.208017 0.400489

Position: -6.03422 8.67626 -9.0229
Normal: -0 0.759729 -0.65024
UV: 0.160721 0.396089

Position: 6.04448 8.67626 -9.0229
Normal: -0 0.759729 -0.65024
UV: 0.160721 0.396089

Position: 1.01352 10.5928 -6.78367
Normal: -0 0.759729 -0.65024
UV: 0.160721 0.396089

Position: -1.00325 10.5928 -6.78367
Normal: -0 0.759729 -0.65024
UV: 0.160721 0.396089

Position: 1.01352 10.5928 6.70847
Normal: 0.35599 0.93449 0
UV: 0.208017 0.400489

Position: 6.04448 8.67626 -9.0229
Normal: 0.35599 0.93449 0
UV: 0.208017 0.400489

Position: 6.04448 8.67626 8.94771
Normal: 0.35599 0.93449 0
UV: 0.208017 0.400489

Position: 1.01352 10.5928 -6.78367
Normal: 0.35599 0.93449 0
UV: 0.208017 0.400489

Position: -6.50957 9.85272 4.38137
Normal: -0.633655 -0.242105 0.734756
UV: 0.538971 0.643231

Position: -7.35456 9.09273 3.40222
Normal: -0.633655 -0.242105 0.734756
UV: 0.538971 0.643231

Position: -7.50031 9.47418 3.40222
Normal: -0.633655 -0.242105 0.734756
UV: 0.538971 0.643231

Position: -6.36382 9.47127 4.38137
Normal: -0.633655 -0.242105 0.734756
UV: 0.538971 0.643231

Position: 0.393179 12.4901 0.895767
Normal: -0.356913 0.934138 5.78164e-017
UV: 0.560676 0.643231

Position: -7.50031 9.47418 3.40222
Normal: -0.356913 0.934138 5.78164e-017
UV: 0.560676 0.643231

Position: -4.80502 10.504 -4.2416
Normal: -0.356913 0.934138 5.78164e-017
UV: 0.560676 0.643231

Position: -6.50957 9.85272 4.38137
Normal: -0.356913 0.934138 5.78164e-017
UV: 0.560676 0.643231

Position: 1.82722 11.6779 -0.241264
Normal: 0.633655 0.242105 -0.734756
UV: 0.574626 0.624281

Position: -4.1492 11.7286 -5.37863
Normal: 0.633655 0.242105 -0.734756
UV: 0.574626 0.624281

Position: -3.37098 9.69181 -5.37863
Normal: 0.633655 0.242105 -0.734756
UV: 0.574626 0.624281

Position: 1.04899 13.7148 -0.241264
Normal: 0.633655 0.242105 -0.734756
UV: 0.574626 0.624281

Position: -7.04684 8.28735 3.40222
Normal: 0.356913 -0.934138 4.45603e-009
UV: 0.532189 0.624281

Position: 0.846643 11.3033 0.895767
Normal: 0.356913 -0.934138 4.45603e-009
UV: 0.532189 0.624281

Position: -4.35156 9.31715 -4.2416
Normal: 0.356913 -0.934138 4.45603e-009
UV: 0.532189 0.624281

Position: -6.0561 8.66589 4.38137
Normal: 0.356913 -0.934138 4.45603e-009
UV: 0.532189 0.624281

Position: -7.50031 9.47418 3.40222
Normal: -0.873948 -0.333916 -0.35315
UV: 0.538971 0.643231

Position: -4.65928 10.1225 -4.2416
Normal: -0.873948 -0.333916 -0.35315
UV: 0.538971 0.643231

Position: -4.80502 10.504 -4.2416
Normal: -0.873948 -0.333916 -0.35315
UV: 0.538971 0.643231

Position: -7.35456 9.09273 3.40222
Normal: -0.873948 -0.333916 -0.35315
UV: 0.538971 0.643231

Position: 0.393179 12.4901 0.895767
Normal: 0.398522 0.152266 0.904431
UV: 0.538971 0.643231

Position: -6.36382 9.47127 4.38137
Normal: 0.398522 0.152266 0.904431
UV: 0.538971 0.643231

Position: -6.50957 9.85272 4.38137
Normal: 0.398522 0.152266 0.904431
UV: 0.538971 0.643231

Position: 0.538923 12.1087 0.895767
Normal: 0.398522 0.152266 0.904431
UV: 0.538971 0.643231

Position: 1.04899 13.7148 -0.241264
Normal: -0.356913 0.934138 5.78164e-017
UV: 0.600122 0.624281

Position: -5.12978 11.354 -4.2416
Normal: -0.356913 0.934138 5.78164e-017
UV: 0.600122 0.624281

Position: -4.1492 11.7286 -5.37863
Normal: -0.356913 0.934138 5.78164e-017
UV: 0.600122 0.624281

Position: 0.0684185 13.3401 0.895767
Normal: -0.356913 0.934138 5.78164e-017
UV: 0.600122 0.624281

Position: -4.65928 10.1225 -4.2416
Normal: -0.686363 -0.262244 -0.678331
UV: 0.554125 0.624281

Position: -3.37098 9.69181 -5.37863
Normal: -0.686363 -0.262244 -0.678331
UV: 0.554125 0.624281

Position: -4.80502 10.504 -4.2416
Normal: -0.686363 -0.262244 -0.678331
UV: 0.554125 0.624281

Position: -4.1492 11.7286 -5.37863
Normal: -0.686363 -0.262244 -0.678331
UV: 0.554125 0.624281

Position: 1.82722 11.6779 -0.241264
Normal: 0.356913 -0.934138 -5.78164e-017
UV: 0.532189 0.624281

Position: -3.37098 9.69181 -5.37863
Normal: 0.356913 -0.934138 -5.78164e-017
UV: 0.532189 0.624281

Position: 1.82722 11.6779 -0.241264
Normal: 0.686363 0.262244 0.678331
UV: 0.554125 0.624281

Position: 0.393179 12.4901 0.895767
Normal: 0.686363 0.262244 0.678331
UV: 0.554125 0.624281

Position: 1.04899 13.7148 -0.241264
Normal: 0.686363 0.262244 0.678331
UV: 0.554125 0.624281

Position: 0.538923 12.1087 0.895767
Normal: 0.686363 0.262244 0.678331
UV: 0.554125 0.624281

Position: 0.393179 12.4901 0.895767
Normal: -0.633655 -0.242105 0.734756
UV: 0.574626 0.624281

Position: -5.12978 11.354 -4.2416
Normal: -0.633655 -0.242105 0.734756
UV: 0.574626 0.624281

Position: 0.0684185 13.3401 0.895767
Normal: -0.633655 -0.242105 0.734756
UV: 0.574626 0.624281

Position: -4.80502 10.504 -4.2416
Normal: -0.633655 -0.242105 0.734756
UV: 0.574626 0.624281

Position: -5.12978 11.354 -4.2416
Normal: -0.686363 -0.262244 -0.678331
UV: 0.554125 0.624281

Position: 0.0684185 13.3401 0.895767
Normal: 0.686363 0.262244 0.678331
UV: 0.554125 0.624281

Position: 0.538923 12.1087 0.895767
Normal: 0.398522 0.152266 0.904431
UV: 0.554125 0.624281

Position: -6.0561 8.66589 4.38137
Normal: 0.398522 0.152266 0.904431
UV: 0.554125 0.624281

Position: -6.36382 9.47127 4.38137
Normal: 0.398522 0.152266 0.904431
UV: 0.554125 0.624281

Position: 0.846643 11.3033 0.895767
Normal: 0.398522 0.152266 0.904431
UV: 0.554125 0.624281

Position: -6.36382 9.47127 4.38137
Normal: -0.633655 -0.242105 0.734756
UV: 0.600122 0.624281

Position: -7.04684 8.28735 3.40222
Normal: -0.633655 -0.242105 0.734756
UV: 0.600122 0.624281

Position: -7.35456 9.09273 3.40222
Normal: -0.633655 -0.242105 0.734756
UV: 0.600122 0.624281

Position: -6.0561 8.66589 4.38137
Normal: -0.633655 -0.242105 0.734756
UV: 0.600122 0.624281

Position: -7.35456 9.09273 3.40222
Normal: -0.873948 -0.333916 -0.35315
UV: 0.554125 0.624281

Position: -4.35156 9.31715 -4.2416
Normal: -0.873948 -0.333916 -0.35315
UV: 0.554125 0.624281

Position: -4.65928 10.1225 -4.2416
Normal: -0.873948 -0.333916 -0.35315
UV: 0.554125 0.624281

Position: -7.04684 8.28735 3.40222
Normal: -0.873948 -0.333916 -0.35315
UV: 0.554125 0.624281

Position: -4.35156 9.31715 -4.2416
Normal: -0.686363 -0.262244 -0.678331
UV: 0.554125 0.624281

Position: 0.846643 11.3033 0.895767
Normal: 0.686363 0.262244 0.678331
UV: 0.554125 0.624281

Position: -4.25614 11.0485 0.510307
Normal: -0.633655 -0.242105 0.734756
UV: 0.528138 0.659312

Position: -5.82228 10.1153 -1.14784
Normal: -0.633655 -0.242105 0.734756
UV: 0.528138 0.659312

Position: -5.93392 10.4075 -1.14784
Normal: -0.633655 -0.242105 0.734756
UV: 0.528138 0.659312

Position: -4.1445 10.7564 0.510307
Normal: -0.633655 -0.242105 0.734756
UV: 0.528138 0.659312

Position: -2.7072 11.6404 -1.28576
Normal: -0.356913 0.934138 5.78164e-017
UV: 0.549924 0.659312

Position: -5.93392 10.4075 -1.14784
Normal: -0.356913 0.934138 5.78164e-017
UV: 0.549924 0.659312

Position: -4.38499 10.9993 -2.94391
Normal: -0.356913 0.934138 5.78164e-017
UV: 0.549924 0.659312

Position: -4.25614 11.0485 0.510307
Normal: -0.356913 0.934138 5.78164e-017
UV: 0.549924 0.659312

Position: -4.27335 10.7071 -2.94391
Normal: 0.633655 0.242105 -0.734756
UV: 0.528138 0.659312

Position: -2.59557 11.3482 -1.28576
Normal: 0.633655 0.242105 -0.734756
UV: 0.528138 0.659312

Position: -2.7072 11.6404 -1.28576
Normal: 0.633655 0.242105 -0.734756
UV: 0.528138 0.659312

Position: -4.38499 10.9993 -2.94391
Normal: 0.633655 0.242105 -0.734756
UV: 0.528138 0.659312

Position: -5.82228 10.1153 -1.14784
Normal: 0.356913 -0.934138 -5.78164e-017
UV: 0.528138 0.659312

Position: -2.59557 11.3482 -1.28576
Normal: 0.356913 -0.934138 -5.78164e-017
UV: 0.528138 0.659312

Position: -4.27335 10.7071 -2.94391
Normal: 0.356913 -0.934138 -5.78164e-017
UV: 0.528138 0.659312

Position: -4.1445 10.7564 0.510307
Normal: 0.356913 -0.934138 -5.78164e-017
UV: 0.528138 0.659312

Position: -5.93392 10.4075 -1.14784
Normal: -0.686363 -0.262244 -0.678331
UV: 0.528138 0.659312

Position: -4.27335 10.7071 -2.94391
Normal: -0.686363 -0.262244 -0.678331
UV: 0.528138 0.659312

Position: -4.38499 10.9993 -2.94391
Normal: -0.686363 -0.262244 -0.678331
UV: 0.528138 0.659312

Position: -5.82228 10.1153 -1.14784
Normal: -0.686363 -0.262244 -0.678331
UV: 0.528138 0.659312

Position: -4.25614 11.0485 0.510307
Normal: 0.686363 0.262244 0.678331
UV: 0.528138 0.659312

Position: -2.59557 11.3482 -1.28576
Normal: 0.686363 0.262244 0.678331
UV: 0.528138 0.659312

Position: -4.1445 10.7564 0.510307
Normal: 0.686363 0.262244 0.678331
UV: 0.528138 0.659312

Position: -2.7072 11.6404 -1.28576
Normal: 0.686363 0.262244 0.678331
UV: 0.528138 0.659312

Position: -5.50277 10.2374 3.87577
Normal: -0.633655 -0.242105 0.734756
UV: 0.528138 0.659312

Position: -6.23177 10.2937 3.26563
Normal: -0.633655 -0.242105 0.734756
UV: 0.528138 0.659312

Position: -5.6144 10.5296 3.87577
Normal: -0.633655 -0.242105 0.734756
UV: 0.528138 0.659312

Position: -6.12013 10.0015 3.26563
Normal: -0.633655 -0.242105 0.734756
UV: 0.528138 0.659312

Position: -4.68283 10.8855 1.46956
Normal: -0.356913 0.934138 -1.11792e-008
UV: 0.549924 0.659312

Position: -3.38941 11.3797 2.74785
Normal: -0.356913 0.934138 -1.11792e-008
UV: 0.549924 0.659312

Position: -5.6144 10.5296 3.87577
Normal: -0.356913 0.934138 -1.11792e-008
UV: 0.549924 0.659312

Position: -6.23177 10.2937 3.26563
Normal: -0.356913 0.934138 -1.11792e-008
UV: 0.549924 0.659312

Position: -3.27777 11.0875 2.74785
Normal: 0.633655 0.242105 -0.734756
UV: 0.528138 0.659312

Position: -4.68283 10.8855 1.46956
Normal: 0.633655 0.242105 -0.734756
UV: 0.528138 0.659312

Position: -4.5712 10.5933 1.46956
Normal: 0.633655 0.242105 -0.734756
UV: 0.528138 0.659312

Position: -3.38941 11.3797 2.74785
Normal: 0.633655 0.242105 -0.734756
UV: 0.528138 0.659312

Position: -4.5712 10.5933 1.46956
Normal: 0.356913 -0.934138 -5.78164e-017
UV: 0.528138 0.659312

Position: -5.50277 10.2374 3.87577
Normal: 0.356913 -0.934138 -5.78164e-017
UV: 0.528138 0.659312

Position: -3.27777 11.0875 2.74785
Normal: 0.356913 -0.934138 -5.78164e-017
UV: 0.528138 0.659312

Position: -6.12013 10.0015 3.26563
Normal: 0.356913 -0.934138 -5.78164e-017
UV: 0.528138 0.659312

Position: -6.23177 10.2937 3.26563
Normal: -0.686363 -0.262244 -0.678331
UV: 0.528138 0.659312

Position: -4.5712 10.5933 1.46956
Normal: -0.686363 -0.262244 -0.678331
UV: 0.528138 0.659312

Position: -4.68283 10.8855 1.46956
Normal: -0.686363 -0.262244 -0.678331
UV: 0.528138 0.659312

Position: -6.12013 10.0015 3.26563
Normal: -0.686363 -0.262244 -0.678331
UV: 0.528138 0.659312

Position: -3.27777 11.0875 2.74785
Normal: 0.399796 0.152753 0.903786
UV: 0.528138 0.659312

Position: -5.6144 10.5296 3.87577
Normal: 0.399796 0.152753 0.903786
UV: 0.528138 0.659312

Position: -3.38941 11.3797 2.74785
Normal: 0.399796 0.152753 0.903786
UV: 0.528138 0.659312

Position: -5.50277 10.2374 3.87577
Normal: 0.399796 0.152753 0.903786
UV: 0.528138 0.659312

Position: -5.67122 10.5079 1.77078
Normal: -0.633655 -0.242105 0.734756
UV: 0.483184 0.67014

Position: -6.17423 9.98085 1.16333
Normal: -0.633655 -0.242105 0.734756
UV: 0.483184 0.67014

Position: -6.28586 10.273 1.16333
Normal: -0.633655 -0.242105 0.734756
UV: 0.483184 0.67014

Position: -5.55959 10.2157 1.77078
Normal: -0.633655 -0.242105 0.734756
UV: 0.483184 0.67014

Position: -5.10379 10.7247 1.11281
Normal: -0.356913 0.934138 5.78164e-017
UV: 0.506337 0.67014

Position: -6.28586 10.273 1.16333
Normal: -0.356913 0.934138 5.78164e-017
UV: 0.506337 0.67014

Position: -5.71843 10.4898 0.50536
Normal: -0.356913 0.934138 5.78164e-017
UV: 0.506337 0.67014

Position: -5.67122 10.5079 1.77078
Normal: -0.356913 0.934138 5.78164e-017
UV: 0.506337 0.67014

Position: -4.99215 10.4325 1.11281
Normal: 0.633655 0.242105 -0.734756
UV: 0.483184 0.67014

Position: -5.71843 10.4898 0.50536
Normal: 0.633655 0.242105 -0.734756
UV: 0.483184 0.67014

Position: -5.60679 10.1977 0.50536
Normal: 0.633655 0.242105 -0.734756
UV: 0.483184 0.67014

Position: -5.10379 10.7247 1.11281
Normal: 0.633655 0.242105 -0.734756
UV: 0.483184 0.67014

Position: -6.17423 9.98085 1.16333
Normal: 0.356913 -0.934138 -5.78164e-017
UV: 0.483184 0.67014

Position: -4.99215 10.4325 1.11281
Normal: 0.356913 -0.934138 -5.78164e-017
UV: 0.483184 0.67014

Position: -5.60679 10.1977 0.50536
Normal: 0.356913 -0.934138 -5.78164e-017
UV: 0.483184 0.67014

Position: -5.55959 10.2157 1.77078
Normal: 0.356913 -0.934138 -5.78164e-017
UV: 0.483184 0.67014

Position: -5.60679 10.1977 0.50536
Normal: -0.686363 -0.262244 -0.678331
UV: 0.483184 0.67014

Position: -6.28586 10.273 1.16333
Normal: -0.686363 -0.262244 -0.678331
UV: 0.483184 0.67014

Position: -6.17423 9.98085 1.16333
Normal: -0.686363 -0.262244 -0.678331
UV: 0.483184 0.67014

Position: -5.71843 10.4898 0.50536
Normal: -0.686363 -0.262244 -0.678331
UV: 0.483184 0.67014

Position: -5.67122 10.5079 1.77078
Normal: 0.686363 0.262244 0.678331
UV: 0.483184 0.67014

Position: -4.99215 10.4325 1.11281
Normal: 0.686363 0.262244 0.678331
UV: 0.483184 0.67014

Position: -5.55959 10.2157 1.77078
Normal: 0.686363 0.262244 0.678331
UV: 0.483184 0.67014

Position: -5.10379 10.7247 1.11281
Normal: 0.686363 0.262244 0.678331
UV: 0.483184 0.67014

Position: -2.3566 11.7743 1.39885
Normal: -0.633655 -0.242105 0.734756
UV: 0.483184 0.67014

Position: -2.85959 11.2473 0.791412
Normal: -0.633655 -0.242105 0.734756
UV: 0.483184 0.67014

Position: -2.97123 11.5395 0.791412
Normal: -0.633655 -0.242105 0.734756
UV: 0.483184 0.67014

Position: -2.24496 11.4821 1.39885
Normal: -0.633655 -0.242105 0.734756
UV: 0.483184 0.67014

Position: -1.78916 11.9911 0.740883
Normal: -0.356913 0.934138 5.78164e-017
UV: 0.506337 0.67014

Position: -2.97123 11.5395 0.791412
Normal: -0.356913 0.934138 5.78164e-017
UV: 0.506337 0.67014

Position: -2.4038 11.7563 0.133442
Normal: -0.356913 0.934138 5.78164e-017
UV: 0.506337 0.67014

Position: -2.3566 11.7743 1.39885
Normal: -0.356913 0.934138 5.78164e-017
UV: 0.506337 0.67014

Position: -1.67753 11.6989 0.740883
Normal: 0.633655 0.242105 -0.734756
UV: 0.483184 0.67014

Position: -2.4038 11.7563 0.133442
Normal: 0.633655 0.242105 -0.734756
UV: 0.483184 0.67014

Position: -2.29216 11.4641 0.133442
Normal: 0.633655 0.242105 -0.734756
UV: 0.483184 0.67014

Position: -1.78916 11.9911 0.740883
Normal: 0.633655 0.242105 -0.734756
UV: 0.483184 0.67014

Position: -2.85959 11.2473 0.791412
Normal: 0.356913 -0.934138 -5.78164e-017
UV: 0.483184 0.67014

Position: -1.67753 11.6989 0.740883
Normal: 0.356913 -0.934138 -5.78164e-017
UV: 0.483184 0.67014

Position: -2.29216 11.4641 0.133442
Normal: 0.356913 -0.934138 -5.78164e-017
UV: 0.483184 0.67014

Position: -2.24496 11.4821 1.39885
Normal: 0.356913 -0.934138 -5.78164e-017
UV: 0.483184 0.67014

Position: -2.29216 11.4641 0.133442
Normal: -0.686363 -0.262244 -0.678331
UV: 0.483184 0.67014

Position: -2.97123 11.5395 0.791412
Normal: -0.686363 -0.262244 -0.678331
UV: 0.483184 0.67014

Position: -2.85959 11.2473 0.791412
Normal: -0.686363 -0.262244 -0.678331
UV: 0.483184 0.67014

Position: -2.4038 11.7563 0.133442
Normal: -0.686363 -0.262244 -0.678331
UV: 0.483184 0.67014

Position: -2.3566 11.7743 1.39885
Normal: 0.686363 0.262244 0.678331
UV: 0.483184 0.67014

Position: -1.67753 11.6989 0.740883
Normal: 0.686363 0.262244 0.678331
UV: 0.483184 0.67014

Position: -2.24496 11.4821 1.39885
Normal: 0.686363 0.262244 0.678331
UV: 0.483184 0.67014

Position: -1.78916 11.9911 0.740883
Normal: 0.686363 0.262244 0.678331
UV: 0.483184 0.67014


[INDEX_DATA]
0 2 1
2 3 1
4 6 5
5 7 4
8 10 9
8 11 10
12 14 13
14 12 15
16 18 17
18 19 17
20 22 21
21 23 20
24 26 25
25 27 24
28 30 29
29 31 28
32 34 33
33 35 32
36 38 37
36 39 38
40 42 41
41 42 43
44 46 45
44 47 46
48 50 49
49 50 51
52 54 53
53 55 52
56 58 57
57 59 56
60 62 61
63 61 62
64 66 65
64 67 66
68 70 69
68 71 70
72 74 73
74 75 73
76 78 77
76 79 78
80 82 81
82 80 83
84 86 85
85 87 84
88 90 89
89 91 88
92 94 93
93 95 92
96 98 97
96 99 98
100 102 101
101 103 100
104 106 105
107 105 106
108 110 109
109 111 108
112 114 113
113 115 112
116 118 117
116 119 118
120 122 121
122 123 121
124 126 125
124 127 126
128 130 129
130 128 131
132 134 133
132 135 134
136 138 137
138 139 137
140 142 141
140 143 142
144 146 145
146 144 147
148 150 149
148 151 150
152 154 153
153 155 152
156 158 157
156 159 158
160 162 161
162 160 163
164 166 165
164 167 166
168 170 169
169 171 168
172 174 173
172 175 174
176 178 177
178 176 179
180 182 181
180 183 182
184 186 185
184 187 186
188 190 189
188 191 190
192 194 193
193 195 192
196 191 188
196 197 191
198 200 199
201 199 200
202 204 203
203 192 202
187 205 186
187 206 205
198 199 207
199 208 207
209 211 210
209 212 211
213 215 214
216 214 215
217 219 218
217 220 219
221 210 222
221 209 210
223 225 224
225 226 224
227 229 228
228 230 227
231 233 232
232 234 231
235 237 236
236 238 235
239 241 240
240 242 239
243 245 244
244 246 243
247 249 248
249 250 248
251 252 235
252 237 235
253 255 254
255 243 254
256 258 257
257 258 259
260 262 261
262 260 263
264 266 265
265 266 267
246 244 268
268 269 246
238 236 270
270 271 238
272 274 273
273 275 272
225 277 276
276 226 225
266 264 278
279 278 264
247 281 280
247 248 281
282 227 230
230 283 282
284 272 275
275 285 284
286 288 287
287 288 289
290 292 291
291 293 290
294 296 295
295 296 297
294 298 296
298 299 296
231 301 300
300 233 231
290 303 302
302 292 290
239 305 304
304 241 239
306 294 307
307 294 295
306 308 294
308 298 294
263 260 301
260 300 301
289 288 303
288 302 303
305 258 309
309 304 305
310 312 311
310 313 312
314 316 315
315 317 314
318 320 319
319 321 318
322 324 323
324 325 323
326 328 327
328 326 329
330 202 192
192 195 330
203 194 192
203 331 194
220 332 219
220 333 332
334 239 242
242 335 334
254 243 246
246 336 254
337 245 255
255 245 243
309 256 338
256 309 258
246 269 339
339 336 246
340 305 239
239 334 340
259 258 305
305 340 259
341 343 342
341 344 343
345 347 346
347 348 346
349 351 350
349 352 351
353 355 354
353 356 355
357 359 358
359 357 360
361 363 362
362 364 361
365 367 366
365 368 367
369 371 370
370 372 369
373 375 374
373 376 375
377 379 378
378 380 377
381 383 382
382 384 381
385 387 386
386 388 385
389 391 390
390 392 389
393 395 394
394 396 393
397 399 398
398 400 397
401 403 402
402 404 401
405 407 406
406 408 405
409 411 410
411 412 410
413 395 414
395 413 394
415 417 416
416 418 415
419 421 420
420 422 419
411 423 412
417 424 416
425 427 426
426 428 425
429 431 430
430 432 429
433 435 434
434 436 433
410 437 409
438 415 418
439 441 440
440 442 439
443 445 444
444 446 443
447 449 448
449 447 450
451 453 452
452 454 451
455 457 456
456 458 455
459 461 460
460 462 459
463 465 464
464 466 463
467 469 468
467 470 469
471 473 472
472 474 471
475 477 476
476 478 475
479 481 480
480 482 479
483 485 484
484 486 483
487 489 488
488 490 487
491 493 492
492 494 491
495 497 496
496 498 495
499 501 500
500 502 499
503 505 504
504 506 503
507 509 508
508 510 507
511 513 512
512 514 511
515 517 516
516 518 515
519 521 520
520 522 519
523 525 524
524 526 523
527 529 528
528 530 527
531 533 532
532 534 531

