[FBX_META_DATA]
MeshCount: 1

[MESH_DATA]
VertexCount: 444
IndexCount: 864
BoneCount: 0
AnimationClips: 0

[VERTEX_DATA]
Position: -0.204877 -3.51099e-007 -0.97353
Normal: -0.707107 0 -0.707106
UV: 0.594332 0.504701

Position: 0.0349114 3.51099e-007 -1.21332
Normal: -0.707107 0 -0.707106
UV: 0.594332 0.504802

Position: -0.204877 0.331357 -0.97353
Normal: -0.707107 0 -0.707106
UV: 0.637993 0.504701

Position: 0.0349114 0.331358 -1.21332
Normal: -0.707107 0 -0.707106
UV: 0.637993 0.504802

Position: 0.362469 1.17033e-006 -1.30109
Normal: -0.258819 0 -0.965926
UV: 0.594332 0.504939

Position: 0.0349114 0.331358 -1.21332
Normal: -0.258819 0 -0.965926
UV: 0.637993 0.504802

Position: 0.0349114 3.51099e-007 -1.21332
Normal: -0.258819 0 -0.965926
UV: 0.594332 0.504802

Position: 0.362469 0.331358 -1.30109
Normal: -0.258819 0 -0.965926
UV: 0.637993 0.504939

Position: 0.690025 2.10659e-006 -1.21332
Normal: 0.25882 0 -0.965925
UV: 0.594332 0.505076

Position: 0.362469 0.331358 -1.30109
Normal: 0.25882 0 -0.965925
UV: 0.637993 0.504939

Position: 0.362469 1.17033e-006 -1.30109
Normal: 0.25882 0 -0.965925
UV: 0.594332 0.504939

Position: 0.690025 0.331359 -1.21332
Normal: 0.25882 0 -0.965925
UV: 0.637993 0.505076

Position: 0.929815 2.80879e-006 -0.97353
Normal: 0.707104 0 -0.707109
UV: 0.594332 0.505177

Position: 0.690025 0.331359 -1.21332
Normal: 0.707104 0 -0.707109
UV: 0.637993 0.505076

Position: 0.690025 2.10659e-006 -1.21332
Normal: 0.707104 0 -0.707109
UV: 0.594332 0.505076

Position: 0.929815 0.33136 -0.97353
Normal: 0.707104 0 -0.707109
UV: 0.637993 0.505177

Position: 1.01758 3.04286e-006 -0.645973
Normal: 0.965926 0 -0.25882
UV: 0.589951 0.505412

Position: 1.01758 0.33136 -0.645973
Normal: 0.965926 0 -0.25882
UV: 0.546291 0.505412

Position: 0.929815 0.33136 -0.97353
Normal: 0.965926 0 -0.25882
UV: 0.546291 0.505549

Position: 0.929815 2.80879e-006 -0.97353
Normal: 0.965926 0 -0.25882
UV: 0.589951 0.505549

Position: 0.929815 0.33136 -0.318415
Normal: 0.965925 0 0.25882
UV: 0.546291 0.505275

Position: 1.01758 3.04286e-006 -0.645973
Normal: 0.965925 0 0.25882
UV: 0.589951 0.505412

Position: 0.929815 2.80879e-006 -0.318415
Normal: 0.965926 0 0.25882
UV: 0.589951 0.505275

Position: 1.01758 0.33136 -0.645973
Normal: 0.965926 0 0.25882
UV: 0.546291 0.505412

Position: 0.690025 0.331359 -0.0786265
Normal: 0.707105 0 0.707109
UV: 0.546291 0.505174

Position: 0.929815 2.80879e-006 -0.318415
Normal: 0.707105 0 0.707109
UV: 0.589951 0.505275

Position: 0.690025 2.10659e-006 -0.0786265
Normal: 0.707105 0 0.707109
UV: 0.589951 0.505174

Position: 0.929815 0.33136 -0.318415
Normal: 0.707105 0 0.707109
UV: 0.546291 0.505275

Position: 0.362469 0.331358 0.00914227
Normal: 0.25882 0 0.965925
UV: 0.546291 0.505026

Position: 0.690025 2.10659e-006 -0.0786265
Normal: 0.25882 0 0.965925
UV: 0.589951 0.505163

Position: 0.362469 1.17033e-006 0.00914227
Normal: 0.25882 0 0.965925
UV: 0.589951 0.505026

Position: 0.690025 0.331359 -0.0786265
Normal: 0.25882 0 0.965925
UV: 0.546291 0.505163

Position: 0.0349114 0.331358 -0.0786265
Normal: -0.258819 0 0.965926
UV: 0.546291 0.504888

Position: 0.362469 1.17033e-006 0.00914227
Normal: -0.258819 0 0.965926
UV: 0.589951 0.505026

Position: 0.0349114 3.51099e-007 -0.0786265
Normal: -0.258819 0 0.965926
UV: 0.589951 0.504888

Position: 0.362469 0.331358 0.00914227
Normal: -0.258819 0 0.965926
UV: 0.546291 0.505026

Position: 0.0349114 3.51099e-007 -0.0786265
Normal: -0.707107 0 0.707106
UV: 0.589951 0.504888

Position: -0.204877 0.331357 -0.318415
Normal: -0.707107 0 0.707106
UV: 0.546291 0.504788

Position: 0.0349114 0.331358 -0.0786265
Normal: -0.707107 0 0.707106
UV: 0.546291 0.504888

Position: -0.204877 -3.51099e-007 -0.318415
Normal: -0.707107 0 0.707106
UV: 0.589951 0.504788

Position: -0.204877 -3.51099e-007 -0.318415
Normal: -0.965926 0 0.25882
UV: 0.589951 0.504777

Position: -0.292646 0.331357 -0.645973
Normal: -0.965926 0 0.25882
UV: 0.546291 0.50464

Position: -0.204877 0.331357 -0.318415
Normal: -0.965926 0 0.25882
UV: 0.546291 0.504777

Position: -0.292646 -5.85165e-007 -0.645973
Normal: -0.965926 0 0.25882
UV: 0.589951 0.50464

Position: -0.292646 -5.85165e-007 -0.645973
Normal: -0.965926 0 -0.25882
UV: 0.589951 0.50464

Position: -0.204877 -3.51099e-007 -0.97353
Normal: -0.965926 0 -0.25882
UV: 0.589951 0.504503

Position: -0.292646 0.331357 -0.645973
Normal: -0.965926 0 -0.25882
UV: 0.546291 0.50464

Position: -0.204877 0.331357 -0.97353
Normal: -0.965926 0 -0.25882
UV: 0.546291 0.504503

Position: 0.0349114 0.331358 -1.21332
Normal: -2.75403e-006 1 2.29965e-007
UV: 0.589643 0.519115

Position: 0.362469 0.331358 -0.645973
Normal: -2.75403e-006 1 2.29965e-007
UV: 0.589643 0.596579

Position: -0.204877 0.331357 -0.97353
Normal: -2.75403e-006 1 2.29965e-007
UV: 0.589643 0.519115

Position: 0.362469 0.331358 -1.30109
Normal: -2.44351e-006 1 0
UV: 0.589643 0.519115

Position: 0.690025 0.331359 -1.21332
Normal: -2.8878e-006 1 0
UV: 0.589643 0.519115

Position: 0.929815 0.33136 -0.97353
Normal: -2.91664e-006 1 -1.37978e-007
UV: 0.589643 0.519115

Position: 1.01758 0.33136 -0.645973
Normal: -2.88779e-006 1 1.14982e-007
UV: 0.589643 0.519115

Position: 0.929815 0.33136 -0.318415
Normal: -2.88779e-006 1 -1.14982e-007
UV: 0.589643 0.519115

Position: 0.690025 0.331359 -0.0786265
Normal: -2.91664e-006 1 1.37978e-007
UV: 0.589643 0.519115

Position: 0.362469 0.331358 0.00914227
Normal: -2.8878e-006 1 0
UV: 0.589643 0.519115

Position: 0.0349114 0.331358 -0.0786265
Normal: -2.44351e-006 1 0
UV: 0.589643 0.519115

Position: -0.204877 0.331357 -0.318415
Normal: -2.75403e-006 1 -2.29965e-007
UV: 0.589643 0.519115

Position: -0.292646 0.331357 -0.645973
Normal: -2.66565e-006 1 -2.29964e-008
UV: 0.589643 0.519115

Position: -0.204877 -3.51099e-007 -0.97353
Normal: 2.77197e-006 -1 -1.56431e-007
UV: 0.589643 0.519115

Position: 0.362469 1.17033e-006 -0.645973
Normal: 2.77197e-006 -1 -1.56431e-007
UV: 0.589643 0.596201

Position: 0.0349114 3.51099e-007 -1.21332
Normal: 2.77197e-006 -1 -1.56431e-007
UV: 0.589643 0.519115

Position: 0.362469 1.17033e-006 -1.30109
Normal: 2.50103e-006 -1 0
UV: 0.589643 0.519115

Position: 0.690025 2.10659e-006 -1.21332
Normal: 2.85834e-006 -1 0
UV: 0.589643 0.519115

Position: 0.929815 2.80879e-006 -0.97353
Normal: 2.90274e-006 -1 2.56393e-008
UV: 0.589643 0.519115

Position: 1.01758 3.04286e-006 -0.645973
Normal: 2.85832e-006 -1 -5.13086e-008
UV: 0.589643 0.519115

Position: 0.929815 2.80879e-006 -0.318415
Normal: 2.85832e-006 -1 5.13087e-008
UV: 0.589643 0.519115

Position: 0.690025 2.10659e-006 -0.0786265
Normal: 2.90274e-006 -1 -2.56393e-008
UV: 0.589643 0.519115

Position: 0.362469 1.17033e-006 0.00914227
Normal: 2.85834e-006 -1 0
UV: 0.589643 0.519115

Position: 0.0349114 3.51099e-007 -0.0786265
Normal: 2.50103e-006 -1 0
UV: 0.589643 0.519115

Position: -0.204877 -3.51099e-007 -0.318415
Normal: 2.77197e-006 -1 1.56431e-007
UV: 0.589643 0.519115

Position: -0.292646 -5.85165e-007 -0.645973
Normal: 2.67967e-006 -1 -3.43955e-009
UV: 0.589643 0.519115

Position: -0.994749 -2.57473e-006 -0.485497
Normal: -0.707104 0 -0.70711
UV: 0.594332 0.504802

Position: -1.21782 0.331354 -0.262428
Normal: -0.707104 0 -0.70711
UV: 0.637993 0.504701

Position: -1.21782 -3.15989e-006 -0.262428
Normal: -0.707104 0 -0.70711
UV: 0.594332 0.504701

Position: -0.994749 0.331355 -0.485497
Normal: -0.707104 0 -0.70711
UV: 0.637993 0.504802

Position: -0.690032 -1.7555e-006 -0.567146
Normal: -0.25882 0 -0.965926
UV: 0.594332 0.504939

Position: -0.994749 0.331355 -0.485497
Normal: -0.25882 0 -0.965926
UV: 0.637993 0.504802

Position: -0.994749 -2.57473e-006 -0.485497
Normal: -0.25882 0 -0.965926
UV: 0.594332 0.504802

Position: -0.690032 0.331355 -0.567146
Normal: -0.25882 0 -0.965926
UV: 0.637993 0.504939

Position: -0.385316 -9.36264e-007 -0.485497
Normal: 0.25882 0 -0.965926
UV: 0.594332 0.505076

Position: -0.690032 0.331355 -0.567146
Normal: 0.25882 0 -0.965926
UV: 0.637993 0.504939

Position: -0.690032 -1.7555e-006 -0.567146
Normal: 0.25882 0 -0.965926
UV: 0.594332 0.504939

Position: -0.385316 0.331356 -0.485497
Normal: 0.25882 0 -0.965926
UV: 0.637993 0.505076

Position: -0.162247 -2.34066e-007 -0.262428
Normal: 0.707107 0 -0.707107
UV: 0.594332 0.505177

Position: -0.385316 0.331356 -0.485497
Normal: 0.707107 0 -0.707107
UV: 0.637993 0.505076

Position: -0.385316 -9.36264e-007 -0.485497
Normal: 0.707107 0 -0.707107
UV: 0.594332 0.505076

Position: -0.162247 0.331357 -0.262428
Normal: 0.707107 0 -0.707107
UV: 0.637993 0.505177

Position: -0.0805974 0 0.0422891
Normal: 0.965925 0 -0.258822
UV: 0.589951 0.505412

Position: -0.0805974 0.331357 0.0422891
Normal: 0.965925 0 -0.258822
UV: 0.546291 0.505412

Position: -0.162247 0.331357 -0.262428
Normal: 0.965925 0 -0.258822
UV: 0.546291 0.505549

Position: -0.162247 -2.34066e-007 -0.262428
Normal: 0.965925 0 -0.258822
UV: 0.589951 0.505549

Position: -0.162247 0.331357 0.347006
Normal: 0.965925 0 0.258822
UV: 0.546291 0.505275

Position: -0.0805974 0 0.0422891
Normal: 0.965925 0 0.258822
UV: 0.589951 0.505412

Position: -0.162247 -2.34066e-007 0.347006
Normal: 0.965925 0 0.258822
UV: 0.589951 0.505275

Position: -0.0805974 0.331357 0.0422891
Normal: 0.965925 0 0.258822
UV: 0.546291 0.505412

Position: -0.385316 0.331356 0.570075
Normal: 0.707107 0 0.707107
UV: 0.546291 0.505174

Position: -0.162247 -2.34066e-007 0.347006
Normal: 0.707107 0 0.707107
UV: 0.589951 0.505275

Position: -0.385316 -9.36264e-007 0.570075
Normal: 0.707107 0 0.707107
UV: 0.589951 0.505174

Position: -0.162247 0.331357 0.347006
Normal: 0.707107 0 0.707107
UV: 0.546291 0.505275

Position: -0.690032 0.331355 0.651724
Normal: 0.25882 0 0.965926
UV: 0.546291 0.505026

Position: -0.385316 -9.36264e-007 0.570075
Normal: 0.25882 0 0.965926
UV: 0.589951 0.505163

Position: -0.690032 -1.7555e-006 0.651724
Normal: 0.25882 0 0.965926
UV: 0.589951 0.505026

Position: -0.385316 0.331356 0.570075
Normal: 0.25882 0 0.965926
UV: 0.546291 0.505163

Position: -0.994749 0.331355 0.570075
Normal: -0.25882 0 0.965926
UV: 0.546291 0.504888

Position: -0.690032 -1.7555e-006 0.651724
Normal: -0.25882 0 0.965926
UV: 0.589951 0.505026

Position: -0.994749 -2.57473e-006 0.570075
Normal: -0.25882 0 0.965926
UV: 0.589951 0.504888

Position: -0.690032 0.331355 0.651724
Normal: -0.25882 0 0.965926
UV: 0.546291 0.505026

Position: -1.21782 0.331354 0.347006
Normal: -0.707104 0 0.70711
UV: 0.546291 0.504788

Position: -0.994749 -2.57473e-006 0.570075
Normal: -0.707104 0 0.70711
UV: 0.589951 0.504888

Position: -1.21782 -3.15989e-006 0.347006
Normal: -0.707104 0 0.70711
UV: 0.589951 0.504788

Position: -0.994749 0.331355 0.570075
Normal: -0.707104 0 0.70711
UV: 0.546291 0.504888

Position: -1.21782 -3.15989e-006 0.347006
Normal: -0.965927 0 0.258816
UV: 0.589951 0.504777

Position: -1.29947 0.331354 0.0422891
Normal: -0.965927 0 0.258816
UV: 0.546291 0.50464

Position: -1.21782 0.331354 0.347006
Normal: -0.965927 0 0.258816
UV: 0.546291 0.504777

Position: -1.29947 -3.39396e-006 0.0422891
Normal: -0.965927 0 0.258816
UV: 0.589951 0.50464

Position: -1.29947 -3.39396e-006 0.0422891
Normal: -0.965927 0 -0.258816
UV: 0.589951 0.50464

Position: -1.21782 -3.15989e-006 -0.262428
Normal: -0.965927 0 -0.258816
UV: 0.589951 0.504503

Position: -1.29947 0.331354 0.0422891
Normal: -0.965927 0 -0.258816
UV: 0.546291 0.50464

Position: -1.21782 0.331354 -0.262428
Normal: -0.965927 0 -0.258816
UV: 0.546291 0.504503

Position: -0.994749 0.331355 -0.485497
Normal: -2.64492e-006 1 -5.31458e-008
UV: 0.589643 0.519115

Position: -0.690032 0.331355 0.0422891
Normal: -2.64492e-006 1 -5.31458e-008
UV: 0.589643 0.596579

Position: -1.21782 0.331354 -0.262428
Normal: -2.64492e-006 1 -5.31458e-008
UV: 0.589643 0.519115

Position: -0.690032 0.331355 -0.567146
Normal: -2.70627e-006 1 0
UV: 0.589643 0.519115

Position: -0.385316 0.331356 -0.485497
Normal: -2.70627e-006 1 0
UV: 0.589643 0.519115

Position: -0.162247 0.331357 -0.262428
Normal: -2.98959e-006 1 -5.31461e-008
UV: 0.589643 0.519115

Position: -0.0805974 0.331357 0.0422891
Normal: -2.86545e-006 1 1.06292e-007
UV: 0.589643 0.519115

Position: -0.162247 0.331357 0.347006
Normal: -2.86545e-006 1 -1.06292e-007
UV: 0.589643 0.519115

Position: -0.385316 0.331356 0.570075
Normal: -2.98959e-006 1 5.31461e-008
UV: 0.589643 0.519115

Position: -0.690032 0.331355 0.651724
Normal: -2.70627e-006 1 0
UV: 0.589643 0.519115

Position: -0.994749 0.331355 0.570075
Normal: -2.70627e-006 1 0
UV: 0.589643 0.519115

Position: -1.21782 0.331354 0.347006
Normal: -2.64492e-006 1 5.31459e-008
UV: 0.589643 0.519115

Position: -1.29947 0.331354 0.0422891
Normal: -2.70626e-006 1 -1.32865e-007
UV: 0.589643 0.519115

Position: -1.21782 -3.15989e-006 -0.262428
Normal: 2.64712e-006 -1 2.38903e-008
UV: 0.589643 0.519115

Position: -0.690032 -1.7555e-006 0.0422891
Normal: 2.64712e-006 -1 2.38903e-008
UV: 0.589643 0.596201

Position: -0.994749 -2.57473e-006 -0.485497
Normal: 2.64712e-006 -1 2.38903e-008
UV: 0.589643 0.519115

Position: -0.690032 -1.7555e-006 -0.567146
Normal: 2.6885e-006 -1 0
UV: 0.589643 0.519115

Position: -0.385316 -9.36264e-007 -0.485497
Normal: 2.6885e-006 -1 0
UV: 0.589643 0.519115

Position: -0.162247 -2.34066e-007 -0.262428
Normal: 2.97975e-006 -1 1.68151e-007
UV: 0.589643 0.519115

Position: -0.0805974 0 0.0422891
Normal: 2.88053e-006 -1 -3.70274e-009
UV: 0.589643 0.519115

Position: -0.162247 -2.34066e-007 0.347006
Normal: 2.88053e-006 -1 3.70274e-009
UV: 0.589643 0.519115

Position: -0.385316 -9.36264e-007 0.570075
Normal: 2.97975e-006 -1 -1.68151e-007
UV: 0.589643 0.519115

Position: -0.690032 -1.7555e-006 0.651724
Normal: 2.6885e-006 -1 0
UV: 0.589643 0.519115

Position: -0.994749 -2.57473e-006 0.570075
Normal: 2.6885e-006 -1 0
UV: 0.589643 0.519115

Position: -1.21782 -3.15989e-006 0.347006
Normal: 2.64712e-006 -1 -2.38903e-008
UV: 0.589643 0.519115

Position: -1.29947 -3.39396e-006 0.0422891
Normal: 2.6885e-006 -1 4.77699e-008
UV: 0.589643 0.519115

Position: 0.253606 9.36264e-007 1.84912e-005
Normal: -0.707106 0 -0.707108
UV: 0.594332 0.504802

Position: -0.00160288 0.331357 0.255226
Normal: -0.707106 0 -0.707108
UV: 0.637993 0.504701

Position: -0.00160288 2.34066e-007 0.255226
Normal: -0.707106 0 -0.707108
UV: 0.594332 0.504701

Position: 0.253606 0.331358 1.84912e-005
Normal: -0.707106 0 -0.707108
UV: 0.637993 0.504802

Position: 0.602226 1.87253e-006 -0.093394
Normal: -0.258819 0 -0.965926
UV: 0.594332 0.504939

Position: 0.253606 0.331358 1.84912e-005
Normal: -0.258819 0 -0.965926
UV: 0.637993 0.504802

Position: 0.253606 9.36264e-007 1.84912e-005
Normal: -0.258819 0 -0.965926
UV: 0.594332 0.504802

Position: 0.602226 0.331359 -0.093394
Normal: -0.258819 0 -0.965926
UV: 0.637993 0.504939

Position: 0.950845 2.80879e-006 1.84912e-005
Normal: 0.258819 0 -0.965926
UV: 0.594332 0.505076

Position: 0.602226 0.331359 -0.093394
Normal: 0.258819 0 -0.965926
UV: 0.637993 0.504939

Position: 0.602226 1.87253e-006 -0.093394
Normal: 0.258819 0 -0.965926
UV: 0.594332 0.504939

Position: 0.950845 0.33136 1.84912e-005
Normal: 0.258819 0 -0.965926
UV: 0.637993 0.505076

Position: 1.20605 3.51099e-006 0.255226
Normal: 0.707106 0 -0.707108
UV: 0.594332 0.505177

Position: 0.950845 0.33136 1.84912e-005
Normal: 0.707106 0 -0.707108
UV: 0.637993 0.505076

Position: 0.950845 2.80879e-006 1.84912e-005
Normal: 0.707106 0 -0.707108
UV: 0.594332 0.505076

Position: 1.20605 0.331361 0.255226
Normal: 0.707106 0 -0.707108
UV: 0.637993 0.505177

Position: 1.29947 3.86209e-006 0.603847
Normal: 0.965926 0 -0.25882
UV: 0.589951 0.505412

Position: 1.29947 0.331361 0.603847
Normal: 0.965926 0 -0.25882
UV: 0.546291 0.505412

Position: 1.20605 0.331361 0.255226
Normal: 0.965926 0 -0.25882
UV: 0.546291 0.505549

Position: 1.20605 3.51099e-006 0.255226
Normal: 0.965926 0 -0.25882
UV: 0.589951 0.505549

Position: 1.20605 0.331361 0.952467
Normal: 0.965926 0 0.25882
UV: 0.546291 0.505275

Position: 1.29947 3.86209e-006 0.603847
Normal: 0.965926 0 0.25882
UV: 0.589951 0.505412

Position: 1.20605 3.51099e-006 0.952467
Normal: 0.965926 0 0.25882
UV: 0.589951 0.505275

Position: 1.29947 0.331361 0.603847
Normal: 0.965926 0 0.25882
UV: 0.546291 0.505412

Position: 0.950845 0.33136 1.20768
Normal: 0.707106 0 0.707108
UV: 0.546291 0.505174

Position: 1.20605 3.51099e-006 0.952467
Normal: 0.707106 0 0.707108
UV: 0.589951 0.505275

Position: 0.950845 2.80879e-006 1.20768
Normal: 0.707106 0 0.707108
UV: 0.589951 0.505174

Position: 1.20605 0.331361 0.952467
Normal: 0.707106 0 0.707108
UV: 0.546291 0.505275

Position: 0.602226 0.331359 1.30109
Normal: 0.25882 0 0.965926
UV: 0.546291 0.505026

Position: 0.950845 2.80879e-006 1.20768
Normal: 0.258819 0 0.965926
UV: 0.589951 0.505163

Position: 0.602226 1.87253e-006 1.30109
Normal: 0.258819 0 0.965926
UV: 0.589951 0.505026

Position: 0.950845 0.33136 1.20768
Normal: 0.258819 0 0.965926
UV: 0.546291 0.505163

Position: 0.253606 0.331358 1.20768
Normal: -0.25882 0 0.965926
UV: 0.546291 0.504888

Position: 0.602226 1.87253e-006 1.30109
Normal: -0.25882 0 0.965926
UV: 0.589951 0.505026

Position: 0.253606 9.36264e-007 1.20768
Normal: -0.25882 0 0.965926
UV: 0.589951 0.504888

Position: 0.602226 0.331359 1.30109
Normal: -0.25882 0 0.965926
UV: 0.546291 0.505026

Position: -0.00160288 0.331357 0.952467
Normal: -0.707106 0 0.707108
UV: 0.546291 0.504788

Position: 0.253606 9.36264e-007 1.20768
Normal: -0.707106 0 0.707108
UV: 0.589951 0.504888

Position: -0.00160288 2.34066e-007 0.952467
Normal: -0.707106 0 0.707108
UV: 0.589951 0.504788

Position: 0.253606 0.331358 1.20768
Normal: -0.707106 0 0.707108
UV: 0.546291 0.504888

Position: -0.00160288 2.34066e-007 0.952467
Normal: -0.965926 0 0.25882
UV: 0.589951 0.504777

Position: -0.0950158 0.331357 0.603847
Normal: -0.965926 0 0.25882
UV: 0.546291 0.50464

Position: -0.00160288 0.331357 0.952467
Normal: -0.965926 0 0.25882
UV: 0.546291 0.504777

Position: -0.0950158 -1.17033e-007 0.603847
Normal: -0.965926 0 0.25882
UV: 0.589951 0.50464

Position: -0.0950158 -1.17033e-007 0.603847
Normal: -0.965926 0 -0.25882
UV: 0.589951 0.50464

Position: -0.00160288 2.34066e-007 0.255226
Normal: -0.965926 0 -0.25882
UV: 0.589951 0.504503

Position: -0.0950158 0.331357 0.603847
Normal: -0.965926 0 -0.25882
UV: 0.546291 0.50464

Position: -0.00160288 0.331357 0.255226
Normal: -0.965926 0 -0.25882
UV: 0.546291 0.504503

Position: 0.253606 0.331358 1.84912e-005
Normal: -2.71496e-006 1 1.62413e-007
UV: 0.589643 0.519115

Position: 0.602226 0.331359 0.603847
Normal: -2.71496e-006 1 1.62412e-007
UV: 0.589643 0.596579

Position: -0.00160288 0.331357 0.255226
Normal: -2.71496e-006 1 1.62413e-007
UV: 0.589643 0.519115

Position: 0.602226 0.331359 -0.093394
Normal: -2.64374e-006 1 0
UV: 0.589643 0.519115

Position: 0.950845 0.33136 1.84912e-005
Normal: -2.71332e-006 1 0
UV: 0.589643 0.519115

Position: 1.20605 0.331361 0.255226
Normal: -2.74042e-006 1 8.12062e-008
UV: 0.589643 0.519115

Position: 1.29947 0.331361 0.603847
Normal: -2.85245e-006 1 -2.43619e-007
UV: 0.589643 0.519115

Position: 1.20605 0.331361 0.952467
Normal: -2.85246e-006 1 2.43619e-007
UV: 0.589643 0.519115

Position: 0.950845 0.33136 1.20768
Normal: -2.74042e-006 1 -8.12062e-008
UV: 0.589643 0.519115

Position: 0.602226 0.331359 1.30109
Normal: -2.71332e-006 1 0
UV: 0.589643 0.519115

Position: 0.253606 0.331358 1.20768
Normal: -2.64374e-006 1 0
UV: 0.589643 0.519115

Position: -0.00160288 0.331357 0.952467
Normal: -2.71496e-006 1 -1.62412e-007
UV: 0.589643 0.519115

Position: -0.0950158 0.331357 0.603847
Normal: -2.85245e-006 1 -2.43619e-007
UV: 0.589643 0.519115

Position: -0.00160288 2.34066e-007 0.255226
Normal: 2.72737e-006 -1 -2.40976e-008
UV: 0.589643 0.519115

Position: 0.602226 1.87253e-006 0.603847
Normal: 2.72737e-006 -1 -2.40976e-008
UV: 0.589643 0.596201

Position: 0.253606 9.36264e-007 1.84912e-005
Normal: 2.72737e-006 -1 -2.40976e-008
UV: 0.589643 0.519115

Position: 0.602226 1.87253e-006 -0.093394
Normal: 2.68563e-006 -1 0
UV: 0.589643 0.519115

Position: 0.950845 2.80879e-006 1.84912e-005
Normal: 2.68563e-006 -1 0
UV: 0.589643 0.519115

Position: 1.20605 3.51099e-006 0.255226
Normal: 2.72737e-006 -1 2.40969e-008
UV: 0.589643 0.519115

Position: 1.29947 3.86209e-006 0.603847
Normal: 2.85348e-006 -1 2.42521e-007
UV: 0.589643 0.519115

Position: 1.20605 3.51099e-006 0.952467
Normal: 2.85348e-006 -1 -2.42521e-007
UV: 0.589643 0.519115

Position: 0.950845 2.80879e-006 1.20768
Normal: 2.72737e-006 -1 -2.40969e-008
UV: 0.589643 0.519115

Position: 0.602226 1.87253e-006 1.30109
Normal: 2.68563e-006 -1 0
UV: 0.589643 0.519115

Position: 0.253606 9.36264e-007 1.20768
Normal: 2.68563e-006 -1 0
UV: 0.589643 0.519115

Position: -0.00160288 2.34066e-007 0.952467
Normal: 2.72737e-006 -1 2.40976e-008
UV: 0.589643 0.519115

Position: -0.0950158 -1.17033e-007 0.603847
Normal: 2.85348e-006 -1 2.4252e-007
UV: 0.589643 0.519115

Position: 0.340632 0.326102 -0.599184
Normal: -0.707104 0 -0.70711
UV: 0.594332 0.504802

Position: 0.117561 0.657459 -0.376116
Normal: -0.707104 0 -0.70711
UV: 0.637993 0.504701

Position: 0.117561 0.326101 -0.376116
Normal: -0.707104 0 -0.70711
UV: 0.594332 0.504701

Position: 0.340632 0.657459 -0.599184
Normal: -0.707104 0 -0.70711
UV: 0.637993 0.504802

Position: 0.645348 0.326103 -0.680833
Normal: -0.25882 0 -0.965926
UV: 0.594332 0.504939

Position: 0.340632 0.657459 -0.599184
Normal: -0.25882 0 -0.965926
UV: 0.637993 0.504802

Position: 0.340632 0.326102 -0.599184
Normal: -0.25882 0 -0.965926
UV: 0.594332 0.504802

Position: 0.645348 0.65746 -0.680833
Normal: -0.25882 0 -0.965926
UV: 0.637993 0.504939

Position: 0.950065 0.326104 -0.599184
Normal: 0.25882 0 -0.965926
UV: 0.594332 0.505076

Position: 0.645348 0.65746 -0.680833
Normal: 0.25882 0 -0.965926
UV: 0.637993 0.504939

Position: 0.645348 0.326103 -0.680833
Normal: 0.25882 0 -0.965926
UV: 0.594332 0.504939

Position: 0.950065 0.657461 -0.599184
Normal: 0.25882 0 -0.965926
UV: 0.637993 0.505076

Position: 1.17313 0.326104 -0.376116
Normal: 0.707107 0 -0.707107
UV: 0.594332 0.505177

Position: 0.950065 0.657461 -0.599184
Normal: 0.707107 0 -0.707107
UV: 0.637993 0.505076

Position: 0.950065 0.326104 -0.599184
Normal: 0.707107 0 -0.707107
UV: 0.594332 0.505076

Position: 1.17313 0.657462 -0.376116
Normal: 0.707107 0 -0.707107
UV: 0.637993 0.505177

Position: 1.25478 0.326105 -0.0713982
Normal: 0.965925 0 -0.258822
UV: 0.589951 0.505412

Position: 1.25478 0.657462 -0.0713982
Normal: 0.965925 0 -0.258822
UV: 0.546291 0.505412

Position: 1.17313 0.657462 -0.376116
Normal: 0.965925 0 -0.258822
UV: 0.546291 0.505549

Position: 1.17313 0.326104 -0.376116
Normal: 0.965925 0 -0.258822
UV: 0.589951 0.505549

Position: 1.17313 0.657462 0.233319
Normal: 0.965925 0 0.258822
UV: 0.546291 0.505275

Position: 1.25478 0.326105 -0.0713982
Normal: 0.965925 0 0.258822
UV: 0.589951 0.505412

Position: 1.17313 0.326104 0.233319
Normal: 0.965925 0 0.258822
UV: 0.589951 0.505275

Position: 1.25478 0.657462 -0.0713982
Normal: 0.965925 0 0.258822
UV: 0.546291 0.505412

Position: 0.950065 0.657461 0.456388
Normal: 0.707107 0 0.707107
UV: 0.546291 0.505174

Position: 1.17313 0.326104 0.233319
Normal: 0.707107 0 0.707107
UV: 0.589951 0.505275

Position: 0.950065 0.326104 0.456388
Normal: 0.707107 0 0.707107
UV: 0.589951 0.505174

Position: 1.17313 0.657462 0.233319
Normal: 0.707107 0 0.707107
UV: 0.546291 0.505275

Position: 0.645348 0.65746 0.538037
Normal: 0.25882 0 0.965926
UV: 0.546291 0.505026

Position: 0.950065 0.326104 0.456388
Normal: 0.25882 0 0.965926
UV: 0.589951 0.505163

Position: 0.645348 0.326103 0.538037
Normal: 0.25882 0 0.965926
UV: 0.589951 0.505026

Position: 0.950065 0.657461 0.456388
Normal: 0.25882 0 0.965926
UV: 0.546291 0.505163

Position: 0.340632 0.657459 0.456388
Normal: -0.25882 0 0.965926
UV: 0.546291 0.504888

Position: 0.645348 0.326103 0.538037
Normal: -0.25882 0 0.965926
UV: 0.589951 0.505026

Position: 0.340632 0.326102 0.456388
Normal: -0.25882 0 0.965926
UV: 0.589951 0.504888

Position: 0.645348 0.65746 0.538037
Normal: -0.25882 0 0.965926
UV: 0.546291 0.505026

Position: 0.117561 0.657459 0.233319
Normal: -0.707104 0 0.70711
UV: 0.546291 0.504788

Position: 0.340632 0.326102 0.456388
Normal: -0.707104 0 0.70711
UV: 0.589951 0.504888

Position: 0.117561 0.326101 0.233319
Normal: -0.707104 0 0.70711
UV: 0.589951 0.504788

Position: 0.340632 0.657459 0.456388
Normal: -0.707104 0 0.70711
UV: 0.546291 0.504888

Position: 0.117561 0.326101 0.233319
Normal: -0.965927 0 0.258816
UV: 0.589951 0.504777

Position: 0.0359132 0.657458 -0.0713982
Normal: -0.965927 0 0.258816
UV: 0.546291 0.50464

Position: 0.117561 0.657459 0.233319
Normal: -0.965927 0 0.258816
UV: 0.546291 0.504777

Position: 0.0359132 0.326101 -0.0713982
Normal: -0.965927 0 0.258816
UV: 0.589951 0.50464

Position: 0.0359132 0.326101 -0.0713982
Normal: -0.965927 0 -0.258816
UV: 0.589951 0.50464

Position: 0.117561 0.326101 -0.376116
Normal: -0.965927 0 -0.258816
UV: 0.589951 0.504503

Position: 0.0359132 0.657458 -0.0713982
Normal: -0.965927 0 -0.258816
UV: 0.546291 0.50464

Position: 0.117561 0.657459 -0.376116
Normal: -0.965927 0 -0.258816
UV: 0.546291 0.504503

Position: 0.340632 0.657459 -0.599184
Normal: -2.64492e-006 1 -2.12583e-007
UV: 0.589643 0.519115

Position: 0.645348 0.65746 -0.0713982
Normal: -2.64492e-006 1 -2.12583e-007
UV: 0.589643 0.596579

Position: 0.117561 0.657459 -0.376116
Normal: -2.64492e-006 1 -2.12583e-007
UV: 0.589643 0.519115

Position: 0.645348 0.65746 -0.680833
Normal: -2.70627e-006 1 0
UV: 0.589643 0.519115

Position: 0.950065 0.657461 -0.599184
Normal: -2.70627e-006 1 0
UV: 0.589643 0.519115

Position: 1.17313 0.657462 -0.376116
Normal: -2.92066e-006 1 -1.06292e-007
UV: 0.589643 0.519115

Position: 1.25478 0.657462 -0.0713982
Normal: -2.86545e-006 1 1.59438e-007
UV: 0.589643 0.519115

Position: 1.17313 0.657462 0.233319
Normal: -2.86545e-006 1 -1.59438e-007
UV: 0.589643 0.519115

Position: 0.950065 0.657461 0.456388
Normal: -2.92066e-006 1 1.06292e-007
UV: 0.589643 0.519115

Position: 0.645348 0.65746 0.538037
Normal: -2.70627e-006 1 0
UV: 0.589643 0.519115

Position: 0.340632 0.657459 0.456388
Normal: -2.70627e-006 1 0
UV: 0.589643 0.519115

Position: 0.117561 0.657459 0.233319
Normal: -2.64492e-006 1 2.12583e-007
UV: 0.589643 0.519115

Position: 0.0359132 0.657458 -0.0713982
Normal: -2.70626e-006 1 -6.90899e-007
UV: 0.589643 0.519115

Position: 0.117561 0.326101 -0.376116
Normal: 2.61578e-006 -1 -5.31459e-008
UV: 0.589643 0.519115

Position: 0.645348 0.326103 -0.0713982
Normal: 2.61578e-006 -1 -5.31458e-008
UV: 0.589643 0.596201

Position: 0.340632 0.326102 -0.599184
Normal: 2.61578e-006 -1 -5.31459e-008
UV: 0.589643 0.519115

Position: 0.645348 0.326103 -0.680833
Normal: 2.62667e-006 -1 0
UV: 0.589643 0.519115

Position: 0.950065 0.326104 -0.599184
Normal: 2.70627e-006 -1 0
UV: 0.589643 0.519115

Position: 1.17313 0.326104 -0.376116
Normal: 2.98959e-006 -1 2.12584e-007
UV: 0.589643 0.519115

Position: 1.25478 0.326105 -0.0713982
Normal: 2.90525e-006 -1 -1.32865e-007
UV: 0.589643 0.519115

Position: 1.17313 0.326104 0.233319
Normal: 2.90525e-006 -1 1.32865e-007
UV: 0.589643 0.519115

Position: 0.950065 0.326104 0.456388
Normal: 2.98959e-006 -1 -2.12584e-007
UV: 0.589643 0.519115

Position: 0.645348 0.326103 0.538037
Normal: 2.70627e-006 -1 0
UV: 0.589643 0.519115

Position: 0.340632 0.326102 0.456388
Normal: 2.62667e-006 -1 0
UV: 0.589643 0.519115

Position: 0.117561 0.326101 0.233319
Normal: 2.61578e-006 -1 5.31458e-008
UV: 0.589643 0.519115

Position: 0.0359132 0.326101 -0.0713982
Normal: 2.66646e-006 -1 1.59438e-007
UV: 0.589643 0.519115

Position: -0.729492 0.326099 -0.525494
Normal: -0.707106 0 -0.707108
UV: 0.594332 0.504802

Position: -0.930227 0.657456 -0.32476
Normal: -0.707106 0 -0.707108
UV: 0.637993 0.504701

Position: -0.930227 0.326098 -0.32476
Normal: -0.707106 0 -0.707108
UV: 0.594332 0.504701

Position: -0.729492 0.657456 -0.525494
Normal: -0.707106 0 -0.707108
UV: 0.637993 0.504802

Position: -0.455285 0.3261 -0.598969
Normal: -0.25882 0 -0.965925
UV: 0.594332 0.504939

Position: -0.729492 0.657456 -0.525494
Normal: -0.25882 0 -0.965925
UV: 0.637993 0.504802

Position: -0.729492 0.326099 -0.525494
Normal: -0.25882 0 -0.965925
UV: 0.594332 0.504802

Position: -0.455285 0.657457 -0.598969
Normal: -0.25882 0 -0.965925
UV: 0.637993 0.504939

Position: -0.181077 0.326101 -0.525494
Normal: 0.25882 0 -0.965925
UV: 0.594332 0.505076

Position: -0.455285 0.657457 -0.598969
Normal: 0.25882 0 -0.965925
UV: 0.637993 0.504939

Position: -0.455285 0.3261 -0.598969
Normal: 0.25882 0 -0.965925
UV: 0.594332 0.504939

Position: -0.181077 0.657458 -0.525494
Normal: 0.25882 0 -0.965925
UV: 0.637993 0.505076

Position: 0.0196578 0.326101 -0.32476
Normal: 0.707106 0 -0.707108
UV: 0.594332 0.505177

Position: -0.181077 0.657458 -0.525494
Normal: 0.707106 0 -0.707108
UV: 0.637993 0.505076

Position: -0.181077 0.326101 -0.525494
Normal: 0.707106 0 -0.707108
UV: 0.594332 0.505076

Position: 0.0196578 0.657458 -0.32476
Normal: 0.707106 0 -0.707108
UV: 0.637993 0.505177

Position: 0.0931321 0.326101 -0.0505516
Normal: 0.965925 0 -0.25882
UV: 0.589951 0.505412

Position: 0.0931321 0.657459 -0.0505516
Normal: 0.965925 0 -0.25882
UV: 0.546291 0.505412

Position: 0.0196578 0.657458 -0.32476
Normal: 0.965926 0 -0.25882
UV: 0.546291 0.505549

Position: 0.0196578 0.326101 -0.32476
Normal: 0.965926 0 -0.25882
UV: 0.589951 0.505549

Position: 0.0196578 0.657458 0.223657
Normal: 0.965926 0 0.25882
UV: 0.546291 0.505275

Position: 0.0931321 0.326101 -0.0505516
Normal: 0.965926 0 0.25882
UV: 0.589951 0.505412

Position: 0.0196578 0.326101 0.223657
Normal: 0.965926 0 0.25882
UV: 0.589951 0.505275

Position: 0.0931321 0.657459 -0.0505516
Normal: 0.965926 0 0.25882
UV: 0.546291 0.505412

Position: -0.181077 0.657458 0.424391
Normal: 0.707106 0 0.707108
UV: 0.546291 0.505174

Position: 0.0196578 0.326101 0.223657
Normal: 0.707106 0 0.707108
UV: 0.589951 0.505275

Position: -0.181077 0.326101 0.424391
Normal: 0.707106 0 0.707108
UV: 0.589951 0.505174

Position: 0.0196578 0.657458 0.223657
Normal: 0.707106 0 0.707108
UV: 0.546291 0.505275

Position: -0.455285 0.657457 0.497865
Normal: 0.25882 0 0.965925
UV: 0.546291 0.505026

Position: -0.181077 0.326101 0.424391
Normal: 0.25882 0 0.965925
UV: 0.589951 0.505163

Position: -0.455285 0.3261 0.497865
Normal: 0.25882 0 0.965925
UV: 0.589951 0.505026

Position: -0.181077 0.657458 0.424391
Normal: 0.25882 0 0.965925
UV: 0.546291 0.505163

Position: -0.729492 0.657456 0.424391
Normal: -0.25882 0 0.965925
UV: 0.546291 0.504888

Position: -0.455285 0.3261 0.497865
Normal: -0.25882 0 0.965925
UV: 0.589951 0.505026

Position: -0.729492 0.326099 0.424391
Normal: -0.25882 0 0.965925
UV: 0.589951 0.504888

Position: -0.455285 0.657457 0.497865
Normal: -0.25882 0 0.965925
UV: 0.546291 0.505026

Position: -0.930227 0.657456 0.223657
Normal: -0.707106 0 0.707108
UV: 0.546291 0.504788

Position: -0.729492 0.326099 0.424391
Normal: -0.707106 0 0.707108
UV: 0.589951 0.504888

Position: -0.930227 0.326098 0.223657
Normal: -0.707106 0 0.707108
UV: 0.589951 0.504788

Position: -0.729492 0.657456 0.424391
Normal: -0.707106 0 0.707108
UV: 0.546291 0.504888

Position: -0.930227 0.326098 0.223657
Normal: -0.965926 0 0.25882
UV: 0.589951 0.504777

Position: -1.0037 0.657455 -0.0505516
Normal: -0.965926 0 0.25882
UV: 0.546291 0.50464

Position: -0.930227 0.657456 0.223657
Normal: -0.965926 0 0.25882
UV: 0.546291 0.504777

Position: -1.0037 0.326098 -0.0505516
Normal: -0.965926 0 0.25882
UV: 0.589951 0.50464

Position: -1.0037 0.326098 -0.0505516
Normal: -0.965925 0 -0.25882
UV: 0.589951 0.50464

Position: -0.930227 0.326098 -0.32476
Normal: -0.965925 0 -0.25882
UV: 0.589951 0.504503

Position: -1.0037 0.657455 -0.0505516
Normal: -0.965925 0 -0.25882
UV: 0.546291 0.50464

Position: -0.930227 0.657456 -0.32476
Normal: -0.965925 0 -0.25882
UV: 0.546291 0.504503

Position: -0.729492 0.657456 -0.525494
Normal: -2.80971e-006 1 0
UV: 0.589643 0.519115

Position: -0.455285 0.657457 -0.0505516
Normal: -2.80971e-006 1 0
UV: 0.589643 0.596579

Position: -0.930227 0.657456 -0.32476
Normal: -2.80971e-006 1 0
UV: 0.589643 0.519115

Position: -0.455285 0.657457 -0.598969
Normal: -2.65357e-006 1 0
UV: 0.589643 0.519115

Position: -0.181077 0.657458 -0.525494
Normal: -3.00738e-006 1 0
UV: 0.589643 0.519115

Position: 0.0196578 0.657458 -0.32476
Normal: -2.93921e-006 1 1.31261e-007
UV: 0.589643 0.519115

Position: 0.0931321 0.657459 -0.0505516
Normal: -2.91891e-006 1 -3.28152e-007
UV: 0.589643 0.519115

Position: 0.0196578 0.657458 0.223657
Normal: -2.91891e-006 1 3.28151e-007
UV: 0.589643 0.519115

Position: -0.181077 0.657458 0.424391
Normal: -2.93921e-006 1 -1.31261e-007
UV: 0.589643 0.519115

Position: -0.455285 0.657457 0.497865
Normal: -3.00738e-006 1 0
UV: 0.589643 0.519115

Position: -0.729492 0.657456 0.424391
Normal: -2.65357e-006 1 0
UV: 0.589643 0.519115

Position: -0.930227 0.657456 0.223657
Normal: -2.80971e-006 1 0
UV: 0.589643 0.519115

Position: -1.0037 0.657455 -0.0505516
Normal: -2.83046e-006 1 -4.59412e-007
UV: 0.589643 0.519115

Position: -0.930227 0.326098 -0.32476
Normal: 2.77733e-006 -1 -6.56302e-008
UV: 0.589643 0.519115

Position: -0.455285 0.3261 -0.0505516
Normal: 2.77733e-006 -1 -6.56302e-008
UV: 0.589643 0.596201

Position: -0.729492 0.326099 -0.525494
Normal: 2.77733e-006 -1 -6.56302e-008
UV: 0.589643 0.519115

Position: -0.455285 0.3261 -0.598969
Normal: 2.56511e-006 -1 0
UV: 0.589643 0.519115

Position: -0.181077 0.326101 -0.525494
Normal: 3.00738e-006 -1 0
UV: 0.589643 0.519115

Position: 0.0196578 0.326101 -0.32476
Normal: 2.93921e-006 -1 -1.31261e-007
UV: 0.589643 0.519115

Position: 0.0931321 0.326101 -0.0505516
Normal: 3.00737e-006 -1 3.28152e-007
UV: 0.589643 0.519115

Position: 0.0196578 0.326101 0.223657
Normal: 3.00736e-006 -1 -3.28151e-007
UV: 0.589643 0.519115

Position: -0.181077 0.326101 0.424391
Normal: 2.93921e-006 -1 1.31261e-007
UV: 0.589643 0.519115

Position: -0.455285 0.3261 0.497865
Normal: 3.00738e-006 -1 0
UV: 0.589643 0.519115

Position: -0.729492 0.326099 0.424391
Normal: 2.56511e-006 -1 0
UV: 0.589643 0.519115

Position: -0.930227 0.326098 0.223657
Normal: 2.77733e-006 -1 6.56303e-008
UV: 0.589643 0.519115

Position: -1.0037 0.326098 -0.0505516
Normal: 2.78624e-006 -1 3.60966e-007
UV: 0.589643 0.519115

Position: -0.220979 0.650654 -0.141309
Normal: -0.707105 -4.38439e-006 -0.707108
UV: 0.594332 0.504701

Position: -0.0217719 0.952289 -0.340517
Normal: -0.707105 -4.38439e-006 -0.707108
UV: 0.637993 0.504802

Position: -0.220981 0.952289 -0.141309
Normal: -0.707105 -4.38439e-006 -0.707108
UV: 0.637993 0.504701

Position: -0.02177 0.650655 -0.340517
Normal: -0.707105 -4.38439e-006 -0.707108
UV: 0.594332 0.504802

Position: -0.02177 0.650655 -0.340517
Normal: -0.25882 -1.60424e-006 -0.965926
UV: 0.594332 0.504802

Position: 0.25035 0.95229 -0.413432
Normal: -0.25882 -1.60424e-006 -0.965926
UV: 0.637993 0.504939

Position: -0.0217719 0.952289 -0.340517
Normal: -0.25882 -1.60424e-006 -0.965925
UV: 0.637993 0.504802

Position: 0.250351 0.650656 -0.413432
Normal: -0.25882 -1.60424e-006 -0.965925
UV: 0.594332 0.504939

Position: 0.250351 0.650656 -0.413432
Normal: 0.258819 1.59697e-006 -0.965926
UV: 0.594332 0.504939

Position: 0.522473 0.952291 -0.340517
Normal: 0.258819 1.59697e-006 -0.965926
UV: 0.637993 0.505076

Position: 0.25035 0.95229 -0.413432
Normal: 0.258819 1.59697e-006 -0.965926
UV: 0.637993 0.504939

Position: 0.522475 0.650656 -0.340517
Normal: 0.258819 1.59697e-006 -0.965926
UV: 0.594332 0.505076

Position: 0.721682 0.650657 -0.141309
Normal: 0.707108 4.2973e-006 -0.707105
UV: 0.594332 0.505177

Position: 0.72168 0.952291 -0.141309
Normal: 0.707108 4.2973e-006 -0.707105
UV: 0.637993 0.505177

Position: 0.522473 0.952291 -0.340517
Normal: 0.707108 4.2973e-006 -0.707105
UV: 0.637993 0.505076

Position: 0.522475 0.650656 -0.340517
Normal: 0.707108 4.2973e-006 -0.707105
UV: 0.594332 0.505076

Position: 0.794598 0.650657 0.130814
Normal: 0.965925 6.03944e-006 -0.258823
UV: 0.589951 0.505412

Position: 0.794596 0.952291 0.130814
Normal: 0.965925 6.03944e-006 -0.258823
UV: 0.546291 0.505412

Position: 0.72168 0.952291 -0.141309
Normal: 0.965925 6.03944e-006 -0.258823
UV: 0.546291 0.505549

Position: 0.721682 0.650657 -0.141309
Normal: 0.965925 6.03944e-006 -0.258823
UV: 0.589951 0.505549

Position: 0.72168 0.952291 0.402937
Normal: 0.965925 6.03944e-006 0.258823
UV: 0.546291 0.505275

Position: 0.794598 0.650657 0.130814
Normal: 0.965925 6.03944e-006 0.258823
UV: 0.589951 0.505412

Position: 0.721682 0.650657 0.402937
Normal: 0.965925 6.03944e-006 0.258823
UV: 0.589951 0.505275

Position: 0.794596 0.952291 0.130814
Normal: 0.965925 6.03944e-006 0.258823
UV: 0.546291 0.505412

Position: 0.522473 0.952291 0.602145
Normal: 0.707108 4.29731e-006 0.707105
UV: 0.546291 0.505174

Position: 0.721682 0.650657 0.402937
Normal: 0.707108 4.29731e-006 0.707106
UV: 0.589951 0.505275

Position: 0.522475 0.650656 0.602145
Normal: 0.707108 4.29731e-006 0.707106
UV: 0.589951 0.505174

Position: 0.72168 0.952291 0.402937
Normal: 0.707108 4.29731e-006 0.707106
UV: 0.546291 0.505275

Position: 0.25035 0.95229 0.67506
Normal: 0.258819 1.59697e-006 0.965926
UV: 0.546291 0.505026

Position: 0.522473 0.952291 0.602145
Normal: 0.258819 1.59697e-006 0.965926
UV: 0.546291 0.505163

Position: 0.250351 0.650656 0.67506
Normal: 0.258819 1.59697e-006 0.965926
UV: 0.589951 0.505026

Position: 0.522475 0.650656 0.602145
Normal: 0.258819 1.59697e-006 0.965926
UV: 0.589951 0.505163

Position: -0.0217719 0.952289 0.602145
Normal: -0.258821 -1.60424e-006 0.965925
UV: 0.546291 0.504888

Position: 0.25035 0.95229 0.67506
Normal: -0.258821 -1.60424e-006 0.965925
UV: 0.546291 0.505026

Position: -0.02177 0.650655 0.602145
Normal: -0.258821 -1.60424e-006 0.965925
UV: 0.589951 0.504888

Position: 0.250351 0.650656 0.67506
Normal: -0.258821 -1.60424e-006 0.965925
UV: 0.589951 0.505026

Position: -0.220981 0.952289 0.402937
Normal: -0.707105 -4.38439e-006 0.707109
UV: 0.546291 0.504788

Position: -0.0217719 0.952289 0.602145
Normal: -0.707105 -4.38439e-006 0.707109
UV: 0.546291 0.504888

Position: -0.220979 0.650654 0.402937
Normal: -0.707105 -4.38439e-006 0.707109
UV: 0.589951 0.504788

Position: -0.02177 0.650655 0.602145
Normal: -0.707105 -4.38439e-006 0.707109
UV: 0.589951 0.504888

Position: -0.220979 0.650654 0.402937
Normal: -0.965926 -5.86524e-006 0.258817
UV: 0.589951 0.504777

Position: -0.293895 0.952288 0.130814
Normal: -0.965927 -5.86524e-006 0.258817
UV: 0.546291 0.50464

Position: -0.220981 0.952289 0.402937
Normal: -0.965927 -5.86524e-006 0.258817
UV: 0.546291 0.504777

Position: -0.293893 0.650654 0.130814
Normal: -0.965927 -5.86524e-006 0.258817
UV: 0.589951 0.50464

Position: -0.293893 0.650654 0.130814
Normal: -0.965926 -5.92331e-006 -0.258817
UV: 0.589951 0.50464

Position: -0.220979 0.650654 -0.141309
Normal: -0.965926 -5.92331e-006 -0.258817
UV: 0.589951 0.504503

Position: -0.293895 0.952288 0.130814
Normal: -0.965926 -5.92331e-006 -0.258817
UV: 0.546291 0.50464

Position: -0.220981 0.952289 -0.141309
Normal: -0.965926 -5.92331e-006 -0.258817
UV: 0.546291 0.504503

Position: -0.0217719 0.952289 -0.340517
Normal: -2.76599e-006 1 5.3312e-007
UV: 0.589643 0.519115

Position: 0.25035 0.95229 0.130814
Normal: -2.76599e-006 1 5.3312e-007
UV: 0.589643 0.596579

Position: -0.220981 0.952289 -0.141309
Normal: -2.76599e-006 1 5.3312e-007
UV: 0.589643 0.519115

Position: 0.25035 0.95229 -0.413432
Normal: -2.49565e-006 1 0
UV: 0.589643 0.519115

Position: 0.522473 0.952291 -0.340517
Normal: -3.20867e-006 1 0
UV: 0.589643 0.519115

Position: 0.72168 0.952291 -0.141309
Normal: -3.02699e-006 1 5.33122e-007
UV: 0.589643 0.519115

Position: 0.794596 0.952291 0.130814
Normal: -2.85215e-006 1 -1.3328e-007
UV: 0.589643 0.519115

Position: 0.72168 0.952291 0.402937
Normal: -2.85215e-006 1 1.3328e-007
UV: 0.589643 0.519115

Position: 0.522473 0.952291 0.602145
Normal: -3.02699e-006 1 -5.33122e-007
UV: 0.589643 0.519115

Position: 0.25035 0.95229 0.67506
Normal: -3.20867e-006 1 0
UV: 0.589643 0.519115

Position: -0.0217719 0.952289 0.602145
Normal: -2.49565e-006 1 0
UV: 0.589643 0.519115

Position: -0.220981 0.952289 0.402937
Normal: -2.76599e-006 1 -5.3312e-007
UV: 0.589643 0.519115

Position: -0.293895 0.952288 0.130814
Normal: -2.85216e-006 1 3.99841e-007
UV: 0.589643 0.519115

Position: -0.220979 0.650654 -0.141309
Normal: 2.67686e-006 -1 -1.3328e-007
UV: 0.589643 0.519115

Position: 0.250351 0.650656 0.130814
Normal: 2.67686e-006 -1 -1.3328e-007
UV: 0.589643 0.596201

Position: -0.02177 0.650655 -0.340517
Normal: 2.67686e-006 -1 -1.3328e-007
UV: 0.589643 0.519115

Position: 0.250351 0.650656 -0.413432
Normal: 2.67391e-006 -1 0
UV: 0.589643 0.519115

Position: 0.522475 0.650656 -0.340517
Normal: 3.03041e-006 -1 0
UV: 0.589643 0.519115

Position: 0.721682 0.650657 -0.141309
Normal: 2.80736e-006 -1 -3.99841e-007
UV: 0.589643 0.519115

Position: 0.794598 0.650657 0.130814
Normal: 2.94128e-006 -1 1.3328e-007
UV: 0.589643 0.519115

Position: 0.721682 0.650657 0.402937
Normal: 2.94128e-006 -1 -1.3328e-007
UV: 0.589643 0.519115

Position: 0.522475 0.650656 0.602145
Normal: 2.80736e-006 -1 3.99841e-007
UV: 0.589643 0.519115

Position: 0.250351 0.650656 0.67506
Normal: 3.03041e-006 -1 0
UV: 0.589643 0.519115

Position: -0.02177 0.650655 0.602145
Normal: 2.67391e-006 -1 0
UV: 0.589643 0.519115

Position: -0.220979 0.650654 0.402937
Normal: 2.67686e-006 -1 1.3328e-007
UV: 0.589643 0.519115

Position: -0.293893 0.650654 0.130814
Normal: 2.76303e-006 -1 -4.66482e-007
UV: 0.589643 0.519115


[INDEX_DATA]
0 2 1
2 3 1
4 6 5
5 7 4
8 10 9
9 11 8
12 14 13
13 15 12
16 18 17
16 19 18
20 22 21
21 23 20
24 26 25
25 27 24
28 30 29
29 31 28
32 34 33
33 35 32
36 38 37
37 39 36
40 42 41
41 43 40
44 46 45
46 47 45
48 50 49
51 48 49
52 51 49
53 52 49
54 53 49
55 54 49
56 55 49
57 56 49
58 57 49
59 58 49
60 59 49
50 60 49
61 63 62
63 64 62
64 65 62
65 66 62
66 67 62
67 68 62
68 69 62
69 70 62
70 71 62
71 72 62
72 73 62
73 61 62
74 76 75
75 77 74
78 80 79
79 81 78
82 84 83
83 85 82
86 88 87
87 89 86
90 92 91
90 93 92
94 96 95
95 97 94
98 100 99
99 101 98
102 104 103
103 105 102
106 108 107
107 109 106
110 112 111
111 113 110
114 116 115
115 117 114
118 120 119
120 121 119
122 124 123
125 122 123
126 125 123
127 126 123
128 127 123
129 128 123
130 129 123
131 130 123
132 131 123
133 132 123
134 133 123
124 134 123
135 137 136
137 138 136
138 139 136
139 140 136
140 141 136
141 142 136
142 143 136
143 144 136
144 145 136
145 146 136
146 147 136
147 135 136
148 150 149
149 151 148
152 154 153
153 155 152
156 158 157
157 159 156
160 162 161
161 163 160
164 166 165
164 167 166
168 170 169
169 171 168
172 174 173
173 175 172
176 178 177
177 179 176
180 182 181
181 183 180
184 186 185
185 187 184
188 190 189
189 191 188
192 194 193
194 195 193
196 198 197
199 196 197
200 199 197
201 200 197
202 201 197
203 202 197
204 203 197
205 204 197
206 205 197
207 206 197
208 207 197
198 208 197
209 211 210
211 212 210
212 213 210
213 214 210
214 215 210
215 216 210
216 217 210
217 218 210
218 219 210
219 220 210
220 221 210
221 209 210
222 224 223
223 225 222
226 228 227
227 229 226
230 232 231
231 233 230
234 236 235
235 237 234
238 240 239
238 241 240
242 244 243
243 245 242
246 248 247
247 249 246
250 252 251
251 253 250
254 256 255
255 257 254
258 260 259
259 261 258
262 264 263
263 265 262
266 268 267
268 269 267
270 272 271
273 270 271
274 273 271
275 274 271
276 275 271
277 276 271
278 277 271
279 278 271
280 279 271
281 280 271
282 281 271
272 282 271
283 285 284
285 286 284
286 287 284
287 288 284
288 289 284
289 290 284
290 291 284
291 292 284
292 293 284
293 294 284
294 295 284
295 283 284
296 298 297
297 299 296
300 302 301
301 303 300
304 306 305
305 307 304
308 310 309
309 311 308
312 314 313
312 315 314
316 318 317
317 319 316
320 322 321
321 323 320
324 326 325
325 327 324
328 330 329
329 331 328
332 334 333
333 335 332
336 338 337
337 339 336
340 342 341
342 343 341
344 346 345
347 344 345
348 347 345
349 348 345
350 349 345
351 350 345
352 351 345
353 352 345
354 353 345
355 354 345
356 355 345
346 356 345
357 359 358
359 360 358
360 361 358
361 362 358
362 363 358
363 364 358
364 365 358
365 366 358
366 367 358
367 368 358
368 369 358
369 357 358
370 372 371
371 373 370
374 376 375
375 377 374
378 380 379
379 381 378
382 384 383
382 385 384
386 388 387
386 389 388
390 392 391
391 393 390
394 396 395
395 397 394
398 400 399
399 400 401
402 404 403
403 404 405
406 408 407
407 408 409
410 412 411
411 413 410
414 416 415
416 417 415
418 420 419
421 418 419
422 421 419
423 422 419
424 423 419
425 424 419
426 425 419
427 426 419
428 427 419
429 428 419
430 429 419
420 430 419
431 433 432
433 434 432
434 435 432
435 436 432
436 437 432
437 438 432
438 439 432
439 440 432
440 441 432
441 442 432
442 443 432
443 431 432

