[FBX_META_DATA]
MeshCount: 1

[MESH_DATA]
VertexCount: 148
IndexCount: 270
BoneCount: 0
AnimationClips: 1

[VERTEX_DATA]
Position: 1.76487 9.38872 -0.118168
Normal: -0 0 1
UV: 0.232863 0.527219

Position: 6.89417 9.38872 -0.118168
Normal: -0 0 1
UV: 0.232863 0.527219

Position: 6.89417 7.12674 -0.118168
Normal: -0 0 1
UV: 0.232863 0.527219

Position: 1.76487 7.12674 -0.118168
Normal: -0 0 1
UV: 0.232863 0.527219

Position: 6.89417 9.38872 -0.118168
Normal: -0 1 0
UV: 0.239919 0.759073

Position: 1.76487 9.38872 -0.118168
Normal: -0 1 0
UV: 0.239919 0.759073

Position: 1.76487 9.38872 -0.201038
Normal: -0 1 0
UV: 0.239919 0.759073

Position: 6.89417 9.38872 -0.201038
Normal: -0 1 0
UV: 0.239919 0.759073

Position: 2.00342 7.33895 -0.201038
Normal: -0 0 -1
UV: 0.0977786 0.365936

Position: 6.65563 7.33895 -0.201038
Normal: -0 0 -1
UV: 0.338809 0.365936

Position: 6.65563 9.17651 -0.201038
Normal: -0 0 -1
UV: 0.338809 0.272217

Position: 2.00342 9.17651 -0.201038
Normal: -0 0 -1
UV: 0.0977787 0.272217

Position: 1.76487 7.12674 -0.118168
Normal: -0 -1 0
UV: 0.0433469 0.762097

Position: 6.89417 7.12674 -0.118168
Normal: -0 -1 0
UV: 0.0433469 0.762097

Position: 6.89417 7.12674 -0.201038
Normal: -0 -1 0
UV: 0.0433469 0.762097

Position: 1.76487 7.12674 -0.201038
Normal: -0 -1 0
UV: 0.0433469 0.762097

Position: 1.76487 7.12674 -0.201038
Normal: -1 0 0
UV: 0.0433469 0.762097

Position: 1.76487 9.38872 -0.201038
Normal: -1 0 0
UV: 0.0433469 0.762097

Position: 1.76487 7.12674 -0.118168
Normal: -1 0 0
UV: 0.0433469 0.762097

Position: 1.76487 9.38872 -0.118168
Normal: -1 0 0
UV: 0.0433469 0.762097

Position: 6.89417 9.38872 -0.118168
Normal: 1 0 0
UV: 0.0433469 0.762097

Position: 6.89417 7.12674 -0.201038
Normal: 1 0 0
UV: 0.0433469 0.762097

Position: 6.89417 7.12674 -0.118168
Normal: 1 0 0
UV: 0.0433469 0.762097

Position: 6.89417 9.38872 -0.201038
Normal: 1 0 0
UV: 0.0433469 0.762097

Position: 6.89417 9.38872 -0.201038
Normal: -0 0 -1
UV: 0.109656 0.758733

Position: 1.76487 9.38872 -0.201038
Normal: -0 0 -1
UV: 0.109656 0.758733

Position: 1.92078 9.24569 -0.201038
Normal: -0 0 -1
UV: 0.109656 0.758733

Position: 6.73826 9.24569 -0.201038
Normal: -0 0 -1
UV: 0.109656 0.758733

Position: 1.76487 7.12674 -0.201038
Normal: -2.81899e-008 0 -1
UV: 0.109656 0.758733

Position: 1.92078 7.26977 -0.201038
Normal: -2.81899e-008 0 -1
UV: 0.109656 0.758733

Position: 6.89417 7.12674 -0.201038
Normal: -0 0 -1
UV: 0.109656 0.758733

Position: 6.73826 7.26977 -0.201038
Normal: -0 0 -1
UV: 0.109656 0.758733

Position: 6.73826 9.24569 -0.201038
Normal: -0 0 -1
UV: 0.387096 0.524194

Position: 1.92078 9.24569 -0.201038
Normal: -0 0 -1
UV: 0.387096 0.524194

Position: 2.00342 9.17651 -0.201038
Normal: -0 0 -1
UV: 0.387096 0.524194

Position: 6.65563 9.17651 -0.201038
Normal: -0 0 -1
UV: 0.387096 0.524194

Position: 2.00342 7.33895 -0.201038
Normal: 4.72869e-008 0 -1
UV: 0.387096 0.524194

Position: 1.92078 7.26977 -0.201038
Normal: 4.72869e-008 0 -1
UV: 0.387096 0.524194

Position: 6.73826 7.26977 -0.201038
Normal: -0 0 -1
UV: 0.387096 0.524194

Position: 6.65563 7.33895 -0.201038
Normal: -0 0 -1
UV: 0.387096 0.524194

Position: 0.185314 8.06467 -0.119762
Normal: -0 1 0
UV: 0.323948 0.517384

Position: 7.99408 8.06467 -0.119762
Normal: -0 1 0
UV: 0.323948 0.517384

Position: 0.185314 8.06467 0.109295
Normal: -0 1 0
UV: 0.323948 0.517384

Position: 7.99408 8.06467 0.109295
Normal: -0 1 0
UV: 0.323948 0.517384

Position: 7.99408 7.80212 -0.119762
Normal: -4.44694e-016 0 -1
UV: 0.198335 0.523995

Position: 0.185314 8.06467 -0.119762
Normal: -4.44694e-016 0 -1
UV: 0.198335 0.523995

Position: 0.185314 7.80212 -0.119762
Normal: -4.44694e-016 0 -1
UV: 0.198335 0.523995

Position: 7.99408 8.06467 -0.119762
Normal: -4.44694e-016 0 -1
UV: 0.198335 0.523995

Position: 7.99408 8.06467 0.109295
Normal: 4.44694e-016 0 1
UV: 0.198335 0.523995

Position: 0.185314 7.80212 0.109295
Normal: 4.44694e-016 0 1
UV: 0.198335 0.523995

Position: 0.185314 8.06467 0.109295
Normal: 4.44694e-016 0 1
UV: 0.198335 0.523995

Position: 7.99408 7.80212 0.109295
Normal: 4.44694e-016 0 1
UV: 0.198335 0.523995

Position: 7.99408 7.80212 0.109295
Normal: -0 -1 0
UV: 0.175196 0.523995

Position: 0.185314 7.80212 -0.119762
Normal: -0 -1 0
UV: 0.175196 0.523995

Position: 0.185314 7.80212 0.109295
Normal: -0 -1 0
UV: 0.175196 0.523995

Position: 7.99408 7.80212 -0.119762
Normal: -0 -1 0
UV: 0.175196 0.523995

Position: -0.371719 0.25616 -0.399113
Normal: -1 0 4.44089e-016
UV: 0.264447 0.517384

Position: -0.371719 2.48879 -0.399113
Normal: -1 0 4.44089e-016
UV: 0.264447 0.517384

Position: -0.371719 0.25616 0.388638
Normal: -1 0 4.44089e-016
UV: 0.264447 0.517384

Position: -0.371719 2.48879 0.388638
Normal: -1 0 4.44089e-016
UV: 0.264447 0.517384

Position: 0.374062 2.48879 -0.399113
Normal: 1 0 -4.44089e-016
UV: 0.264447 0.517384

Position: 0.374062 0.25616 -0.399113
Normal: 1 0 -4.44089e-016
UV: 0.264447 0.517384

Position: 0.374062 2.48879 0.388638
Normal: 1 0 -4.44089e-016
UV: 0.264447 0.517384

Position: 0.374062 0.25616 0.388638
Normal: 1 0 -4.44089e-016
UV: 0.264447 0.517384

Position: 0.374062 2.48879 -0.399113
Normal: -4.44694e-016 0 -1
UV: 0.198335 0.523995

Position: -0.371719 0.25616 -0.399113
Normal: -4.44694e-016 0 -1
UV: 0.198335 0.523995

Position: 0.374062 0.25616 -0.399113
Normal: -4.44694e-016 0 -1
UV: 0.198335 0.523995

Position: -0.371719 2.48879 -0.399113
Normal: -4.44694e-016 0 -1
UV: 0.198335 0.523995

Position: 0.374062 2.48879 0.388638
Normal: 4.44694e-016 0 1
UV: 0.198335 0.523995

Position: 0.374062 0.25616 0.388638
Normal: 4.44694e-016 0 1
UV: 0.198335 0.523995

Position: -0.371719 2.48879 0.388638
Normal: 4.44694e-016 0 1
UV: 0.198335 0.523995

Position: -0.371719 0.25616 0.388638
Normal: 4.44694e-016 0 1
UV: 0.198335 0.523995

Position: -0.371719 2.48879 0.388638
Normal: -0 1 0
UV: 0.323948 0.517384

Position: -0.371719 2.48879 -0.399113
Normal: -0 1 0
UV: 0.323948 0.517384

Position: -0.182972 2.48879 -0.199734
Normal: -0 1 0
UV: 0.323948 0.517384

Position: -0.182972 2.48879 0.189266
Normal: -0 1 0
UV: 0.323948 0.517384

Position: 0.374062 2.48879 -0.399113
Normal: -0 1 0
UV: 0.323948 0.517384

Position: 0.185314 2.48879 -0.199734
Normal: -0 1 0
UV: 0.323948 0.517384

Position: 0.374062 2.48879 0.388638
Normal: -0 1 0
UV: 0.323948 0.517384

Position: 0.185314 2.48879 0.189266
Normal: -0 1 0
UV: 0.323948 0.517384

Position: -0.182972 2.48879 -0.199734
Normal: -1 0 4.44089e-016
UV: 0.264447 0.517384

Position: -0.182972 9.04024 -0.199734
Normal: -1 0 4.44089e-016
UV: 0.264447 0.517384

Position: -0.182972 2.48879 0.189266
Normal: -1 0 4.44089e-016
UV: 0.264447 0.517384

Position: -0.182972 9.04024 0.189266
Normal: -1 0 4.44089e-016
UV: 0.264447 0.517384

Position: 0.185314 2.48879 -0.199734
Normal: -4.44694e-016 0 -1
UV: 0.198335 0.523995

Position: 0.185314 9.04024 -0.199734
Normal: -4.44694e-016 0 -1
UV: 0.198335 0.523995

Position: -0.182972 2.48879 -0.199734
Normal: -4.44694e-016 0 -1
UV: 0.198335 0.523995

Position: -0.182972 9.04024 -0.199734
Normal: -4.44694e-016 0 -1
UV: 0.198335 0.523995

Position: 0.185314 9.04024 0.189266
Normal: 0.999999 0.00112786 -0.000566729
UV: 0.267753 0.527301

Position: 0.185314 2.48879 -0.199734
Normal: 1 0 -4.44089e-016
UV: 0.267753 0.527301

Position: 0.185314 2.48879 0.189266
Normal: 1 0 -4.44089e-016
UV: 0.267753 0.527301

Position: 0.185314 9.04024 -0.199734
Normal: 0.999999 0.00112786 0.000566729
UV: 0.267753 0.527301

Position: 0.185314 9.04024 0.189266
Normal: 4.44694e-016 0 1
UV: 0.198335 0.523995

Position: 0.185314 2.48879 0.189266
Normal: 4.44694e-016 0 1
UV: 0.198335 0.523995

Position: -0.182972 9.04024 0.189266
Normal: 4.44694e-016 0 1
UV: 0.198335 0.523995

Position: -0.182972 2.48879 0.189266
Normal: 4.44694e-016 0 1
UV: 0.198335 0.523995

Position: 0.185314 8.83707 -0.119762
Normal: -0 1 0
UV: 0.323948 0.517384

Position: 7.99408 8.83707 -0.119762
Normal: -0 1 0
UV: 0.323948 0.517384

Position: 0.185314 8.83707 0.109295
Normal: -0 1 0
UV: 0.323948 0.517384

Position: 7.99408 8.83707 0.109295
Normal: -0 1 0
UV: 0.323948 0.517384

Position: 7.99408 8.39454 -0.119762
Normal: -4.44694e-016 0 -1
UV: 0.198335 0.523995

Position: 0.185314 8.83707 -0.119762
Normal: -4.44694e-016 0 -1
UV: 0.198335 0.523995

Position: 0.185314 8.39454 -0.119762
Normal: -4.44694e-016 0 -1
UV: 0.198335 0.523995

Position: 7.99408 8.83707 -0.119762
Normal: -4.44694e-016 0 -1
UV: 0.198335 0.523995

Position: 7.99408 8.83707 0.109295
Normal: 4.44694e-016 0 1
UV: 0.198335 0.523995

Position: 0.185314 8.39454 0.109295
Normal: 4.44694e-016 0 1
UV: 0.198335 0.523995

Position: 0.185314 8.83707 0.109295
Normal: 4.44694e-016 0 1
UV: 0.198335 0.523995

Position: 7.99408 8.39454 0.109295
Normal: 4.44694e-016 0 1
UV: 0.198335 0.523995

Position: 7.99408 8.39454 0.109295
Normal: -0 -1 0
UV: 0.175196 0.523995

Position: 0.185314 8.39454 -0.119762
Normal: -0 -1 0
UV: 0.175196 0.523995

Position: 0.185314 8.39454 0.109295
Normal: -0 -1 0
UV: 0.175196 0.523995

Position: 7.99408 8.39454 -0.119762
Normal: -0 -1 0
UV: 0.175196 0.523995

Position: 0.526489 -0.00267194 -0.560116
Normal: 1 0 -4.44089e-016
UV: 0.264447 0.517384

Position: 0.526489 -0.00267194 0.549641
Normal: 1 0 -4.44089e-016
UV: 0.264447 0.517384

Position: 0.526489 0.25616 0.549641
Normal: 1 0 -4.44089e-016
UV: 0.264447 0.517384

Position: 0.526489 0.25616 -0.560116
Normal: 1 0 -4.44089e-016
UV: 0.264447 0.517384

Position: -0.524147 -0.00267194 -0.560116
Normal: -4.44694e-016 0 -1
UV: 0.198335 0.523995

Position: 0.526489 -0.00267194 -0.560116
Normal: -4.44694e-016 0 -1
UV: 0.198335 0.523995

Position: 0.526489 0.25616 -0.560116
Normal: -4.44694e-016 0 -1
UV: 0.198335 0.523995

Position: -0.524147 0.25616 -0.560116
Normal: -4.44694e-016 0 -1
UV: 0.198335 0.523995

Position: -0.524147 -0.00267194 0.549641
Normal: -1 0 4.44089e-016
UV: 0.264447 0.517384

Position: -0.524147 0.25616 -0.560116
Normal: -1 0 4.44089e-016
UV: 0.264447 0.517384

Position: -0.524147 0.25616 0.549641
Normal: -1 0 4.44089e-016
UV: 0.264447 0.517384

Position: -0.524147 -0.00267194 -0.560116
Normal: -1 0 4.44089e-016
UV: 0.264447 0.517384

Position: -0.524147 0.25616 0.549641
Normal: 4.44694e-016 0 1
UV: 0.198335 0.523995

Position: 0.526489 0.25616 0.549641
Normal: 4.44694e-016 0 1
UV: 0.198335 0.523995

Position: 0.526489 -0.00267194 0.549641
Normal: 4.44694e-016 0 1
UV: 0.198335 0.523995

Position: -0.524147 -0.00267194 0.549641
Normal: 4.44694e-016 0 1
UV: 0.198335 0.523995

Position: 0.526489 0.25616 -0.560116
Normal: 1.24314e-008 1 -5.52064e-024
UV: 0.323948 0.517384

Position: 0.526489 0.25616 0.549641
Normal: 1.24314e-008 1 -5.52064e-024
UV: 0.323948 0.517384

Position: 0.374062 0.25616 0.388638
Normal: 1.30297e-008 1 -5.78633e-024
UV: 0.323948 0.517384

Position: 0.374062 0.25616 -0.399113
Normal: 1.30297e-008 1 -5.78633e-024
UV: 0.323948 0.517384

Position: -0.371719 0.25616 -0.399113
Normal: -1.30297e-008 1 5.78634e-024
UV: 0.323948 0.517384

Position: -0.524147 0.25616 -0.560116
Normal: -1.24314e-008 1 5.52064e-024
UV: 0.323948 0.517384

Position: -0.524147 0.25616 0.549641
Normal: -1.24314e-008 1 5.52064e-024
UV: 0.323948 0.517384

Position: -0.371719 0.25616 0.388638
Normal: -1.30297e-008 1 5.78634e-024
UV: 0.323948 0.517384

Position: 0.185314 9.04024 -0.199734
Normal: -0 1 0
UV: 0.323948 0.517384

Position: 0.185314 9.04024 0.189266
Normal: -0 1 0
UV: 0.323948 0.517384

Position: -0.182972 9.04024 -0.199734
Normal: -0 1 0
UV: 0.323948 0.517384

Position: -0.182972 9.04024 0.189266
Normal: -0 1 0
UV: 0.323948 0.517384

Position: 7.99408 8.39454 0.109295
Normal: 1 0 0
UV: 0.176906 0.535462

Position: 7.99408 8.83707 0.109295
Normal: 1 0 0
UV: 0.176906 0.535462

Position: 7.99408 8.83707 -0.119762
Normal: 1 0 0
UV: 0.176906 0.535462

Position: 7.99408 8.39454 -0.119762
Normal: 1 0 0
UV: 0.176906 0.535462

Position: 7.99408 7.80212 0.109295
Normal: 1 0 0
UV: 0.176906 0.535462

Position: 7.99408 8.06467 0.109295
Normal: 1 0 0
UV: 0.176906 0.535462

Position: 7.99408 8.06467 -0.119762
Normal: 1 0 0
UV: 0.176906 0.535462

Position: 7.99408 7.80212 -0.119762
Normal: 1 0 0
UV: 0.176906 0.535462


[INDEX_DATA]
0 2 1
0 3 2
4 6 5
4 7 6
8 10 9
8 11 10
12 14 13
12 15 14
16 18 17
19 17 18
20 22 21
21 23 20
24 26 25
24 27 26
25 29 28
25 26 29
30 28 29
29 31 30
24 30 31
31 27 24
32 34 33
32 35 34
36 37 33
33 34 36
38 37 36
36 39 38
39 35 32
32 38 39
40 42 41
43 41 42
44 46 45
45 47 44
48 50 49
49 51 48
52 54 53
53 55 52
56 58 57
59 57 58
60 62 61
63 61 62
64 66 65
65 67 64
68 70 69
70 71 69
72 74 73
72 75 74
73 77 76
73 74 77
78 76 77
77 79 78
78 75 72
78 79 75
80 82 81
83 81 82
84 86 85
86 87 85
88 90 89
89 91 88
92 94 93
94 95 93
96 98 97
99 97 98
100 102 101
101 103 100
104 106 105
105 107 104
108 110 109
109 111 108
112 114 113
114 112 115
116 118 117
116 119 118
120 122 121
121 123 120
124 126 125
124 127 126
128 130 129
128 131 130
131 133 132
131 128 133
134 135 132
134 132 133
129 135 134
129 130 135
136 138 137
137 138 139
140 142 141
140 143 142
144 146 145
144 147 146

