[FBX_META_DATA]
MeshCount: 1

[MESH_DATA]
VertexCount: 264
IndexCount: 516
BoneCount: 0
AnimationClips: 1

[VERTEX_DATA]
Position: 1.76487 9.38872 -0.118172
Normal: -0 0 1
UV: 0.232863 0.527219

Position: 6.89417 9.38872 -0.118172
Normal: -0 0 1
UV: 0.232863 0.527219

Position: 6.89417 7.12674 -0.118172
Normal: -0 0 1
UV: 0.232863 0.527219

Position: 1.76487 7.12674 -0.118172
Normal: -0 0 1
UV: 0.232863 0.527219

Position: 6.89417 9.38872 -0.118172
Normal: -0 1 0
UV: 0.239919 0.759073

Position: 1.76487 9.38872 -0.118172
Normal: -0 1 0
UV: 0.239919 0.759073

Position: 1.76487 9.38872 -0.201042
Normal: -0 1 0
UV: 0.239919 0.759073

Position: 6.89417 9.38872 -0.201042
Normal: -0 1 0
UV: 0.239919 0.759073

Position: 2.00342 7.33895 -0.201042
Normal: -0 0 -1
UV: 0.0977786 0.365936

Position: 6.65563 7.33895 -0.201042
Normal: -0 0 -1
UV: 0.338809 0.365936

Position: 6.65563 9.17651 -0.201042
Normal: -0 0 -1
UV: 0.338809 0.272217

Position: 2.00342 9.17651 -0.201042
Normal: -0 0 -1
UV: 0.0977787 0.272217

Position: 1.76487 7.12674 -0.118172
Normal: -0 -1 0
UV: 0.0433469 0.762097

Position: 6.89417 7.12674 -0.118172
Normal: -0 -1 0
UV: 0.0433469 0.762097

Position: 6.89417 7.12674 -0.201042
Normal: -0 -1 0
UV: 0.0433469 0.762097

Position: 1.76487 7.12674 -0.201042
Normal: -0 -1 0
UV: 0.0433469 0.762097

Position: 1.76487 7.12674 -0.201042
Normal: -1 0 0
UV: 0.0433469 0.762097

Position: 1.76487 9.38872 -0.201042
Normal: -1 0 0
UV: 0.0433469 0.762097

Position: 1.76487 7.12674 -0.118172
Normal: -1 0 0
UV: 0.0433469 0.762097

Position: 1.76487 9.38872 -0.118172
Normal: -1 0 0
UV: 0.0433469 0.762097

Position: 6.89417 9.38872 -0.118172
Normal: 1 0 0
UV: 0.0433469 0.762097

Position: 6.89417 7.12674 -0.201042
Normal: 1 0 0
UV: 0.0433469 0.762097

Position: 6.89417 7.12674 -0.118172
Normal: 1 0 0
UV: 0.0433469 0.762097

Position: 6.89417 9.38872 -0.201042
Normal: 1 0 0
UV: 0.0433469 0.762097

Position: 6.89417 9.38872 -0.201042
Normal: -0 0 -1
UV: 0.109656 0.758733

Position: 1.76487 9.38872 -0.201042
Normal: -0 0 -1
UV: 0.109656 0.758733

Position: 1.92078 9.24569 -0.201042
Normal: -0 0 -1
UV: 0.109656 0.758733

Position: 6.73826 9.24569 -0.201042
Normal: -0 0 -1
UV: 0.109656 0.758733

Position: 1.76487 7.12674 -0.201042
Normal: -5.63798e-008 0 -1
UV: 0.109656 0.758733

Position: 1.92078 7.26977 -0.201042
Normal: -5.63798e-008 0 -1
UV: 0.109656 0.758733

Position: 6.89417 7.12674 -0.201042
Normal: -0 0 -1
UV: 0.109656 0.758733

Position: 6.73826 7.26977 -0.201042
Normal: -0 0 -1
UV: 0.109656 0.758733

Position: 6.73826 9.24569 -0.201042
Normal: -0 0 -1
UV: 0.387096 0.524194

Position: 1.92078 9.24569 -0.201042
Normal: -0 0 -1
UV: 0.387096 0.524194

Position: 2.00342 9.17651 -0.201042
Normal: -0 0 -1
UV: 0.387096 0.524194

Position: 6.65563 9.17651 -0.201042
Normal: -0 0 -1
UV: 0.387096 0.524194

Position: 2.00342 7.33895 -0.201042
Normal: 7.09304e-008 0 -1
UV: 0.387096 0.524194

Position: 1.92078 7.26977 -0.201042
Normal: 7.09304e-008 0 -1
UV: 0.387096 0.524194

Position: 6.73826 7.26977 -0.201042
Normal: -0 0 -1
UV: 0.387096 0.524194

Position: 6.65563 7.33895 -0.201042
Normal: -0 0 -1
UV: 0.387096 0.524194

Position: 8.44893 10.1989 -0.119652
Normal: -0 0 1
UV: 0.232863 0.527219

Position: 16.4641 10.1989 -0.119652
Normal: -0 0 1
UV: 0.232863 0.527219

Position: 16.4641 6.58371 -0.119652
Normal: -0 0 1
UV: 0.232863 0.527219

Position: 8.44893 6.58371 -0.119652
Normal: -0 0 1
UV: 0.232863 0.527219

Position: 8.44893 10.1989 -0.202522
Normal: -0 1 0
UV: 0.239919 0.759073

Position: 16.4641 10.1989 -0.119652
Normal: -0 1 0
UV: 0.239919 0.759073

Position: 8.44893 10.1989 -0.119652
Normal: -0 1 0
UV: 0.239919 0.759073

Position: 16.4641 10.1989 -0.202522
Normal: -0 1 0
UV: 0.239919 0.759073

Position: 8.77614 6.87175 -0.202522
Normal: -0 0 -1
UV: 0.09461 0.473475

Position: 16.1369 6.87175 -0.202522
Normal: -0 0 -1
UV: 0.353157 0.473475

Position: 16.1369 9.91084 -0.202522
Normal: -0 0 -1
UV: 0.353157 0.377711

Position: 8.77614 9.91084 -0.202522
Normal: -0 0 -1
UV: 0.0946101 0.377711

Position: 8.44893 6.58371 -0.119652
Normal: -0 -1 0
UV: 0.0433469 0.762097

Position: 16.4641 6.58371 -0.119652
Normal: -0 -1 0
UV: 0.0433469 0.762097

Position: 16.4641 6.58371 -0.202522
Normal: -0 -1 0
UV: 0.0433469 0.762097

Position: 8.44893 6.58371 -0.202522
Normal: -0 -1 0
UV: 0.0433469 0.762097

Position: 8.44893 6.58371 -0.202522
Normal: -1 0 0
UV: 0.0433469 0.762097

Position: 8.44893 10.1989 -0.202522
Normal: -1 0 0
UV: 0.0433469 0.762097

Position: 8.44893 6.58371 -0.119652
Normal: -1 0 0
UV: 0.0433469 0.762097

Position: 8.44893 10.1989 -0.119652
Normal: -1 0 0
UV: 0.0433469 0.762097

Position: 16.4641 10.1989 -0.119652
Normal: 1 0 0
UV: 0.0433469 0.762097

Position: 16.4641 6.58371 -0.202522
Normal: 1 0 0
UV: 0.0433469 0.762097

Position: 16.4641 6.58371 -0.119652
Normal: 1 0 0
UV: 0.0433469 0.762097

Position: 16.4641 10.1989 -0.202522
Normal: 1 0 0
UV: 0.0433469 0.762097

Position: 16.4641 10.1989 -0.202522
Normal: -0 0 -1
UV: 0.109656 0.758733

Position: 8.44893 10.1989 -0.202522
Normal: -0 0 -1
UV: 0.109656 0.758733

Position: 8.69256 9.98718 -0.202522
Normal: -0 0 -1
UV: 0.109656 0.758733

Position: 16.2204 9.98718 -0.202522
Normal: -0 0 -1
UV: 0.109656 0.758733

Position: 8.44893 6.58371 -0.202522
Normal: 2.2463e-008 0 -1
UV: 0.109656 0.758733

Position: 8.69256 6.79542 -0.202522
Normal: 2.2463e-008 0 -1
UV: 0.109656 0.758733

Position: 16.4641 6.58371 -0.202522
Normal: -0 0 -1
UV: 0.109656 0.758733

Position: 16.2204 6.79542 -0.202522
Normal: -0 0 -1
UV: 0.109656 0.758733

Position: 16.2204 9.98718 -0.202522
Normal: -0 0 -1
UV: 0.387096 0.507427

Position: 8.69256 9.98718 -0.202522
Normal: -0 0 -1
UV: 0.387096 0.507427

Position: 8.77614 9.91084 -0.202522
Normal: -0 0 -1
UV: 0.387096 0.507427

Position: 16.1369 9.91084 -0.202522
Normal: -0 0 -1
UV: 0.387096 0.507427

Position: 8.69256 6.79542 -0.202522
Normal: 1.53808e-007 0 -1
UV: 0.387096 0.507427

Position: 8.77614 6.87175 -0.202522
Normal: 1.53808e-007 0 -1
UV: 0.387096 0.507427

Position: 16.2204 6.79542 -0.202522
Normal: -0 0 -1
UV: 0.387096 0.507427

Position: 16.1369 6.87175 -0.202522
Normal: -0 0 -1
UV: 0.387096 0.507427

Position: 17.3482 0.25616 0.388638
Normal: 1 0 4.44089e-016
UV: 0.264447 0.517384

Position: 17.3482 2.48879 0.388638
Normal: 1 0 4.44089e-016
UV: 0.264447 0.517384

Position: 17.3482 2.48879 -0.399117
Normal: 1 0 4.44089e-016
UV: 0.264447 0.517384

Position: 17.3482 0.25616 -0.399117
Normal: 1 0 4.44089e-016
UV: 0.264447 0.517384

Position: 16.6025 2.48879 0.388638
Normal: -1 0 -4.44089e-016
UV: 0.264447 0.517384

Position: 16.6025 0.25616 0.388638
Normal: -1 0 -4.44089e-016
UV: 0.264447 0.517384

Position: 16.6025 0.25616 -0.399117
Normal: -1 0 -4.44089e-016
UV: 0.264447 0.517384

Position: 16.6025 2.48879 -0.399117
Normal: -1 0 -4.44089e-016
UV: 0.264447 0.517384

Position: 16.6025 2.48879 -0.399117
Normal: 4.44694e-016 -0 -1
UV: 0.198335 0.523995

Position: 16.6025 0.25616 -0.399117
Normal: 4.44694e-016 -0 -1
UV: 0.198335 0.523995

Position: 17.3482 0.25616 -0.399117
Normal: 4.44694e-016 -0 -1
UV: 0.198335 0.523995

Position: 17.3482 2.48879 -0.399117
Normal: 4.44694e-016 -0 -1
UV: 0.198335 0.523995

Position: 17.3482 2.48879 0.388638
Normal: -4.44694e-016 0 1
UV: 0.198335 0.523995

Position: 16.6025 0.25616 0.388638
Normal: -4.44694e-016 0 1
UV: 0.198335 0.523995

Position: 16.6025 2.48879 0.388638
Normal: -4.44694e-016 0 1
UV: 0.198335 0.523995

Position: 17.3482 0.25616 0.388638
Normal: -4.44694e-016 0 1
UV: 0.198335 0.523995

Position: 17.1595 2.48879 -0.199738
Normal: -0 1 0
UV: 0.323948 0.517384

Position: 17.3482 2.48879 0.388638
Normal: -0 1 0
UV: 0.323948 0.517384

Position: 17.1595 2.48879 0.189266
Normal: -0 1 0
UV: 0.323948 0.517384

Position: 17.3482 2.48879 -0.399117
Normal: -0 1 0
UV: 0.323948 0.517384

Position: 16.7912 2.48879 -0.199738
Normal: -0 1 0
UV: 0.323948 0.517384

Position: 16.6025 2.48879 -0.399117
Normal: -0 1 0
UV: 0.323948 0.517384

Position: 16.6025 2.48879 0.388638
Normal: -0 1 0
UV: 0.323948 0.517384

Position: 16.7912 2.48879 0.189266
Normal: -0 1 0
UV: 0.323948 0.517384

Position: 17.1595 2.48879 0.189266
Normal: 1 0 4.44089e-016
UV: 0.264447 0.517384

Position: 17.1595 9.04024 0.189266
Normal: 1 0 4.44089e-016
UV: 0.264447 0.517384

Position: 17.1595 9.04024 -0.199738
Normal: 1 0 4.44089e-016
UV: 0.264447 0.517384

Position: 17.1595 2.48879 -0.199738
Normal: 1 0 4.44089e-016
UV: 0.264447 0.517384

Position: 16.7912 9.04024 -0.199738
Normal: 4.44694e-016 -0 -1
UV: 0.198335 0.523995

Position: 16.7912 2.48879 -0.199738
Normal: 4.44694e-016 -0 -1
UV: 0.198335 0.523995

Position: 17.1595 2.48879 -0.199738
Normal: 4.44694e-016 -0 -1
UV: 0.198335 0.523995

Position: 17.1595 9.04024 -0.199738
Normal: 4.44694e-016 -0 -1
UV: 0.198335 0.523995

Position: 16.7912 9.04024 0.189266
Normal: -0.999999 0.00112786 -0.000566729
UV: 0.267753 0.527301

Position: 16.7912 2.48879 0.189266
Normal: -1 0 -4.44089e-016
UV: 0.267753 0.527301

Position: 16.7912 2.48879 -0.199738
Normal: -1 0 -4.44089e-016
UV: 0.267753 0.527301

Position: 16.7912 9.04024 -0.199738
Normal: -0.999999 0.00112786 0.000566729
UV: 0.267753 0.527301

Position: 17.1595 9.04024 0.189266
Normal: -4.44694e-016 0 1
UV: 0.198335 0.523995

Position: 16.7912 2.48879 0.189266
Normal: -4.44694e-016 0 1
UV: 0.198335 0.523995

Position: 16.7912 9.04024 0.189266
Normal: -4.44694e-016 0 1
UV: 0.198335 0.523995

Position: 17.1595 2.48879 0.189266
Normal: -4.44694e-016 0 1
UV: 0.198335 0.523995

Position: 16.7912 8.83707 0.109291
Normal: -0 1 0
UV: 0.323948 0.517384

Position: 8.48826 8.83707 0.109291
Normal: -0 1 0
UV: 0.323948 0.517384

Position: 8.48826 8.83707 -0.119766
Normal: -0 1 0
UV: 0.323948 0.517384

Position: 16.7912 8.83707 -0.119766
Normal: -0 1 0
UV: 0.323948 0.517384

Position: 8.48826 8.39454 -0.119766
Normal: 4.44694e-016 -0 -1
UV: 0.198335 0.523995

Position: 16.7912 8.39454 -0.119766
Normal: 4.44694e-016 -0 -1
UV: 0.198335 0.523995

Position: 16.7912 8.83707 -0.119766
Normal: 4.44694e-016 -0 -1
UV: 0.198335 0.523995

Position: 8.48826 8.83707 -0.119766
Normal: 4.44694e-016 -0 -1
UV: 0.198335 0.523995

Position: 8.48826 8.83707 0.109291
Normal: -4.44694e-016 0 1
UV: 0.198335 0.523995

Position: 16.7912 8.83707 0.109291
Normal: -4.44694e-016 0 1
UV: 0.198335 0.523995

Position: 16.7912 8.39454 0.109291
Normal: -4.44694e-016 0 1
UV: 0.198335 0.523995

Position: 8.48826 8.39454 0.109291
Normal: -4.44694e-016 0 1
UV: 0.198335 0.523995

Position: 8.48826 8.39454 0.109291
Normal: 0 -1 -0
UV: 0.175196 0.523995

Position: 16.7912 8.39454 0.109291
Normal: 0 -1 -0
UV: 0.175196 0.523995

Position: 16.7912 8.39454 -0.119766
Normal: 0 -1 -0
UV: 0.175196 0.523995

Position: 8.48826 8.39454 -0.119766
Normal: 0 -1 -0
UV: 0.175196 0.523995

Position: 16.45 -0.00267194 0.549641
Normal: -1 0 -4.44089e-016
UV: 0.264447 0.517384

Position: 16.45 -0.00267194 -0.56012
Normal: -1 0 -4.44089e-016
UV: 0.264447 0.517384

Position: 16.45 0.25616 0.549641
Normal: -1 0 -4.44089e-016
UV: 0.264447 0.517384

Position: 16.45 0.25616 -0.56012
Normal: -1 0 -4.44089e-016
UV: 0.264447 0.517384

Position: 17.5007 -0.00267194 -0.56012
Normal: 4.44694e-016 -0 -1
UV: 0.198335 0.523995

Position: 16.45 0.25616 -0.56012
Normal: 4.44694e-016 -0 -1
UV: 0.198335 0.523995

Position: 16.45 -0.00267194 -0.56012
Normal: 4.44694e-016 -0 -1
UV: 0.198335 0.523995

Position: 17.5007 0.25616 -0.56012
Normal: 4.44694e-016 -0 -1
UV: 0.198335 0.523995

Position: 17.5007 0.25616 0.549641
Normal: 1 0 4.44089e-016
UV: 0.264447 0.517384

Position: 17.5007 0.25616 -0.56012
Normal: 1 0 4.44089e-016
UV: 0.264447 0.517384

Position: 17.5007 -0.00267194 0.549641
Normal: 1 0 4.44089e-016
UV: 0.264447 0.517384

Position: 17.5007 -0.00267194 -0.56012
Normal: 1 0 4.44089e-016
UV: 0.264447 0.517384

Position: 17.5007 -0.00267194 0.549641
Normal: -4.44694e-016 0 1
UV: 0.198335 0.523995

Position: 16.45 -0.00267194 0.549641
Normal: -4.44694e-016 0 1
UV: 0.198335 0.523995

Position: 17.5007 0.25616 0.549641
Normal: -4.44694e-016 0 1
UV: 0.198335 0.523995

Position: 16.45 0.25616 0.549641
Normal: -4.44694e-016 0 1
UV: 0.198335 0.523995

Position: 16.45 0.25616 0.549641
Normal: -1.24314e-008 1 -5.52064e-024
UV: 0.323948 0.517384

Position: 16.45 0.25616 -0.56012
Normal: -1.24314e-008 1 -5.52064e-024
UV: 0.323948 0.517384

Position: 16.6025 0.25616 0.388638
Normal: -1.30297e-008 1 -5.78633e-024
UV: 0.323948 0.517384

Position: 16.6025 0.25616 -0.399117
Normal: -1.30297e-008 1 -5.78633e-024
UV: 0.323948 0.517384

Position: 17.5007 0.25616 -0.56012
Normal: 1.24314e-008 1 5.52064e-024
UV: 0.323948 0.517384

Position: 17.3482 0.25616 -0.399117
Normal: 1.30297e-008 1 5.78634e-024
UV: 0.323948 0.517384

Position: 17.5007 0.25616 0.549641
Normal: 1.24314e-008 1 5.52064e-024
UV: 0.323948 0.517384

Position: 17.3482 0.25616 0.388638
Normal: 1.30297e-008 1 5.78634e-024
UV: 0.323948 0.517384

Position: 16.7912 9.04024 -0.199738
Normal: -0 1 0
UV: 0.323948 0.517384

Position: 17.1595 9.04024 -0.199738
Normal: -0 1 0
UV: 0.323948 0.517384

Position: 16.7912 9.04024 0.189266
Normal: -0 1 0
UV: 0.323948 0.517384

Position: 17.1595 9.04024 0.189266
Normal: -0 1 0
UV: 0.323948 0.517384

Position: 0.185314 8.06467 -0.119766
Normal: -0 1 0
UV: 0.323948 0.517384

Position: 8.48826 8.06467 -0.119766
Normal: -0 1 0
UV: 0.323948 0.517384

Position: 0.185314 8.06467 0.109291
Normal: -0 1 0
UV: 0.323948 0.517384

Position: 8.48826 8.06467 0.109291
Normal: -0 1 0
UV: 0.323948 0.517384

Position: 8.48826 7.80212 -0.119766
Normal: -4.44694e-016 0 -1
UV: 0.198335 0.523995

Position: 0.185314 8.06467 -0.119766
Normal: -4.44694e-016 0 -1
UV: 0.198335 0.523995

Position: 0.185314 7.80212 -0.119766
Normal: -4.44694e-016 0 -1
UV: 0.198335 0.523995

Position: 8.48826 8.06467 -0.119766
Normal: -4.44694e-016 0 -1
UV: 0.198335 0.523995

Position: 8.48826 8.06467 0.109291
Normal: 4.44694e-016 0 1
UV: 0.198335 0.523995

Position: 0.185314 7.80212 0.109291
Normal: 4.44694e-016 0 1
UV: 0.198335 0.523995

Position: 0.185314 8.06467 0.109291
Normal: 4.44694e-016 0 1
UV: 0.198335 0.523995

Position: 8.48826 7.80212 0.109291
Normal: 4.44694e-016 0 1
UV: 0.198335 0.523995

Position: 8.48826 7.80212 0.109291
Normal: -0 -1 0
UV: 0.175196 0.523995

Position: 0.185314 7.80212 -0.119766
Normal: -0 -1 0
UV: 0.175196 0.523995

Position: 0.185314 7.80212 0.109291
Normal: -0 -1 0
UV: 0.175196 0.523995

Position: 8.48826 7.80212 -0.119766
Normal: -0 -1 0
UV: 0.175196 0.523995

Position: -0.371719 0.25616 -0.399117
Normal: -1 0 4.44089e-016
UV: 0.264447 0.517384

Position: -0.371719 2.48879 -0.399117
Normal: -1 0 4.44089e-016
UV: 0.264447 0.517384

Position: -0.371719 0.25616 0.388638
Normal: -1 0 4.44089e-016
UV: 0.264447 0.517384

Position: -0.371719 2.48879 0.388638
Normal: -1 0 4.44089e-016
UV: 0.264447 0.517384

Position: 0.374062 2.48879 -0.399117
Normal: 1 0 -4.44089e-016
UV: 0.264447 0.517384

Position: 0.374062 0.25616 -0.399117
Normal: 1 0 -4.44089e-016
UV: 0.264447 0.517384

Position: 0.374062 2.48879 0.388638
Normal: 1 0 -4.44089e-016
UV: 0.264447 0.517384

Position: 0.374062 0.25616 0.388638
Normal: 1 0 -4.44089e-016
UV: 0.264447 0.517384

Position: 0.374062 2.48879 -0.399117
Normal: -4.44694e-016 0 -1
UV: 0.198335 0.523995

Position: -0.371719 0.25616 -0.399117
Normal: -4.44694e-016 0 -1
UV: 0.198335 0.523995

Position: 0.374062 0.25616 -0.399117
Normal: -4.44694e-016 0 -1
UV: 0.198335 0.523995

Position: -0.371719 2.48879 -0.399117
Normal: -4.44694e-016 0 -1
UV: 0.198335 0.523995

Position: 0.374062 2.48879 0.388638
Normal: 4.44694e-016 0 1
UV: 0.198335 0.523995

Position: 0.374062 0.25616 0.388638
Normal: 4.44694e-016 0 1
UV: 0.198335 0.523995

Position: -0.371719 2.48879 0.388638
Normal: 4.44694e-016 0 1
UV: 0.198335 0.523995

Position: -0.371719 0.25616 0.388638
Normal: 4.44694e-016 0 1
UV: 0.198335 0.523995

Position: -0.371719 2.48879 0.388638
Normal: -0 1 0
UV: 0.323948 0.517384

Position: -0.371719 2.48879 -0.399117
Normal: -0 1 0
UV: 0.323948 0.517384

Position: -0.182972 2.48879 -0.199738
Normal: -0 1 0
UV: 0.323948 0.517384

Position: -0.182972 2.48879 0.189266
Normal: -0 1 0
UV: 0.323948 0.517384

Position: 0.374062 2.48879 -0.399117
Normal: -0 1 0
UV: 0.323948 0.517384

Position: 0.185314 2.48879 -0.199738
Normal: -0 1 0
UV: 0.323948 0.517384

Position: 0.374062 2.48879 0.388638
Normal: -0 1 0
UV: 0.323948 0.517384

Position: 0.185314 2.48879 0.189266
Normal: -0 1 0
UV: 0.323948 0.517384

Position: -0.182972 2.48879 -0.199738
Normal: -1 0 4.44089e-016
UV: 0.264447 0.517384

Position: -0.182972 9.04024 -0.199738
Normal: -1 0 4.44089e-016
UV: 0.264447 0.517384

Position: -0.182972 2.48879 0.189266
Normal: -1 0 4.44089e-016
UV: 0.264447 0.517384

Position: -0.182972 9.04024 0.189266
Normal: -1 0 4.44089e-016
UV: 0.264447 0.517384

Position: 0.185314 2.48879 -0.199738
Normal: -4.44694e-016 0 -1
UV: 0.198335 0.523995

Position: 0.185314 9.04024 -0.199738
Normal: -4.44694e-016 0 -1
UV: 0.198335 0.523995

Position: -0.182972 2.48879 -0.199738
Normal: -4.44694e-016 0 -1
UV: 0.198335 0.523995

Position: -0.182972 9.04024 -0.199738
Normal: -4.44694e-016 0 -1
UV: 0.198335 0.523995

Position: 0.185314 9.04024 0.189266
Normal: 0.999999 0.00112786 -0.000566729
UV: 0.267753 0.527301

Position: 0.185314 2.48879 -0.199738
Normal: 1 0 -4.44089e-016
UV: 0.267753 0.527301

Position: 0.185314 2.48879 0.189266
Normal: 1 0 -4.44089e-016
UV: 0.267753 0.527301

Position: 0.185314 9.04024 -0.199738
Normal: 0.999999 0.00112786 0.000566729
UV: 0.267753 0.527301

Position: 0.185314 9.04024 0.189266
Normal: 4.44694e-016 0 1
UV: 0.198335 0.523995

Position: 0.185314 2.48879 0.189266
Normal: 4.44694e-016 0 1
UV: 0.198335 0.523995

Position: -0.182972 9.04024 0.189266
Normal: 4.44694e-016 0 1
UV: 0.198335 0.523995

Position: -0.182972 2.48879 0.189266
Normal: 4.44694e-016 0 1
UV: 0.198335 0.523995

Position: 0.185314 8.83707 -0.119766
Normal: -0 1 0
UV: 0.323948 0.517384

Position: 0.185314 8.83707 0.109291
Normal: -0 1 0
UV: 0.323948 0.517384

Position: 0.185314 8.83707 -0.119766
Normal: -4.44694e-016 0 -1
UV: 0.198335 0.523995

Position: 0.185314 8.39454 -0.119766
Normal: -4.44694e-016 0 -1
UV: 0.198335 0.523995

Position: 0.185314 8.39454 0.109291
Normal: 4.44694e-016 0 1
UV: 0.198335 0.523995

Position: 0.185314 8.83707 0.109291
Normal: 4.44694e-016 0 1
UV: 0.198335 0.523995

Position: 0.185314 8.39454 -0.119766
Normal: -0 -1 0
UV: 0.175196 0.523995

Position: 0.185314 8.39454 0.109291
Normal: -0 -1 0
UV: 0.175196 0.523995

Position: 0.526489 -0.00267194 -0.56012
Normal: 1 0 -4.44089e-016
UV: 0.264447 0.517384

Position: 0.526489 -0.00267194 0.549641
Normal: 1 0 -4.44089e-016
UV: 0.264447 0.517384

Position: 0.526489 0.25616 0.549641
Normal: 1 0 -4.44089e-016
UV: 0.264447 0.517384

Position: 0.526489 0.25616 -0.56012
Normal: 1 0 -4.44089e-016
UV: 0.264447 0.517384

Position: -0.524147 -0.00267194 -0.56012
Normal: -4.44694e-016 0 -1
UV: 0.198335 0.523995

Position: 0.526489 -0.00267194 -0.56012
Normal: -4.44694e-016 0 -1
UV: 0.198335 0.523995

Position: 0.526489 0.25616 -0.56012
Normal: -4.44694e-016 0 -1
UV: 0.198335 0.523995

Position: -0.524147 0.25616 -0.56012
Normal: -4.44694e-016 0 -1
UV: 0.198335 0.523995

Position: -0.524147 -0.00267194 0.549641
Normal: -1 0 4.44089e-016
UV: 0.264447 0.517384

Position: -0.524147 0.25616 -0.56012
Normal: -1 0 4.44089e-016
UV: 0.264447 0.517384

Position: -0.524147 0.25616 0.549641
Normal: -1 0 4.44089e-016
UV: 0.264447 0.517384

Position: -0.524147 -0.00267194 -0.56012
Normal: -1 0 4.44089e-016
UV: 0.264447 0.517384

Position: -0.524147 0.25616 0.549641
Normal: 4.44694e-016 0 1
UV: 0.198335 0.523995

Position: 0.526489 0.25616 0.549641
Normal: 4.44694e-016 0 1
UV: 0.198335 0.523995

Position: 0.526489 -0.00267194 0.549641
Normal: 4.44694e-016 0 1
UV: 0.198335 0.523995

Position: -0.524147 -0.00267194 0.549641
Normal: 4.44694e-016 0 1
UV: 0.198335 0.523995

Position: 0.526489 0.25616 -0.56012
Normal: 1.24314e-008 1 -5.52064e-024
UV: 0.323948 0.517384

Position: 0.526489 0.25616 0.549641
Normal: 1.24314e-008 1 -5.52064e-024
UV: 0.323948 0.517384

Position: 0.374062 0.25616 0.388638
Normal: 1.30297e-008 1 -5.78633e-024
UV: 0.323948 0.517384

Position: 0.374062 0.25616 -0.399117
Normal: 1.30297e-008 1 -5.78633e-024
UV: 0.323948 0.517384

Position: -0.371719 0.25616 -0.399117
Normal: -1.30297e-008 1 5.78634e-024
UV: 0.323948 0.517384

Position: -0.524147 0.25616 -0.56012
Normal: -1.24314e-008 1 5.52064e-024
UV: 0.323948 0.517384

Position: -0.524147 0.25616 0.549641
Normal: -1.24314e-008 1 5.52064e-024
UV: 0.323948 0.517384

Position: -0.371719 0.25616 0.388638
Normal: -1.30297e-008 1 5.78634e-024
UV: 0.323948 0.517384

Position: 0.185314 9.04024 -0.199738
Normal: -0 1 0
UV: 0.323948 0.517384

Position: 0.185314 9.04024 0.189266
Normal: -0 1 0
UV: 0.323948 0.517384

Position: -0.182972 9.04024 -0.199738
Normal: -0 1 0
UV: 0.323948 0.517384

Position: -0.182972 9.04024 0.189266
Normal: -0 1 0
UV: 0.323948 0.517384

Position: 16.7912 8.06467 0.109291
Normal: -0 1 0
UV: 0.323948 0.517384

Position: 16.7912 8.06467 -0.119766
Normal: -0 1 0
UV: 0.323948 0.517384

Position: 16.7912 7.80212 -0.119766
Normal: 4.44694e-016 0 -1
UV: 0.198335 0.523995

Position: 16.7912 8.06467 -0.119766
Normal: 4.44694e-016 0 -1
UV: 0.198335 0.523995

Position: 16.7912 8.06467 0.109291
Normal: -4.44694e-016 0 1
UV: 0.198335 0.523995

Position: 16.7912 7.80212 0.109291
Normal: -4.44694e-016 0 1
UV: 0.198335 0.523995

Position: 16.7912 7.80212 0.109291
Normal: -0 -1 0
UV: 0.175196 0.523995

Position: 16.7912 7.80212 -0.119766
Normal: -0 -1 0
UV: 0.175196 0.523995


[INDEX_DATA]
0 2 1
0 3 2
4 6 5
4 7 6
8 10 9
8 11 10
12 14 13
12 15 14
16 18 17
19 17 18
20 22 21
21 23 20
24 26 25
24 27 26
25 29 28
25 26 29
30 28 29
29 31 30
24 30 31
31 27 24
32 34 33
32 35 34
36 37 33
33 34 36
38 37 36
36 39 38
39 35 32
32 38 39
40 42 41
40 43 42
44 46 45
45 47 44
48 50 49
48 51 50
52 54 53
52 55 54
56 58 57
59 57 58
60 62 61
61 63 60
64 66 65
64 67 66
65 69 68
65 66 69
70 68 69
69 71 70
64 70 71
71 67 64
72 74 73
72 75 74
76 73 74
74 77 76
78 76 77
77 79 78
78 75 72
78 79 75
80 82 81
80 83 82
84 86 85
84 87 86
88 90 89
90 88 91
92 94 93
93 95 92
96 98 97
99 96 97
99 101 100
100 96 99
102 103 100
100 101 102
98 103 102
97 98 102
104 106 105
104 107 106
108 110 109
110 108 111
112 114 113
112 115 114
116 118 117
117 119 116
120 122 121
120 123 122
124 126 125
124 127 126
128 130 129
128 131 130
132 134 133
132 135 134
136 138 137
138 139 137
140 142 141
141 143 140
144 146 145
146 147 145
148 150 149
151 149 150
152 154 153
154 155 153
153 155 156
155 157 156
158 156 157
157 159 158
158 159 152
159 154 152
160 162 161
162 163 161
164 166 165
167 165 166
168 170 169
169 171 168
172 174 173
173 175 172
176 178 177
177 179 176
180 182 181
183 181 182
184 186 185
187 185 186
188 190 189
189 191 188
192 194 193
194 195 193
196 198 197
196 199 198
197 201 200
197 198 201
202 200 201
201 203 202
202 199 196
202 203 199
204 206 205
207 205 206
208 210 209
210 211 209
212 214 213
213 215 212
216 218 217
218 219 217
220 221 122
121 122 221
124 223 222
222 127 124
128 225 224
224 131 128
132 227 226
226 135 132
228 230 229
230 228 231
232 234 233
232 235 234
236 238 237
237 239 236
240 242 241
240 243 242
244 246 245
244 247 246
247 249 248
247 244 249
250 251 248
250 248 249
245 251 250
245 246 251
252 254 253
253 254 255
256 165 167
256 257 165
168 259 258
168 171 259
172 261 260
172 175 261
176 263 262
176 179 263

