[FBX_META_DATA]
MeshCount: 1

[MESH_DATA]
VertexCount: 148
IndexCount: 270
BoneCount: 0
AnimationClips: 1

[VERTEX_DATA]
Position: -6.85581 9.38872 -0.118168
Normal: -0 0 1
UV: 0.232863 0.527219

Position: -1.79858 9.38872 -0.118168
Normal: -0 0 1
UV: 0.232863 0.527219

Position: -1.79858 7.12674 -0.118168
Normal: -0 0 1
UV: 0.232863 0.527219

Position: -6.85581 7.12674 -0.118168
Normal: -0 0 1
UV: 0.232863 0.527219

Position: -1.79858 9.38872 -0.118168
Normal: -0 1 0
UV: 0.239919 0.759073

Position: -6.85581 9.38872 -0.118168
Normal: -0 1 0
UV: 0.239919 0.759073

Position: -6.85581 9.38872 -0.201038
Normal: -0 1 0
UV: 0.239919 0.759073

Position: -1.79858 9.38872 -0.201038
Normal: -0 1 0
UV: 0.239919 0.759073

Position: -6.62067 7.33895 -0.201038
Normal: -0 0 -1
UV: 0.0977786 0.365936

Position: -2.03361 7.33895 -0.201038
Normal: -0 0 -1
UV: 0.338809 0.365936

Position: -2.03361 9.17651 -0.201038
Normal: -0 0 -1
UV: 0.338809 0.272217

Position: -6.62067 9.17651 -0.201038
Normal: -0 0 -1
UV: 0.0977787 0.272217

Position: -6.85581 7.12674 -0.118168
Normal: -0 -1 0
UV: 0.0433469 0.762097

Position: -1.79858 7.12674 -0.118168
Normal: -0 -1 0
UV: 0.0433469 0.762097

Position: -1.79858 7.12674 -0.201038
Normal: -0 -1 0
UV: 0.0433469 0.762097

Position: -6.85581 7.12674 -0.201038
Normal: -0 -1 0
UV: 0.0433469 0.762097

Position: -6.85581 7.12674 -0.201038
Normal: -1 0 0
UV: 0.0433469 0.762097

Position: -6.85581 9.38872 -0.201038
Normal: -1 0 0
UV: 0.0433469 0.762097

Position: -6.85581 7.12674 -0.118168
Normal: -1 0 0
UV: 0.0433469 0.762097

Position: -6.85581 9.38872 -0.118168
Normal: -1 0 0
UV: 0.0433469 0.762097

Position: -1.79858 9.38872 -0.118168
Normal: 1 0 0
UV: 0.0433469 0.762097

Position: -1.79858 7.12674 -0.201038
Normal: 1 0 0
UV: 0.0433469 0.762097

Position: -1.79858 7.12674 -0.118168
Normal: 1 0 0
UV: 0.0433469 0.762097

Position: -1.79858 9.38872 -0.201038
Normal: 1 0 0
UV: 0.0433469 0.762097

Position: -6.85581 9.38872 -0.201038
Normal: -0 0 -1
UV: 0.109656 0.758733

Position: -1.95223 9.24569 -0.201038
Normal: -0 0 -1
UV: 0.109656 0.758733

Position: -1.79858 9.38872 -0.201038
Normal: -0 0 -1
UV: 0.109656 0.758733

Position: -6.70226 9.24569 -0.201038
Normal: -0 0 -1
UV: 0.109656 0.758733

Position: -6.85581 7.12674 -0.201038
Normal: -2.86239e-008 0 -1
UV: 0.109656 0.758733

Position: -6.70226 7.26977 -0.201038
Normal: -2.86239e-008 0 -1
UV: 0.109656 0.758733

Position: -1.79858 7.12674 -0.201038
Normal: -0 0 -1
UV: 0.109656 0.758733

Position: -1.95223 7.26977 -0.201038
Normal: -0 0 -1
UV: 0.109656 0.758733

Position: -1.95223 9.24569 -0.201038
Normal: -0 0 -1
UV: 0.387096 0.524194

Position: -6.70226 9.24569 -0.201038
Normal: -0 0 -1
UV: 0.387096 0.524194

Position: -6.62067 9.17651 -0.201038
Normal: -0 0 -1
UV: 0.387096 0.524194

Position: -2.03361 9.17651 -0.201038
Normal: -0 0 -1
UV: 0.387096 0.524194

Position: -6.62067 7.33895 -0.201038
Normal: 4.78891e-008 0 -1
UV: 0.387096 0.524194

Position: -6.70226 7.26977 -0.201038
Normal: 4.78891e-008 0 -1
UV: 0.387096 0.524194

Position: -1.95223 7.26977 -0.201038
Normal: -0 0 -1
UV: 0.387096 0.524194

Position: -2.03361 7.33895 -0.201038
Normal: -0 0 -1
UV: 0.387096 0.524194

Position: -0.182972 8.06467 0.109295
Normal: -0 1 0
UV: 0.323948 0.517384

Position: -7.99174 8.06467 0.109295
Normal: -0 1 0
UV: 0.323948 0.517384

Position: -7.99174 8.06467 -0.119762
Normal: -0 1 0
UV: 0.323948 0.517384

Position: -0.182972 8.06467 -0.119762
Normal: -0 1 0
UV: 0.323948 0.517384

Position: -7.99174 7.80212 -0.119762
Normal: 1.45534e-015 0 -1
UV: 0.198335 0.523995

Position: -0.182972 7.80212 -0.119762
Normal: 1.45534e-015 0 -1
UV: 0.198335 0.523995

Position: -0.182972 8.06467 -0.119762
Normal: 1.45534e-015 0 -1
UV: 0.198335 0.523995

Position: -7.99174 8.06467 -0.119762
Normal: 1.45534e-015 0 -1
UV: 0.198335 0.523995

Position: -7.99174 8.06467 0.109295
Normal: -1.45534e-015 0 1
UV: 0.198335 0.523995

Position: -0.182972 8.06467 0.109295
Normal: -1.45534e-015 0 1
UV: 0.198335 0.523995

Position: -0.182972 7.80212 0.109295
Normal: -1.45534e-015 0 1
UV: 0.198335 0.523995

Position: -7.99174 7.80212 0.109295
Normal: -1.45534e-015 0 1
UV: 0.198335 0.523995

Position: -7.99174 7.80212 0.109295
Normal: -0 -1 0
UV: 0.175196 0.523995

Position: -0.182972 7.80212 0.109295
Normal: -0 -1 0
UV: 0.175196 0.523995

Position: -0.182972 7.80212 -0.119762
Normal: -0 -1 0
UV: 0.175196 0.523995

Position: -7.99174 7.80212 -0.119762
Normal: -0 -1 0
UV: 0.175196 0.523995

Position: 0.374062 0.25616 0.388638
Normal: 1 0 1.45473e-015
UV: 0.264447 0.517384

Position: 0.374062 2.48879 0.388638
Normal: 1 0 1.45473e-015
UV: 0.264447 0.517384

Position: 0.374062 2.48879 -0.399113
Normal: 1 0 1.45473e-015
UV: 0.264447 0.517384

Position: 0.374062 0.25616 -0.399113
Normal: 1 0 1.45473e-015
UV: 0.264447 0.517384

Position: -0.371719 2.48879 0.388638
Normal: -1 0 -1.45473e-015
UV: 0.264447 0.517384

Position: -0.371719 0.25616 0.388638
Normal: -1 0 -1.45473e-015
UV: 0.264447 0.517384

Position: -0.371719 0.25616 -0.399113
Normal: -1 0 -1.45473e-015
UV: 0.264447 0.517384

Position: -0.371719 2.48879 -0.399113
Normal: -1 0 -1.45473e-015
UV: 0.264447 0.517384

Position: -0.371719 2.48879 -0.399113
Normal: 1.45534e-015 0 -1
UV: 0.198335 0.523995

Position: -0.371719 0.25616 -0.399113
Normal: 1.45534e-015 0 -1
UV: 0.198335 0.523995

Position: 0.374062 0.25616 -0.399113
Normal: 1.45534e-015 0 -1
UV: 0.198335 0.523995

Position: 0.374062 2.48879 -0.399113
Normal: 1.45534e-015 0 -1
UV: 0.198335 0.523995

Position: 0.374062 2.48879 0.388638
Normal: -1.45534e-015 0 1
UV: 0.198335 0.523995

Position: -0.371719 0.25616 0.388638
Normal: -1.45534e-015 0 1
UV: 0.198335 0.523995

Position: -0.371719 2.48879 0.388638
Normal: -1.45534e-015 0 1
UV: 0.198335 0.523995

Position: 0.374062 0.25616 0.388638
Normal: -1.45534e-015 0 1
UV: 0.198335 0.523995

Position: 0.185314 2.48879 -0.199734
Normal: -0 1 0
UV: 0.323948 0.517384

Position: 0.374062 2.48879 0.388638
Normal: -0 1 0
UV: 0.323948 0.517384

Position: 0.185314 2.48879 0.189266
Normal: -0 1 0
UV: 0.323948 0.517384

Position: 0.374062 2.48879 -0.399113
Normal: -0 1 0
UV: 0.323948 0.517384

Position: -0.182972 2.48879 -0.199734
Normal: -0 1 0
UV: 0.323948 0.517384

Position: -0.371719 2.48879 -0.399113
Normal: -0 1 0
UV: 0.323948 0.517384

Position: -0.371719 2.48879 0.388638
Normal: -0 1 0
UV: 0.323948 0.517384

Position: -0.182972 2.48879 0.189266
Normal: -0 1 0
UV: 0.323948 0.517384

Position: 0.185314 2.48879 0.189266
Normal: 1 0 1.45473e-015
UV: 0.264447 0.517384

Position: 0.185314 9.04024 0.189266
Normal: 1 0 1.45473e-015
UV: 0.264447 0.517384

Position: 0.185314 9.04024 -0.199734
Normal: 1 0 1.45473e-015
UV: 0.264447 0.517384

Position: 0.185314 2.48879 -0.199734
Normal: 1 0 1.45473e-015
UV: 0.264447 0.517384

Position: -0.182972 9.04024 -0.199734
Normal: 1.45534e-015 0 -1
UV: 0.198335 0.523995

Position: -0.182972 2.48879 -0.199734
Normal: 1.45534e-015 0 -1
UV: 0.198335 0.523995

Position: 0.185314 2.48879 -0.199734
Normal: 1.45534e-015 0 -1
UV: 0.198335 0.523995

Position: 0.185314 9.04024 -0.199734
Normal: 1.45534e-015 0 -1
UV: 0.198335 0.523995

Position: -0.182972 9.04024 0.189266
Normal: -0.999999 0.00112786 -0.000566729
UV: 0.267753 0.527301

Position: -0.182972 2.48879 0.189266
Normal: -1 0 -1.45473e-015
UV: 0.267753 0.527301

Position: -0.182972 2.48879 -0.199734
Normal: -1 0 -1.45473e-015
UV: 0.267753 0.527301

Position: -0.182972 9.04024 -0.199734
Normal: -0.999999 0.00112786 0.000566729
UV: 0.267753 0.527301

Position: 0.185314 9.04024 0.189266
Normal: -1.45534e-015 0 1
UV: 0.198335 0.523995

Position: -0.182972 2.48879 0.189266
Normal: -1.45534e-015 0 1
UV: 0.198335 0.523995

Position: -0.182972 9.04024 0.189266
Normal: -1.45534e-015 0 1
UV: 0.198335 0.523995

Position: 0.185314 2.48879 0.189266
Normal: -1.45534e-015 0 1
UV: 0.198335 0.523995

Position: -0.182972 8.83707 0.109295
Normal: -0 1 0
UV: 0.323948 0.517384

Position: -7.99174 8.83707 0.109295
Normal: -0 1 0
UV: 0.323948 0.517384

Position: -7.99174 8.83707 -0.119762
Normal: -0 1 0
UV: 0.323948 0.517384

Position: -0.182972 8.83707 -0.119762
Normal: -0 1 0
UV: 0.323948 0.517384

Position: -7.99174 8.39454 -0.119762
Normal: 1.45534e-015 0 -1
UV: 0.198335 0.523995

Position: -0.182972 8.39454 -0.119762
Normal: 1.45534e-015 0 -1
UV: 0.198335 0.523995

Position: -0.182972 8.83707 -0.119762
Normal: 1.45534e-015 0 -1
UV: 0.198335 0.523995

Position: -7.99174 8.83707 -0.119762
Normal: 1.45534e-015 0 -1
UV: 0.198335 0.523995

Position: -7.99174 8.83707 0.109295
Normal: -1.45534e-015 0 1
UV: 0.198335 0.523995

Position: -0.182972 8.83707 0.109295
Normal: -1.45534e-015 0 1
UV: 0.198335 0.523995

Position: -0.182972 8.39454 0.109295
Normal: -1.45534e-015 0 1
UV: 0.198335 0.523995

Position: -7.99174 8.39454 0.109295
Normal: -1.45534e-015 0 1
UV: 0.198335 0.523995

Position: -7.99174 8.39454 0.109295
Normal: -0 -1 0
UV: 0.175196 0.523995

Position: -0.182972 8.39454 0.109295
Normal: -0 -1 0
UV: 0.175196 0.523995

Position: -0.182972 8.39454 -0.119762
Normal: -0 -1 0
UV: 0.175196 0.523995

Position: -7.99174 8.39454 -0.119762
Normal: -0 -1 0
UV: 0.175196 0.523995

Position: -0.524147 -0.00267194 -0.560116
Normal: -1 0 -1.45473e-015
UV: 0.264447 0.517384

Position: -0.524147 0.25616 0.549641
Normal: -1 0 -1.45473e-015
UV: 0.264447 0.517384

Position: -0.524147 -0.00267194 0.549641
Normal: -1 0 -1.45473e-015
UV: 0.264447 0.517384

Position: -0.524147 0.25616 -0.560116
Normal: -1 0 -1.45473e-015
UV: 0.264447 0.517384

Position: 0.526489 -0.00267194 -0.560116
Normal: 1.45534e-015 0 -1
UV: 0.198335 0.523995

Position: -0.524147 0.25616 -0.560116
Normal: 1.45534e-015 0 -1
UV: 0.198335 0.523995

Position: -0.524147 -0.00267194 -0.560116
Normal: 1.45534e-015 0 -1
UV: 0.198335 0.523995

Position: 0.526489 0.25616 -0.560116
Normal: 1.45534e-015 0 -1
UV: 0.198335 0.523995

Position: 0.526489 0.25616 0.549641
Normal: 1 0 1.45473e-015
UV: 0.264447 0.517384

Position: 0.526489 0.25616 -0.560116
Normal: 1 0 1.45473e-015
UV: 0.264447 0.517384

Position: 0.526489 -0.00267194 0.549641
Normal: 1 0 1.45473e-015
UV: 0.264447 0.517384

Position: 0.526489 -0.00267194 -0.560116
Normal: 1 0 1.45473e-015
UV: 0.264447 0.517384

Position: 0.526489 -0.00267194 0.549641
Normal: -1.45534e-015 0 1
UV: 0.198335 0.523995

Position: -0.524147 -0.00267194 0.549641
Normal: -1.45534e-015 0 1
UV: 0.198335 0.523995

Position: 0.526489 0.25616 0.549641
Normal: -1.45534e-015 0 1
UV: 0.198335 0.523995

Position: -0.524147 0.25616 0.549641
Normal: -1.45534e-015 0 1
UV: 0.198335 0.523995

Position: -0.524147 0.25616 0.549641
Normal: -1.24314e-008 1 -1.80843e-023
UV: 0.323948 0.517384

Position: -0.524147 0.25616 -0.560116
Normal: -1.24314e-008 1 -1.80843e-023
UV: 0.323948 0.517384

Position: -0.371719 0.25616 0.388638
Normal: -1.30297e-008 1 -1.89547e-023
UV: 0.323948 0.517384

Position: -0.371719 0.25616 -0.399113
Normal: -1.30297e-008 1 -1.89547e-023
UV: 0.323948 0.517384

Position: 0.526489 0.25616 -0.560116
Normal: 1.24314e-008 1 1.80843e-023
UV: 0.323948 0.517384

Position: 0.374062 0.25616 -0.399113
Normal: 1.30297e-008 1 1.89547e-023
UV: 0.323948 0.517384

Position: 0.526489 0.25616 0.549641
Normal: 1.24314e-008 1 1.80843e-023
UV: 0.323948 0.517384

Position: 0.374062 0.25616 0.388638
Normal: 1.30297e-008 1 1.89547e-023
UV: 0.323948 0.517384

Position: -0.182972 9.04024 -0.199734
Normal: -0 1 0
UV: 0.323948 0.517384

Position: 0.185314 9.04024 -0.199734
Normal: -0 1 0
UV: 0.323948 0.517384

Position: -0.182972 9.04024 0.189266
Normal: -0 1 0
UV: 0.323948 0.517384

Position: 0.185314 9.04024 0.189266
Normal: -0 1 0
UV: 0.323948 0.517384

Position: -7.99174 8.39454 0.109295
Normal: -1 0 0
UV: 0.176906 0.535462

Position: -7.99174 8.83707 -0.119762
Normal: -1 0 0
UV: 0.176906 0.535462

Position: -7.99174 8.83707 0.109295
Normal: -1 0 0
UV: 0.176906 0.535462

Position: -7.99174 8.39454 -0.119762
Normal: -1 0 0
UV: 0.176906 0.535462

Position: -7.99174 7.80212 0.109295
Normal: -1 0 0
UV: 0.176906 0.535462

Position: -7.99174 8.06467 -0.119762
Normal: -1 0 0
UV: 0.176906 0.535462

Position: -7.99174 8.06467 0.109295
Normal: -1 0 0
UV: 0.176906 0.535462

Position: -7.99174 7.80212 -0.119762
Normal: -1 0 0
UV: 0.176906 0.535462


[INDEX_DATA]
0 2 1
0 3 2
4 6 5
4 7 6
8 10 9
8 11 10
12 14 13
12 15 14
16 18 17
19 17 18
20 22 21
21 23 20
24 26 25
25 27 24
24 29 28
24 27 29
28 31 30
28 29 31
26 30 31
31 25 26
32 34 33
32 35 34
36 37 33
33 34 36
38 37 36
36 39 38
39 35 32
32 38 39
40 42 41
40 43 42
44 46 45
44 47 46
48 50 49
48 51 50
52 54 53
52 55 54
56 58 57
56 59 58
60 62 61
60 63 62
64 66 65
66 64 67
68 70 69
69 71 68
72 74 73
75 72 73
75 77 76
76 72 75
78 79 76
76 77 78
74 79 78
73 74 78
80 82 81
80 83 82
84 86 85
86 84 87
88 90 89
88 91 90
92 94 93
93 95 92
96 98 97
96 99 98
100 102 101
100 103 102
104 106 105
104 107 106
108 110 109
108 111 110
112 114 113
113 115 112
116 118 117
117 119 116
120 122 121
122 123 121
124 126 125
127 125 126
128 130 129
130 131 129
129 131 132
131 133 132
134 132 133
133 135 134
134 135 128
135 130 128
136 138 137
138 139 137
140 142 141
141 143 140
144 146 145
145 147 144

