[FBX_META_DATA]
MeshCount: 1

[MESH_DATA]
VertexCount: 148
IndexCount: 276
BoneCount: 0
AnimationClips: 1

[VERTEX_DATA]
Position: 0.880344 0 0.446243
Normal: 1 1.31924e-007 0
UV: 0.165831 0.518928

Position: 0.880344 0.190126 -1.33603
Normal: 1 1.31924e-007 0
UV: 0.165831 0.518928

Position: 0.880344 0 -1.41003
Normal: 1 1.31924e-007 0
UV: 0.165831 0.518928

Position: 0.880344 0.190126 0.372253
Normal: 1 1.31924e-007 0
UV: 0.165831 0.518928

Position: 0.880344 0 0.446243
Normal: -0 -1 0
UV: 0.164589 0.522652

Position: 0.880344 0 -1.41003
Normal: -0 -1 0
UV: 0.164589 0.522652

Position: 0.715818 0 0.446243
Normal: -0 -1 0
UV: 0.164589 0.522652

Position: 0.715818 0 -1.41003
Normal: -0 -1 0
UV: 0.164589 0.522652

Position: 0.715818 0 0.446243
Normal: -1 0 0
UV: 0.138524 0.520169

Position: 0.715818 0.190126 -1.33603
Normal: -1 0 0
UV: 0.138524 0.520169

Position: 0.715818 0.190126 0.372253
Normal: -1 0 0
UV: 0.138524 0.520169

Position: 0.715818 0 -1.41003
Normal: -1 0 0
UV: 0.138524 0.520169

Position: 0.715818 0.190126 0.372253
Normal: -0 1 0
UV: 0.231614 0.525134

Position: 0.715818 0.190126 -1.33603
Normal: -0 1 0
UV: 0.231614 0.525134

Position: 0.880344 0.190126 0.372253
Normal: -0 1 0
UV: 0.231614 0.525134

Position: 0.880344 0.190126 -1.33603
Normal: -0 1 0
UV: 0.231614 0.525134

Position: 0.715818 0.452643 -1.65034
Normal: -0 0.767515 0.641031
UV: 0.231614 0.525134

Position: 0.880344 0.190126 -1.33603
Normal: -0 0.767515 0.641031
UV: 0.231614 0.525134

Position: 0.715818 0.190126 -1.33603
Normal: -0 0.767515 0.641031
UV: 0.231614 0.525134

Position: 0.880344 0.452643 -1.65034
Normal: -0 0.767515 0.641031
UV: 0.231614 0.525134

Position: 0.715818 0 -1.41003
Normal: -1 0 0
UV: 0.134801 0.527616

Position: 0.715818 0.452643 -1.65034
Normal: -1 0 0
UV: 0.134801 0.527616

Position: 0.715818 0.190126 -1.33603
Normal: -1 0 0
UV: 0.134801 0.527616

Position: 0.715818 0.452643 -1.91295
Normal: -1 0 0
UV: 0.134801 0.527616

Position: 0.880344 0.452643 -1.91295
Normal: -0 -0.743279 -0.668981
UV: 0.164589 0.522652

Position: 0.715818 0 -1.41003
Normal: -0 -0.743279 -0.668981
UV: 0.164589 0.522652

Position: 0.880344 0 -1.41003
Normal: -0 -0.743279 -0.668981
UV: 0.164589 0.522652

Position: 0.715818 0.452643 -1.91295
Normal: -0 -0.743279 -0.668981
UV: 0.164589 0.522652

Position: 0.880344 0.452643 -1.91295
Normal: 1 3.00953e-007 0
UV: 0.199343 0.525134

Position: 0.880344 0 -1.41003
Normal: 1 3.00953e-007 0
UV: 0.199343 0.525134

Position: 0.880344 0.452643 -1.65034
Normal: 1 3.00953e-007 0
UV: 0.199343 0.525134

Position: 0.880344 0.190126 -1.33603
Normal: 1 3.00953e-007 0
UV: 0.199343 0.525134

Position: 0.715818 0.452643 0.686554
Normal: -0 0.7675 -0.64105
UV: 0.231614 0.525134

Position: 0.715818 0.190126 0.372253
Normal: -0 0.7675 -0.64105
UV: 0.231614 0.525134

Position: 0.880344 0.452643 0.686554
Normal: -0 0.7675 -0.64105
UV: 0.231614 0.525134

Position: 0.880344 0.190126 0.372253
Normal: -0 0.7675 -0.64105
UV: 0.231614 0.525134

Position: 0.880344 0 0.446243
Normal: 1 0 0
UV: 0.199343 0.525134

Position: 0.880344 0.452643 0.686554
Normal: 1 0 0
UV: 0.199343 0.525134

Position: 0.880344 0.190126 0.372253
Normal: 1 0 0
UV: 0.199343 0.525134

Position: 0.880344 0.452643 0.949188
Normal: 1 0 0
UV: 0.199343 0.525134

Position: 0.880344 0.452643 0.949188
Normal: -0 -0.743299 0.668959
UV: 0.164589 0.522652

Position: 0.880344 0 0.446243
Normal: -0 -0.743299 0.668959
UV: 0.164589 0.522652

Position: 0.715818 0.452643 0.949188
Normal: -0 -0.743299 0.668959
UV: 0.164589 0.522652

Position: 0.715818 0 0.446243
Normal: -0 -0.743299 0.668959
UV: 0.164589 0.522652

Position: 0.715818 0.452643 0.686554
Normal: -1 0 0
UV: 0.134801 0.527616

Position: 0.715818 0 0.446243
Normal: -1 0 0
UV: 0.134801 0.527616

Position: 0.715818 0.190126 0.372253
Normal: -1 0 0
UV: 0.134801 0.527616

Position: 0.715818 0.452643 0.949188
Normal: -1 0 0
UV: 0.134801 0.527616

Position: 0.964197 0.766976 0.863846
Normal: 1 -2.36025e-007 0
UV: 0.232856 0.890179

Position: 0.964197 0.452643 -2.26942
Normal: 1 -2.36025e-007 0
UV: 0.232856 0.890179

Position: 0.964197 0.452643 1.02452
Normal: 1 -2.36025e-007 0
UV: 0.232856 0.890179

Position: 0.964197 0.766976 -2.26942
Normal: 1 -2.36025e-007 0
UV: 0.232856 0.890179

Position: 0.964197 0.452643 1.02452
Normal: -0 -1 0
UV: 0.162107 0.893902

Position: 0.707164 0.452643 -2.01048
Normal: -0 -1 1.81064e-009
UV: 0.162107 0.893902

Position: 0.707164 0.452643 1.02452
Normal: -0 -1 0
UV: 0.162107 0.893902

Position: 0.964197 0.452643 -2.26942
Normal: -0 -1 6.01565e-009
UV: 0.162107 0.893902

Position: -0.964197 0.452643 1.02452
Normal: -1 0 0
UV: 0.232856 0.890179

Position: -0.964197 0.452643 -2.26942
Normal: -1 0 0
UV: 0.232856 0.890179

Position: -0.964197 0.766976 0.863846
Normal: -1 0 0
UV: 0.232856 0.890179

Position: -0.964197 0.766976 -2.26942
Normal: -1 0 0
UV: 0.232856 0.890179

Position: 0.707164 0.766976 0.863846
Normal: -0 1 0
UV: 0.298639 0.888938

Position: 0.707164 0.766976 -2.02225
Normal: -0 1 0
UV: 0.298639 0.888938

Position: 0.964197 0.766976 0.863846
Normal: -0 1 0
UV: 0.298639 0.888938

Position: 0.964197 0.766976 -2.26942
Normal: -0 1 0
UV: 0.298639 0.888938

Position: -0.724031 0 0.446243
Normal: 1 9.89432e-008 0
UV: 0.134801 0.527616

Position: -0.724031 0.190126 -1.33603
Normal: 1 9.89432e-008 0
UV: 0.134801 0.527616

Position: -0.724031 0 -1.41003
Normal: 1 9.89432e-008 0
UV: 0.134801 0.527616

Position: -0.724031 0.190126 0.372253
Normal: 1 9.89432e-008 0
UV: 0.134801 0.527616

Position: -0.724031 0 0.446243
Normal: -0 -1 0
UV: 0.164589 0.522652

Position: -0.724031 0 -1.41003
Normal: -0 -1 0
UV: 0.164589 0.522652

Position: -0.888558 0 0.446243
Normal: -0 -1 0
UV: 0.164589 0.522652

Position: -0.888558 0 -1.41003
Normal: -0 -1 0
UV: 0.164589 0.522652

Position: -0.888558 0 0.446243
Normal: -1 -3.51798e-007 0
UV: 0.199343 0.525134

Position: -0.888558 0.190126 -1.33603
Normal: -1 -3.51798e-007 0
UV: 0.199343 0.525134

Position: -0.888558 0.190126 0.372253
Normal: -1 -3.51798e-007 0
UV: 0.199343 0.525134

Position: -0.888558 0 -1.41003
Normal: -1 -3.51798e-007 0
UV: 0.199343 0.525134

Position: -0.888558 0.190126 0.372253
Normal: -0 1 0
UV: 0.231614 0.525134

Position: -0.888558 0.190126 -1.33603
Normal: -0 1 0
UV: 0.231614 0.525134

Position: -0.724031 0.190126 0.372253
Normal: -0 1 0
UV: 0.231614 0.525134

Position: -0.724031 0.190126 -1.33603
Normal: -0 1 0
UV: 0.231614 0.525134

Position: -0.888558 0.190126 -1.33603
Normal: -0 0.767515 0.641031
UV: 0.231614 0.525134

Position: -0.888558 0.452643 -1.65034
Normal: -0 0.767515 0.641031
UV: 0.231614 0.525134

Position: -0.724031 0.190126 -1.33603
Normal: -0 0.767515 0.641031
UV: 0.231614 0.525134

Position: -0.724031 0.452643 -1.65034
Normal: -0 0.767515 0.641031
UV: 0.231614 0.525134

Position: -0.888558 0.452643 -1.65034
Normal: -1 -3.00953e-007 0
UV: 0.199343 0.525134

Position: -0.888558 0.452643 -1.91295
Normal: -1 -3.00953e-007 0
UV: 0.199343 0.525134

Position: -0.724031 0 -1.41003
Normal: -0 -0.743279 -0.668981
UV: 0.164589 0.522652

Position: -0.724031 0.452643 -1.91295
Normal: -0 -0.743279 -0.668981
UV: 0.164589 0.522652

Position: -0.888558 0 -1.41003
Normal: -0 -0.743279 -0.668981
UV: 0.164589 0.522652

Position: -0.888558 0.452643 -1.91295
Normal: -0 -0.743279 -0.668981
UV: 0.164589 0.522652

Position: -0.724031 0.452643 -1.91295
Normal: 1 0 0
UV: 0.134801 0.527616

Position: -0.724031 0.452643 -1.65034
Normal: 1 0 0
UV: 0.134801 0.527616

Position: -0.888558 0.452643 0.686554
Normal: -0 0.7675 -0.641049
UV: 0.231614 0.525134

Position: -0.888558 0.190126 0.372253
Normal: -0 0.7675 -0.641049
UV: 0.231614 0.525134

Position: -0.724031 0.452643 0.686554
Normal: -0 0.7675 -0.641049
UV: 0.231614 0.525134

Position: -0.724031 0.190126 0.372253
Normal: -0 0.7675 -0.641049
UV: 0.231614 0.525134

Position: -0.724031 0.452643 0.686554
Normal: 1 0 0
UV: 0.134801 0.527616

Position: -0.724031 0.452643 0.949188
Normal: 1 0 0
UV: 0.134801 0.527616

Position: -0.724031 0.452643 0.949188
Normal: -0 -0.743299 0.668959
UV: 0.164589 0.522651

Position: -0.724031 0 0.446243
Normal: -0 -0.743299 0.668959
UV: 0.164589 0.522652

Position: -0.888558 0.452643 0.949188
Normal: -0 -0.743299 0.668959
UV: 0.164589 0.522651

Position: -0.888558 0 0.446243
Normal: -0 -0.743299 0.668959
UV: 0.164589 0.522652

Position: -0.888558 0.452643 0.686554
Normal: -1 0 0
UV: 0.199343 0.525134

Position: -0.888558 0.452643 0.949188
Normal: -1 0 0
UV: 0.199343 0.525134

Position: -0.964197 0.766976 0.863846
Normal: -0 1 0
UV: 0.298639 0.888938

Position: -0.707164 0.766976 -2.02225
Normal: -0 1 0
UV: 0.298639 0.888938

Position: -0.707164 0.766976 0.863846
Normal: -0 1 0
UV: 0.298639 0.888938

Position: -0.964197 0.766976 -2.26942
Normal: -0 1 0
UV: 0.298639 0.888938

Position: -0.964197 0.452643 1.02452
Normal: -0 -1 0
UV: 0.162107 0.893902

Position: -0.707164 0.452643 -2.01048
Normal: -0 -1 1.81064e-009
UV: 0.162107 0.893902

Position: -0.964197 0.452643 -2.26942
Normal: -0 -1 6.01564e-009
UV: 0.162107 0.893902

Position: -0.707164 0.452643 1.02452
Normal: -0 -1 0
UV: 0.162107 0.893902

Position: 0.964197 1.87154 2.0869
Normal: -1.05913e-005 0.74213 -0.670256
UV: 0.267609 0.89142

Position: -0.964197 1.87154 2.0869
Normal: 1.05913e-005 0.74213 -0.670256
UV: 0.267609 0.89142

Position: -0.707164 1.71422 1.91272
Normal: 3.64275e-006 0.74214 -0.670245
UV: 0.267609 0.89142

Position: 0.707164 1.71422 1.91272
Normal: -3.64275e-006 0.74214 -0.670245
UV: 0.267609 0.89142

Position: -0.707164 0.766976 0.863846
Normal: -0 1 0
UV: 0.325946 0.55244

Position: -0.707164 0.766976 -2.02225
Normal: -0 1 0
UV: 0.325946 0.55244

Position: 0.707164 0.766976 0.863846
Normal: -0 1 0
UV: 0.325946 0.55244

Position: 0.707164 0.766976 -2.02225
Normal: -0 1 0
UV: 0.325946 0.55244

Position: 0.964197 0.766976 -2.26942
Normal: -0 0 -1
UV: 0.198102 0.886455

Position: -0.964197 0.766976 -2.26942
Normal: -0 0 -1
UV: 0.198102 0.886455

Position: 0.964197 0.452643 -2.26942
Normal: -0 0 -1
UV: 0.198102 0.886455

Position: -0.964197 0.452643 -2.26942
Normal: -0 0 -1
UV: 0.198102 0.886455

Position: -0.707164 1.44998 2.09212
Normal: 4.83967e-007 -0.730743 0.682653
UV: 0.19562 0.887696

Position: 0.964197 1.61562 2.26942
Normal: -1.36926e-006 -0.730744 0.682651
UV: 0.195619 0.887696

Position: 0.707164 1.44998 2.09212
Normal: -4.83967e-007 -0.730743 0.682653
UV: 0.195619 0.887696

Position: -0.964197 1.61562 2.26942
Normal: 1.36926e-006 -0.730744 0.682651
UV: 0.19562 0.887696

Position: 0.964197 1.61562 2.26942
Normal: -0 0.580665 0.814143
UV: 0.26885 0.885214

Position: -0.964197 1.61562 2.26942
Normal: -0 0.580665 0.814143
UV: 0.26885 0.885214

Position: 0.964197 1.87154 2.0869
Normal: -0 0.580665 0.814143
UV: 0.26885 0.885214

Position: -0.964197 1.87154 2.0869
Normal: -0 0.580665 0.814143
UV: 0.26885 0.885214

Position: 0.964197 1.61562 2.26942
Normal: 1 1.36359e-007 0
UV: 0.232856 0.890179

Position: 0.964197 1.87154 2.0869
Normal: 1 1.36359e-007 0
UV: 0.232856 0.890179

Position: 0.964197 0.452643 1.02452
Normal: -2.63801e-006 -0.730742 0.682653
UV: 0.195619 0.887696

Position: 0.707164 0.452643 1.02452
Normal: -4.33839e-007 -0.730742 0.682654
UV: 0.195619 0.887696

Position: -0.707164 0.452643 1.02452
Normal: 4.33839e-007 -0.730742 0.682654
UV: 0.19562 0.887696

Position: -0.964197 0.452643 1.02452
Normal: 2.63801e-006 -0.730742 0.682653
UV: 0.195619 0.887696

Position: -0.964197 1.61562 2.26942
Normal: -1 2.18175e-007 0
UV: 0.232856 0.890179

Position: -0.964197 1.87154 2.0869
Normal: -1 2.18175e-007 0
UV: 0.232856 0.890179

Position: -0.964197 0.766976 0.863846
Normal: 1.99981e-005 0.742144 -0.67024
UV: 0.267609 0.89142

Position: -0.707164 0.766976 0.863846
Normal: 3.28881e-006 0.742146 -0.670238
UV: 0.267609 0.89142

Position: -0.707164 1.71422 1.91272
Normal: 3.64275e-006 0.74214 -0.670245
UV: 0.294916 0.554923

Position: -0.707164 0.766976 0.863846
Normal: 3.28881e-006 0.742146 -0.670238
UV: 0.294916 0.554923

Position: 0.707164 1.71422 1.91272
Normal: -3.64275e-006 0.74214 -0.670245
UV: 0.294916 0.554923

Position: 0.707164 0.766976 0.863846
Normal: -3.28881e-006 0.742146 -0.670238
UV: 0.294916 0.554923

Position: 0.964197 0.766976 0.863846
Normal: -1.99981e-005 0.742144 -0.67024
UV: 0.267609 0.89142

Position: 0.707164 0.766976 0.863846
Normal: -3.28881e-006 0.742146 -0.670238
UV: 0.267609 0.89142


[INDEX_DATA]
0 2 1
1 3 0
4 6 5
6 7 5
8 10 9
9 11 8
12 14 13
14 15 13
16 18 17
17 19 16
20 22 21
21 23 20
24 26 25
25 27 24
28 30 29
29 30 31
32 34 33
34 35 33
36 38 37
37 39 36
40 42 41
42 43 41
44 46 45
47 44 45
48 50 49
49 51 48
52 54 53
53 55 52
56 58 57
58 59 57
60 62 61
63 61 62
64 66 65
65 67 64
68 70 69
70 71 69
72 74 73
73 75 72
76 78 77
78 79 77
80 82 81
82 83 81
75 73 84
84 85 75
86 88 87
88 89 87
90 91 66
66 91 65
92 94 93
94 95 93
64 67 96
96 97 64
98 100 99
100 101 99
102 74 72
103 102 72
104 106 105
104 105 107
108 110 109
109 111 108
112 114 113
112 115 114
116 118 117
118 119 117
120 122 121
123 121 122
109 54 111
54 109 53
124 126 125
127 124 125
128 130 129
131 129 130
48 133 132
132 50 48
125 126 134
126 135 134
126 124 135
124 136 135
124 127 137
137 136 124
138 139 58
58 56 138
113 114 140
114 141 140
142 144 143
144 145 143
115 112 146
146 147 115
109 55 53
109 110 55
63 107 105
105 61 63

