[FBX_META_DATA]
MeshCount: 1

[MESH_DATA]
VertexCount: 216
IndexCount: 396
BoneCount: 0
AnimationClips: 0

[VERTEX_DATA]
Position: 0.241142 2.1709 0.219708
Normal: -0 0 1
UV: 0.294706 0.600443

Position: 0.241142 0.501216 0.219708
Normal: -0 0 1
UV: 0.294706 0.602496

Position: -0.188686 2.1709 0.219708
Normal: -0 0 1
UV: 0.296037 0.600443

Position: -0.188686 0.501216 0.219708
Normal: -0 0 1
UV: 0.296037 0.602496

Position: 0.241142 0.501216 -0.234314
Normal: -0 0 -1
UV: 0.29085 0.602614

Position: 0.241142 2.1709 -0.234314
Normal: -0 0 -1
UV: 0.29085 0.604667

Position: -0.188686 0.501216 -0.234314
Normal: -0 0 -1
UV: 0.292181 0.602614

Position: -0.188686 2.1709 -0.234314
Normal: -0 0 -1
UV: 0.292181 0.604667

Position: -0.188686 0.501216 -0.234314
Normal: -1 0 0
UV: 0.392558 0.601729

Position: -0.188686 2.1709 -0.234314
Normal: -1 0 0
UV: 0.392558 0.599535

Position: -0.188686 0.501216 0.219708
Normal: -1 0 0
UV: 0.391307 0.601729

Position: -0.188686 2.1709 0.219708
Normal: -1 0 0
UV: 0.391307 0.599535

Position: 0.241142 2.1709 0.219708
Normal: 1 0 0
UV: 0.389215 0.599893

Position: 0.241142 0.501216 -0.234314
Normal: 1 0 0
UV: 0.387964 0.602087

Position: 0.241142 0.501216 0.219708
Normal: 1 0 0
UV: 0.389215 0.602087

Position: 0.241142 2.1709 -0.234314
Normal: 1 0 0
UV: 0.387964 0.599893

Position: 0.948689 2.02275 1.33014
Normal: -0.0988508 -0.991263 -0.0873247
UV: 0.231205 0.843732

Position: -0.983972 2.44951 -1.32642
Normal: -0.0988508 -0.991263 -0.0873246
UV: 0.234263 0.848382

Position: -0.970391 2.20913 1.32678
Normal: -0.0988508 -0.991263 -0.0873246
UV: 0.23426 0.843737

Position: 0.976789 2.24962 -1.33701
Normal: -0.0988508 -0.991263 -0.0873247
UV: 0.231201 0.848387

Position: 0.353105 -0.0141525 0.337972
Normal: -0 0.223662 0.974667
UV: 0.294706 0.606602

Position: -0.300649 -0.0141525 0.337972
Normal: -0 0.223662 0.974667
UV: 0.296037 0.606602

Position: -0.188686 0.501216 0.219708
Normal: -0 0.223662 0.974667
UV: 0.296037 0.602496

Position: 0.241142 0.501216 0.219708
Normal: -0 0.223662 0.974667
UV: 0.294706 0.602496

Position: -0.188686 0.501216 0.219708
Normal: -0.977206 0.212296 0
UV: 0.391307 0.601729

Position: -0.300649 -0.0141525 -0.352578
Normal: -0.977205 0.212296 0
UV: 0.392558 0.606118

Position: -0.188686 0.501216 -0.234314
Normal: -0.977206 0.212296 0
UV: 0.392558 0.601729

Position: -0.300649 -0.0141525 0.337972
Normal: -0.977205 0.212296 0
UV: 0.391307 0.606118

Position: 0.353105 -0.0141525 -0.352578
Normal: -0 0.223662 -0.974667
UV: 0.29085 0.598508

Position: -0.188686 0.501216 -0.234314
Normal: -0 0.223662 -0.974667
UV: 0.292181 0.602614

Position: -0.300649 -0.0141525 -0.352578
Normal: -0 0.223662 -0.974667
UV: 0.292181 0.598508

Position: 0.241142 0.501216 -0.234314
Normal: -0 0.223662 -0.974667
UV: 0.29085 0.602614

Position: 0.241142 0.501216 0.219708
Normal: 0.977206 0.212295 0
UV: 0.389215 0.602087

Position: 0.353105 -0.0141525 -0.352578
Normal: 0.977206 0.212295 0
UV: 0.387964 0.606475

Position: 0.353105 -0.0141525 0.337972
Normal: 0.977206 0.212295 0
UV: 0.389215 0.606475

Position: 0.241142 0.501216 -0.234314
Normal: 0.977206 0.212295 0
UV: 0.387964 0.602087

Position: -0.365858 2.43824 -0.397763
Normal: 0.00237111 -0.517709 -0.855554
UV: 0.292181 0.60672

Position: 0.241142 2.1709 -0.234314
Normal: 0.00237111 -0.517709 -0.855554
UV: 0.29085 0.604667

Position: 0.421995 2.43909 -0.394904
Normal: 0.00237111 -0.517709 -0.855554
UV: 0.29085 0.60672

Position: -0.188686 2.1709 -0.234314
Normal: 0.00237111 -0.517709 -0.855554
UV: 0.292181 0.604667

Position: -0.365858 2.43824 -0.397763
Normal: -0.854502 -0.519044 0.0204644
UV: 0.392558 0.597341

Position: -0.365116 2.48605 0.392041
Normal: -0.854502 -0.519045 0.0204644
UV: 0.391307 0.597341

Position: -0.188686 2.1709 0.219708
Normal: -0.854502 -0.519044 0.0204644
UV: 0.391307 0.599535

Position: -0.188686 2.1709 -0.234314
Normal: -0.854502 -0.519044 0.0204644
UV: 0.392558 0.599535

Position: -0.365116 2.48605 0.392041
Normal: 0.00281774 -0.4756 0.879657
UV: 0.296037 0.59839

Position: 0.421154 2.48694 0.388625
Normal: 0.00281774 -0.4756 0.879657
UV: 0.294706 0.59839

Position: 0.241142 2.1709 0.219708
Normal: 0.00281774 -0.4756 0.879657
UV: 0.294706 0.600443

Position: -0.188686 2.1709 0.219708
Normal: 0.00281774 -0.4756 0.879657
UV: 0.296037 0.600443

Position: 0.241142 2.1709 0.219708
Normal: 0.850465 -0.525616 0.0209024
UV: 0.389215 0.599893

Position: 0.421995 2.43909 -0.394904
Normal: 0.850465 -0.525616 0.0209024
UV: 0.387964 0.597699

Position: 0.241142 2.1709 -0.234314
Normal: 0.850465 -0.525616 0.0209024
UV: 0.387964 0.599893

Position: 0.421154 2.48694 0.388625
Normal: 0.850465 -0.525616 0.0209024
UV: 0.389215 0.597699

Position: -1.31198 2.43721 1.85952
Normal: -0.148128 -0.988805 -0.0179472
UV: 0.234851 0.842768

Position: -1.13424 2.7245 -1.54009
Normal: -0.161226 -0.962036 -0.22021
UV: 0.234525 0.848807

Position: -1.33914 2.80397 -1.85282
Normal: -0.129883 -0.955764 -0.263905
UV: 0.234856 0.849364

Position: -1.11644 2.41337 1.55687
Normal: -0.174163 -0.983982 -0.0380333
UV: 0.234521 0.843315

Position: 1.27689 2.20678 1.86642
Normal: 0.076679 -0.996924 -0.0162159
UV: 0.230609 0.842761

Position: 1.08094 2.21421 1.56158
Normal: 0.165236 -0.985472 -0.0392771
UV: 0.230942 0.843309

Position: 1.26116 2.66789 -1.8793
Normal: 0.0460531 -0.955814 -0.290342
UV: 0.230604 0.849371

Position: 1.11356 2.50894 -1.55264
Normal: 0.176716 -0.958151 -0.225209
UV: 0.230938 0.848812

Position: -1.11644 2.41337 1.55687
Normal: -0.850357 -0.524223 -0.0456385
UV: 0.361359 0.848387

Position: -0.983972 2.44951 -1.32642
Normal: -0.850357 -0.524223 -0.0456385
UV: 0.36127 0.850131

Position: -1.13424 2.7245 -1.54009
Normal: -0.850357 -0.524223 -0.0456385
UV: 0.36136 0.850277

Position: -0.970391 2.20913 1.32678
Normal: -0.850357 -0.524223 -0.0456385
UV: 0.361269 0.848532

Position: 1.08094 2.21421 1.56158
Normal: -0.0722858 -0.758255 0.647938
UV: 0.419251 0.848103

Position: -0.970391 2.20913 1.32678
Normal: -0.0722858 -0.758255 0.647938
UV: 0.420136 0.848193

Position: -1.11644 2.41337 1.55687
Normal: -0.0722858 -0.758255 0.647938
UV: 0.420206 0.848104

Position: 0.948689 2.02275 1.33014
Normal: -0.0722858 -0.758255 0.647938
UV: 0.419321 0.848192

Position: 1.11356 2.50894 -1.55264
Normal: 0.85868 -0.511168 -0.0370995
UV: 0.360126 0.850279

Position: 0.948689 2.02275 1.33014
Normal: 0.85868 -0.511168 -0.0370995
UV: 0.360218 0.84853

Position: 1.08094 2.21421 1.56158
Normal: 0.85868 -0.511168 -0.0370995
UV: 0.360127 0.848385

Position: 0.976789 2.24962 -1.33701
Normal: 0.85868 -0.511168 -0.0370995
UV: 0.360216 0.850132

Position: 1.11356 2.50894 -1.55264
Normal: -0.0660659 -0.62598 -0.777035
UV: 0.41925 0.844754

Position: -1.13424 2.7245 -1.54009
Normal: -0.0660659 -0.62598 -0.777035
UV: 0.420207 0.844755

Position: -0.983972 2.44951 -1.32642
Normal: -0.0660659 -0.62598 -0.777035
UV: 0.420137 0.844672

Position: 0.976789 2.24962 -1.33701
Normal: -0.0660659 -0.62598 -0.777035
UV: 0.41932 0.844672

Position: 0.73423 4.63477 1.41458
Normal: 0.949269 0.304127 0.0799736
UV: 0.358923 0.843345

Position: 0.741679 4.7217 -1.21636
Normal: 0.942571 0.324998 -0.0770413
UV: 0.357123 0.843501

Position: 0.897045 4.43269 -0.79799
Normal: 0.931722 0.361028 -0.0394073
UV: 0.357418 0.843686

Position: 0.871626 4.2971 0.98822
Normal: 0.942038 0.328173 0.0697664
UV: 0.358624 0.843581

Position: 1.26116 2.66789 -1.8793
Normal: 0.969616 0.22675 -0.0918052
UV: 0.356884 0.844833

Position: 1.26214 2.77053 -1.53133
Normal: 0.9821 0.17955 -0.0569315
UV: 0.357068 0.84468

Position: 1.27689 2.20678 1.86642
Normal: 0.980338 0.182663 0.0746493
UV: 0.359158 0.844678

Position: 1.23915 2.53109 1.43952
Normal: 0.983322 0.169576 0.065736
UV: 0.3589 0.844535

Position: -1.33914 2.80397 -1.85282
Normal: -0.0501038 0.245767 -0.968033
UV: 0.420295 0.844758

Position: 1.26116 2.66789 -1.8793
Normal: 0.0805673 0.256509 -0.963178
UV: 0.419161 0.844758

Position: 1.04866 2.79302 -1.85231
Normal: 0.0611141 0.226291 -0.972141
UV: 0.419265 0.844834

Position: -1.08355 2.98469 -1.8392
Normal: -0.04569 0.235948 -0.970691
UV: 0.420192 0.844834

Position: 0.741679 4.7217 -1.21636
Normal: 0.0567446 0.347635 -0.935911
UV: 0.419273 0.845574

Position: 0.596586 4.54706 -1.30952
Normal: 0.0613402 0.346476 -0.936051
UV: 0.41936 0.845507

Position: -0.924526 4.8695 -1.19291
Normal: -0.0234645 0.351272 -0.935979
UV: 0.420185 0.845574

Position: -0.783666 4.49753 -1.31081
Normal: -0.0475109 0.343466 -0.937963
UV: 0.420097 0.845507

Position: -0.903508 4.64983 1.41183
Normal: -0.0286152 0.991525 0.126722
UV: 0.481409 0.845396

Position: 0.616529 4.66478 1.22034
Normal: 0.336927 0.936658 0.0956656
UV: 0.483312 0.84563

Position: 0.73423 4.63477 1.41458
Normal: 0.220204 0.968476 0.116465
UV: 0.48346 0.845393

Position: -0.786116 4.67809 1.21806
Normal: -0.0508952 0.99221 0.113703
UV: 0.481557 0.845633

Position: -0.924526 4.8695 -1.19291
Normal: 0.00466059 0.988087 -0.153823
UV: 0.481407 0.848533

Position: -0.800824 4.86498 -0.99135
Normal: -0.0264715 0.996098 -0.0841894
UV: 0.481555 0.848296

Position: 0.741679 4.7217 -1.21636
Normal: 0.235741 0.958462 -0.160553
UV: 0.483462 0.848536

Position: 0.641359 4.83831 -0.994113
Normal: 0.344558 0.933777 -0.0966443
UV: 0.483314 0.848298

Position: -1.33914 2.80397 -1.85282
Normal: -0.993928 0.106675 -0.0269828
UV: 0.364546 0.844832

Position: -1.32981 2.71046 1.43758
Normal: -0.995506 0.0621235 0.0714731
UV: 0.362533 0.844553

Position: -1.31198 2.43721 1.85952
Normal: -0.989093 0.108448 0.0996718
UV: 0.362276 0.844678

Position: -1.34781 3.03672 -1.39532
Normal: -0.996958 0.0749569 -0.021351
UV: 0.36429 0.844646

Position: -0.924526 4.8695 -1.19291
Normal: -0.970516 0.238872 -0.0322357
UV: 0.364307 0.843501

Position: -0.958333 4.62427 -0.862868
Normal: -0.968639 0.248 -0.0152893
UV: 0.364067 0.843614

Position: -0.903508 4.64983 1.41183
Normal: -0.965553 0.229938 0.121799
UV: 0.362511 0.843345

Position: -0.989828 4.45893 1.11238
Normal: -0.966105 0.2393 0.0968356
UV: 0.362722 0.843497

Position: -1.31198 2.43721 1.85952
Normal: -0.109881 0.134077 0.98486
UV: 0.420294 0.845829

Position: 1.01094 2.41403 1.85136
Normal: 0.0774937 0.109107 0.991005
UV: 0.419267 0.845765

Position: 1.27689 2.20678 1.86642
Normal: 0.0863331 0.121727 0.988802
UV: 0.419162 0.845829

Position: -1.06596 2.59205 1.87336
Normal: -0.0916943 0.113165 0.989336
UV: 0.420191 0.845762

Position: -0.903508 4.64983 1.41183
Normal: -0.0908845 0.288993 0.953007
UV: 0.420184 0.845011

Position: -0.758828 4.43306 1.49176
Normal: -0.110385 0.277908 0.954244
UV: 0.420097 0.845087

Position: 0.73423 4.63477 1.41458
Normal: 0.0719714 0.278501 0.957735
UV: 0.419273 0.845011

Position: 0.599438 4.40845 1.49472
Normal: 0.0905284 0.261553 0.960934
UV: 0.41936 0.845087

Position: 1.66847 2.73261 1.16762
Normal: 0.944137 0.32763 0.0355387
UV: 0.358733 0.844427

Position: 1.19153 4.30322 -0.641208
Normal: 0.944137 0.32763 0.0355387
UV: 0.357529 0.843737

Position: 1.68717 2.93116 -1.23899
Normal: 0.944137 0.32763 0.0355387
UV: 0.357233 0.844542

Position: 1.15965 4.22841 0.816198
Normal: 0.944138 0.32763 0.0355387
UV: 0.358507 0.843633

Position: 1.23915 2.53109 1.43952
Normal: 0.390726 -0.917709 -0.0717181
UV: 0.230607 0.843511

Position: 1.68717 2.93116 -1.23899
Normal: 0.390726 -0.917709 -0.0717181
UV: 0.229865 0.848357

Position: 1.26214 2.77053 -1.53133
Normal: 0.390726 -0.917709 -0.0717181
UV: 0.230634 0.848834

Position: 1.66847 2.73261 1.16762
Normal: 0.390726 -0.917709 -0.0717181
UV: 0.229829 0.843998

Position: 1.15965 4.22841 0.816198
Normal: 0.453116 0.325932 0.829732
UV: 0.418998 0.845188

Position: 1.23915 2.53109 1.43952
Normal: 0.453116 0.325932 0.829732
UV: 0.419162 0.845741

Position: 0.871626 4.2971 0.98822
Normal: 0.453116 0.325932 0.829732
UV: 0.419226 0.845156

Position: 1.66847 2.73261 1.16762
Normal: 0.453116 0.325932 0.829732
UV: 0.418954 0.845675

Position: 1.15965 4.22841 0.816198
Normal: 0.322903 0.944062 0.0669394
UV: 0.48408 0.846119

Position: 0.897045 4.43269 -0.79799
Normal: 0.322903 0.944062 0.0669394
UV: 0.483569 0.848022

Position: 1.19153 4.30322 -0.641208
Normal: 0.322903 0.944062 0.0669394
UV: 0.484083 0.847827

Position: 0.871626 4.2971 0.98822
Normal: 0.322903 0.944062 0.0669394
UV: 0.483567 0.845915

Position: 1.19153 4.30322 -0.641208
Normal: 0.454871 0.462822 -0.760847
UV: 0.418997 0.84543

Position: 1.26214 2.77053 -1.53133
Normal: 0.454871 0.462822 -0.760847
UV: 0.419169 0.844851

Position: 1.68717 2.93116 -1.23899
Normal: 0.454871 0.462822 -0.760847
UV: 0.418964 0.844936

Position: 0.897045 4.43269 -0.79799
Normal: 0.454871 0.462822 -0.760847
UV: 0.419225 0.845461

Position: -1.6195 3.08902 -1.13027
Normal: -0.96561 0.259613 -0.0140775
UV: 0.35928 0.582367

Position: -1.35409 4.18087 0.800142
Normal: -0.96561 0.259613 -0.0140775
UV: 0.358654 0.57436

Position: -1.73493 2.83 1.18237
Normal: -0.96561 0.259613 -0.0140775
UV: 0.358654 0.582367

Position: -1.25123 4.52807 -0.680753
Normal: -0.96561 0.259613 -0.0140775
UV: 0.35928 0.57436

Position: -1.6195 3.08902 -1.13027
Normal: -0.246042 -0.962515 -0.114139
UV: 0.235385 0.84816

Position: -1.73493 2.83 1.18237
Normal: -0.246042 -0.962515 -0.114139
UV: 0.235608 0.843976

Position: -1.32981 2.71046 1.43758
Normal: -0.246042 -0.962515 -0.114139
UV: 0.234914 0.843514

Position: -1.34781 3.03672 -1.39532
Normal: -0.246042 -0.962515 -0.114139
UV: 0.234919 0.848621

Position: -1.25123 4.52807 -0.680753
Normal: -0.592493 0.378973 -0.710867
UV: 0.420346 0.845478

Position: -1.6195 3.08902 -1.13027
Normal: -0.592493 0.378973 -0.710867
UV: 0.420437 0.8449

Position: -1.34781 3.03672 -1.39532
Normal: -0.592493 0.378973 -0.710867
UV: 0.420312 0.844872

Position: -0.958333 4.62427 -0.862868
Normal: -0.592493 0.378973 -0.710867
UV: 0.420195 0.845505

Position: -0.958333 4.62427 -0.862868
Normal: -0.268101 0.960379 0.0761163
UV: 0.481383 0.848114

Position: -0.989828 4.45893 1.11238
Normal: -0.624846 0.771341 0.120833
UV: 0.481327 0.845765

Position: -1.25123 4.52807 -0.680753
Normal: -0.336377 0.937865 0.0852015
UV: 0.481043 0.847891

Position: -1.32981 2.71046 1.43758
Normal: -0.604978 0.308272 0.734146
UV: 0.421116 0.845753

Position: -1.35409 4.18087 0.800142
Normal: -0.604978 0.308272 0.734146
UV: 0.421428 0.845236

Position: -0.989828 4.45893 1.11238
Normal: -0.604978 0.308272 0.734146
UV: 0.421263 0.845105

Position: -1.73493 2.83 1.18237
Normal: -0.604978 0.308272 0.734146
UV: 0.421239 0.845736

Position: 0.645152 3.29761 -2.15926
Normal: -0.0657689 0.395993 -0.915895
UV: 0.419328 0.844903

Position: -0.556762 4.30408 -1.6378
Normal: -0.0657689 0.395994 -0.915895
UV: 0.419977 0.845418

Position: -0.940731 3.10507 -2.13137
Normal: -0.0657689 0.395993 -0.915895
UV: 0.420132 0.844865

Position: 0.362267 4.47973 -1.63059
Normal: -0.0657689 0.395994 -0.915895
UV: 0.419469 0.845495

Position: 1.04866 2.79302 -1.85231
Normal: -0.00778224 -0.693688 -0.720234
UV: 0.230992 0.849397

Position: -0.940731 3.10507 -2.13137
Normal: -0.00778224 -0.693688 -0.720234
UV: 0.234242 0.849937

Position: -1.08355 2.98469 -1.8392
Normal: -0.00778225 -0.693688 -0.720234
UV: 0.234468 0.849391

Position: 0.645152 3.29761 -2.15926
Normal: -0.00778225 -0.693688 -0.720234
UV: 0.231231 0.850055

Position: 0.645152 3.29761 -2.15926
Normal: 0.768042 0.38028 -0.515266
UV: 0.356648 0.844595

Position: 0.596586 4.54706 -1.30952
Normal: 0.768042 0.38028 -0.515266
UV: 0.357075 0.843611

Position: 0.362267 4.47973 -1.63059
Normal: 0.768042 0.38028 -0.515266
UV: 0.356866 0.84363

Position: 1.04866 2.79302 -1.85231
Normal: 0.768042 0.38028 -0.515266
UV: 0.356875 0.844708

Position: -0.783666 4.49753 -1.31081
Normal: -0.0891578 0.924367 -0.370939
UV: 0.481604 0.848617

Position: 0.362267 4.47973 -1.63059
Normal: -0.0891578 0.924367 -0.370939
UV: 0.48302 0.848985

Position: 0.596586 4.54706 -1.30952
Normal: -0.0891578 0.924367 -0.370939
UV: 0.483266 0.84862

Position: -0.556762 4.30408 -1.6378
Normal: -0.0891578 0.924367 -0.370939
UV: 0.481876 0.84896

Position: -1.08355 2.98469 -1.8392
Normal: -0.77155 0.385324 -0.506197
UV: 0.361341 0.843056

Position: -0.556762 4.30408 -1.6378
Normal: -0.77155 0.385324 -0.506197
UV: 0.361063 0.844008

Position: -0.783666 4.49753 -1.31081
Normal: -0.77155 0.385324 -0.506197
UV: 0.361219 0.844152

Position: -0.940731 3.10507 -2.13137
Normal: -0.771551 0.385324 -0.506197
UV: 0.361263 0.843106

Position: -0.829813 2.71956 2.21214
Normal: 0.0180474 0.250754 0.967883
UV: 0.42009 0.845685

Position: 0.388491 4.08479 1.83572
Normal: 0.0180474 0.250754 0.967883
UV: 0.419485 0.845182

Position: 0.792856 2.55667 2.23926
Normal: 0.0180474 0.250754 0.967883
UV: 0.419354 0.845697

Position: -0.576992 4.22997 1.83129
Normal: 0.0180474 0.250754 0.967882
UV: 0.419996 0.845139

Position: 1.01094 2.41403 1.85136
Normal: -0.0864694 -0.933114 0.349029
UV: 0.231002 0.842771

Position: -1.06596 2.59205 1.87336
Normal: -0.0864694 -0.933114 0.34903
UV: 0.234466 0.842726

Position: -0.829813 2.71956 2.21214
Normal: -0.0864694 -0.933114 0.34903
UV: 0.234087 0.842086

Position: 0.792856 2.55667 2.23926
Normal: -0.0864694 -0.933114 0.34903
UV: 0.231328 0.842045

Position: -1.06596 2.59205 1.87336
Normal: -0.810141 0.255401 0.527677
UV: 0.362261 0.844568

Position: -0.758828 4.43306 1.49176
Normal: -0.810141 0.255401 0.527677
UV: 0.36246 0.843468

Position: -0.576992 4.22997 1.83129
Normal: -0.810141 0.255401 0.527677
UV: 0.362231 0.843552

Position: -0.829813 2.71956 2.21214
Normal: -0.810141 0.255401 0.527677
UV: 0.362041 0.844443

Position: -0.576992 4.22997 1.83129
Normal: 0.0299516 0.835953 0.547983
UV: 0.481833 0.844907

Position: 0.599438 4.40845 1.49472
Normal: 0.07542 0.747478 0.659991
UV: 0.483265 0.845304

Position: 0.388491 4.08479 1.83572
Normal: 0.100451 0.689867 0.716933
UV: 0.482983 0.84491

Position: 1.01094 2.41403 1.85136
Normal: 0.788185 0.29868 0.538103
UV: 0.359155 0.844573

Position: 0.388491 4.08479 1.83572
Normal: 0.788185 0.29868 0.538103
UV: 0.3592 0.843623

Position: 0.599438 4.40845 1.49472
Normal: 0.788185 0.29868 0.538103
UV: 0.358974 0.843468

Position: 0.792856 2.55667 2.23926
Normal: 0.788185 0.29868 0.538103
UV: 0.359405 0.844463

Position: -0.597041 4.99387 0.883382
Normal: -0.0120943 0.997576 0.0685208
UV: 0.481781 0.846041

Position: 0.378233 5.11509 -0.709174
Normal: -0.0120943 0.997576 0.0685208
UV: 0.483022 0.847991

Position: 0.364358 5.0483 0.86883
Normal: -0.0120943 0.997576 0.0685208
UV: 0.483026 0.846059

Position: -0.550785 5.15247 -0.809318
Normal: -0.0120943 0.997576 0.0685208
UV: 0.481847 0.848116

Position: 0.616529 4.66478 1.22034
Normal: -0.0084663 0.699962 0.714129
UV: 0.419339 0.845849

Position: -0.786116 4.67809 1.21806
Normal: -0.0084663 0.699962 0.714129
UV: 0.420118 0.845848

Position: -0.597041 4.99387 0.883382
Normal: -0.0084663 0.699962 0.714129
UV: 0.420019 0.845704

Position: 0.364358 5.0483 0.86883
Normal: -0.0084663 0.699963 0.714129
UV: 0.419466 0.845698

Position: -0.800824 4.86498 -0.99135
Normal: -0.802036 0.595483 0.0462393
UV: 0.361247 0.843183

Position: -0.597041 4.99387 0.883382
Normal: -0.802036 0.595483 0.0462393
UV: 0.361118 0.844474

Position: -0.786116 4.67809 1.21806
Normal: -0.802036 0.595483 0.0462393
UV: 0.361246 0.844708

Position: -0.550785 5.15247 -0.809318
Normal: -0.802036 0.595483 0.0462393
UV: 0.36108 0.843287

Position: -0.800824 4.86498 -0.99135
Normal: 0.0487974 0.637473 -0.768926
UV: 0.420119 0.845587

Position: 0.641359 4.83831 -0.994113
Normal: 0.0487974 0.637473 -0.768926
UV: 0.419338 0.845587

Position: 0.378233 5.11509 -0.709174
Normal: 0.0487974 0.637473 -0.768926
UV: 0.419468 0.845701

Position: -0.550785 5.15247 -0.809318
Normal: 0.0487974 0.637473 -0.768926
UV: 0.41999 0.845706

Position: 0.641359 4.83831 -0.994113
Normal: 0.78516 0.617495 0.0471437
UV: 0.357259 0.84348

Position: 0.616529 4.66478 1.22034
Normal: 0.78516 0.617495 0.0471437
UV: 0.358787 0.843348

Position: 0.364358 5.0483 0.86883
Normal: 0.78516 0.617495 0.0471437
UV: 0.358541 0.843165

Position: 0.378233 5.11509 -0.709174
Normal: 0.78516 0.617495 0.0471437
UV: 0.357435 0.843295

Position: -1.35409 4.18087 0.800142
Normal: -0.66777 0.733688 0.125639
UV: 0.480934 0.846138

Position: -0.758828 4.43306 1.49176
Normal: 0.014506 0.861503 0.507545
UV: 0.481605 0.845307


[INDEX_DATA]
0 2 1
2 3 1
4 6 5
6 7 5
8 10 9
11 9 10
12 14 13
13 15 12
16 18 17
17 19 16
20 22 21
20 23 22
24 26 25
25 27 24
28 30 29
29 31 28
32 34 33
33 35 32
36 38 37
37 39 36
40 42 41
40 43 42
44 46 45
44 47 46
48 50 49
49 51 48
52 54 53
53 55 52
52 57 56
52 55 57
56 59 58
56 57 59
58 53 54
58 59 53
60 62 61
61 63 60
64 66 65
65 67 64
68 70 69
69 71 68
72 74 73
72 75 74
76 78 77
76 79 78
77 81 80
77 78 81
80 81 82
81 83 82
76 82 83
83 79 76
84 86 85
84 87 86
86 89 88
88 85 86
90 88 89
89 91 90
84 90 91
91 87 84
92 94 93
93 95 92
92 97 96
92 95 97
98 96 97
97 99 98
94 98 99
99 93 94
100 102 101
101 103 100
104 100 103
103 105 104
106 104 105
105 107 106
106 101 102
106 107 101
108 110 109
109 111 108
108 113 112
108 111 113
114 112 113
113 115 114
114 109 110
114 115 109
116 118 117
117 119 116
120 122 121
121 123 120
124 126 125
125 127 124
128 130 129
129 131 128
132 134 133
133 135 132
136 138 137
137 139 136
140 142 141
142 140 143
144 146 145
146 144 147
148 150 149
151 153 152
152 154 151
155 157 156
156 158 155
159 161 160
160 162 159
163 165 164
164 166 163
167 169 168
168 170 167
171 173 172
172 174 171
175 177 176
176 178 175
179 181 180
179 182 181
183 185 184
183 186 185
187 189 188
190 192 191
191 193 190
194 196 195
195 197 194
198 200 199
198 201 200
202 204 203
203 205 202
206 208 207
206 209 208
210 212 211
210 213 212
150 214 149
215 187 188

