[FBX_META_DATA]
MeshCount: 1

[MESH_DATA]
VertexCount: 29
IndexCount: 60
BoneCount: 0
AnimationClips: 0

[VERTEX_DATA]
Position: -2.49999 -0.194796 -3.16532
Normal: -0 1 2.91548e-016
UV: 0.375414 0.511029

Position: -2.49999 -0.194796 -10
Normal: -0 1 2.42312e-017
UV: 0.993029 0.511029

Position: 0 -0.194796 -3.16532
Normal: -0 1 2.91548e-016
UV: 0.375414 0.993576

Position: 0 -0.194796 -10
Normal: -0 1 2.42312e-017
UV: 0.993029 0.993576

Position: -2.49999 -0.194796 -2.86913
Normal: -0 0 -1
UV: 0.341073 0.5

Position: 0 -0.194796 -2.86913
Normal: -0 0 -1
UV: 0.341073 0.993576

Position: 0 0 -2.86913
Normal: -0 0 -1
UV: 0.317897 0.993576

Position: -2.49999 0 -2.86913
Normal: -0 0 -1
UV: 0.317897 0.5

Position: 0 0 0
Normal: -0 1 0
UV: 0.00768778 0.993576

Position: -2.49999 0 0
Normal: -0 1 0
UV: 0.00768778 0.5

Position: 0 0 -2.86913
Normal: -0 1 0
UV: 0.317897 0.993576

Position: -2.49999 0 -2.86913
Normal: -0 1 0
UV: 0.317897 0.5

Position: 0 -0.194796 -2.86913
Normal: -0 1 5.58865e-016
UV: 0.341073 0.993576

Position: -2.49999 -0.194796 -2.86913
Normal: -0 1 5.58865e-016
UV: 0.341073 0.5

Position: -4.99999 0 0
Normal: -0 1 0
UV: 0.00768778 0.993576

Position: -4.99999 0 -2.86913
Normal: -0 1 0
UV: 0.317897 0.993576

Position: -4.99999 -0.194796 -2.86913
Normal: -0 0 -1
UV: 0.341073 0.993576

Position: -4.99999 0 -2.86913
Normal: -0 0 -1
UV: 0.317897 0.993576

Position: -4.99999 -0.194796 -2.86913
Normal: -0 1 5.58865e-016
UV: 0.341073 0.993576

Position: -4.99999 -0.194796 -3.16532
Normal: -0 1 2.91548e-016
UV: 0.375414 0.993576

Position: -4.99999 -0.194796 -10
Normal: -0 1 2.42312e-017
UV: 0.993029 0.993576

Position: -2.49999 0 0
Normal: -0 0 1
UV: 0.332407 0.535094

Position: -4.99999 0 0
Normal: -0 0 1
UV: 0.324431 0.535094

Position: 0 -0.194796 0
Normal: -0 0 1
UV: 0.324431 0.543071

Position: -2.49999 -0.194796 0
Normal: -0 0 1
UV: 0.332407 0.543071

Position: -4.99999 0 0
Normal: -0 0 1
UV: 0.332407 0.535094

Position: -2.49999 0 0
Normal: -0 0 1
UV: 0.324431 0.535094

Position: -2.49999 -0.194796 0
Normal: -0 0 1
UV: 0.324431 0.543071

Position: -4.99999 -0.194796 0
Normal: -0 0 1
UV: 0.332407 0.543071


[INDEX_DATA]
0 2 1
2 3 1
4 6 5
4 7 6
8 10 9
9 10 11
12 0 13
12 2 0
9 11 14
14 11 15
16 7 4
16 17 7
18 13 0
0 19 18
19 0 1
1 20 19
21 23 22
21 24 23
25 27 26
25 28 27

