[FBX_META_DATA]
MeshCount: 1

[MESH_DATA]
VertexCount: 44
IndexCount: 78
BoneCount: 0
AnimationClips: 1

[VERTEX_DATA]
Position: 1.57455 0.5308 0.5308
Normal: -0 0.927144 0.374706
UV: 0.39381 0.257574

Position: -1.57455 0.5308 0.5308
Normal: -0 0.927144 0.374706
UV: 0.39381 0.996662

Position: -1.57455 0.646711 0.243998
Normal: -0 0.927144 0.374706
UV: 0.257612 0.996662

Position: 1.57455 0.646711 0.243998
Normal: -0 0.927144 0.374706
UV: 0.257613 0.257574

Position: 1.57455 1.0616 0.243998
Normal: -0 1 0
UV: 0.143077 0.257574

Position: -1.57455 1.0616 0.243998
Normal: -0 1 0
UV: 0.143077 0.996662

Position: -1.57455 1.0616 -0.243998
Normal: -0 1 0
UV: 0.257609 0.996662

Position: 1.57455 1.0616 -0.243998
Normal: -0 1 0
UV: 0.257609 0.257574

Position: 1.57455 0.646711 -0.243998
Normal: -0 0.927144 -0.374706
UV: 0.257613 0.257574

Position: -1.57455 0.646711 -0.243998
Normal: -0 0.927144 -0.374706
UV: 0.257612 0.996662

Position: -1.57455 0.5308 -0.5308
Normal: -0 0.927144 -0.374706
UV: 0.39381 0.996662

Position: 1.57455 0.5308 -0.5308
Normal: -0 0.927144 -0.374706
UV: 0.39381 0.257574

Position: -1.57455 0.5308 0.5308
Normal: -1 3.31846e-007 0
UV: 0.786775 0.627196

Position: -1.57455 0.5308 -0.5308
Normal: -1 3.31846e-007 0
UV: 0.985183 0.627196

Position: -1.57455 0.646711 -0.243998
Normal: -1 3.31846e-007 0
UV: 0.931581 0.605532

Position: -1.57455 0.646711 0.243998
Normal: -1 3.31846e-007 0
UV: 0.840377 0.605532

Position: 1.57455 0.5308 -0.5308
Normal: 1 -3.31846e-007 0
UV: 0.786775 0.627196

Position: 1.57455 0.5308 0.5308
Normal: 1 -3.31846e-007 0
UV: 0.985183 0.627196

Position: 1.57455 0.646711 0.243998
Normal: 1 -3.31846e-007 0
UV: 0.931581 0.605532

Position: 1.57455 0.646711 -0.243998
Normal: 1 -3.31846e-007 0
UV: 0.840377 0.605532

Position: -1.57455 0 0.5308
Normal: -1 0 0
UV: 0.786775 0.7264

Position: -1.57455 0 -0.5308
Normal: -1 0 0
UV: 0.985183 0.7264

Position: -1.57455 0 -0.5308
Normal: -0 0 -1
UV: 0.514172 0.996662

Position: 1.57455 0 -0.5308
Normal: -0 0 -1
UV: 0.514172 0.257574

Position: 1.57455 0.5308 -0.5308
Normal: -0 0 -1
UV: 0.39381 0.257574

Position: -1.57455 0.5308 -0.5308
Normal: -0 0 -1
UV: 0.39381 0.996662

Position: 1.57455 0 0.5308
Normal: 1 0 0
UV: 0.985183 0.7264

Position: 1.57455 0 -0.5308
Normal: 1 0 0
UV: 0.786775 0.7264

Position: -1.57455 0.5308 0.5308
Normal: -0 0 1
UV: 0.39381 0.996662

Position: 1.57455 0.5308 0.5308
Normal: -0 0 1
UV: 0.39381 0.257574

Position: 1.57455 0 0.5308
Normal: -0 0 1
UV: 0.77493 0.257574

Position: -1.57455 0 0.5308
Normal: -0 0 1
UV: 0.774929 0.996662

Position: -1.57455 1.0616 0.243998
Normal: -0 0 1
UV: 0.514172 0.996662

Position: 1.57455 1.0616 0.243998
Normal: -0 0 1
UV: 0.514172 0.257574

Position: 1.57455 0.646711 0.243998
Normal: -0 0 1
UV: 0.611545 0.257574

Position: -1.57455 0.646711 0.243998
Normal: -0 0 1
UV: 0.611545 0.996662

Position: 1.57455 1.0616 0.243998
Normal: 1 0 0
UV: 0.931581 0.527992

Position: 1.57455 1.0616 -0.243998
Normal: 1 0 0
UV: 0.840377 0.527992

Position: -1.57455 0.646711 -0.243998
Normal: -0 0 -1
UV: 0.650348 0.996662

Position: 1.57455 0.646711 -0.243998
Normal: -0 0 -1
UV: 0.650348 0.257574

Position: 1.57455 1.0616 -0.243998
Normal: -0 0 -1
UV: 0.51415 0.257574

Position: -1.57455 1.0616 -0.243998
Normal: -0 0 -1
UV: 0.51415 0.996662

Position: -1.57455 1.0616 0.243998
Normal: -1 0 0
UV: 0.840377 0.527992

Position: -1.57455 1.0616 -0.243998
Normal: -1 0 0
UV: 0.931581 0.527992


[INDEX_DATA]
0 2 1
0 3 2
4 6 5
4 7 6
8 10 9
8 11 10
12 14 13
12 15 14
16 18 17
16 19 18
13 20 12
20 13 21
22 24 23
22 25 24
17 26 16
26 27 16
28 30 29
28 31 30
32 34 33
32 35 34
18 19 36
36 19 37
38 40 39
38 41 40
42 14 15
42 43 14

