[FBX_META_DATA]
MeshCount: 1

[MESH_DATA]
VertexCount: 39
IndexCount: 75
BoneCount: 0
AnimationClips: 1

[VERTEX_DATA]
Position: -0 -0.194796 -10
Normal: -0 1 2.42312e-017
UV: 0.66066 0.182131

Position: -0 -0.194796 -3.16532
Normal: -0 1 2.91548e-016
UV: 0.642084 0.182131

Position: -1.48153 -0.194796 -9.55511
Normal: -0 1 0
UV: 0.657735 0.256461

Position: -3.51846 -0.194796 -10
Normal: -0 1 0
UV: 0.710584 0.734205

Position: -1.48153 -0.194796 -10
Normal: -0 1 0
UV: 0.710584 0.492291

Position: -3.51846 -0.194796 -9.55511
Normal: -0 1 0
UV: 0.657572 0.734205

Position: -1.48153 -0.194796 -9.55511
Normal: -0 1 0
UV: 0.657572 0.492291

Position: -2.49999 -0.194796 -2.86913
Normal: -0 0 -1
UV: 0.341073 0.485296

Position: -0 -0.194796 -2.86913
Normal: -0 0 -1
UV: 0.341073 0.00802833

Position: -2.49999 0 -2.86913
Normal: -0 0 -1
UV: 0.317897 0.498595

Position: -0 0 -2.86913
Normal: -0 0 -1
UV: 0.317897 0.00802833

Position: -2.49999 0 0
Normal: -0 1 0
UV: 0.0101503 0.498595

Position: -2.49999 0 -2.86913
Normal: -0 1 0
UV: 0.317897 0.498595

Position: -0 0 0
Normal: -0 1 0
UV: 0.0101503 0.00802833

Position: -0 0 -2.86913
Normal: -0 1 0
UV: 0.317897 0.00802833

Position: -0 -0.194796 -2.86913
Normal: -0 1 5.58865e-016
UV: 0.341073 0.00802833

Position: -2.49999 -0.194796 -2.86913
Normal: -0 1 5.58865e-016
UV: 0.341073 0.485296

Position: -0 -0.194796 -3.16532
Normal: -0 1 2.91548e-016
UV: 0.375414 0.00802833

Position: -2.49999 -0.194796 -3.16532
Normal: -0 1 2.91548e-016
UV: 0.375414 0.485296

Position: -4.99999 0 0
Normal: -0 1 0
UV: 0.0101503 0.00802833

Position: -4.99999 0 -2.86913
Normal: -0 1 0
UV: 0.317897 0.00802833

Position: -4.99999 -0.194796 -2.86913
Normal: -0 0 -1
UV: 0.341073 0.00802833

Position: -4.99999 0 -2.86913
Normal: -0 0 -1
UV: 0.317897 0.00802833

Position: -4.99999 -0.194796 -3.16532
Normal: -0 1 2.91548e-016
UV: 0.375414 0.00802833

Position: -4.99999 -0.194796 -2.86913
Normal: -0 1 5.58865e-016
UV: 0.341073 0.00802833

Position: -4.99999 -0.194796 -3.16532
Normal: -0 1 2.91548e-016
UV: 0.642084 0.182131

Position: -3.51846 -0.194796 -9.55511
Normal: -0 1 0
UV: 0.657735 0.256461

Position: -2.49999 -0.194796 -3.16532
Normal: -0 1 2.91548e-016
UV: 0.642084 0.306119

Position: -2.49999 0 0
Normal: -0 0 1
UV: 0.324193 0.363169

Position: -0 0 0
Normal: -0 0 1
UV: 0.327804 0.363169

Position: -2.49999 -0.194796 0
Normal: -0 0 1
UV: 0.324193 0.338598

Position: -0 -0.194796 0
Normal: -0 0 1
UV: 0.327804 0.338598

Position: -4.99999 0 0
Normal: -0 0 1
UV: 0.324193 0.363169

Position: -2.49999 0 0
Normal: -0 0 1
UV: 0.327804 0.363169

Position: -4.99999 -0.194796 0
Normal: -0 0 1
UV: 0.324193 0.338598

Position: -2.49999 -0.194796 0
Normal: -0 0 1
UV: 0.327804 0.338598

Position: -1.48153 -0.194796 -10
Normal: -0 1 0
UV: 0.66066 0.256461

Position: -4.99999 -0.194796 -10
Normal: -0 1 2.42312e-017
UV: 0.66066 0.182131

Position: -3.51846 -0.194796 -10
Normal: -0 1 0
UV: 0.66066 0.256461


[INDEX_DATA]
0 2 1
3 5 4
5 6 4
7 9 8
9 10 8
11 13 12
13 14 12
15 17 16
17 18 16
19 11 20
11 12 20
21 22 7
22 9 7
18 23 16
23 24 16
25 27 26
28 30 29
30 31 29
32 34 33
34 35 33
2 26 27
2 27 1
0 36 2
37 26 38
37 25 26

