[FBX_META_DATA]
MeshCount: 1

[MESH_DATA]
VertexCount: 24
IndexCount: 42
BoneCount: 0
AnimationClips: 1

[VERTEX_DATA]
Position: -0 0 0
Normal: -0 1 -2.67007e-009
UV: 0.0122593 1

Position: -2.86912 0 -2.86913
Normal: -0 1 -2.67007e-009
UV: 0.317897 1

Position: 2.86102e-006 0 -2.86913
Normal: -0 1 -5.34014e-009
UV: 0.317897 0.762453

Position: -2.86912 -0.194796 -2.86913
Normal: 1.09437e-007 0 -1
UV: 0.341073 1

Position: 2.86102e-006 -0.194796 -2.86913
Normal: 1.09437e-007 0 -1
UV: 0.341073 0.761619

Position: -2.86912 0 -2.86913
Normal: 1.09437e-007 0 -1
UV: 0.317897 1

Position: 2.86102e-006 0 -2.86913
Normal: 1.09437e-007 0 -1
UV: 0.317897 0.762453

Position: 2.86102e-006 -0.194796 -2.86913
Normal: -0 1 5.58963e-016
UV: 0.341073 0.761619

Position: -2.86912 -0.194796 -2.86913
Normal: 2.79461e-016 1 2.79482e-016
UV: 0.341073 1

Position: 2.86102e-006 -0.194796 -3.16532
Normal: 9.29291e-025 1 2.91594e-016
UV: 0.375414 0.75

Position: -3.16531 -0.194796 -3.16532
Normal: 1.45787e-016 1 1.45797e-016
UV: 0.375414 1

Position: 2.86102e-006 -0.194796 -3.16532
Normal: 9.29291e-025 1 2.91594e-016
UV: 0.588925 0.244637

Position: -3.16531 -0.194796 -3.16532
Normal: 1.45787e-016 1 1.45797e-016
UV: 0.588925 0.214488

Position: 2.86102e-006 -0.194796 -10
Normal: 1.85858e-024 1 2.42238e-017
UV: 0.646184 0.244637

Position: -9.99998 -0.194796 -10
Normal: 1.2113e-017 1 1.21132e-017
UV: 0.646184 0.214488

Position: -2.86912 0 -1.95724e-006
Normal: -0 1 0
UV: 0.317897 0.762453

Position: -2.86912 -0.194796 -2.86913
Normal: -1 0 0
UV: 0.341073 1

Position: -2.86912 0 -2.86913
Normal: -1 0 0
UV: 0.317897 1

Position: -2.86912 -0.194796 -1.95724e-006
Normal: -1 0 0
UV: 0.341073 0.761619

Position: -2.86912 0 -1.95724e-006
Normal: -1 0 0
UV: 0.317897 0.762453

Position: -3.16532 -0.194796 -1.95724e-006
Normal: 2.91574e-016 1 1.26879e-021
UV: 0.375414 0.75

Position: -2.86912 -0.194796 -1.95724e-006
Normal: 5.58921e-016 1 0
UV: 0.341073 0.761619

Position: -9.99998 -0.194796 -1.95724e-006
Normal: 2.42261e-017 1 2.53758e-021
UV: 0.646184 0.244637

Position: -3.16532 -0.194796 -1.95724e-006
Normal: 2.91574e-016 1 1.26879e-021
UV: 0.588925 0.244637


[INDEX_DATA]
0 2 1
3 5 4
5 6 4
7 9 8
9 10 8
11 13 12
13 14 12
0 1 15
16 18 17
18 19 17
10 20 8
20 21 8
14 22 12
22 23 12

