[FBX_META_DATA]
MeshCount: 1

[MESH_DATA]
VertexCount: 581
IndexCount: 1398
BoneCount: 0
AnimationClips: 1

[VERTEX_DATA]
Position: -1.44767 0.829683 -3.89768
Normal: -0 0.707106 -0.707108
UV: 0.474961 0.363018

Position: -1.1918 0.829683 -3.89768
Normal: -0 0.707106 -0.707108
UV: 0.474961 0.391032

Position: -1.1918 1.03169 -3.69567
Normal: -0 0.707106 -0.707108
UV: 0.464035 0.391032

Position: -1.44767 1.03169 -3.69567
Normal: -0 0.707106 -0.707108
UV: 0.464035 0.363018

Position: -1.44767 0.553736 -3.97162
Normal: -0 0.258824 -0.965924
UV: 0.485887 0.363018

Position: -1.1918 0.553736 -3.97162
Normal: -0 0.258824 -0.965924
UV: 0.485887 0.391032

Position: -1.44767 0.277789 -3.89768
Normal: -0 -0.258824 -0.965924
UV: 0.496813 0.363018

Position: -1.1918 0.277789 -3.89768
Normal: -0 -0.258824 -0.965924
UV: 0.496813 0.391032

Position: -1.44767 0.0757816 -3.69567
Normal: -0 -0.707106 -0.707107
UV: 0.507739 0.363018

Position: -1.1918 0.0757816 -3.69567
Normal: -0 -0.707106 -0.707107
UV: 0.507738 0.391032

Position: -1.44767 0.00184151 -3.41973
Normal: -0 -0.965926 -0.258819
UV: 0.518666 0.363022

Position: -1.1918 0.00184151 -3.41973
Normal: -0 -0.965926 -0.258819
UV: 0.518665 0.391036

Position: -1.44767 0.0757816 -3.14378
Normal: -0 -0.965925 0.258823
UV: 0.529592 0.363025

Position: -1.1918 0.0757816 -3.14378
Normal: -0 -0.965925 0.258823
UV: 0.529591 0.391038

Position: -1.44767 0.277789 -2.94177
Normal: -0 -0.707113 0.7071
UV: 0.540518 0.363027

Position: -1.1918 0.277789 -2.94177
Normal: -0 -0.707113 0.7071
UV: 0.540517 0.391041

Position: -1.44767 0.553736 -2.86784
Normal: -0 -0.25881 0.965928
UV: 0.551444 0.363029

Position: -1.1918 0.553736 -2.86784
Normal: -0 -0.25881 0.965928
UV: 0.551444 0.391043

Position: -1.44767 0.829683 -2.94177
Normal: -0 0.25881 0.965928
UV: 0.56237 0.363031

Position: -1.1918 0.829683 -2.94177
Normal: -0 0.25881 0.965928
UV: 0.562369 0.391045

Position: -1.44767 1.03169 -3.14378
Normal: -0 0.707113 0.707101
UV: 0.573297 0.363033

Position: -1.1918 1.03169 -3.14378
Normal: -0 0.707113 0.707101
UV: 0.573296 0.391047

Position: -1.44767 1.10563 -3.41973
Normal: -0 0.965926 0.25882
UV: 0.584223 0.363036

Position: -1.1918 1.10563 -3.41973
Normal: -0 0.965926 0.25882
UV: 0.584222 0.391051

Position: -1.44767 1.03169 -3.69567
Normal: -0 0.707106 -0.707108
UV: 0.59515 0.36304

Position: -1.1918 1.03169 -3.69567
Normal: -0 0.707106 -0.707108
UV: 0.595149 0.391054

Position: -1.44767 1.03169 -3.69567
Normal: -1 2.27858e-007 0
UV: 0.532765 0.354774

Position: -1.44767 0.553736 -3.41973
Normal: -1 -1.72923e-014 0
UV: 0.532765 0.277378

Position: -1.44767 0.829683 -3.89768
Normal: -1 -7.47025e-013 0
UV: 0.571462 0.344406

Position: -1.44767 0.553736 -3.97162
Normal: -1 0 0
UV: 0.599792 0.316075

Position: -1.44767 0.277789 -3.89768
Normal: -1 7.47025e-013 0
UV: 0.610161 0.277375

Position: -1.44767 0.0757816 -3.69567
Normal: -1 -2.27857e-007 0
UV: 0.599792 0.238678

Position: -1.44767 0.00184151 -3.41973
Normal: -1 0 0
UV: 0.571463 0.21035

Position: -1.44767 0.0757816 -3.14378
Normal: -1 -2.27858e-007 0
UV: 0.532765 0.199979

Position: -1.44767 0.277789 -2.94177
Normal: -1 -1.03755e-013 0
UV: 0.494066 0.210347

Position: -1.44767 0.553736 -2.86784
Normal: -1 0 0
UV: 0.465735 0.238676

Position: -1.44767 0.829683 -2.94177
Normal: -1 1.24505e-013 0
UV: 0.455365 0.277375

Position: -1.44767 1.03169 -3.14378
Normal: -1 2.27858e-007 0
UV: 0.465735 0.316075

Position: -1.44767 1.10563 -3.41973
Normal: -1 0 0
UV: 0.494066 0.344404

Position: -1.44767 0.829683 0.612992
Normal: -0 0.707106 -0.707108
UV: 0.474961 0.363018

Position: -1.1918 0.829683 0.612992
Normal: -0 0.707106 -0.707108
UV: 0.474961 0.391032

Position: -1.1918 1.03169 0.814998
Normal: -0 0.707106 -0.707108
UV: 0.464035 0.391032

Position: -1.44767 1.03169 0.814998
Normal: -0 0.707106 -0.707108
UV: 0.464035 0.363018

Position: -1.44767 0.553736 0.539051
Normal: -0 0.258824 -0.965924
UV: 0.485887 0.363018

Position: -1.1918 0.553736 0.539051
Normal: -0 0.258824 -0.965924
UV: 0.485887 0.391032

Position: -1.44767 0.277789 0.612992
Normal: -0 -0.258824 -0.965924
UV: 0.496813 0.363018

Position: -1.1918 0.277789 0.612992
Normal: -0 -0.258824 -0.965924
UV: 0.496813 0.391032

Position: -1.44767 0.0757816 0.814998
Normal: -0 -0.707106 -0.707107
UV: 0.507739 0.363018

Position: -1.1918 0.0757816 0.814998
Normal: -0 -0.707106 -0.707107
UV: 0.507738 0.391032

Position: -1.44767 0.00184151 1.09095
Normal: -0 -0.965926 -0.258819
UV: 0.518666 0.363022

Position: -1.1918 0.00184151 1.09095
Normal: -0 -0.965926 -0.258819
UV: 0.518665 0.391036

Position: -1.44767 0.0757816 1.36689
Normal: -0 -0.965925 0.258823
UV: 0.529592 0.363025

Position: -1.1918 0.0757816 1.36689
Normal: -0 -0.965925 0.258823
UV: 0.529591 0.391038

Position: -1.44767 0.277789 1.5689
Normal: -0 -0.707113 0.7071
UV: 0.540518 0.363027

Position: -1.1918 0.277789 1.5689
Normal: -0 -0.707113 0.7071
UV: 0.540517 0.391041

Position: -1.44767 0.553736 1.64284
Normal: -0 -0.25881 0.965928
UV: 0.551444 0.363029

Position: -1.1918 0.553736 1.64284
Normal: -0 -0.25881 0.965928
UV: 0.551444 0.391043

Position: -1.44767 0.829683 1.5689
Normal: -0 0.25881 0.965928
UV: 0.56237 0.363031

Position: -1.1918 0.829683 1.5689
Normal: -0 0.25881 0.965928
UV: 0.562369 0.391045

Position: -1.44767 1.03169 1.36689
Normal: -0 0.707113 0.707101
UV: 0.573297 0.363033

Position: -1.1918 1.03169 1.36689
Normal: -0 0.707113 0.707101
UV: 0.573296 0.391047

Position: -1.44767 1.10563 1.09095
Normal: -0 0.965926 0.25882
UV: 0.584223 0.363036

Position: -1.1918 1.10563 1.09095
Normal: -0 0.965926 0.25882
UV: 0.584222 0.391051

Position: -1.44767 1.03169 0.814998
Normal: -0 0.707106 -0.707108
UV: 0.59515 0.36304

Position: -1.1918 1.03169 0.814998
Normal: -0 0.707106 -0.707108
UV: 0.595149 0.391054

Position: -1.44767 1.03169 0.814998
Normal: -1 2.27858e-007 0
UV: 0.532765 0.354774

Position: -1.44767 0.553736 1.09095
Normal: -1 -1.72923e-014 0
UV: 0.532765 0.277378

Position: -1.44767 0.829683 0.612992
Normal: -1 -7.47025e-013 0
UV: 0.571462 0.344406

Position: -1.44767 0.553736 0.539051
Normal: -1 0 0
UV: 0.599792 0.316075

Position: -1.44767 0.277789 0.612992
Normal: -1 7.47025e-013 0
UV: 0.610161 0.277375

Position: -1.44767 0.0757816 0.814998
Normal: -1 -2.27857e-007 0
UV: 0.599792 0.238678

Position: -1.44767 0.00184151 1.09095
Normal: -1 0 0
UV: 0.571463 0.21035

Position: -1.44767 0.0757816 1.36689
Normal: -1 -2.27858e-007 0
UV: 0.532765 0.199979

Position: -1.44767 0.277789 1.5689
Normal: -1 -1.03755e-013 0
UV: 0.494066 0.210347

Position: -1.44767 0.553736 1.64284
Normal: -1 0 0
UV: 0.465735 0.238676

Position: -1.44767 0.829683 1.5689
Normal: -1 1.24505e-013 0
UV: 0.455365 0.277375

Position: -1.44767 1.03169 1.36689
Normal: -1 2.27858e-007 0
UV: 0.465735 0.316075

Position: -1.44767 1.10563 1.09095
Normal: -1 0 0
UV: 0.494066 0.344404

Position: -1.44767 0.829683 1.77994
Normal: -0 0.707106 -0.707108
UV: 0.474961 0.363018

Position: -1.1918 0.829683 1.77994
Normal: -0 0.707106 -0.707108
UV: 0.474961 0.391032

Position: -1.1918 1.03169 1.98195
Normal: -0 0.707106 -0.707108
UV: 0.464035 0.391032

Position: -1.44767 1.03169 1.98195
Normal: -0 0.707106 -0.707108
UV: 0.464035 0.363018

Position: -1.44767 0.553736 1.706
Normal: -0 0.258824 -0.965924
UV: 0.485887 0.363018

Position: -1.1918 0.553736 1.706
Normal: -0 0.258824 -0.965924
UV: 0.485887 0.391032

Position: -1.44767 0.277789 1.77994
Normal: -0 -0.258824 -0.965924
UV: 0.496813 0.363018

Position: -1.1918 0.277789 1.77994
Normal: -0 -0.258824 -0.965924
UV: 0.496813 0.391032

Position: -1.44767 0.0757816 1.98195
Normal: -0 -0.707106 -0.707107
UV: 0.507739 0.363018

Position: -1.1918 0.0757816 1.98195
Normal: -0 -0.707106 -0.707107
UV: 0.507738 0.391032

Position: -1.44767 0.00184151 2.25789
Normal: -0 -0.965926 -0.258819
UV: 0.518666 0.363022

Position: -1.1918 0.00184151 2.25789
Normal: -0 -0.965926 -0.258819
UV: 0.518665 0.391036

Position: -1.44767 0.0757816 2.53384
Normal: -0 -0.965925 0.258823
UV: 0.529592 0.363025

Position: -1.1918 0.0757816 2.53384
Normal: -0 -0.965925 0.258823
UV: 0.529591 0.391038

Position: -1.44767 0.277789 2.73585
Normal: -0 -0.707113 0.7071
UV: 0.540518 0.363027

Position: -1.1918 0.277789 2.73585
Normal: -0 -0.707113 0.7071
UV: 0.540517 0.391041

Position: -1.44767 0.553736 2.80978
Normal: -0 -0.25881 0.965928
UV: 0.551444 0.363029

Position: -1.1918 0.553736 2.80978
Normal: -0 -0.25881 0.965928
UV: 0.551444 0.391043

Position: -1.44767 0.829683 2.73585
Normal: -0 0.25881 0.965928
UV: 0.56237 0.363031

Position: -1.1918 0.829683 2.73585
Normal: -0 0.25881 0.965928
UV: 0.562369 0.391045

Position: -1.44767 1.03169 2.53384
Normal: -0 0.707113 0.707101
UV: 0.573297 0.363033

Position: -1.1918 1.03169 2.53384
Normal: -0 0.707113 0.707101
UV: 0.573296 0.391047

Position: -1.44767 1.10563 2.25789
Normal: -0 0.965926 0.25882
UV: 0.584223 0.363036

Position: -1.1918 1.10563 2.25789
Normal: -0 0.965926 0.25882
UV: 0.584222 0.391051

Position: -1.44767 1.03169 1.98195
Normal: -0 0.707106 -0.707108
UV: 0.59515 0.36304

Position: -1.1918 1.03169 1.98195
Normal: -0 0.707106 -0.707108
UV: 0.595149 0.391054

Position: -1.44767 1.03169 1.98195
Normal: -1 2.27858e-007 0
UV: 0.532765 0.354774

Position: -1.44767 0.553736 2.25789
Normal: -1 -1.72923e-014 0
UV: 0.532765 0.277378

Position: -1.44767 0.829683 1.77994
Normal: -1 -7.47025e-013 0
UV: 0.571462 0.344406

Position: -1.44767 0.553736 1.706
Normal: -1 0 0
UV: 0.599792 0.316075

Position: -1.44767 0.277789 1.77994
Normal: -1 7.47025e-013 0
UV: 0.610161 0.277375

Position: -1.44767 0.0757816 1.98195
Normal: -1 -2.27857e-007 0
UV: 0.599792 0.238678

Position: -1.44767 0.00184151 2.25789
Normal: -1 0 0
UV: 0.571463 0.21035

Position: -1.44767 0.0757816 2.53384
Normal: -1 -2.27858e-007 0
UV: 0.532765 0.199979

Position: -1.44767 0.277789 2.73585
Normal: -1 -1.03755e-013 0
UV: 0.494066 0.210347

Position: -1.44767 0.553736 2.80978
Normal: -1 0 0
UV: 0.465735 0.238676

Position: -1.44767 0.829683 2.73585
Normal: -1 1.24505e-013 0
UV: 0.455365 0.277375

Position: -1.44767 1.03169 2.53384
Normal: -1 2.27858e-007 0
UV: 0.465735 0.316075

Position: -1.44767 1.10563 2.25789
Normal: -1 0 0
UV: 0.494066 0.344404

Position: 1.35745 0.396756 4.098
Normal: 0.999931 0 0.0117472
UV: 0.745582 0.079469

Position: 1.35745 0.596491 4.098
Normal: 0.999931 0 0.0117472
UV: 0.745567 0.051582

Position: 1.35881 0.595719 3.98245
Normal: 0.999987 -1.87346e-008 0.00518103
UV: 0.727881 0.051597

Position: 1.35881 0.392317 3.98245
Normal: 0.999982 0 0.0060738
UV: 0.727756 0.079473

Position: 7.80716e-018 0.596491 3.97507
Normal: 3.88695e-019 0.999995 -0.00317393
UV: 0.776341 0.09909

Position: 1.35745 0.596491 4.098
Normal: 0.00028746 0.999995 -0.00317393
UV: 0.586844 0.116847

Position: -7.80716e-018 0.596491 4.10257
Normal: 3.88695e-019 0.999995 -0.00317393
UV: 0.776344 0.11678

Position: 1.35881 0.595719 3.98245
Normal: 0.00028746 0.999995 -0.00317393
UV: 0.586842 0.099153

Position: 1.35745 0.596491 4.098
Normal: 0.00336219 0 0.999994
UV: 0.745567 0.051582

Position: -7.80716e-018 0.396756 4.10257
Normal: -1.22465e-016 0 1
UV: 0.935091 0.079326

Position: -7.80716e-018 0.596491 4.10257
Normal: -1.22465e-016 0 1
UV: 0.935068 0.051441

Position: 1.35745 0.396756 4.098
Normal: 0.00336219 0 0.999994
UV: 0.745582 0.079469

Position: -7.80716e-018 0.396756 4.10257
Normal: -2.13388e-018 -0.999848 0.0174245
UV: 0.0186294 0.317981

Position: 1.35745 0.396756 4.098
Normal: 0.000129081 -0.999263 0.0383888
UV: 0.018831 0.377946

Position: 1.35881 0.392317 3.98245
Normal: -0.000753852 -0.999805 0.019715
UV: 0.0311355 0.378036

Position: 6.90331e-018 0.387878 3.98245
Normal: 6.56691e-012 -0.999994 0.00341665
UV: 0.0383352 0.319056

Position: -1.35745 0.396756 4.098
Normal: -0.999931 0 0.0117473
UV: 0.745582 0.079469

Position: -1.35881 0.595719 3.98245
Normal: -0.999987 0 0.00518103
UV: 0.727881 0.051597

Position: -1.35745 0.596491 4.098
Normal: -0.999931 0 0.0117473
UV: 0.745567 0.051582

Position: -1.35881 0.392317 3.98245
Normal: -0.999982 0 0.00607381
UV: 0.727756 0.079473

Position: -1.35745 0.596491 4.098
Normal: -0.00028746 0.999995 -0.00317393
UV: 0.586844 0.116847

Position: -1.35881 0.595719 3.98245
Normal: -0.00028746 0.999995 -0.00317393
UV: 0.586842 0.099153

Position: -1.35745 0.596491 4.098
Normal: -0.00336219 0 0.999994
UV: 0.745567 0.051582

Position: -1.35745 0.396756 4.098
Normal: -0.00336219 0 0.999994
UV: 0.745582 0.079469

Position: -1.35881 0.392317 3.98245
Normal: 0.000753852 -0.999805 0.019715
UV: 0.0311355 0.378036

Position: -1.35745 0.396756 4.098
Normal: -0.000129081 -0.999263 0.0383888
UV: 0.018831 0.377946

Position: 1.44767 0.829683 -3.89768
Normal: -0 0.707106 -0.707108
UV: 0.474961 0.363018

Position: 1.1918 1.03169 -3.69567
Normal: -0 0.707106 -0.707108
UV: 0.464035 0.391032

Position: 1.1918 0.829683 -3.89768
Normal: -0 0.707106 -0.707108
UV: 0.474961 0.391032

Position: 1.44767 1.03169 -3.69567
Normal: -0 0.707106 -0.707108
UV: 0.464035 0.363018

Position: 1.44767 0.553736 -3.97162
Normal: -0 0.258824 -0.965924
UV: 0.485887 0.363018

Position: 1.1918 0.553736 -3.97162
Normal: -0 0.258824 -0.965924
UV: 0.485887 0.391032

Position: 1.44767 0.277789 -3.89768
Normal: -0 -0.258824 -0.965924
UV: 0.496813 0.363018

Position: 1.1918 0.277789 -3.89768
Normal: -0 -0.258824 -0.965924
UV: 0.496813 0.391032

Position: 1.44767 0.0757816 -3.69567
Normal: -0 -0.707106 -0.707107
UV: 0.507739 0.363018

Position: 1.1918 0.0757816 -3.69567
Normal: -0 -0.707106 -0.707107
UV: 0.507738 0.391032

Position: 1.44767 0.00184151 -3.41973
Normal: -0 -0.965926 -0.258819
UV: 0.518666 0.363022

Position: 1.1918 0.00184151 -3.41973
Normal: -0 -0.965926 -0.258819
UV: 0.518665 0.391036

Position: 1.44767 0.0757816 -3.14378
Normal: -0 -0.965925 0.258823
UV: 0.529592 0.363025

Position: 1.1918 0.0757816 -3.14378
Normal: -0 -0.965925 0.258823
UV: 0.529591 0.391038

Position: 1.44767 0.277789 -2.94177
Normal: -0 -0.707113 0.7071
UV: 0.540518 0.363027

Position: 1.1918 0.277789 -2.94177
Normal: -0 -0.707113 0.7071
UV: 0.540517 0.391041

Position: 1.44767 0.553736 -2.86784
Normal: -0 -0.25881 0.965928
UV: 0.551444 0.363029

Position: 1.1918 0.553736 -2.86784
Normal: -0 -0.25881 0.965928
UV: 0.551444 0.391043

Position: 1.44767 0.829683 -2.94177
Normal: -0 0.25881 0.965928
UV: 0.56237 0.363031

Position: 1.1918 0.829683 -2.94177
Normal: -0 0.25881 0.965928
UV: 0.562369 0.391045

Position: 1.44767 1.03169 -3.14378
Normal: -0 0.707113 0.707101
UV: 0.573297 0.363033

Position: 1.1918 1.03169 -3.14378
Normal: -0 0.707113 0.707101
UV: 0.573296 0.391047

Position: 1.44767 1.10563 -3.41973
Normal: -0 0.965926 0.25882
UV: 0.584223 0.363036

Position: 1.1918 1.10563 -3.41973
Normal: -0 0.965926 0.25882
UV: 0.584222 0.391051

Position: 1.44767 1.03169 -3.69567
Normal: -0 0.707106 -0.707108
UV: 0.59515 0.36304

Position: 1.1918 1.03169 -3.69567
Normal: -0 0.707106 -0.707108
UV: 0.595149 0.391054

Position: 1.44767 1.03169 -3.69567
Normal: 1 2.27858e-007 0
UV: 0.532765 0.354774

Position: 1.44767 0.829683 -3.89768
Normal: 1 -7.47025e-013 0
UV: 0.571462 0.344406

Position: 1.44767 0.553736 -3.41973
Normal: 1 -1.72923e-014 0
UV: 0.532765 0.277378

Position: 1.44767 0.553736 -3.97162
Normal: 1 0 0
UV: 0.599792 0.316075

Position: 1.44767 0.277789 -3.89768
Normal: 1 7.47025e-013 0
UV: 0.610161 0.277375

Position: 1.44767 0.0757816 -3.69567
Normal: 1 -2.27857e-007 0
UV: 0.599792 0.238678

Position: 1.44767 0.00184151 -3.41973
Normal: 1 0 0
UV: 0.571463 0.21035

Position: 1.44767 0.0757816 -3.14378
Normal: 1 -2.27858e-007 0
UV: 0.532765 0.199979

Position: 1.44767 0.277789 -2.94177
Normal: 1 -1.03755e-013 0
UV: 0.494066 0.210347

Position: 1.44767 0.553736 -2.86784
Normal: 1 0 0
UV: 0.465735 0.238676

Position: 1.44767 0.829683 -2.94177
Normal: 1 1.24505e-013 0
UV: 0.455365 0.277375

Position: 1.44767 1.03169 -3.14378
Normal: 1 2.27858e-007 0
UV: 0.465735 0.316075

Position: 1.44767 1.10563 -3.41973
Normal: 1 0 0
UV: 0.494066 0.344404

Position: 1.44767 0.829683 0.612992
Normal: -0 0.707106 -0.707108
UV: 0.474961 0.363018

Position: 1.1918 1.03169 0.814998
Normal: -0 0.707106 -0.707108
UV: 0.464035 0.391032

Position: 1.1918 0.829683 0.612992
Normal: -0 0.707106 -0.707108
UV: 0.474961 0.391032

Position: 1.44767 1.03169 0.814998
Normal: -0 0.707106 -0.707108
UV: 0.464035 0.363018

Position: 1.44767 0.553736 0.539051
Normal: -0 0.258824 -0.965924
UV: 0.485887 0.363018

Position: 1.1918 0.553736 0.539051
Normal: -0 0.258824 -0.965924
UV: 0.485887 0.391032

Position: 1.44767 0.277789 0.612992
Normal: -0 -0.258824 -0.965924
UV: 0.496813 0.363018

Position: 1.1918 0.277789 0.612992
Normal: -0 -0.258824 -0.965924
UV: 0.496813 0.391032

Position: 1.44767 0.0757816 0.814998
Normal: -0 -0.707106 -0.707107
UV: 0.507739 0.363018

Position: 1.1918 0.0757816 0.814998
Normal: -0 -0.707106 -0.707107
UV: 0.507738 0.391032

Position: 1.44767 0.00184151 1.09095
Normal: -0 -0.965926 -0.258819
UV: 0.518666 0.363022

Position: 1.1918 0.00184151 1.09095
Normal: -0 -0.965926 -0.258819
UV: 0.518665 0.391036

Position: 1.44767 0.0757816 1.36689
Normal: -0 -0.965925 0.258823
UV: 0.529592 0.363025

Position: 1.1918 0.0757816 1.36689
Normal: -0 -0.965925 0.258823
UV: 0.529591 0.391038

Position: 1.44767 0.277789 1.5689
Normal: -0 -0.707113 0.7071
UV: 0.540518 0.363027

Position: 1.1918 0.277789 1.5689
Normal: -0 -0.707113 0.7071
UV: 0.540517 0.391041

Position: 1.44767 0.553736 1.64284
Normal: -0 -0.25881 0.965928
UV: 0.551444 0.363029

Position: 1.1918 0.553736 1.64284
Normal: -0 -0.25881 0.965928
UV: 0.551444 0.391043

Position: 1.44767 0.829683 1.5689
Normal: -0 0.25881 0.965928
UV: 0.56237 0.363031

Position: 1.1918 0.829683 1.5689
Normal: -0 0.25881 0.965928
UV: 0.562369 0.391045

Position: 1.44767 1.03169 1.36689
Normal: -0 0.707113 0.707101
UV: 0.573297 0.363033

Position: 1.1918 1.03169 1.36689
Normal: -0 0.707113 0.707101
UV: 0.573296 0.391047

Position: 1.44767 1.10563 1.09095
Normal: -0 0.965926 0.25882
UV: 0.584223 0.363036

Position: 1.1918 1.10563 1.09095
Normal: -0 0.965926 0.25882
UV: 0.584222 0.391051

Position: 1.44767 1.03169 0.814998
Normal: -0 0.707106 -0.707108
UV: 0.59515 0.36304

Position: 1.1918 1.03169 0.814998
Normal: -0 0.707106 -0.707108
UV: 0.595149 0.391054

Position: 1.44767 1.03169 0.814998
Normal: 1 2.27858e-007 0
UV: 0.532765 0.354774

Position: 1.44767 0.829683 0.612992
Normal: 1 -7.47025e-013 0
UV: 0.571462 0.344406

Position: 1.44767 0.553736 1.09095
Normal: 1 -1.72923e-014 0
UV: 0.532765 0.277378

Position: 1.44767 0.553736 0.539051
Normal: 1 0 0
UV: 0.599792 0.316075

Position: 1.44767 0.277789 0.612992
Normal: 1 7.47025e-013 0
UV: 0.610161 0.277375

Position: 1.44767 0.0757816 0.814998
Normal: 1 -2.27857e-007 0
UV: 0.599792 0.238678

Position: 1.44767 0.00184151 1.09095
Normal: 1 0 0
UV: 0.571463 0.21035

Position: 1.44767 0.0757816 1.36689
Normal: 1 -2.27858e-007 0
UV: 0.532765 0.199979

Position: 1.44767 0.277789 1.5689
Normal: 1 -1.03755e-013 0
UV: 0.494066 0.210347

Position: 1.44767 0.553736 1.64284
Normal: 1 0 0
UV: 0.465735 0.238676

Position: 1.44767 0.829683 1.5689
Normal: 1 1.24505e-013 0
UV: 0.455365 0.277375

Position: 1.44767 1.03169 1.36689
Normal: 1 2.27858e-007 0
UV: 0.465735 0.316075

Position: 1.44767 1.10563 1.09095
Normal: 1 0 0
UV: 0.494066 0.344404

Position: 1.44767 0.829683 1.77994
Normal: -0 0.707106 -0.707108
UV: 0.474961 0.363018

Position: 1.1918 1.03169 1.98195
Normal: -0 0.707106 -0.707108
UV: 0.464035 0.391032

Position: 1.1918 0.829683 1.77994
Normal: -0 0.707106 -0.707108
UV: 0.474961 0.391032

Position: 1.44767 1.03169 1.98195
Normal: -0 0.707106 -0.707108
UV: 0.464035 0.363018

Position: 1.44767 0.553736 1.706
Normal: -0 0.258824 -0.965924
UV: 0.485887 0.363018

Position: 1.1918 0.553736 1.706
Normal: -0 0.258824 -0.965924
UV: 0.485887 0.391032

Position: 1.44767 0.277789 1.77994
Normal: -0 -0.258824 -0.965924
UV: 0.496813 0.363018

Position: 1.1918 0.277789 1.77994
Normal: -0 -0.258824 -0.965924
UV: 0.496813 0.391032

Position: 1.44767 0.0757816 1.98195
Normal: -0 -0.707106 -0.707107
UV: 0.507739 0.363018

Position: 1.1918 0.0757816 1.98195
Normal: -0 -0.707106 -0.707107
UV: 0.507738 0.391032

Position: 1.44767 0.00184151 2.25789
Normal: -0 -0.965926 -0.258819
UV: 0.518666 0.363022

Position: 1.1918 0.00184151 2.25789
Normal: -0 -0.965926 -0.258819
UV: 0.518665 0.391036

Position: 1.44767 0.0757816 2.53384
Normal: -0 -0.965925 0.258823
UV: 0.529592 0.363025

Position: 1.1918 0.0757816 2.53384
Normal: -0 -0.965925 0.258823
UV: 0.529591 0.391038

Position: 1.44767 0.277789 2.73585
Normal: -0 -0.707113 0.7071
UV: 0.540518 0.363027

Position: 1.1918 0.277789 2.73585
Normal: -0 -0.707113 0.7071
UV: 0.540517 0.391041

Position: 1.44767 0.553736 2.80978
Normal: -0 -0.25881 0.965928
UV: 0.551444 0.363029

Position: 1.1918 0.553736 2.80978
Normal: -0 -0.25881 0.965928
UV: 0.551444 0.391043

Position: 1.44767 0.829683 2.73585
Normal: -0 0.25881 0.965928
UV: 0.56237 0.363031

Position: 1.1918 0.829683 2.73585
Normal: -0 0.25881 0.965928
UV: 0.562369 0.391045

Position: 1.44767 1.03169 2.53384
Normal: -0 0.707113 0.707101
UV: 0.573297 0.363033

Position: 1.1918 1.03169 2.53384
Normal: -0 0.707113 0.707101
UV: 0.573296 0.391047

Position: 1.44767 1.10563 2.25789
Normal: -0 0.965926 0.25882
UV: 0.584223 0.363036

Position: 1.1918 1.10563 2.25789
Normal: -0 0.965926 0.25882
UV: 0.584222 0.391051

Position: 1.44767 1.03169 1.98195
Normal: -0 0.707106 -0.707108
UV: 0.59515 0.36304

Position: 1.1918 1.03169 1.98195
Normal: -0 0.707106 -0.707108
UV: 0.595149 0.391054

Position: 1.44767 1.03169 1.98195
Normal: 1 2.27858e-007 0
UV: 0.532765 0.354774

Position: 1.44767 0.829683 1.77994
Normal: 1 -7.47025e-013 0
UV: 0.571462 0.344406

Position: 1.44767 0.553736 2.25789
Normal: 1 -1.72923e-014 0
UV: 0.532765 0.277378

Position: 1.44767 0.553736 1.706
Normal: 1 0 0
UV: 0.599792 0.316075

Position: 1.44767 0.277789 1.77994
Normal: 1 7.47025e-013 0
UV: 0.610161 0.277375

Position: 1.44767 0.0757816 1.98195
Normal: 1 -2.27857e-007 0
UV: 0.599792 0.238678

Position: 1.44767 0.00184151 2.25789
Normal: 1 0 0
UV: 0.571463 0.21035

Position: 1.44767 0.0757816 2.53384
Normal: 1 -2.27858e-007 0
UV: 0.532765 0.199979

Position: 1.44767 0.277789 2.73585
Normal: 1 -1.03755e-013 0
UV: 0.494066 0.210347

Position: 1.44767 0.553736 2.80978
Normal: 1 0 0
UV: 0.465735 0.238676

Position: 1.44767 0.829683 2.73585
Normal: 1 1.24505e-013 0
UV: 0.455365 0.277375

Position: 1.44767 1.03169 2.53384
Normal: 1 2.27858e-007 0
UV: 0.465735 0.316075

Position: 1.44767 1.10563 2.25789
Normal: 1 0 0
UV: 0.494066 0.344404

Position: -1.6745 2.23041 -4.36879
Normal: -0 0.708587 -0.705624
UV: 1.77588 0.268378

Position: -1.41104 2.3538 -4.24488
Normal: -0 0.708587 -0.705624
UV: 1.81559 0.245714

Position: -1.72176 2.3538 -4.24488
Normal: -0 0.708587 -0.705624
UV: 1.77588 0.245714

Position: -1.4583 2.23041 -4.36879
Normal: -0 0.708587 -0.705624
UV: 1.81559 0.268378

Position: -1.4583 1.86517 -4.36879
Normal: -0 0 -1
UV: 1.81559 0.33546

Position: -1.6745 2.23041 -4.36879
Normal: -0 0 -1
UV: 1.77588 0.268378

Position: -1.6745 1.86517 -4.36879
Normal: -0 0 -1
UV: 1.77588 0.33546

Position: -1.4583 2.23041 -4.36879
Normal: -0 0 -1
UV: 1.81559 0.268378

Position: -1.41104 1.74178 -4.24488
Normal: -0 -0.708587 -0.705624
UV: 1.70864 0.315118

Position: -1.6745 1.86517 -4.36879
Normal: -0 -0.708587 -0.705624
UV: 1.66893 0.292455

Position: -1.72176 1.74178 -4.24488
Normal: -0 -0.708587 -0.705624
UV: 1.66893 0.315118

Position: -1.4583 1.86517 -4.36879
Normal: -0 -0.708587 -0.705624
UV: 1.70864 0.292455

Position: -1.41104 2.3538 -4.24488
Normal: -0 0 1
UV: 1.57727 0.0971926

Position: -1.72176 1.74178 -4.24488
Normal: -0 0 1
UV: 1.60687 0.155502

Position: -1.72176 2.3538 -4.24488
Normal: -0 0 1
UV: 1.60687 0.0971926

Position: -1.41104 1.74178 -4.24488
Normal: -0 0 1
UV: 1.57727 0.155502

Position: -1.4583 2.23041 -4.36879
Normal: 0.934353 0 -0.356349
UV: 1.65819 0.32122

Position: -1.41104 1.74178 -4.24488
Normal: 0.934353 0 -0.356349
UV: 1.72527 0.298462

Position: -1.41104 2.3538 -4.24488
Normal: 0.934353 0 -0.356349
UV: 1.65819 0.298462

Position: -1.4583 1.86517 -4.36879
Normal: 0.934353 0 -0.356349
UV: 1.72527 0.32122

Position: -1.6745 2.23041 -4.36879
Normal: -0.934351 0 -0.356355
UV: 1.66022 0.351086

Position: -1.72176 1.74178 -4.24488
Normal: -0.934351 0 -0.356355
UV: 1.72731 0.373845

Position: -1.6745 1.86517 -4.36879
Normal: -0.934351 0 -0.356355
UV: 1.72731 0.351086

Position: -1.72176 2.3538 -4.24488
Normal: -0.934351 0 -0.356355
UV: 1.66022 0.373845

Position: -1.3588 0.388288 -4.50006
Normal: -0.999931 0 -0.0117421
UV: 0.777222 1.99105

Position: -1.35745 0.392727 -4.61561
Normal: -0.999931 0 -0.0117421
UV: 0.764982 1.99105

Position: -1.3588 0.560595 -4.50006
Normal: -0.999931 0 -0.0117421
UV: 0.777222 1.96894

Position: -1.35745 0.561367 -4.61561
Normal: -0.999931 0 -0.0117421
UV: 0.764982 1.96886

Position: -0 3.08633 -3.92103
Normal: -0 0.289867 -0.957067
UV: 0.295082 1.25531

Position: -1.27065 1.86944 -4.28959
Normal: -0 0.289867 -0.957067
UV: 0.393998 1.3586

Position: -0 1.86944 -4.28959
Normal: -0 0.289867 -0.957067
UV: 0.393998 1.25531

Position: -1.27065 3.08633 -3.92103
Normal: -0 0.289867 -0.957067
UV: 0.295082 1.3586

Position: -0.830521 0.931663 -4.49268
Normal: 0.00459103 -0.00157321 -0.999988
UV: 0.863488 1.54158

Position: -1.35847 1.63805 -4.49777
Normal: 0.00459103 -0.00157321 -0.999988
UV: 0.779344 1.45215

Position: -1.3588 0.931972 -4.50006
Normal: 0.00459103 -0.00157321 -0.999988
UV: 0.779344 1.54149

Position: -0 1.63719 -4.49268
Normal: 0.00459103 -0.00157321 -0.999988
UV: 0.995773 1.45218

Position: -0 0.931663 -4.49268
Normal: 0.00459103 -0.00157321 -0.999988
UV: 0.995771 1.5416

Position: -0 0.561367 -4.49268
Normal: -0.000287504 0.999995 0.00317431
UV: 1.81806 0.0252762

Position: -1.35745 0.561367 -4.61561
Normal: -0.000287504 0.999995 0.00317431
UV: 1.79465 0.0312299

Position: -0 0.561367 -4.62018
Normal: -0.000287504 0.999995 0.00317431
UV: 1.81806 0.0314718

Position: -1.3588 0.560595 -4.50006
Normal: -0.000287504 0.999995 0.00317431
UV: 1.79465 0.0260572

Position: -0 0.561367 -4.62018
Normal: -0.00336193 0 -0.999994
UV: 1.81806 0.0314718

Position: -1.35745 0.561367 -4.61561
Normal: -0.00336193 0 -0.999994
UV: 1.79465 0.0312299

Position: -0 0.392727 -4.62018
Normal: -0.00336193 0 -0.999994
UV: 1.81806 0.062896

Position: -1.35745 0.392727 -4.61561
Normal: -0.00336193 0 -0.999994
UV: 1.79465 0.062896

Position: -0 0.392727 -4.62018
Normal: -0.000129033 -0.999263 -0.0383888
UV: 0.597678 1.03401

Position: -1.35745 0.392727 -4.61561
Normal: -0.000129033 -0.999263 -0.0383888
UV: 0.597803 1.16181

Position: -1.3588 0.388288 -4.50006
Normal: -0.000129033 -0.999263 -0.0383888
UV: 0.600996 1.16181

Position: -0 3.20334 -3.88434
Normal: -0.000426284 0.303423 -0.952856
UV: 0.705462 1.34761

Position: -1.27065 3.08633 -3.92103
Normal: -0 0.289867 -0.957067
UV: 0.678655 1.35017

Position: -0 3.08633 -3.92103
Normal: -0 0.289867 -0.957067
UV: 0.705462 1.3502

Position: -1.3588 3.20131 -3.88381
Normal: -0.000426284 0.303423 -0.952856
UV: 0.676788 1.34762

Position: -1.35813 1.77671 -4.32057
Normal: 0.00296461 0.291622 -0.956529
UV: 0.676788 1.37903

Position: -1.27065 1.86944 -4.28959
Normal: -0 0.289867 -0.957067
UV: 0.678655 1.37697

Position: -0 1.86944 -4.28959
Normal: -0 0.289867 -0.957067
UV: 0.705461 1.377

Position: -0 1.77531 -4.3182
Normal: 0.00102122 0.303417 -0.952857
UV: 0.705461 1.37907

Position: -0.830521 0.931663 -4.49268
Normal: 0.00459103 -0.00157321 -0.999988
UV: 1.13695 0.0239697

Position: -1.3588 0.931972 -4.50006
Normal: 0.00459103 -0.00157321 -0.999988
UV: 1.22109 0.0239697

Position: -0.830521 0.648161 -4.49268
Normal: 0.0139779 0 -0.999902
UV: 1.13695 0.0619046

Position: -1.3588 0.642089 -4.50006
Normal: 0.0139779 0 -0.999902
UV: 1.22109 0.0619046

Position: -1.3588 0.560595 -4.50006
Normal: 0.00768103 0.0378763 -0.999253
UV: 0.779344 1.58851

Position: -0 0.561367 -4.49268
Normal: 0.00768103 0.0378763 -0.999253
UV: 0.995769 1.58854

Position: -0.830521 0.648161 -4.49268
Normal: 0.0139779 0 -0.999902
UV: 0.863488 1.57751

Position: -1.3588 0.642089 -4.50006
Normal: 0.0139779 0 -0.999902
UV: 0.779344 1.57819

Position: -1.36016 2.11793 -2.68379
Normal: -1 0 0
UV: 0.370738 1.35192

Position: -1.36016 3.08633 -3.77614
Normal: -1 0 0
UV: 0.310483 1.28395

Position: -1.36016 3.08633 -2.68379
Normal: -1 0 0
UV: 0.310483 1.35192

Position: -1.36016 2.11793 -4.04877
Normal: -1 0 0
UV: 0.386423 1.26033

Position: -1.36037 2.11793 -2.45588
Normal: -1 5.07079e-005 -0.000696781
UV: 0.993769 1.80397

Position: -1.36016 3.08633 -2.68379
Normal: -1 0 0
UV: 0.969625 1.70138

Position: -1.36027 3.19711 -2.45588
Normal: -1 5.07079e-005 -0.000696781
UV: 0.993769 1.68965

Position: -1.36016 2.11793 -2.68379
Normal: -1 0 0
UV: 0.969625 1.80397

Position: -1.3588 3.20131 -3.88381
Normal: -0.999983 0.00585418 -0.00056995
UV: 0.842503 1.6892

Position: -1.36016 3.08633 -3.77614
Normal: -1 0 0
UV: 0.85391 1.70138

Position: -1.36016 0.932281 -4.22149
Normal: -1 7.01369e-005 -5.41306e-005
UV: 0.806733 1.92957

Position: -1.36016 2.11793 -4.04877
Normal: -1 0 0
UV: 0.813688 1.83067

Position: -1.36037 0.383029 -2.45588
Normal: -1 7.01369e-005 -5.41306e-005
UV: 0.993769 1.99105

Position: -1.3588 0.931972 -4.50006
Normal: -0.99998 0.00207815 -0.00599889
UV: 0.777222 1.9296

Position: -1.35813 1.77671 -4.32057
Normal: -0.99998 0.00207815 -0.00599889
UV: 0.796235 1.84011

Position: -1.35847 1.63805 -4.49777
Normal: -0.99998 0.00207815 -0.00599889
UV: 0.777464 1.8548

Position: -1.36016 0.636017 -4.22149
Normal: -1 0 -0.000117818
UV: 0.806733 1.96095

Position: -1.36016 0.932281 -4.22149
Normal: -1 7.01369e-005 -5.41306e-005
UV: 1.2492 0.0239697

Position: -1.3588 0.642089 -4.50006
Normal: -0.999988 0 -0.00487156
UV: 1.22109 0.0619046

Position: -1.3588 0.931972 -4.50006
Normal: -0.99998 0.00207815 -0.00599889
UV: 1.22109 0.0239697

Position: -1.36016 0.636017 -4.22149
Normal: -1 0 -0.000117818
UV: 1.2492 0.0619046

Position: -1.3588 0.642089 -4.50006
Normal: -0.999988 0 -0.00487156
UV: 0.777222 1.96031

Position: -1.36037 0.383029 -2.45588
Normal: -0 -1 -0.000477726
UV: 0.657456 1.16181

Position: -0 0.383029 -2.45588
Normal: -0 -1 -0.000477726
UV: 0.657456 1.03401

Position: -0 0.383849 -4.17409
Normal: -0 -1 -0.000477726
UV: 0.61 1.03401

Position: -0 3.19711 -2.45588
Normal: -0.000745647 0.999993 0.00364906
UV: 0.660071 1.36412

Position: -1.3588 3.20131 -3.88381
Normal: -0.000745647 0.999993 0.00364906
UV: 0.719737 1.36412

Position: -0 3.20334 -3.88434
Normal: -0.000745647 0.999993 0.00364906
UV: 0.71976 1.36412

Position: -1.36027 3.19711 -2.45588
Normal: -0.000745647 0.999993 0.00364906
UV: 0.660071 1.36412

Position: 1.41104 2.3538 -4.24488
Normal: -0 0.708587 -0.705624
UV: 1.72871 0.217777

Position: 1.6745 2.23041 -4.36879
Normal: -0 0.708587 -0.705624
UV: 1.70425 0.260634

Position: 1.72176 2.3538 -4.24488
Normal: -0 0.708587 -0.705624
UV: 1.72871 0.260635

Position: 1.4583 2.23041 -4.36879
Normal: -0 0.708587 -0.705624
UV: 1.70425 0.217777

Position: 1.4583 1.86517 -4.36879
Normal: -0 0 -1
UV: 1.65622 0.34524

Position: 1.6745 1.86517 -4.36879
Normal: -0 0 -1
UV: 1.65622 0.388098

Position: 1.6745 2.23041 -4.36879
Normal: -0 0 -1
UV: 1.72862 0.388098

Position: 1.4583 2.23041 -4.36879
Normal: -0 0 -1
UV: 1.72862 0.34524

Position: 1.41104 1.74178 -4.24488
Normal: -0 -0.708587 -0.705624
UV: 1.64839 0.278391

Position: 1.72176 1.74178 -4.24488
Normal: -0 -0.708587 -0.705624
UV: 1.64839 0.321248

Position: 1.6745 1.86517 -4.36879
Normal: -0 -0.708587 -0.705624
UV: 1.67285 0.321248

Position: 1.4583 1.86517 -4.36879
Normal: -0 -0.708587 -0.705624
UV: 1.67285 0.278391

Position: 1.72176 2.3538 -4.24488
Normal: -0 0 1
UV: 1.60733 0.0971926

Position: 1.72176 1.74178 -4.24488
Normal: -0 0 1
UV: 1.60733 0.155502

Position: 1.41104 2.3538 -4.24488
Normal: -0 0 1
UV: 1.63693 0.0971926

Position: 1.41104 1.74178 -4.24488
Normal: -0 0 1
UV: 1.63693 0.155502

Position: 1.41104 1.74178 -4.24488
Normal: -0.934353 0 -0.356349
UV: 1.65387 0.286469

Position: 1.4583 2.23041 -4.36879
Normal: -0.934353 0 -0.356349
UV: 1.72627 0.311031

Position: 1.41104 2.3538 -4.24488
Normal: -0.934353 0 -0.356349
UV: 1.72627 0.286469

Position: 1.4583 1.86517 -4.36879
Normal: -0.934353 0 -0.356349
UV: 1.65387 0.311031

Position: 1.72176 1.74178 -4.24488
Normal: 0.934353 0 -0.356349
UV: 1.65153 0.250988

Position: 1.72176 2.3538 -4.24488
Normal: 0.934353 0 -0.356349
UV: 1.72393 0.250988

Position: 1.6745 2.23041 -4.36879
Normal: 0.934353 0 -0.356349
UV: 1.72393 0.226426

Position: 1.6745 1.86517 -4.36879
Normal: 0.934353 0 -0.356349
UV: 1.65153 0.226426

Position: 1.3588 0.388288 -4.50006
Normal: 0.999931 0 -0.0117421
UV: 0.777222 1.99105

Position: 1.3588 0.560595 -4.50006
Normal: 0.999931 0 -0.0117421
UV: 0.777222 1.96894

Position: 1.35745 0.392727 -4.61561
Normal: 0.999931 0 -0.0117421
UV: 0.764982 1.99105

Position: 1.35745 0.561367 -4.61561
Normal: 0.999931 0 -0.0117421
UV: 0.764982 1.96886

Position: 1.27065 1.86944 -4.28959
Normal: -0 0.289867 -0.957067
UV: 0.393998 1.3586

Position: 1.27065 3.08633 -3.92103
Normal: -0 0.289867 -0.957067
UV: 0.295082 1.3586

Position: 1.35813 1.77671 -4.32057
Normal: -0.00235034 0.785811 -0.618463
UV: 0.676788 1.37903

Position: -0 1.63719 -4.49268
Normal: -0.00235034 0.785811 -0.618463
UV: 0.705461 1.38376

Position: 1.35847 1.63805 -4.49777
Normal: -0.00235034 0.785811 -0.618463
UV: 0.676788 1.38376

Position: 1.35745 0.561367 -4.61561
Normal: 0.000287504 0.999995 0.00317431
UV: 1.79465 0.0312302

Position: 1.3588 0.560595 -4.50006
Normal: 0.000287504 0.999995 0.00317431
UV: 1.79465 0.0260578

Position: 1.35745 0.392727 -4.61561
Normal: 0.00336193 0 -0.999994
UV: 1.79465 0.062896

Position: 1.35745 0.561367 -4.61561
Normal: 0.00336193 0 -0.999994
UV: 1.79465 0.0312302

Position: 1.3588 0.388288 -4.50006
Normal: 0.000129033 -0.999263 -0.0383888
UV: 0.600996 1.16181

Position: 1.35745 0.392727 -4.61561
Normal: 0.000129033 -0.999263 -0.0383888
UV: 0.597803 1.16181

Position: 1.27065 3.08633 -3.92103
Normal: -0 0.289867 -0.957067
UV: 0.678655 1.35017

Position: 1.3588 3.20131 -3.88381
Normal: 0.000426284 0.303423 -0.952856
UV: 0.676788 1.34762

Position: 1.27065 1.86944 -4.28959
Normal: -0 0.289867 -0.957067
UV: 0.678655 1.37697

Position: 0.830521 0.648161 -4.49268
Normal: -0.0139782 0 -0.999902
UV: 1.13695 0.0619046

Position: 1.3588 0.642089 -4.50006
Normal: -0.0139782 0 -0.999902
UV: 1.22109 0.0619046

Position: 1.3588 0.931972 -4.50006
Normal: -0.0139782 0 -0.999902
UV: 1.22109 0.0239697

Position: 0.830521 0.931663 -4.49268
Normal: -0.0139782 0 -0.999902
UV: 1.13695 0.0239697

Position: 1.3588 0.560595 -4.50006
Normal: -0.00768099 0.0378763 -0.999253
UV: 0.779344 1.58852

Position: 0.830521 0.648161 -4.49268
Normal: -0.0139782 0 -0.999902
UV: 0.863488 1.57751

Position: 1.3588 0.642089 -4.50006
Normal: -0.0139782 0 -0.999902
UV: 0.779344 1.57819

Position: 1.36016 2.11793 -2.68379
Normal: 1 -2.50476e-008 0
UV: 0.370738 1.35192

Position: 1.36016 3.08633 -3.77614
Normal: 1 -2.50476e-008 0
UV: 0.310483 1.28395

Position: 1.36016 2.11793 -4.04877
Normal: 1 -2.50476e-008 0
UV: 0.386423 1.26033

Position: 1.36016 3.08633 -2.68379
Normal: 1 -2.50476e-008 0
UV: 0.310483 1.35192

Position: 1.36016 3.08633 -2.68379
Normal: 1 -2.50476e-008 0
UV: 0.969625 1.70138

Position: 1.36037 2.11793 -2.45588
Normal: 1 5.07079e-005 -0.000696781
UV: 0.993769 1.80397

Position: 1.36027 3.19711 -2.45588
Normal: 1 5.07079e-005 -0.000696781
UV: 0.993769 1.68965

Position: 1.36016 2.11793 -2.68379
Normal: 1 -2.50476e-008 0
UV: 0.969625 1.80397

Position: 1.3588 3.20131 -3.88381
Normal: 0.999983 0.00585418 -0.000569951
UV: 0.842503 1.6892

Position: 1.36016 3.08633 -3.77614
Normal: 1 -2.50476e-008 0
UV: 0.85391 1.70138

Position: 1.36016 0.932281 -4.22149
Normal: 1 7.01173e-005 -5.41306e-005
UV: 0.806733 1.92957

Position: 1.36037 0.383029 -2.45588
Normal: 1 7.01173e-005 -5.41306e-005
UV: 0.993769 1.99105

Position: 1.36016 2.11793 -4.04877
Normal: 1 -2.50476e-008 0
UV: 0.813688 1.83067

Position: 1.3588 0.931972 -4.50006
Normal: 0.99998 0.00207814 -0.00599889
UV: 0.777222 1.9296

Position: 1.35813 1.77671 -4.32057
Normal: 0.99998 0.00207814 -0.00599889
UV: 0.796235 1.84011

Position: 1.35847 1.63805 -4.49777
Normal: 0.99998 0.00207814 -0.00599889
UV: 0.777464 1.8548

Position: 1.36016 0.636017 -4.22149
Normal: 1 0 -0.000117818
UV: 0.806733 1.96095

Position: 1.36016 0.932281 -4.22149
Normal: 1 7.01173e-005 -5.41306e-005
UV: 1.2492 0.0239697

Position: 1.3588 0.642089 -4.50006
Normal: 0.999988 0 -0.00487156
UV: 1.22109 0.0619046

Position: 1.36016 0.636017 -4.22149
Normal: 1 0 -0.000117818
UV: 1.2492 0.0619046

Position: 1.3588 0.931972 -4.50006
Normal: 0.99998 0.00207814 -0.00599889
UV: 1.22109 0.0239697

Position: 1.3588 0.642089 -4.50006
Normal: 0.999988 0 -0.00487156
UV: 0.777222 1.96031

Position: 1.36037 0.383029 -2.45588
Normal: -0 -1 -0.000477726
UV: 0.657456 1.16181

Position: 1.3588 3.20131 -3.88381
Normal: 0.000745648 0.999993 0.00364915
UV: 0.719737 1.36412

Position: 1.36027 3.19711 -2.45588
Normal: 0.000745648 0.999993 0.00364915
UV: 0.660071 1.36412

Position: 0.830521 0.931663 -4.49268
Normal: -0.0139782 0 -0.999902
UV: 0.863488 1.54158

Position: -1.35847 1.63805 -4.49777
Normal: 0.00235034 0.785811 -0.618463
UV: 0.676788 1.38376

Position: 1.3588 0.931972 -4.50006
Normal: -0.0139782 0 -0.999902
UV: 0.779344 1.5415

Position: 1.35847 1.63805 -4.49777
Normal: -0.00459103 -0.00157321 -0.999988
UV: 0.779344 1.45216

Position: -0 3.19711 -2.45588
Normal: -0 0 1
UV: 0.587533 -0.803905

Position: -1.36037 2.11793 -2.45588
Normal: -0 0 1
UV: 0.606625 -0.788759

Position: -1.36027 3.19711 -2.45588
Normal: -0 0 1
UV: 0.606623 -0.803905

Position: 1.36037 2.11793 -2.45588
Normal: -0 0 1
UV: 0.568441 -0.788759

Position: 1.36027 3.19711 -2.45588
Normal: -0 0 1
UV: 0.568442 -0.803905

Position: -0 0.383029 -2.45588
Normal: -1.24559e-007 0 1
UV: 0.587533 -0.763974

Position: -1.36037 0.383029 -2.45588
Normal: -0 0 1
UV: 0.606625 -0.763974

Position: 1.36037 0.383029 -2.45588
Normal: -0 0 1
UV: 0.568441 -0.763974

Position: -1.46378 0.915478 -1.47083
Normal: -0 0 1
UV: 1.55962 0.348431

Position: -1.1918 0.915478 -1.47083
Normal: -0 0 1
UV: 1.56563 0.348431

Position: -1.1918 0.452477 -1.47083
Normal: -0 0 1
UV: 1.56563 0.337903

Position: -1.46378 0.452477 -1.47083
Normal: -0 0 1
UV: 1.55962 0.337903

Position: -1.46378 0.915478 -1.47083
Normal: -0 1 0
UV: 1.56445 0.340028

Position: -1.46378 0.915478 -2.34505
Normal: -0 1 0
UV: 1.54667 0.340028

Position: -1.1918 0.915478 -1.47083
Normal: -0 1 0
UV: 1.56445 0.346061

Position: -1.1918 0.915478 -2.34505
Normal: -0 1 0
UV: 1.54667 0.346061

Position: -1.46378 0.452477 -2.34505
Normal: -0 0 -1
UV: 1.55191 0.352792

Position: -1.1918 0.452477 -2.34505
Normal: -0 0 -1
UV: 1.5459 0.352792

Position: -1.1918 0.915478 -2.34505
Normal: -0 0 -1
UV: 1.5459 0.36332

Position: -1.46378 0.915478 -2.34505
Normal: -0 0 -1
UV: 1.55191 0.36332

Position: -1.1918 0.452477 -1.47083
Normal: -0 -1 0
UV: 1.56503 0.354777

Position: -1.1918 0.452477 -2.34505
Normal: -0 -1 0
UV: 1.54724 0.354777

Position: -1.46378 0.452477 -1.47083
Normal: -0 -1 0
UV: 1.56503 0.36081

Position: -1.46378 0.452477 -2.34505
Normal: -0 -1 0
UV: 1.54724 0.36081

Position: -1.46378 0.915478 -2.34505
Normal: -1 0 0
UV: 1.53222 0.242398

Position: -1.46378 0.915478 -1.47083
Normal: -1 0 0
UV: 1.53089 0.242398

Position: -1.46378 0.452477 -1.47083
Normal: -1 0 0
UV: 1.53089 0.243186

Position: -1.46378 0.452477 -2.34505
Normal: -1 0 0
UV: 1.53222 0.243186

Position: 1.46258 1.52027 3.98614
Normal: -0.0147369 0 0.999891
UV: 0.211775 1.03729

Position: 0.961354 1.23646 3.97875
Normal: -0.0147369 0 0.999891
UV: 0.158679 1.06912

Position: 0.961354 1.51996 3.97875
Normal: -0.0147369 0 0.999891
UV: 0.158679 1.03729

Position: 1.46258 1.23038 3.98614
Normal: -0.0147369 0 0.999891
UV: 0.211775 1.06912

Position: 1.46258 1.23038 3.98614
Normal: 0.999986 0 0.00522492
UV: 0.211775 1.06912

Position: 1.46394 1.52058 3.72646
Normal: 0.999986 0 0.00522492
UV: 0.239283 1.03729

Position: 1.46394 1.22431 3.72646
Normal: 0.999986 0 0.00522492
UV: 0.239283 1.06912

Position: 1.46258 1.52027 3.98614
Normal: 0.999986 0 0.00522492
UV: 0.211775 1.03729

Position: 0.961354 1.51996 3.97875
Normal: -0.0147369 0 0.999891
UV: -0.437154 1.73706

Position: 1.46333 2.11793 3.99706
Normal: -0.0147233 -0.0182488 0.999725
UV: -0.490134 1.67356

Position: 1.46258 1.52027 3.98614
Normal: -0.0147369 0 0.999891
UV: -0.490134 1.73679

Position: 1.27525 3.59729 2.71552
Normal: -0.00189042 0.653766 0.756695
UV: 0.485159 1.35076

Position: -0 2.21948 3.90273
Normal: -0.00189042 0.653766 0.756695
UV: 0.584075 1.37458

Position: -0 3.59729 2.71551
Normal: -0.00189042 0.653766 0.756695
UV: 0.584075 1.35076

Position: 1.27535 2.21948 3.9091
Normal: -0.00189042 0.653766 0.756695
UV: 0.485159 1.37458

Position: 1.46322 3.69883 -2.44858
Normal: -0 1 0
UV: 0.53057 1.4111

Position: 1.46322 3.69883 2.62755
Normal: -0 1 0
UV: 0.00508392 1.4111

Position: -0 3.69883 2.62755
Normal: -0 1 0
UV: 0.00508529 1.49978

Position: -0 3.69883 -2.44858
Normal: -0 1 0
UV: 0.53057 1.49978

Position: 1.24696 1.14466 -2.45345
Normal: -0.00179513 0.00102955 -0.999998
UV: 0.419944 1.80443

Position: -0 3.69883 -2.44858
Normal: -0.00179513 0.00102955 -0.999998
UV: 0.480294 1.7806

Position: -0 1.14466 -2.44858
Normal: -0.00179513 0.00102955 -0.999998
UV: 0.480294 1.80443

Position: 1.46322 3.69883 -2.44858
Normal: -0.00179513 0.00102955 -0.999998
UV: 0.409478 1.7806

Position: 1.46333 2.11793 3.99706
Normal: 1 7.01157e-005 0
UV: 0.689267 1.89352

Position: 1.46322 3.69883 2.62755
Normal: 1 7.01157e-005 0
UV: 0.544191 1.72605

Position: 1.46322 3.69883 -2.44858
Normal: 1 7.01157e-005 0
UV: 0.0064603 1.72605

Position: 1.46322 1.14466 -2.44858
Normal: 1 0 -1.72369e-005
UV: 0.0064603 1.99662

Position: 1.46394 1.52058 3.72646
Normal: 0.999986 0 0.00522492
UV: 0.660603 1.9568

Position: 1.24697 1.14466 2.66435
Normal: -0 -1 -1.04547e-007
UV: 0.179368 0.526298

Position: 1.24699 1.14466 3.98245
Normal: -0 -1 -1.04547e-007
UV: 0.0397379 0.526296

Position: 1.46326 1.14466 3.9861
Normal: -0 -1 -1.04547e-007
UV: 0.039347 0.506368

Position: -0 1.14466 3.98245
Normal: 0.0234561 -0.0502602 0.998461
UV: -0.335107 1.77657

Position: 1.46322 1.14466 -2.44858
Normal: 0.0225204 0 -0.999746
UV: 0.409477 1.80443

Position: -0 2.11793 3.98975
Normal: -0.00499343 -0.00750715 0.999959
UV: -0.335105 1.67324

Position: 1.24699 1.14466 3.98245
Normal: -7.57927e-007 0 1
UV: -0.427982 1.53138

Position: 1.24699 0.387878 3.98245
Normal: -7.57927e-007 0 1
UV: -0.427982 1.61156

Position: -0 1.14466 3.98245
Normal: 0.0234561 -0.0502602 0.998461
UV: -0.295623 1.5312

Position: -0 0.387878 3.98245
Normal: -7.57927e-007 0 1
UV: -0.295626 1.61138

Position: 1.24699 0.387878 3.98245
Normal: -0 -1 0
UV: 0.661293 1.16417

Position: 1.24699 0.387878 2.66435
Normal: -0 -1 0
UV: 0.648061 1.16417

Position: -0 0.387878 3.98245
Normal: -0 -1 0
UV: 0.661293 1.03207

Position: -0 0.387878 2.66435
Normal: -0 -1 0
UV: 0.648061 1.03207

Position: 1.46322 1.14466 -2.44858
Normal: -0 -1 1.19282e-008
UV: 0.721003 0.50637

Position: 1.24696 1.14466 -2.45345
Normal: -0 -1 1.19282e-008
UV: 0.721514 0.526297

Position: 1.24699 0.387878 2.66435
Normal: 1 3.34619e-005 -1.91734e-005
UV: 0.179369 0.613335

Position: 1.24699 1.14466 3.98245
Normal: 1 3.34619e-005 -1.91734e-005
UV: 0.0397379 0.526296

Position: 1.24697 1.14466 2.66435
Normal: 1 3.34619e-005 -1.91734e-005
UV: 0.179368 0.526298

Position: 1.24697 0.387878 -2.45588
Normal: -0 -1 0
UV: 0.596659 1.16417

Position: -0 0.387878 -2.45588
Normal: -0 -1 0
UV: 0.596659 1.03207

Position: 1.24696 1.14466 -2.45345
Normal: 1 3.32415e-005 -1.74698e-006
UV: 0.721514 0.526297

Position: 1.24697 0.387878 -2.45588
Normal: 1 1.15675e-005 -4.93578e-006
UV: 0.721767 0.613335

Position: 1.24699 0.387878 3.98245
Normal: 1 0 0
UV: 0.0397401 0.613335

Position: -0 0.387878 -2.45588
Normal: -0.00195129 0.00643475 -0.999977
UV: 0.480294 1.8115

Position: 1.24697 0.387878 -2.45588
Normal: -0.00195129 0.00643475 -0.999977
UV: 0.419944 1.8115

Position: 1.24699 1.14466 3.98245
Normal: -7.57927e-007 0 1
UV: -0.467466 1.77674

Position: 0.961354 1.23646 3.97875
Normal: -0.0147369 0 0.999891
UV: -0.437154 1.7671

Position: 1.46326 1.14466 3.9861
Normal: -0.0168907 -0.012319 0.999781
UV: -0.490406 1.77653

Position: 1.46394 1.22431 3.72646
Normal: 0.999986 0 0.00522492
UV: 0.660603 1.98818

Position: 1.46326 1.14466 3.9861
Normal: 0.999956 0.00791463 0.00503969
UV: 0.68811 1.99662

Position: 1.46258 1.23038 3.98614
Normal: 0.999986 0 0.00522492
UV: 0.68811 1.98754

Position: 1.46258 1.52027 3.98614
Normal: 0.999986 0 0.00522492
UV: 0.689267 1.9568

Position: -1.46258 1.52027 3.98614
Normal: 0.0147367 0 0.999891
UV: 0.211775 1.03729

Position: -0.961354 1.51996 3.97875
Normal: 0.0147367 0 0.999891
UV: 0.158679 1.03729

Position: -0.961354 1.23646 3.97875
Normal: 0.0147367 0 0.999891
UV: 0.158679 1.06912

Position: -1.46258 1.23038 3.98614
Normal: 0.0147367 0 0.999891
UV: 0.211775 1.06912

Position: -1.46258 1.23038 3.98614
Normal: -0.999986 0 0.00522492
UV: 0.239283 1.06912

Position: -1.46394 1.52058 3.72646
Normal: -0.999986 0 0.00522492
UV: 0.211775 1.03729

Position: -1.46258 1.52027 3.98614
Normal: -0.999986 0 0.00522492
UV: 0.239283 1.03729

Position: -1.46394 1.22431 3.72646
Normal: -0.999986 0 0.00522492
UV: 0.211775 1.06912

Position: -0.961354 1.51996 3.97875
Normal: 0.0147367 0 0.999891
UV: -0.437154 1.73698

Position: -1.46258 1.52027 3.98614
Normal: 0.0147367 0 0.999891
UV: -0.490134 1.7368

Position: -1.46333 2.11793 3.99706
Normal: 0.0147229 -0.0182488 0.999725
UV: -0.490134 1.67357

Position: -1.27525 3.59729 2.71552
Normal: 0.00189042 0.653766 0.756695
UV: 0.485159 1.35076

Position: -1.27535 2.21948 3.9091
Normal: 0.00189042 0.653766 0.756695
UV: 0.485159 1.37458

Position: -1.46322 3.69883 2.62755
Normal: -0 1 0
UV: 0.00508395 1.4111

Position: -1.46322 3.69883 -2.44858
Normal: -0 1 0
UV: 0.53057 1.4111

Position: -1.24696 1.14466 -2.45345
Normal: 0.00179513 0.00102955 -0.999998
UV: 0.419944 1.80443

Position: -1.46322 3.69883 -2.44858
Normal: 0.00179513 0.00102955 -0.999998
UV: 0.409478 1.7806

Position: -1.46333 2.11793 3.99706
Normal: -1 7.01157e-005 0
UV: 0.689267 1.89352

Position: -1.46322 3.69883 -2.44858
Normal: -1 7.01157e-005 0
UV: 0.00646033 1.72605

Position: -1.46322 3.69883 2.62755
Normal: -1 7.01157e-005 0
UV: 0.543661 1.72605

Position: -1.46322 1.14466 -2.44858
Normal: -1 0 -1.72369e-005
UV: 0.00646033 1.99662

Position: -1.46394 1.52058 3.72646
Normal: -0.999986 0 0.00522492
UV: 0.660603 1.9568

Position: -1.24697 1.14466 2.66435
Normal: -0 -1 -6.88007e-008
UV: 0.179368 0.526298

Position: -1.46326 1.14466 3.9861
Normal: -0 -1 -6.88007e-008
UV: 0.039347 0.506368

Position: -1.24699 1.14466 3.98245
Normal: -0 -1 -6.88007e-008
UV: 0.0397379 0.526296

Position: -1.46322 1.14466 -2.44858
Normal: -0.0225204 0 -0.999746
UV: 0.409477 1.80443

Position: -1.24699 1.14466 3.98245
Normal: 7.57927e-007 0 1
UV: -0.427982 1.53138

Position: -1.24699 0.387878 3.98245
Normal: 7.57927e-007 0 1
UV: -0.427982 1.61156

Position: -1.24699 0.387878 3.98245
Normal: -0 -1 0
UV: 0.661293 1.16417

Position: -1.24699 0.387878 2.66435
Normal: -0 -1 0
UV: 0.648061 1.16417

Position: -1.46322 1.14466 -2.44858
Normal: -0 -1 9.48852e-009
UV: 0.721003 0.50637

Position: -1.24696 1.14466 -2.45345
Normal: -0 -1 9.48852e-009
UV: 0.721514 0.526297

Position: -1.24699 0.387878 2.66435
Normal: -1 3.34619e-005 -1.91734e-005
UV: 0.179369 0.613335

Position: -1.24697 1.14466 2.66435
Normal: -1 3.34619e-005 -1.91734e-005
UV: 0.179368 0.526298

Position: -1.24699 1.14466 3.98245
Normal: -1 3.34619e-005 -1.91734e-005
UV: 0.0397379 0.526296

Position: -1.24697 0.387878 -2.45588
Normal: -0 -1 0
UV: 0.596659 1.16417

Position: -1.24696 1.14466 -2.45345
Normal: -1 3.32415e-005 -1.74698e-006
UV: 0.721514 0.526297

Position: -1.24697 0.387878 -2.45588
Normal: -1 1.15675e-005 -4.93578e-006
UV: 0.721767 0.613335

Position: -1.24699 0.387878 3.98245
Normal: -1 0 0
UV: 0.0397401 0.613335

Position: -1.24697 0.387878 -2.45588
Normal: 0.00195129 0.00643475 -0.999977
UV: 0.419944 1.8115

Position: -0.961354 1.23646 3.97875
Normal: 0.0147367 0 0.999891
UV: -0.437153 1.7672

Position: -1.46326 1.14466 3.9861
Normal: 0.0147438 -0.000581203 0.999891
UV: -0.490406 1.77654

Position: -1.46258 1.23038 3.98614
Normal: 0.0147367 0 0.999891
UV: -0.490406 1.76747

Position: -1.46394 1.22431 3.72646
Normal: -0.999986 0 0.00522492
UV: 0.660603 1.98818

Position: -1.46326 1.14466 3.9861
Normal: -0.999956 0.00791587 0.00503969
UV: 0.68811 1.99662

Position: -1.46258 1.23038 3.98614
Normal: -0.999986 0 0.00522492
UV: 0.68811 1.98754

Position: -1.46258 1.52027 3.98614
Normal: -0.999986 0 0.00522492
UV: 0.689267 1.9568

Position: -1.24699 1.14466 3.98245
Normal: 7.57927e-007 0 1
UV: -0.467466 1.77675

Position: 1.46258 1.23038 3.98614
Normal: -0.0147369 0 0.999891
UV: -0.490406 1.76746

Position: 1.27535 2.21948 3.9091
Normal: -0.00189042 0.653766 0.756695
UV: -0.436049 1.48607

Position: -0 2.11793 3.98975
Normal: -0.00379207 0.650742 0.759289
UV: -0.389371 1.49039

Position: -0 2.21948 3.90273
Normal: -0.00189042 0.653766 0.756695
UV: -0.392469 1.48597

Position: 1.46333 2.11793 3.99706
Normal: -0.00379207 0.650742 0.759289
UV: -0.439147 1.49049

Position: 1.27525 3.59729 2.71552
Normal: -0.00189042 0.653766 0.756695
UV: -0.436049 1.4238

Position: -0 3.69883 2.62755
Normal: -1.62014e-006 0.654767 0.755831
UV: -0.389369 1.41938

Position: 1.46322 3.69883 2.62755
Normal: -1.62014e-006 0.654767 0.755831
UV: -0.439147 1.41937

Position: -0 3.59729 2.71551
Normal: -0.00189042 0.653766 0.756695
UV: -0.392468 1.42381

Position: -1.46322 3.69883 2.62755
Normal: 4.86024e-007 0.654766 0.755831
UV: -0.439147 1.41937

Position: -1.27535 2.21948 3.9091
Normal: 0.00189042 0.653766 0.756695
UV: -0.436049 1.48607

Position: -1.46333 2.11793 3.99706
Normal: 4.86024e-007 0.654766 0.755831
UV: -0.439147 1.49049

Position: -1.27525 3.59729 2.71552
Normal: 0.00189042 0.653766 0.756695
UV: -0.436049 1.4238


[INDEX_DATA]
0 2 1
0 3 2
4 1 5
4 0 1
6 5 7
6 4 5
8 7 9
8 6 7
10 9 11
10 8 9
12 11 13
12 10 11
14 13 15
14 12 13
16 15 17
16 14 15
18 17 19
18 16 17
20 18 19
19 21 20
20 21 22
21 23 22
22 23 24
23 25 24
26 28 27
28 29 27
29 30 27
30 31 27
31 32 27
32 33 27
33 34 27
34 35 27
35 36 27
36 37 27
37 38 27
38 26 27
39 41 40
39 42 41
43 40 44
43 39 40
45 44 46
45 43 44
47 46 48
47 45 46
49 48 50
49 47 48
51 50 52
51 49 50
53 52 54
53 51 52
55 54 56
55 53 54
57 56 58
57 55 56
59 57 58
58 60 59
61 59 60
60 62 61
61 62 63
62 64 63
65 67 66
67 68 66
68 69 66
69 70 66
70 71 66
71 72 66
72 73 66
73 74 66
74 75 66
75 76 66
76 77 66
77 65 66
78 80 79
78 81 80
82 79 83
82 78 79
84 83 85
84 82 83
86 85 87
86 84 85
88 87 89
88 86 87
90 89 91
90 88 89
92 91 93
92 90 91
94 93 95
94 92 93
96 95 97
96 94 95
96 97 98
97 99 98
100 98 99
99 101 100
100 101 102
101 103 102
104 106 105
106 107 105
107 108 105
108 109 105
109 110 105
110 111 105
111 112 105
112 113 105
113 114 105
114 115 105
115 116 105
116 104 105
117 119 118
117 120 119
121 123 122
122 124 121
125 127 126
126 128 125
129 131 130
129 132 131
133 135 134
134 136 133
137 123 121
121 138 137
139 126 127
139 140 126
129 142 141
129 141 132
143 145 144
144 146 143
147 148 145
145 143 147
149 150 148
148 147 149
151 152 150
150 149 151
153 154 152
152 151 153
155 156 154
154 153 155
157 158 156
156 155 157
159 160 158
158 157 159
161 162 160
160 159 161
161 163 162
162 163 164
163 165 164
164 165 166
165 167 166
166 167 168
169 171 170
170 171 172
172 171 173
173 171 174
174 171 175
175 171 176
176 171 177
177 171 178
178 171 179
179 171 180
180 171 181
181 171 169
182 184 183
183 185 182
186 187 184
184 182 186
188 189 187
187 186 188
190 191 189
189 188 190
192 193 191
191 190 192
194 195 193
193 192 194
196 197 195
195 194 196
198 199 197
197 196 198
200 201 199
199 198 200
200 202 201
201 202 203
202 204 203
203 204 205
204 206 205
205 206 207
208 210 209
209 210 211
211 210 212
212 210 213
213 210 214
214 210 215
215 210 216
216 210 217
217 210 218
218 210 219
219 210 220
220 210 208
221 223 222
222 224 221
225 226 223
223 221 225
227 228 226
226 225 227
229 230 228
228 227 229
231 232 230
230 229 231
233 234 232
232 231 233
235 236 234
234 233 235
237 238 236
236 235 237
239 240 238
238 237 239
239 241 240
240 241 242
241 243 242
242 243 244
243 245 244
244 245 246
247 249 248
248 249 250
250 249 251
251 249 252
252 249 253
253 249 254
254 249 255
255 249 256
256 249 257
257 249 258
258 249 259
259 249 247
260 262 261
261 263 260
264 266 265
265 267 264
268 270 269
269 271 268
272 274 273
273 275 272
276 278 277
277 279 276
280 282 281
283 280 281
284 286 285
286 287 285
288 290 289
289 291 288
292 294 293
293 295 292
292 295 296
297 299 298
298 300 297
301 303 302
304 302 303
305 307 306
308 310 309
309 311 308
312 311 309
309 313 312
314 315 313
312 313 315
316 318 317
319 317 318
320 322 321
320 323 322
324 326 325
325 327 324
328 330 329
329 331 328
332 329 330
332 333 329
331 335 334
334 336 331
331 336 328
335 338 337
338 339 337
335 337 334
334 340 336
341 343 342
342 344 341
345 286 340
340 284 336
286 284 340
335 333 332
332 338 335
346 348 347
307 348 346
305 348 307
349 351 350
350 352 349
353 355 354
354 356 353
357 359 358
357 360 359
361 363 362
361 364 363
365 367 366
367 368 366
369 371 370
370 372 369
373 375 374
373 376 375
377 379 378
378 379 380
290 288 381
381 288 382
383 384 315
383 385 384
297 387 386
386 299 297
303 389 388
303 301 389
305 391 390
392 310 308
308 393 392
383 394 392
392 393 383
394 383 315
315 314 394
395 397 396
395 398 397
321 400 399
400 401 399
402 404 403
403 405 402
406 408 407
407 409 406
408 406 410
406 411 410
409 413 412
412 414 409
409 407 413
415 417 416
415 416 414
414 412 415
412 413 418
419 421 420
420 422 419
423 418 378
418 413 377
378 418 377
410 411 414
414 416 410
424 347 348
390 424 348
305 390 348
349 426 425
425 351 349
296 321 322
322 292 296
400 321 296
296 427 400
312 315 384
384 428 312
296 295 427
429 427 430
427 295 430
431 433 432
434 435 431
434 431 436
436 432 437
436 431 432
438 434 436
439 441 440
439 442 441
443 445 444
445 446 444
447 449 448
447 450 449
451 453 452
453 454 452
455 457 456
457 455 458
459 461 460
460 462 459
463 465 464
464 466 463
467 469 468
470 472 471
471 473 470
474 476 475
476 474 477
478 480 479
479 481 478
482 484 483
482 485 484
486 485 482
487 489 488
490 467 468
481 491 478
468 492 490
493 495 494
495 496 494
497 499 498
499 500 498
489 487 501
502 501 487
503 505 504
500 507 506
506 498 500
503 508 505
503 509 508
503 504 510
478 512 511
511 480 478
513 515 514
485 486 516
517 516 518
486 482 519
490 513 514
490 514 467
520 522 521
520 523 522
524 526 525
525 527 524
528 530 529
531 532 471
471 472 531
533 476 534
476 477 534
480 535 479
535 536 479
537 539 538
537 538 540
541 537 540
542 544 543
490 530 528
536 535 545
530 490 492
546 547 495
495 547 496
548 549 499
499 549 500
550 551 542
550 542 543
552 554 553
500 549 555
555 507 500
552 553 556
552 556 557
552 558 554
559 535 511
511 535 480
560 562 561
540 563 541
564 565 563
541 566 537
490 560 567
490 528 560
517 485 516
515 568 514
567 560 561
564 563 540
569 571 570
570 572 569
573 575 574
574 576 573
569 575 573
575 569 572
577 579 578
578 580 577
574 577 580
580 576 574
578 570 571
570 578 579

