[FBX_META_DATA]
MeshCount: 7

[MESH_DATA]
VertexCount: 517
IndexCount: 966
BoneCount: 0
AnimationClips: 1

[VERTEX_DATA]
Position: -1.35745 0.396756 4.098
Normal: -0.999931 0 0.0117472
UV: 0.745582 0.079469

Position: -1.35881 0.595719 3.98245
Normal: -0.999931 0 0.0117472
UV: 0.727881 0.051597

Position: -1.35745 0.596491 4.098
Normal: -0.999931 0 0.0117472
UV: 0.745567 0.051582

Position: -1.35881 0.392317 3.98245
Normal: -0.999931 0 0.0117472
UV: 0.727756 0.079473

Position: -1.35745 0.596491 4.098
Normal: -0.00028746 0.999995 -0.00317429
UV: 0.586844 0.116847

Position: -0 0.596491 3.97507
Normal: -0.00028746 0.999995 -0.00317429
UV: 0.776341 0.09909

Position: -0 0.596491 4.10257
Normal: -0.00028746 0.999995 -0.00317429
UV: 0.776344 0.11678

Position: -1.35881 0.595719 3.98245
Normal: -0.00028746 0.999995 -0.00317429
UV: 0.586842 0.099153

Position: -1.35745 0.596491 4.098
Normal: -0.00336241 0 0.999994
UV: 0.745567 0.051582

Position: -0 0.596491 4.10257
Normal: -0.00336241 0 0.999994
UV: 0.935068 0.051441

Position: -0 0.396756 4.10257
Normal: -0.00336241 0 0.999994
UV: 0.935091 0.079326

Position: -1.35745 0.396756 4.098
Normal: -0.00336241 0 0.999994
UV: 0.745582 0.079469

Position: -0 0.396756 4.10257
Normal: -0.00309512 -0.997409 0.0718729
UV: 0.0186294 0.317981

Position: -1.35881 0.392317 3.98245
Normal: -0.000313622 -0.999181 0.0404734
UV: 0.0311355 0.378036

Position: -1.35745 0.396756 4.098
Normal: -0.000129081 -0.999263 0.0383888
UV: 0.018831 0.377946

Position: -0 0.387878 3.98245
Normal: -0.00325786 -0.997274 0.0737089
UV: 0.0383352 0.319056

Position: -1.6745 2.23041 -4.36879
Normal: -0 0.708586 -0.705624
UV: 1.77588 0.268378

Position: -1.41104 2.3538 -4.24488
Normal: -0 0.708586 -0.705624
UV: 1.81559 0.245714

Position: -1.72176 2.3538 -4.24488
Normal: -0 0.708586 -0.705624
UV: 1.77588 0.245714

Position: -1.4583 2.23041 -4.36879
Normal: -0 0.708586 -0.705624
UV: 1.81559 0.268378

Position: -1.4583 1.86517 -4.36879
Normal: -0 0 -1
UV: 1.81559 0.33546

Position: -1.6745 2.23041 -4.36879
Normal: -0 0 -1
UV: 1.77588 0.268378

Position: -1.6745 1.86517 -4.36879
Normal: -0 0 -1
UV: 1.77588 0.33546

Position: -1.4583 2.23041 -4.36879
Normal: -0 0 -1
UV: 1.81559 0.268378

Position: -1.41104 1.74178 -4.24488
Normal: -0 -0.708587 -0.705623
UV: 1.70864 0.315118

Position: -1.6745 1.86517 -4.36879
Normal: -0 -0.708587 -0.705623
UV: 1.66893 0.292455

Position: -1.72176 1.74178 -4.24488
Normal: -0 -0.708587 -0.705623
UV: 1.66893 0.315118

Position: -1.4583 1.86517 -4.36879
Normal: -0 -0.708587 -0.705623
UV: 1.70864 0.292455

Position: -1.41104 2.3538 -4.24488
Normal: -0 0 1
UV: 0.657163 0.367148

Position: -1.72176 1.74178 -4.24488
Normal: -0 0 1
UV: 0.686766 0.372474

Position: -1.72176 2.3538 -4.24488
Normal: -0 0 1
UV: 0.686766 0.367148

Position: -1.41104 1.74178 -4.24488
Normal: -0 0 1
UV: 0.657163 0.372474

Position: -1.4583 2.23041 -4.36879
Normal: 0.934353 0 -0.356349
UV: 1.65819 0.32122

Position: -1.41104 1.74178 -4.24488
Normal: 0.934353 0 -0.356349
UV: 1.72527 0.298462

Position: -1.41104 2.3538 -4.24488
Normal: 0.934353 0 -0.356349
UV: 1.65819 0.298462

Position: -1.4583 1.86517 -4.36879
Normal: 0.934353 0 -0.356349
UV: 1.72527 0.32122

Position: -1.6745 2.23041 -4.36879
Normal: -0.93435 0 -0.356356
UV: 1.66022 0.351086

Position: -1.72176 1.74178 -4.24488
Normal: -0.93435 0 -0.356356
UV: 1.72731 0.373845

Position: -1.6745 1.86517 -4.36879
Normal: -0.93435 0 -0.356356
UV: 1.72731 0.351086

Position: -1.72176 2.3538 -4.24488
Normal: -0.93435 0 -0.356356
UV: 1.66022 0.373845

Position: -1.3588 0.388288 -4.50006
Normal: -0.999984 -0.00211246 -0.00520836
UV: 0.761167 0.990248

Position: -1.35745 0.392727 -4.61561
Normal: -0.999931 0 -0.0117421
UV: 0.747833 0.989736

Position: -1.3588 0.560595 -4.50006
Normal: -0.999974 -3.68068e-007 -0.00724535
UV: 0.761167 0.970366

Position: -1.35745 0.561367 -4.61561
Normal: -0.999931 0 -0.0117421
UV: 0.747833 0.970277

Position: 1.27065 1.86944 -4.28959
Normal: -0.00014548 0.292646 -0.956221
UV: 0.393998 1.3586

Position: -1.27065 3.08633 -3.92103
Normal: 0.000148381 0.291528 -0.956562
UV: 0.295082 1.3586

Position: -1.27065 1.86944 -4.28959
Normal: 0.00014548 0.292646 -0.956221
UV: 0.393998 1.3586

Position: 1.27065 3.08633 -3.92103
Normal: -0.000148375 0.291528 -0.956562
UV: 0.295082 1.3586

Position: -0.830521 0.931663 -4.49268
Normal: 0.0046665 -0.00128791 -0.999988
UV: 0.863488 1.54158

Position: -1.35847 1.63805 -4.49777
Normal: 0.00459103 -0.00157321 -0.999988
UV: 0.779344 1.45215

Position: -1.3588 0.931972 -4.50006
Normal: 0.00587091 -0.00135872 -0.999982
UV: 0.779344 1.54149

Position: -0 1.63719 -4.49268
Normal: 0.00459103 -0.00157321 -0.999988
UV: 0.995773 1.45218

Position: -0 0.931663 -4.49268
Normal: 0.0035782 -0.00122612 -0.999993
UV: 0.995771 1.5416

Position: -0 0.561367 -4.49268
Normal: -0.000287504 0.999995 0.00317431
UV: 1.81806 0.0252762

Position: -1.35745 0.561367 -4.61561
Normal: -0.000287504 0.999995 0.00317431
UV: 1.79465 0.0312299

Position: -0 0.561367 -4.62018
Normal: -0.000287504 0.999995 0.00317431
UV: 1.81806 0.0314718

Position: -1.3588 0.560595 -4.50006
Normal: -0.000287504 0.999995 0.00317431
UV: 1.79465 0.0260572

Position: -0 0.561367 -4.62018
Normal: -0.00336193 0 -0.999994
UV: 1.81806 0.0314718

Position: -1.35745 0.561367 -4.61561
Normal: -0.00336193 0 -0.999994
UV: 1.79465 0.0312299

Position: -0 0.392727 -4.62018
Normal: -0.00336193 0 -0.999994
UV: 1.81806 0.062896

Position: -1.35745 0.392727 -4.61561
Normal: -0.00336193 0 -0.999994
UV: 1.79465 0.062896

Position: -0 0.392727 -4.62018
Normal: 0.00148334 -0.999795 -0.0201681
UV: 0.597678 1.03401

Position: -1.35745 0.392727 -4.61561
Normal: -0.000129033 -0.999263 -0.0383888
UV: 0.597803 1.16181

Position: -1.3588 0.388288 -4.50006
Normal: 0.00062277 -0.999553 -0.0298945
UV: 0.600996 1.16181

Position: -1.27065 3.08633 -3.92103
Normal: 0.000148381 0.291528 -0.956562
UV: 0.678655 1.35017

Position: 1.27065 3.08633 -3.92103
Normal: -0.000148375 0.291528 -0.956562
UV: 0.678655 1.35017

Position: -0 3.20334 -3.88434
Normal: 2.61774e-008 0.303421 -0.952856
UV: 0.705462 1.34761

Position: -1.3588 3.20131 -3.88381
Normal: 0.000599233 0.301041 -0.953611
UV: 0.676788 1.34762

Position: 1.3588 3.20131 -3.88381
Normal: -0.000599192 0.301041 -0.953611
UV: 0.676788 1.34762

Position: -1.35813 1.77671 -4.32057
Normal: 0.000862262 0.309573 -0.950875
UV: 0.676788 1.37903

Position: -1.27065 1.86944 -4.28959
Normal: 0.00014548 0.292646 -0.956221
UV: 0.678655 1.37697

Position: 1.35813 1.77671 -4.32057
Normal: -0.000862262 0.309573 -0.950875
UV: 0.676788 1.37903

Position: 1.27065 1.86944 -4.28959
Normal: -0.00014548 0.292646 -0.956221
UV: 0.678655 1.37697

Position: -0.830521 0.931663 -4.49268
Normal: 0.0046665 -0.00128791 -0.999988
UV: 1.13695 0.0239697

Position: -1.3588 0.931972 -4.50006
Normal: 0.00587091 -0.00135872 -0.999982
UV: 1.22109 0.0239697

Position: -0.830521 0.648161 -4.49268
Normal: 0.00556966 0.00986957 -0.999936
UV: 1.13695 0.0619046

Position: -1.3588 0.642089 -4.50006
Normal: 0.0117671 0.0133123 -0.999842
UV: 1.22109 0.0619046

Position: -1.3588 0.560595 -4.50006
Normal: 0.00768103 0.0378763 -0.999253
UV: 0.779344 1.58851

Position: -0 0.561367 -4.49268
Normal: 0.000160464 0.000789679 -1
UV: 0.995769 1.58854

Position: -0.830521 0.648161 -4.49268
Normal: 0.00556966 0.00986957 -0.999936
UV: 0.863488 1.57751

Position: -1.3588 0.642089 -4.50006
Normal: 0.0117671 0.0133123 -0.999842
UV: 0.779344 1.57819

Position: -1.36016 2.11793 -2.68379
Normal: -1 1.90748e-005 -0.000163156
UV: 0.370738 1.35192

Position: -1.36016 3.08633 -3.77614
Normal: -0.999998 0.00105177 -0.00150593
UV: 0.310483 1.28395

Position: -1.36016 3.08633 -2.68379
Normal: -1 0.000831649 -0.000200871
UV: 0.310483 1.35192

Position: -1.36016 2.11793 -4.04877
Normal: -0.999998 0.000555927 -0.00202834
UV: 0.386423 1.26033

Position: -1.36037 2.11793 -2.45588
Normal: -1 2.74497e-005 -0.000795836
UV: 0.997043 0.790666

Position: -1.36016 3.08633 -2.68379
Normal: -1 0.000831649 -0.000200871
UV: 0.970744 0.678924

Position: -1.36027 3.19711 -2.45588
Normal: -0.999999 0.0012058 -0.000671539
UV: 0.997043 0.666141

Position: -1.36016 2.11793 -2.68379
Normal: -1 1.90748e-005 -0.000163156
UV: 0.970744 0.790666

Position: -1.3588 3.20131 -3.88381
Normal: -0.999968 0.00398215 -0.00690685
UV: 0.832276 0.665656

Position: -1.36016 3.08633 -3.77614
Normal: -0.999998 0.00105177 -0.00150593
UV: 0.8447 0.678924

Position: -1.36029 0.714647 -2.80801
Normal: -1 6.29996e-005 -0.000155471
UV: 0.956411 0.95259

Position: -1.36037 0.383029 -2.45588
Normal: -1 -1.12222e-005 -0.000305421
UV: 0.997043 0.990855

Position: -1.36013 0.383845 -2.80706
Normal: -1 -0.000497802 -0.000693304
UV: 0.95652 0.990761

Position: -1.36016 2.11793 -4.04877
Normal: -0.999998 0.000555927 -0.00202834
UV: 0.813241 0.790666

Position: -1.3588 0.931972 -4.50006
Normal: -0.999987 0.000660271 -0.00502854
UV: 0.761167 0.927513

Position: -1.35813 1.77671 -4.32057
Normal: -0.999975 0.00219072 -0.00665675
UV: 0.781878 0.83004

Position: -1.35847 1.63805 -4.49777
Normal: -0.99998 0.00207815 -0.0059989
UV: 0.761431 0.84604

Position: -1.36016 0.932281 -4.22149
Normal: -0.999998 0.000120602 -0.00179185
UV: 0.79331 0.927478

Position: -1.36016 0.932281 -4.22149
Normal: -0.999998 0.000120602 -0.00179185
UV: 1.2492 0.0239697

Position: -1.3588 0.642089 -4.50006
Normal: -0.999988 -2.65933e-007 -0.00487156
UV: 1.22109 0.0619046

Position: -1.3588 0.931972 -4.50006
Normal: -0.999987 0.000660271 -0.00502854
UV: 1.22109 0.0239697

Position: -1.36016 0.636017 -4.22149
Normal: -0.999997 -0.00169698 -0.00169817
UV: 1.2492 0.0619046

Position: -1.3588 0.642089 -4.50006
Normal: -0.999988 -2.65933e-007 -0.00487156
UV: 0.761167 0.960963

Position: -1.36016 0.636017 -4.22149
Normal: -0.999997 -0.00169698 -0.00169817
UV: 0.79331 0.961663

Position: -0 0.383849 -4.17409
Normal: 0.00150723 -0.999801 -0.019898
UV: 0.61 1.03401

Position: -0 3.19711 -2.45588
Normal: -0 0.999993 0.00386554
UV: 0.660071 1.36412

Position: -1.36027 3.19711 -2.45588
Normal: -0 0.999996 0.00293954
UV: 0.660071 1.36412

Position: -1.3588 3.20131 -3.88381
Normal: -0 0.999992 0.00390513
UV: 0.719737 1.36412

Position: -0 3.19711 -2.45588
Normal: 1.93892e-007 -1.31883e-007 1
UV: 0.587533 -0.803905

Position: -1.36037 2.11793 -2.45588
Normal: 2.39655e-007 -1.14599e-007 1
UV: 0.606625 -0.788759

Position: -1.36027 3.19711 -2.45588
Normal: -0 0 1
UV: 0.606623 -0.803905

Position: -0 0.385453 -2.45588
Normal: 3.20009e-007 -9.21362e-008 1
UV: 0.587533 -0.763974

Position: -1.36037 0.383029 -2.45588
Normal: 4.0408e-007 0 1
UV: 0.606625 -0.763974

Position: -1.35918 0.387027 -4.02345
Normal: -0.999995 -0.00323671 -0.000161217
UV: 0.816162 0.990394

Position: -1.0144 0.714647 -2.80801
Normal: -0.999999 -0.00104012 -0.000305446
UV: 0.687821 0.305552

Position: -1.01429 1.09267 -3.79128
Normal: -1 7.12759e-005 -7.98186e-005
UV: 0.670186 0.299642

Position: -1.01436 1.0713 -2.97273
Normal: -1 7.12234e-005 -7.98229e-005
UV: 0.68461 0.300726

Position: -1.0143 0.733736 -4.02345
Normal: -0.999999 -0.00107455 -0.000312438
UV: 0.66457 0.304874

Position: -1.36019 0.733736 -4.02345
Normal: -0 0 1
UV: 0.676929 0.29604

Position: -1.0143 0.733736 -4.02345
Normal: -0 0 1
UV: 0.676929 0.29604

Position: -1.35918 0.387027 -4.02345
Normal: -0 0 1
UV: 0.676316 0.307696

Position: -1.01329 0.387027 -4.02345
Normal: -0 0 1
UV: 0.676316 0.307696

Position: -1.36019 1.09267 -3.79128
Normal: -0 -0.543108 0.839663
UV: 0.670186 0.299642

Position: -1.0143 0.733736 -4.02345
Normal: -0 -0.543108 0.839663
UV: 0.66457 0.304874

Position: -1.36019 0.733736 -4.02345
Normal: -0 -0.543108 0.839663
UV: 0.66457 0.304874

Position: -1.01429 1.09267 -3.79128
Normal: -0 -0.543108 0.839663
UV: 0.670186 0.299642

Position: -1.01431 1.21464 -3.40035
Normal: -0 -0.95462 0.297827
UV: 0.676522 0.297791

Position: -1.36019 1.09267 -3.79128
Normal: -0 -0.95462 0.297827
UV: 0.670186 0.299642

Position: -1.3602 1.21464 -3.40035
Normal: -0 -0.95462 0.297827
UV: 0.676522 0.297791

Position: -1.01429 1.09267 -3.79128
Normal: -0 -0.95462 0.297827
UV: 0.670186 0.299642

Position: -1.01436 1.0713 -2.97273
Normal: -0 -0.948147 -0.317833
UV: 0.68461 0.300726

Position: -1.3602 1.21464 -3.40035
Normal: -0 -0.948147 -0.317833
UV: 0.676522 0.297791

Position: -1.36025 1.0713 -2.97273
Normal: -0 -0.948147 -0.317833
UV: 0.68461 0.300726

Position: -1.01431 1.21464 -3.40035
Normal: -0 -0.948147 -0.317833
UV: 0.676522 0.297791

Position: -1.0144 0.714647 -2.80801
Normal: -0 -0.419307 -0.907844
UV: 0.687821 0.305552

Position: -1.36025 1.0713 -2.97273
Normal: -0 -0.419307 -0.907844
UV: 0.68461 0.300726

Position: -1.36029 0.714647 -2.80801
Normal: -0 -0.419307 -0.907844
UV: 0.687821 0.305552

Position: -1.01436 1.0713 -2.97273
Normal: -0 -0.419307 -0.907844
UV: 0.68461 0.300726

Position: -1.36013 0.383845 -2.80706
Normal: -0 -0.00285191 -0.999996
UV: 0.700909 0.307696

Position: -1.01424 0.383845 -2.80706
Normal: -0 -0.00285191 -0.999996
UV: 0.700909 0.307696

Position: -1.0144 0.714647 -2.80801
Normal: -0 -0.00285191 -0.999996
UV: 0.700181 0.296833

Position: -1.36029 0.714647 -2.80801
Normal: -0 -0.00285191 -0.999996
UV: 0.700181 0.296833

Position: -1.36019 0.733736 -4.02345
Normal: -1 -0.000408954 0.000123898
UV: 0.816162 0.950388

Position: -1.36025 1.0713 -2.97273
Normal: -1 0.000101024 -5.89543e-005
UV: 0.937404 0.911437

Position: -1.3602 1.21464 -3.40035
Normal: -1 5.15841e-005 -2.60798e-005
UV: 0.888062 0.894897

Position: -1.36019 1.09267 -3.79128
Normal: -1 1.7124e-005 -5.7113e-005
UV: 0.842952 0.90897

Position: -1.0144 0.714647 -2.80801
Normal: -0.999999 -0.00104012 -0.000305446
UV: 0.700181 0.296833

Position: -1.01329 0.387027 -4.02345
Normal: -0.999998 -0.00173419 -0.000446425
UV: 0.676316 0.307696

Position: -1.0143 0.733736 -4.02345
Normal: -0.999999 -0.00107455 -0.000312438
UV: 0.676929 0.29604

Position: -1.01424 0.383845 -2.80706
Normal: -0.999998 -0.00173419 -0.000446424
UV: 0.700909 0.307696

Position: -1.01431 1.21464 -3.40035
Normal: -1 0.000113488 -7.63963e-005
UV: 0.676522 0.297791

Position: -1.36037 0.383029 -2.45588
Normal: 0.00142107 -0.999999 -0.000925179
UV: 0.299639 0.236881

Position: -0 0.385453 -2.45588
Normal: 0.00142107 -0.999999 -0.000925179
UV: 0.361298 0.236881

Position: -1.01424 0.383845 -2.80706
Normal: 0.00142107 -0.999999 -0.000925179
UV: 0.315328 0.252798

Position: -1.36013 0.383845 -2.80706
Normal: 0.00142107 -0.999999 -0.000925179
UV: 0.29965 0.252798

Position: -1.3588 0.388288 -4.50006
Normal: -0.00243539 -0.999997 -0.00088174
UV: 0.299656 0.252597

Position: -1.35918 0.387027 -4.02345
Normal: -0.00243539 -0.999997 -0.000881741
UV: 0.299639 0.252654

Position: -1.01329 0.387027 -4.02345
Normal: -0.00243539 -0.999997 -0.00088174
UV: 0.31533 0.252654

Position: -0 0.383849 -4.17409
Normal: -0.00243539 -0.999997 -0.000881741
UV: 0.361298 0.252798

Position: -1.01424 0.383845 -2.80706
Normal: -0.00072086 -1 -0.000537811
UV: 0.343329 0.209152

Position: -0 0.385453 -2.45588
Normal: -0.00072086 -1 -0.000537811
UV: 0.308805 0.191139

Position: -0 0.383849 -4.17409
Normal: -0.00072086 -1 -0.000537811
UV: 0.299639 0.252798

Position: -1.01329 0.387027 -4.02345
Normal: -0.00072086 -1 -0.000537811
UV: 0.336806 0.252798

Position: -1.46378 0.915478 -1.47083
Normal: -0 0 1
UV: 1.55962 0.348431

Position: -1.1918 0.915478 -1.47083
Normal: -0 0 1
UV: 1.56563 0.348431

Position: -1.1918 0.452477 -1.47083
Normal: -0 0 1
UV: 1.56563 0.337903

Position: -1.46378 0.452477 -1.47083
Normal: -0 0 1
UV: 1.55962 0.337903

Position: -1.46378 0.915478 -1.47083
Normal: -0 1 0
UV: 1.56445 0.340028

Position: -1.46378 0.915478 -2.34505
Normal: -0 1 0
UV: 1.54667 0.340028

Position: -1.1918 0.915478 -1.47083
Normal: -0 1 0
UV: 1.56445 0.346061

Position: -1.1918 0.915478 -2.34505
Normal: -0 1 0
UV: 1.54667 0.346061

Position: -1.46378 0.452477 -2.34505
Normal: -0 0 -1
UV: 1.55191 0.352792

Position: -1.1918 0.452477 -2.34505
Normal: -0 0 -1
UV: 1.5459 0.352792

Position: -1.1918 0.915478 -2.34505
Normal: -0 0 -1
UV: 1.5459 0.36332

Position: -1.46378 0.915478 -2.34505
Normal: -0 0 -1
UV: 1.55191 0.36332

Position: -1.1918 0.452477 -1.47083
Normal: -0 -1 0
UV: 1.56503 0.354777

Position: -1.1918 0.452477 -2.34505
Normal: -0 -1 0
UV: 1.54724 0.354777

Position: -1.46378 0.452477 -1.47083
Normal: -0 -1 0
UV: 1.56503 0.36081

Position: -1.46378 0.452477 -2.34505
Normal: -0 -1 0
UV: 1.54724 0.36081

Position: -1.46378 0.915478 -2.34505
Normal: -1 0 0
UV: 1.53222 0.242398

Position: -1.46378 0.915478 -1.47083
Normal: -1 0 0
UV: 1.53089 0.242398

Position: -1.46378 0.452477 -1.47083
Normal: -1 0 0
UV: 1.53089 0.243186

Position: -1.46378 0.452477 -2.34505
Normal: -1 0 0
UV: 1.53222 0.243186

Position: -1.46258 1.52027 3.98614
Normal: 0.0147303 -0.00932275 0.999848
UV: 0.211775 1.03729

Position: -0.961354 1.51996 3.97875
Normal: -0.00714716 -0.0272413 0.999603
UV: 0.158679 1.03729

Position: -0.961354 1.23646 3.97875
Normal: 0.0041486 0.0101977 0.999939
UV: 0.158679 1.06912

Position: -1.46258 1.23038 3.98614
Normal: 0.0147377 -7.65632e-005 0.999891
UV: 0.211775 1.06912

Position: -1.46258 1.23038 3.98614
Normal: -0.999986 0.000983535 0.00520191
UV: 0.239283 1.06912

Position: -1.46394 1.52058 3.72646
Normal: -1 0.000747844 4.7383e-005
UV: 0.211775 1.03729

Position: -1.46258 1.52027 3.98614
Normal: -0.999986 -0.000683333 0.0052241
UV: 0.239283 1.03729

Position: -1.46394 1.22431 3.72646
Normal: -0.999996 -0.00268456 0.000200264
UV: 0.211775 1.06912

Position: -0.961354 1.51996 3.97875
Normal: -0.00714716 -0.0272413 0.999603
UV: -0.437154 1.73698

Position: -1.46258 1.52027 3.98614
Normal: 0.0147303 -0.00932275 0.999848
UV: -0.490134 1.7368

Position: -1.46333 2.11793 3.99706
Normal: 0.00402768 -0.013545 0.9999
UV: -0.490134 1.67357

Position: -1.27525 3.59729 2.71552
Normal: 0.00140224 0.654025 0.756472
UV: 0.485159 1.35076

Position: -0 2.21948 3.90273
Normal: 0.00202888 0.653546 0.756884
UV: 0.584075 1.37458

Position: -1.27535 2.21948 3.9091
Normal: 0.00175886 0.653646 0.756798
UV: 0.485159 1.37458

Position: -0 3.59729 2.71551
Normal: 0.00175177 0.653839 0.756631
UV: 0.584075 1.35076

Position: -1.46322 3.69883 2.62755
Normal: -0 1 0
UV: 0.00508395 1.4111

Position: -1.46322 3.69883 -2.44858
Normal: -0 1 0
UV: 0.53057 1.4111

Position: -0 3.69883 2.62755
Normal: -0 1 0
UV: 0.00508529 1.49978

Position: -0 3.69883 -2.44858
Normal: -0 1 0
UV: 0.53057 1.49978

Position: -0 1.14466 -2.44858
Normal: 0.00183001 0.00218674 -0.999996
UV: 0.480294 1.80443

Position: -0 3.69883 -2.44858
Normal: 0.00179513 0.00102955 -0.999998
UV: 0.480294 1.7806

Position: -1.24696 1.14466 -2.45345
Normal: 0.000517349 0.00202467 -0.999998
UV: 0.419944 1.80443

Position: -1.46322 3.69883 -2.44858
Normal: 0.00168531 0.0010249 -0.999998
UV: 0.409478 1.7806

Position: -1.46333 2.11793 3.99706
Normal: -1 0.000279801 -2.9109e-005
UV: 0.689267 1.89352

Position: -1.46322 3.69883 -2.44858
Normal: -1 5.67886e-006 -1.58409e-005
UV: 0.00646033 1.72605

Position: -1.46322 3.69883 2.62755
Normal: -1 7.01157e-005 0
UV: 0.543661 1.72605

Position: -1.46322 1.14466 -2.44858
Normal: -1 1.24268e-005 -1.98339e-005
UV: 0.00646033 1.99662

Position: -1.46394 1.52058 3.72646
Normal: -1 0.000747844 4.7383e-005
UV: 0.660603 1.9568

Position: -1.24697 1.14466 2.66435
Normal: -0 -1 9.00529e-009
UV: 0.179368 0.526298

Position: -1.46326 1.14466 3.9861
Normal: -0 -1 -2.924e-008
UV: 0.039347 0.506368

Position: -1.24699 1.14466 3.98245
Normal: -0 -1 -6.88007e-008
UV: 0.0397379 0.526296

Position: -0 1.14466 3.98245
Normal: 0.0010486 -0.00314489 0.999995
UV: -0.335107 1.77657

Position: -1.46322 1.14466 -2.44858
Normal: -0.0225204 0 -0.999746
UV: 0.409477 1.80443

Position: -0 2.11793 3.98975
Normal: 0.00499343 -0.00750715 0.999959
UV: -0.335105 1.67324

Position: -1.24699 1.14466 3.98245
Normal: 0.000311103 0.000242797 1
UV: -0.427982 1.53138

Position: -0 1.14466 3.98245
Normal: 0.0010486 -0.00314489 0.999995
UV: -0.295623 1.5312

Position: -1.24699 0.387878 3.98245
Normal: 5.05285e-007 3.15043e-007 1
UV: -0.427982 1.61156

Position: -0 0.387878 3.98245
Normal: 5.05285e-007 3.15043e-007 1
UV: -0.295626 1.61138

Position: -1.24699 0.387878 3.98245
Normal: -4.77988e-008 -1 -3.62634e-008
UV: 0.661293 1.16417

Position: -0 0.387878 3.98245
Normal: -4.77988e-008 -1 -3.62634e-008
UV: 0.661293 1.03207

Position: -1.24699 0.387878 2.66435
Normal: -0.00077322 -1 0.000188295
UV: 0.648061 1.16417

Position: -0 0.387878 2.66435
Normal: -0.00077322 -1 0.000188295
UV: 0.648061 1.03207

Position: -1.46322 1.14466 -2.44858
Normal: -0 -1 9.48852e-009
UV: 0.721003 0.50637

Position: -1.24696 1.14466 -2.45345
Normal: -0 -1 9.48852e-009
UV: 0.721514 0.526297

Position: -1.24699 0.387878 2.66435
Normal: -1 2.94013e-005 -4.25008e-006
UV: 0.179369 0.613335

Position: -1.24697 1.14466 2.66435
Normal: -1 3.32866e-005 -5.31597e-006
UV: 0.179368 0.526298

Position: -1.24699 1.14466 3.98245
Normal: -1 1.11027e-005 -6.36176e-006
UV: 0.0397379 0.526296

Position: -1.24697 0.387878 -2.45588
Normal: -0.000972259 -1 0.000236777
UV: 0.596659 1.16417

Position: -0 0.385453 -2.45588
Normal: -0.000972259 -1 0.000236777
UV: 0.596659 1.03207

Position: -1.24696 1.14466 -2.45345
Normal: -1 1.35881e-005 -4.63849e-006
UV: 0.721514 0.526297

Position: -1.24697 0.387878 -2.45588
Normal: -1 1.15675e-005 -4.93578e-006
UV: 0.721767 0.613335

Position: -1.24699 0.387878 3.98245
Normal: -1 0 0
UV: 0.0397401 0.613335

Position: -1.24697 0.387878 -2.45588
Normal: 0.00195774 0.00642415 -0.999977
UV: 0.419944 1.8115

Position: -0 0.385453 -2.45588
Normal: 0.00195774 0.00642415 -0.999977
UV: 0.480294 1.8115

Position: -0.961354 1.23646 3.97875
Normal: 0.0041486 0.0101977 0.999939
UV: -0.437153 1.7672

Position: -1.46326 1.14466 3.9861
Normal: 0.0148664 -0.00124792 0.999889
UV: -0.490406 1.77654

Position: -1.46258 1.23038 3.98614
Normal: 0.0147377 -7.65632e-005 0.999891
UV: -0.490406 1.76747

Position: -1.46394 1.22431 3.72646
Normal: -0.999996 -0.00268456 0.000200264
UV: 0.660603 1.98818

Position: -1.46326 1.14466 3.9861
Normal: -0.999982 -0.00595542 0.000784306
UV: 0.68811 1.99662

Position: -1.46258 1.23038 3.98614
Normal: -0.999986 0.000983535 0.00520191
UV: 0.68811 1.98754

Position: -1.46258 1.52027 3.98614
Normal: -0.999986 -0.000683333 0.0052241
UV: 0.689267 1.9568

Position: -1.24699 1.14466 3.98245
Normal: 0.000311103 0.000242797 1
UV: -0.467466 1.77675

Position: -1.46322 3.69883 2.62755
Normal: -2.51783e-007 0.654767 0.755831
UV: -0.439147 1.41937

Position: -1.27535 2.21948 3.9091
Normal: 0.00175886 0.653646 0.756798
UV: -0.436049 1.48607

Position: -1.46333 2.11793 3.99706
Normal: 0.000925847 0.653786 0.756679
UV: -0.439147 1.49049

Position: -1.27525 3.59729 2.71552
Normal: 0.00140224 0.654025 0.756472
UV: -0.436049 1.4238

Position: -0 3.69883 2.62755
Normal: 1.45813e-006 0.654768 0.75583
UV: -0.389369 1.41938

Position: -0 3.59729 2.71551
Normal: 0.00175177 0.653839 0.756631
UV: -0.392468 1.42381

Position: -0 2.21948 3.90273
Normal: 0.00202888 0.653546 0.756884
UV: -0.392469 1.48597

Position: -0 2.11793 3.98975
Normal: 0.00379191 0.650742 0.759289
UV: -0.389371 1.49039

Position: -1.22674 0.68797 -3.42639
Normal: -0 0.707107 0.707107
UV: 0.481887 0.345815

Position: 1.22674 0.68797 -3.42639
Normal: -0 0.707107 0.707107
UV: 0.483162 0.345815

Position: 1.22674 0.559282 -3.2977
Normal: -0 0.707107 0.707107
UV: 0.483162 0.34454

Position: -1.22674 0.559282 -3.2977
Normal: -0 0.707107 0.707107
UV: 0.481887 0.34454

Position: -1.22674 0.559282 -3.55507
Normal: -0 0.707107 -0.707107
UV: 0.481887 0.34709

Position: 1.22674 0.559282 -3.55507
Normal: -0 0.707107 -0.707107
UV: 0.483162 0.34709

Position: 1.22674 0.68797 -3.42639
Normal: -0 0.707107 -0.707107
UV: 0.483162 0.345815

Position: -1.22674 0.68797 -3.42639
Normal: -0 0.707107 -0.707107
UV: 0.481887 0.345815

Position: -1.22674 0.430594 -3.42639
Normal: -0 -0.707107 -0.707107
UV: 0.481887 0.348365

Position: 1.22674 0.430594 -3.42639
Normal: -0 -0.707107 -0.707107
UV: 0.483162 0.348365

Position: 1.22674 0.559282 -3.55507
Normal: -0 -0.707107 -0.707107
UV: 0.483162 0.34709

Position: -1.22674 0.559282 -3.55507
Normal: -0 -0.707107 -0.707107
UV: 0.481887 0.34709

Position: -1.22674 0.559282 -3.2977
Normal: -0 -0.707107 0.707107
UV: 0.481887 0.34964

Position: 1.22674 0.559282 -3.2977
Normal: -0 -0.707107 0.707107
UV: 0.483162 0.34964

Position: 1.22674 0.430594 -3.42639
Normal: -0 -0.707107 0.707107
UV: 0.483162 0.348365

Position: -1.22674 0.430594 -3.42639
Normal: -0 -0.707107 0.707107
UV: 0.481887 0.348365

Position: 1.35745 0.396756 4.098
Normal: 0.999931 0 0.0117472
UV: 0.745582 0.079469

Position: 1.35745 0.596491 4.098
Normal: 0.999931 0 0.0117472
UV: 0.745567 0.051582

Position: 1.35881 0.595719 3.98245
Normal: 0.999931 0 0.0117472
UV: 0.727881 0.051597

Position: 1.35881 0.392317 3.98245
Normal: 0.999931 0 0.0117472
UV: 0.727756 0.079473

Position: -0 0.596491 3.97507
Normal: 0.00028746 0.999995 -0.00317429
UV: 0.776341 0.09909

Position: 1.35745 0.596491 4.098
Normal: 0.00028746 0.999995 -0.00317429
UV: 0.586844 0.116847

Position: -0 0.596491 4.10257
Normal: 0.00028746 0.999995 -0.00317429
UV: 0.776344 0.11678

Position: 1.35881 0.595719 3.98245
Normal: 0.00028746 0.999995 -0.00317429
UV: 0.586842 0.099153

Position: 1.35745 0.596491 4.098
Normal: 0.00336241 0 0.999994
UV: 0.745567 0.051582

Position: -0 0.396756 4.10257
Normal: 0.00336241 0 0.999994
UV: 0.935091 0.079326

Position: -0 0.596491 4.10257
Normal: 0.00336241 0 0.999994
UV: 0.935068 0.051441

Position: 1.35745 0.396756 4.098
Normal: 0.00336241 0 0.999994
UV: 0.745582 0.079469

Position: -0 0.396756 4.10257
Normal: 0.00309512 -0.997409 0.0718729
UV: 0.0186294 0.317981

Position: 1.35745 0.396756 4.098
Normal: 0.000129081 -0.999263 0.0383888
UV: 0.018831 0.377946

Position: 1.35881 0.392317 3.98245
Normal: 0.000313622 -0.999181 0.0404734
UV: 0.0311355 0.378036

Position: -0 0.387878 3.98245
Normal: 0.00325786 -0.997274 0.0737089
UV: 0.0383352 0.319056

Position: 1.41104 2.3538 -4.24488
Normal: -0 0.708587 -0.705624
UV: 1.81559 0.245714

Position: 1.6745 2.23041 -4.36879
Normal: -0 0.708587 -0.705624
UV: 1.77588 0.268378

Position: 1.72176 2.3538 -4.24488
Normal: -0 0.708587 -0.705624
UV: 1.77588 0.245714

Position: 1.4583 2.23041 -4.36879
Normal: -0 0.708587 -0.705624
UV: 1.81559 0.268378

Position: 1.4583 1.86517 -4.36879
Normal: -0 0 -1
UV: 1.81559 0.33546

Position: 1.6745 1.86517 -4.36879
Normal: -0 0 -1
UV: 1.77588 0.33546

Position: 1.6745 2.23041 -4.36879
Normal: -0 0 -1
UV: 1.77588 0.268378

Position: 1.4583 2.23041 -4.36879
Normal: -0 0 -1
UV: 1.81559 0.268378

Position: 1.41104 1.74178 -4.24488
Normal: -0 -0.708587 -0.705623
UV: 1.70864 0.315118

Position: 1.72176 1.74178 -4.24488
Normal: -0 -0.708587 -0.705623
UV: 1.66893 0.315118

Position: 1.6745 1.86517 -4.36879
Normal: -0 -0.708587 -0.705623
UV: 1.66893 0.292455

Position: 1.4583 1.86517 -4.36879
Normal: -0 -0.708587 -0.705623
UV: 1.70864 0.292455

Position: 1.72176 2.3538 -4.24488
Normal: -0 0 1
UV: 0.686766 0.367148

Position: 1.72176 1.74178 -4.24488
Normal: -0 0 1
UV: 0.686766 0.372474

Position: 1.41104 2.3538 -4.24488
Normal: -0 0 1
UV: 0.657163 0.367148

Position: 1.41104 1.74178 -4.24488
Normal: -0 0 1
UV: 0.657163 0.372474

Position: 1.41104 1.74178 -4.24488
Normal: -0.934353 0 -0.356349
UV: 1.72527 0.298462

Position: 1.4583 2.23041 -4.36879
Normal: -0.934353 0 -0.356349
UV: 1.65819 0.32122

Position: 1.41104 2.3538 -4.24488
Normal: -0.934353 0 -0.356349
UV: 1.65819 0.298462

Position: 1.4583 1.86517 -4.36879
Normal: -0.934353 0 -0.356349
UV: 1.72527 0.32122

Position: 1.72176 1.74178 -4.24488
Normal: 0.93435 0 -0.356356
UV: 1.72731 0.373845

Position: 1.72176 2.3538 -4.24488
Normal: 0.93435 0 -0.356356
UV: 1.66022 0.373845

Position: 1.6745 2.23041 -4.36879
Normal: 0.93435 0 -0.356356
UV: 1.66022 0.351086

Position: 1.6745 1.86517 -4.36879
Normal: 0.93435 0 -0.356356
UV: 1.72731 0.351086

Position: 1.3588 0.388288 -4.50006
Normal: 0.999984 -0.00211246 -0.00520836
UV: 0.761167 0.990248

Position: 1.3588 0.560595 -4.50006
Normal: 0.999974 -4.32854e-007 -0.00724535
UV: 0.761167 0.970366

Position: 1.35745 0.392727 -4.61561
Normal: 0.999931 0 -0.0117421
UV: 0.747833 0.989736

Position: 1.35745 0.561367 -4.61561
Normal: 0.999931 0 -0.0117421
UV: 0.747833 0.970277

Position: 0.830521 0.931663 -4.49268
Normal: -0.00466661 -0.00128791 -0.999988
UV: 0.863488 1.54158

Position: -0 1.63719 -4.49268
Normal: -0.00459112 -0.00157321 -0.999988
UV: 0.995773 1.45218

Position: -0 0.931663 -4.49268
Normal: -0.0035783 -0.00122612 -0.999993
UV: 0.995771 1.5416

Position: 1.35847 1.63805 -4.49777
Normal: -0.00459112 -0.00157321 -0.999988
UV: 0.779344 1.45215

Position: 1.3588 0.931972 -4.50006
Normal: -0.00587103 -0.00135872 -0.999982
UV: 0.779344 1.54149

Position: -0 0.561367 -4.49268
Normal: 0.000287504 0.999995 0.00317431
UV: 1.81806 0.0252762

Position: 1.35745 0.561367 -4.61561
Normal: 0.000287504 0.999995 0.00317431
UV: 1.79465 0.0312299

Position: 1.3588 0.560595 -4.50006
Normal: 0.000287504 0.999995 0.00317431
UV: 1.79465 0.0260572

Position: -0 0.561367 -4.62018
Normal: 0.000287504 0.999995 0.00317431
UV: 1.81806 0.0314718

Position: -0 0.392727 -4.62018
Normal: 0.00336193 0 -0.999994
UV: 1.81806 0.062896

Position: 1.35745 0.392727 -4.61561
Normal: 0.00336193 0 -0.999994
UV: 1.79465 0.062896

Position: 1.35745 0.561367 -4.61561
Normal: 0.00336193 0 -0.999994
UV: 1.79465 0.0312299

Position: -0 0.561367 -4.62018
Normal: 0.00336193 0 -0.999994
UV: 1.81806 0.0314718

Position: -0 0.392727 -4.62018
Normal: -0.00148334 -0.999795 -0.0201681
UV: 0.597678 1.03401

Position: 1.3588 0.388288 -4.50006
Normal: -0.000622773 -0.999553 -0.0298945
UV: 0.600996 1.16181

Position: 1.35745 0.392727 -4.61561
Normal: 0.000129033 -0.999263 -0.0383888
UV: 0.597803 1.16181

Position: 0.830521 0.648161 -4.49268
Normal: -0.00556977 0.00986957 -0.999936
UV: 1.13695 0.0619046

Position: 1.3588 0.642089 -4.50006
Normal: -0.0117673 0.0133123 -0.999842
UV: 1.22109 0.0619046

Position: 1.3588 0.931972 -4.50006
Normal: -0.00587103 -0.00135872 -0.999982
UV: 1.22109 0.0239697

Position: 0.830521 0.931663 -4.49268
Normal: -0.00466661 -0.00128791 -0.999988
UV: 1.13695 0.0239697

Position: -0 0.561367 -4.49268
Normal: -0.00016057 0.000789679 -1
UV: 0.995769 1.58854

Position: 1.3588 0.560595 -4.50006
Normal: -0.00768099 0.0378763 -0.999253
UV: 0.779344 1.58851

Position: 0.830521 0.648161 -4.49268
Normal: -0.00556977 0.00986957 -0.999936
UV: 0.863488 1.57751

Position: 1.3588 0.642089 -4.50006
Normal: -0.0117673 0.0133123 -0.999842
UV: 0.779344 1.57819

Position: 1.36016 2.11793 -2.68379
Normal: 1 1.90486e-005 -0.000163156
UV: 0.370738 1.35192

Position: 1.36016 3.08633 -3.77614
Normal: 0.999998 0.00105176 -0.00150593
UV: 0.310483 1.28395

Position: 1.36016 2.11793 -4.04877
Normal: 0.999998 0.000555906 -0.00202834
UV: 0.386423 1.26033

Position: 1.36016 3.08633 -2.68379
Normal: 1 0.000831632 -0.000200871
UV: 0.310483 1.35192

Position: 1.36016 3.08633 -2.68379
Normal: 1 0.000831632 -0.000200871
UV: 0.970744 0.678924

Position: 1.36037 2.11793 -2.45588
Normal: 1 2.74497e-005 -0.000795836
UV: 0.997043 0.790666

Position: 1.36027 3.19711 -2.45588
Normal: 0.999999 0.0012058 -0.000671539
UV: 0.997043 0.666141

Position: 1.36016 2.11793 -2.68379
Normal: 1 1.90486e-005 -0.000163156
UV: 0.970744 0.790666

Position: 1.3588 3.20131 -3.88381
Normal: 0.999968 0.00398219 -0.00690683
UV: 0.832276 0.665656

Position: 1.36016 3.08633 -3.77614
Normal: 0.999998 0.00105176 -0.00150593
UV: 0.8447 0.678924

Position: 1.36029 0.714647 -2.80801
Normal: 1 6.30535e-005 -0.000155471
UV: 0.956411 0.95259

Position: 1.36013 0.383845 -2.80706
Normal: 1 -0.000497687 -0.000693304
UV: 0.95652 0.990761

Position: 1.36037 0.383029 -2.45588
Normal: 1 -1.11621e-005 -0.000305421
UV: 0.997043 0.990855

Position: 1.3588 0.931972 -4.50006
Normal: 0.999987 0.000660318 -0.00502854
UV: 0.761167 0.927513

Position: 1.35813 1.77671 -4.32057
Normal: 0.999976 0.00219073 -0.00665675
UV: 0.781878 0.83004

Position: 1.35847 1.63805 -4.49777
Normal: 0.99998 0.00207815 -0.00599891
UV: 0.761431 0.84604

Position: 1.36016 2.11793 -4.04877
Normal: 0.999998 0.000555906 -0.00202834
UV: 0.813241 0.790666

Position: 1.36016 0.932281 -4.22149
Normal: 0.999998 0.000120654 -0.00179185
UV: 0.79331 0.927478

Position: 1.36016 0.932281 -4.22149
Normal: 0.999998 0.000120654 -0.00179185
UV: 1.2492 0.0239697

Position: 1.3588 0.642089 -4.50006
Normal: 0.999988 -3.12742e-007 -0.00487156
UV: 1.22109 0.0619046

Position: 1.36016 0.636017 -4.22149
Normal: 0.999997 -0.00169698 -0.00169817
UV: 1.2492 0.0619046

Position: 1.3588 0.931972 -4.50006
Normal: 0.999987 0.000660318 -0.00502854
UV: 1.22109 0.0239697

Position: 1.3588 0.642089 -4.50006
Normal: 0.999988 -3.12742e-007 -0.00487156
UV: 0.761167 0.960963

Position: 1.36016 0.636017 -4.22149
Normal: 0.999997 -0.00169698 -0.00169817
UV: 0.79331 0.961663

Position: -0 0.383849 -4.17409
Normal: -0.00150724 -0.999801 -0.019898
UV: 0.61 1.03401

Position: -0 1.63719 -4.49268
Normal: -4.90099e-009 0.777425 -0.628975
UV: 0.705461 1.38376

Position: 1.35813 1.77671 -4.32057
Normal: -0.00228817 0.785573 -0.618764
UV: 0.676788 1.37903

Position: -1.35813 1.77671 -4.32057
Normal: 0.00228803 0.785573 -0.618764
UV: 0.676788 1.37903

Position: 1.36027 3.19711 -2.45588
Normal: -0 0 1
UV: 0.606623 -0.803905

Position: 1.36037 2.11793 -2.45588
Normal: -8.32665e-008 -1.14599e-007 1
UV: 0.606625 -0.788759

Position: 1.36037 0.383029 -2.45588
Normal: -4.72742e-007 0 1
UV: 0.606625 -0.763974

Position: 1.35918 0.387027 -4.02345
Normal: 0.999995 -0.00323671 -0.000161217
UV: 0.816162 0.990394

Position: 1.0144 0.714647 -2.80801
Normal: 0.999999 -0.00104016 -0.000305446
UV: 0.687821 0.305552

Position: 1.01429 1.09267 -3.79128
Normal: 1 7.11959e-005 -7.98186e-005
UV: 0.670186 0.299642

Position: 1.0143 0.733736 -4.02345
Normal: 0.999999 -0.00107458 -0.000312438
UV: 0.66457 0.304874

Position: 1.01436 1.0713 -2.97273
Normal: 1 7.11434e-005 -7.98229e-005
UV: 0.68461 0.300726

Position: 1.36019 0.733736 -4.02345
Normal: -0 0 1
UV: 0.676929 0.29604

Position: 1.35918 0.387027 -4.02345
Normal: -0 0 1
UV: 0.676316 0.307696

Position: 1.0143 0.733736 -4.02345
Normal: -0 0 1
UV: 0.676929 0.29604

Position: 1.01329 0.387027 -4.02345
Normal: -0 0 1
UV: 0.676316 0.307696

Position: 1.36019 1.09267 -3.79128
Normal: -0 -0.543108 0.839663
UV: 0.670186 0.299642

Position: 1.0143 0.733736 -4.02345
Normal: -0 -0.543108 0.839663
UV: 0.66457 0.304874

Position: 1.01429 1.09267 -3.79128
Normal: -0 -0.543108 0.839663
UV: 0.670186 0.299642

Position: 1.36019 0.733736 -4.02345
Normal: -0 -0.543108 0.839663
UV: 0.66457 0.304874

Position: 1.01431 1.21464 -3.40035
Normal: -0 -0.95462 0.297826
UV: 0.676522 0.297791

Position: 1.3602 1.21464 -3.40035
Normal: -0 -0.95462 0.297826
UV: 0.676522 0.297791

Position: 1.36019 1.09267 -3.79128
Normal: -0 -0.95462 0.297826
UV: 0.670186 0.299642

Position: 1.01429 1.09267 -3.79128
Normal: -0 -0.95462 0.297826
UV: 0.670186 0.299642

Position: 1.01436 1.0713 -2.97273
Normal: -0 -0.948147 -0.317833
UV: 0.68461 0.300726

Position: 1.36025 1.0713 -2.97273
Normal: -0 -0.948147 -0.317833
UV: 0.68461 0.300726

Position: 1.3602 1.21464 -3.40035
Normal: -0 -0.948147 -0.317833
UV: 0.676522 0.297791

Position: 1.01431 1.21464 -3.40035
Normal: -0 -0.948147 -0.317833
UV: 0.676522 0.297791

Position: 1.0144 0.714647 -2.80801
Normal: -0 -0.419307 -0.907844
UV: 0.687821 0.305552

Position: 1.36029 0.714647 -2.80801
Normal: -0 -0.419307 -0.907844
UV: 0.687821 0.305552

Position: 1.36025 1.0713 -2.97273
Normal: -0 -0.419307 -0.907844
UV: 0.68461 0.300726

Position: 1.01436 1.0713 -2.97273
Normal: -0 -0.419307 -0.907844
UV: 0.68461 0.300726

Position: 1.36013 0.383845 -2.80706
Normal: -0 -0.00285191 -0.999996
UV: 0.700909 0.307696

Position: 1.0144 0.714647 -2.80801
Normal: -0 -0.00285191 -0.999996
UV: 0.700181 0.296833

Position: 1.01424 0.383845 -2.80706
Normal: -0 -0.00285191 -0.999996
UV: 0.700909 0.307696

Position: 1.36029 0.714647 -2.80801
Normal: -0 -0.00285191 -0.999996
UV: 0.700181 0.296833

Position: 1.36019 0.733736 -4.02345
Normal: 1 -0.000408917 0.000123898
UV: 0.816162 0.950388

Position: 1.3602 1.21464 -3.40035
Normal: 1 5.15271e-005 -2.60798e-005
UV: 0.888062 0.894897

Position: 1.36025 1.0713 -2.97273
Normal: 1 0.000101088 -5.89543e-005
UV: 0.937404 0.911437

Position: 1.36019 1.09267 -3.79128
Normal: 1 1.71137e-005 -5.7113e-005
UV: 0.842952 0.90897

Position: 1.0144 0.714647 -2.80801
Normal: 0.999999 -0.00104016 -0.000305446
UV: 0.700181 0.296833

Position: 1.01329 0.387027 -4.02345
Normal: 0.999998 -0.00173419 -0.000446425
UV: 0.676316 0.307696

Position: 1.01424 0.383845 -2.80706
Normal: 0.999998 -0.00173419 -0.000446425
UV: 0.700909 0.307696

Position: 1.0143 0.733736 -4.02345
Normal: 0.999999 -0.00107458 -0.000312438
UV: 0.676929 0.29604

Position: 1.01431 1.21464 -3.40035
Normal: 1 0.000113488 -7.63962e-005
UV: 0.676522 0.297791

Position: -0 0.385453 -2.45588
Normal: -0.00142107 -0.999999 -0.000925297
UV: 0.361298 0.236881

Position: 1.36037 0.383029 -2.45588
Normal: -0.00142107 -0.999999 -0.000925297
UV: 0.299639 0.236881

Position: 1.01424 0.383845 -2.80706
Normal: -0.00142107 -0.999999 -0.000925297
UV: 0.315328 0.252798

Position: 1.36013 0.383845 -2.80706
Normal: -0.00142107 -0.999999 -0.000925297
UV: 0.29965 0.252798

Position: 1.3588 0.388288 -4.50006
Normal: 0.00243539 -0.999997 -0.000881576
UV: 0.299656 0.252597

Position: 1.01329 0.387027 -4.02345
Normal: 0.00243539 -0.999997 -0.000881576
UV: 0.31533 0.252654

Position: 1.35918 0.387027 -4.02345
Normal: 0.00243539 -0.999997 -0.000881576
UV: 0.299639 0.252654

Position: -0 0.383849 -4.17409
Normal: 0.00243539 -0.999997 -0.000881576
UV: 0.361298 0.252798

Position: 1.01424 0.383845 -2.80706
Normal: 0.00072086 -1 -0.000537811
UV: 0.343329 0.209152

Position: -0 0.383849 -4.17409
Normal: 0.00072086 -1 -0.000537811
UV: 0.299639 0.252798

Position: -0 0.385453 -2.45588
Normal: 0.00072086 -1 -0.000537811
UV: 0.308805 0.191139

Position: 1.01329 0.387027 -4.02345
Normal: 0.00072086 -1 -0.000537811
UV: 0.336806 0.252798

Position: 1.46378 0.915478 -1.47083
Normal: -0 0 1
UV: 1.55962 0.348431

Position: 1.1918 0.452477 -1.47083
Normal: -0 0 1
UV: 1.56563 0.337903

Position: 1.1918 0.915478 -1.47083
Normal: -0 0 1
UV: 1.56563 0.348431

Position: 1.46378 0.452477 -1.47083
Normal: -0 0 1
UV: 1.55962 0.337903

Position: 1.46378 0.915478 -2.34505
Normal: -0 1 0
UV: 1.54667 0.340028

Position: 1.46378 0.915478 -1.47083
Normal: -0 1 0
UV: 1.56445 0.340028

Position: 1.1918 0.915478 -1.47083
Normal: -0 1 0
UV: 1.56445 0.346061

Position: 1.1918 0.915478 -2.34505
Normal: -0 1 0
UV: 1.54667 0.346061

Position: 1.46378 0.452477 -2.34505
Normal: -0 0 -1
UV: 1.55191 0.352792

Position: 1.1918 0.915478 -2.34505
Normal: -0 0 -1
UV: 1.5459 0.36332

Position: 1.1918 0.452477 -2.34505
Normal: -0 0 -1
UV: 1.5459 0.352792

Position: 1.46378 0.915478 -2.34505
Normal: -0 0 -1
UV: 1.55191 0.36332

Position: 1.46378 0.452477 -1.47083
Normal: -0 -1 0
UV: 1.56503 0.36081

Position: 1.1918 0.452477 -2.34505
Normal: -0 -1 0
UV: 1.54724 0.354777

Position: 1.1918 0.452477 -1.47083
Normal: -0 -1 0
UV: 1.56503 0.354777

Position: 1.46378 0.452477 -2.34505
Normal: -0 -1 0
UV: 1.54724 0.36081

Position: 1.46378 0.915478 -1.47083
Normal: 1 0 0
UV: 1.53089 0.242398

Position: 1.46378 0.915478 -2.34505
Normal: 1 0 0
UV: 1.53222 0.242398

Position: 1.46378 0.452477 -1.47083
Normal: 1 0 0
UV: 1.53089 0.243186

Position: 1.46378 0.452477 -2.34505
Normal: 1 0 0
UV: 1.53222 0.243186

Position: 1.46258 1.52027 3.98614
Normal: -0.0147305 -0.00932275 0.999848
UV: 0.211775 1.03729

Position: 0.961354 1.23646 3.97875
Normal: -0.00414873 0.0101977 0.999939
UV: 0.158679 1.06912

Position: 0.961354 1.51996 3.97875
Normal: 0.00714674 -0.0272413 0.999603
UV: 0.158679 1.03729

Position: 1.46258 1.23038 3.98614
Normal: -0.0147378 -7.65632e-005 0.999891
UV: 0.211775 1.06912

Position: 1.46258 1.23038 3.98614
Normal: 0.999986 0.000983616 0.00520191
UV: 0.239283 1.06912

Position: 1.46394 1.52058 3.72646
Normal: 1 0.000748019 4.73829e-005
UV: 0.211775 1.03729

Position: 1.46394 1.22431 3.72646
Normal: 0.999996 -0.00268463 0.000200264
UV: 0.211775 1.06912

Position: 1.46258 1.52027 3.98614
Normal: 0.999986 -0.000683334 0.0052241
UV: 0.239283 1.03729

Position: 0.961354 1.51996 3.97875
Normal: 0.00714674 -0.0272413 0.999603
UV: -0.437154 1.73698

Position: 1.46333 2.11793 3.99706
Normal: -0.00402781 -0.013545 0.9999
UV: -0.490134 1.67357

Position: 1.46258 1.52027 3.98614
Normal: -0.0147305 -0.00932275 0.999848
UV: -0.490134 1.7368

Position: 1.27525 3.59729 2.71552
Normal: -0.00140216 0.654025 0.756472
UV: 0.485159 1.35076

Position: -0 2.21948 3.90273
Normal: -0.00202888 0.653546 0.756884
UV: 0.584075 1.37458

Position: -0 3.59729 2.71551
Normal: -0.00175177 0.653839 0.756631
UV: 0.584075 1.35076

Position: 1.27535 2.21948 3.9091
Normal: -0.00175878 0.653646 0.756798
UV: 0.485159 1.37458

Position: 1.46322 3.69883 -2.44858
Normal: -0 1 0
UV: 0.53057 1.4111

Position: 1.46322 3.69883 2.62755
Normal: -0 1 0
UV: 0.00508395 1.4111

Position: 1.24696 1.14466 -2.45345
Normal: -0.000517352 0.00202467 -0.999998
UV: 0.419944 1.80443

Position: -0 3.69883 -2.44858
Normal: -0.00179513 0.00102955 -0.999998
UV: 0.480294 1.7806

Position: -0 1.14466 -2.44858
Normal: -0.00183002 0.00218674 -0.999996
UV: 0.480294 1.80443

Position: 1.46322 3.69883 -2.44858
Normal: -0.00168531 0.0010249 -0.999998
UV: 0.409478 1.7806

Position: 1.46333 2.11793 3.99706
Normal: 1 0.00027986 -2.91089e-005
UV: 0.689267 1.89352

Position: 1.46322 3.69883 2.62755
Normal: 1 7.01157e-005 0
UV: 0.543661 1.72605

Position: 1.46322 3.69883 -2.44858
Normal: 1 5.67886e-006 -1.58409e-005
UV: 0.00646033 1.72605

Position: 1.46322 1.14466 -2.44858
Normal: 1 1.243e-005 -1.98339e-005
UV: 0.00646033 1.99662

Position: 1.46394 1.52058 3.72646
Normal: 1 0.000748019 4.73829e-005
UV: 0.660603 1.9568

Position: 1.24697 1.14466 2.66435
Normal: -0 -1 1.12092e-008
UV: 0.179368 0.526298

Position: 1.24699 1.14466 3.98245
Normal: -0 -1 -1.04547e-007
UV: 0.0397379 0.526296

Position: 1.46326 1.14466 3.9861
Normal: -0 -1 -4.56907e-008
UV: 0.039347 0.506368

Position: -0 1.14466 3.98245
Normal: -0.00104862 -0.00314489 0.999995
UV: -0.335107 1.77657

Position: 1.46322 1.14466 -2.44858
Normal: 0.0225204 0 -0.999746
UV: 0.409477 1.80443

Position: -0 2.11793 3.98975
Normal: -0.00499343 -0.00750715 0.999959
UV: -0.335105 1.67324

Position: 1.24699 1.14466 3.98245
Normal: -0.000311104 0.000242796 1
UV: -0.427982 1.53138

Position: 1.24699 0.387878 3.98245
Normal: -5.05285e-007 3.15043e-007 1
UV: -0.427982 1.61156

Position: -0 1.14466 3.98245
Normal: -0.00104862 -0.00314489 0.999995
UV: -0.295623 1.5312

Position: 1.24699 0.387878 3.98245
Normal: 4.77988e-008 -1 -3.62634e-008
UV: 0.661293 1.16417

Position: 1.24699 0.387878 2.66435
Normal: 0.00077322 -1 0.000188295
UV: 0.648061 1.16417

Position: -0 0.387878 2.66435
Normal: 0.00077322 -1 0.000188295
UV: 0.648061 1.03207

Position: 1.46322 1.14466 -2.44858
Normal: -0 -1 1.19282e-008
UV: 0.721003 0.50637

Position: 1.24696 1.14466 -2.45345
Normal: -0 -1 1.19282e-008
UV: 0.721514 0.526297

Position: 1.24699 0.387878 2.66435
Normal: 1 2.94013e-005 -4.25008e-006
UV: 0.179369 0.613335

Position: 1.24699 1.14466 3.98245
Normal: 1 1.11027e-005 -6.36176e-006
UV: 0.0397379 0.526296

Position: 1.24697 1.14466 2.66435
Normal: 1 3.32866e-005 -5.31597e-006
UV: 0.179368 0.526298

Position: 1.24697 0.387878 -2.45588
Normal: 0.000972259 -1 0.000236777
UV: 0.596659 1.16417

Position: -0 0.385453 -2.45588
Normal: 0.000972259 -1 0.000236777
UV: 0.596659 1.03207

Position: 1.24696 1.14466 -2.45345
Normal: 1 1.35881e-005 -4.63849e-006
UV: 0.721514 0.526297

Position: 1.24697 0.387878 -2.45588
Normal: 1 1.15675e-005 -4.93578e-006
UV: 0.721767 0.613335

Position: 1.24699 0.387878 3.98245
Normal: 1 0 0
UV: 0.0397401 0.613335

Position: 1.24697 0.387878 -2.45588
Normal: -0.00195775 0.00642415 -0.999977
UV: 0.419944 1.8115

Position: -0 0.385453 -2.45588
Normal: -0.00195775 0.00642415 -0.999977
UV: 0.480294 1.8115

Position: 0.961354 1.23646 3.97875
Normal: -0.00414873 0.0101977 0.999939
UV: -0.437153 1.7672

Position: 1.46258 1.23038 3.98614
Normal: -0.0147378 -7.65632e-005 0.999891
UV: -0.490406 1.76747

Position: 1.46326 1.14466 3.9861
Normal: -0.0148659 -0.00124792 0.999889
UV: -0.490406 1.77654

Position: 1.46394 1.22431 3.72646
Normal: 0.999996 -0.00268463 0.000200264
UV: 0.660603 1.98818

Position: 1.46326 1.14466 3.9861
Normal: 0.999982 -0.00595552 0.000784306
UV: 0.68811 1.99662

Position: 1.46258 1.23038 3.98614
Normal: 0.999986 0.000983616 0.00520191
UV: 0.68811 1.98754

Position: 1.46258 1.52027 3.98614
Normal: 0.999986 -0.000683334 0.0052241
UV: 0.689267 1.9568

Position: 1.24699 1.14466 3.98245
Normal: -0.000311104 0.000242796 1
UV: -0.467466 1.77675

Position: 1.46322 3.69883 2.62755
Normal: 6.18183e-007 0.654767 0.755831
UV: -0.439147 1.41937

Position: 1.27535 2.21948 3.9091
Normal: -0.00175878 0.653646 0.756798
UV: -0.436049 1.48607

Position: 1.27525 3.59729 2.71552
Normal: -0.00140216 0.654025 0.756472
UV: -0.436049 1.4238

Position: 1.46333 2.11793 3.99706
Normal: -0.00092548 0.653786 0.756679
UV: -0.439147 1.49049

Position: -0 3.59729 2.71551
Normal: -0.00175177 0.653839 0.756631
UV: -0.392468 1.42381

Position: -0 2.11793 3.98975
Normal: -0.00379191 0.650742 0.759289
UV: -0.389371 1.49039

Position: -0 2.21948 3.90273
Normal: -0.00202888 0.653546 0.756884
UV: -0.392469 1.48597

Position: 1.3588 3.20131 -3.88381
Normal: -0 0.999992 0.00390513
UV: 0.719737 1.36412

Position: 1.36027 3.19711 -2.45588
Normal: -0 0.999996 0.00293954
UV: 0.660071 1.36412

Position: -0 3.20334 -3.88434
Normal: -0 0.99999 0.00435908
UV: 0.71976 1.36412

Position: -1.35847 1.63805 -4.49777
Normal: 0.00280437 0.787527 -0.616274
UV: 0.676788 1.38376

Position: 1.35847 1.63805 -4.49777
Normal: -0.00280455 0.787527 -0.616274
UV: 0.676788 1.38376

Position: -1.35881 0.392317 3.98245
Normal: -0.00273955 -0.0179108 -0.999836
UV: 0.485399 0.356959

Position: -0 0.387878 3.98245
Normal: -0.00273955 -0.0179108 -0.999836
UV: 0.502544 0.356959

Position: -0 0.596491 3.97507
Normal: -0.00273955 -0.0179108 -0.999836
UV: 0.502535 0.354327

Position: -1.35881 0.595719 3.98245
Normal: -0.00273955 -0.0179108 -0.999836
UV: 0.48539 0.354392

Position: 1.35881 0.392317 3.98245
Normal: 0.00273955 -0.0179108 -0.999836
UV: 0.502535 0.356959

Position: -0 0.596491 3.97507
Normal: 0.00273955 -0.0179108 -0.999836
UV: 0.485399 0.354327

Position: -0 0.387878 3.98245
Normal: 0.00273955 -0.0179108 -0.999836
UV: 0.48539 0.356959

Position: 1.35881 0.595719 3.98245
Normal: 0.00273955 -0.0179108 -0.999836
UV: 0.502544 0.354392


[INDEX_DATA]
0 2 1
1 3 0
4 6 5
5 7 4
8 10 9
8 11 10
12 14 13
12 13 15
16 18 17
17 19 16
20 22 21
21 23 20
24 26 25
25 27 24
28 30 29
29 31 28
32 34 33
33 35 32
36 38 37
39 36 37
40 42 41
42 43 41
44 46 45
45 47 44
48 50 49
49 51 48
48 51 52
53 55 54
54 56 53
57 59 58
60 58 59
61 63 62
64 66 65
66 64 67
66 68 65
69 67 64
64 70 69
69 70 71
70 72 71
73 75 74
76 74 75
77 79 78
77 80 79
81 83 82
82 84 81
85 87 86
86 88 85
89 86 87
89 90 86
91 93 92
88 92 85
94 96 95
96 97 95
94 95 98
99 101 100
100 102 99
103 42 104
42 40 104
94 90 89
89 96 94
61 105 63
106 108 107
52 78 79
79 48 52
109 111 110
112 110 113
112 109 110
104 40 114
115 117 116
116 118 115
119 121 120
120 121 122
123 125 124
124 126 123
127 129 128
128 130 127
131 133 132
132 134 131
135 137 136
136 138 135
139 141 140
139 142 141
114 143 104
104 143 98
88 145 144
94 146 145
98 143 146
146 94 98
88 94 145
91 92 88
91 88 144
147 149 148
148 150 147
117 151 116
152 154 153
152 155 154
156 158 157
158 156 159
160 162 161
160 163 162
164 166 165
164 167 166
168 170 169
170 171 169
172 174 173
172 175 174
176 178 177
178 179 177
180 182 181
182 180 183
184 186 185
184 187 186
188 190 189
189 191 188
192 194 193
195 197 196
196 198 195
199 201 200
201 202 200
203 205 204
205 206 204
207 209 208
207 208 210
211 207 210
212 214 213
215 194 192
206 205 216
194 215 217
218 220 219
219 220 221
222 224 223
223 224 225
226 227 212
226 212 213
228 230 229
225 224 231
231 232 225
228 229 233
228 233 234
228 235 230
236 205 203
203 237 236
238 240 239
210 241 211
242 243 241
211 244 207
215 238 245
215 192 238
245 238 239
242 241 210
246 248 247
247 249 246
250 246 249
249 251 250
247 253 252
253 247 248
254 256 255
254 257 256
258 260 259
258 261 260
262 264 263
262 265 264
266 268 267
266 269 268
270 272 271
270 273 272
274 276 275
275 277 274
278 280 279
279 281 278
282 284 283
282 285 284
286 288 287
287 289 286
290 292 291
290 293 292
294 296 295
294 297 296
298 300 299
300 301 299
302 304 303
303 305 302
306 308 307
306 309 308
310 312 311
311 312 313
314 316 315
317 318 314
314 315 317
319 321 320
320 322 319
323 325 324
323 326 325
327 329 328
71 72 65
65 68 71
330 332 331
330 333 332
334 336 335
336 337 335
338 340 339
339 341 338
342 344 343
343 345 342
344 342 346
342 347 346
348 350 349
345 343 350
351 353 352
351 352 354
354 355 351
356 358 357
357 359 356
360 361 311
311 361 310
346 347 354
354 352 346
327 328 362
336 334 316
316 314 336
363 365 364
109 367 366
112 368 367
112 367 109
361 369 310
370 372 371
371 373 370
374 376 375
376 377 375
378 380 379
379 381 378
382 384 383
382 385 384
386 388 387
386 389 388
390 392 391
390 393 392
394 396 395
395 397 394
369 361 398
361 355 398
345 400 399
354 399 401
401 398 355
355 354 401
345 399 354
348 345 350
348 400 345
402 404 403
403 405 402
373 371 406
407 409 408
408 409 410
411 413 412
412 414 411
415 417 416
416 418 415
419 421 420
420 422 419
423 425 424
425 423 426
427 429 428
428 430 427
431 433 432
432 434 431
435 437 436
437 438 436
439 441 440
440 442 439
443 445 444
444 446 443
447 449 448
450 452 451
451 453 450
454 201 455
201 454 202
456 458 457
457 459 456
460 462 461
460 463 462
464 463 460
465 467 466
468 447 448
459 469 456
448 470 468
471 473 472
473 221 472
474 223 475
223 476 475
467 465 477
478 477 465
479 481 480
476 483 482
482 475 476
479 484 481
479 485 484
479 480 486
487 488 458
458 456 487
489 491 490
463 464 492
493 492 494
464 460 495
468 496 489
468 489 447
496 491 489
493 463 492
497 499 498
498 500 497
499 497 250
250 501 499
498 503 502
500 498 502
106 505 504
106 506 108
106 504 506
363 507 365
363 364 508
509 511 510
509 512 511
513 515 514
514 516 513

[MESH_DATA]
VertexCount: 51
IndexCount: 138
BoneCount: 0
AnimationClips: 1

[VERTEX_DATA]
Position: -1.42704 0.829683 -3.89768
Normal: -0 0.500001 -0.866025
UV: 0.470196 0.111016

Position: -1.10559 0.829683 -3.89768
Normal: -0 0.500001 -0.866025
UV: 0.470196 0.139029

Position: -1.10559 1.03169 -3.69567
Normal: -0 0.866026 -0.499999
UV: 0.464984 0.139029

Position: -1.42704 1.03169 -3.69567
Normal: -0 0.866026 -0.499999
UV: 0.464984 0.111016

Position: -1.42704 0.553736 -3.97162
Normal: -0 0 -1
UV: 0.475409 0.111016

Position: -1.10559 0.553736 -3.97162
Normal: -0 0 -1
UV: 0.475409 0.139029

Position: -1.42704 0.277789 -3.89768
Normal: -0 -0.500001 -0.866025
UV: 0.480621 0.111016

Position: -1.10559 0.277789 -3.89768
Normal: -0 -0.500001 -0.866025
UV: 0.480621 0.139029

Position: -1.42704 0.0757816 -3.69567
Normal: -0 -0.866025 -0.5
UV: 0.485833 0.111016

Position: -1.10559 0.0757816 -3.69567
Normal: -0 -0.866025 -0.5
UV: 0.485833 0.139029

Position: -1.42704 0.00184151 -3.41973
Normal: -0 -1 0
UV: 0.491046 0.111019

Position: -1.10559 0.00184151 -3.41973
Normal: -0 -1 0
UV: 0.491046 0.139033

Position: -1.42704 0.0757816 -3.14378
Normal: -0 -0.866026 0.5
UV: 0.496258 0.111022

Position: -1.10559 0.0757816 -3.14378
Normal: -0 -0.866026 0.5
UV: 0.496258 0.139036

Position: -1.42704 0.277789 -2.94177
Normal: -0 -0.500001 0.866025
UV: 0.501471 0.111024

Position: -1.10559 0.277789 -2.94177
Normal: -0 -0.500001 0.866025
UV: 0.50147 0.139038

Position: -1.42704 0.553736 -2.86784
Normal: -0 0 1
UV: 0.506683 0.111027

Position: -1.10559 0.553736 -2.86784
Normal: -0 0 1
UV: 0.506683 0.13904

Position: -1.42704 0.829683 -2.94177
Normal: -0 0.500001 0.866025
UV: 0.511895 0.111029

Position: -1.10559 0.829683 -2.94177
Normal: -0 0.500001 0.866025
UV: 0.511895 0.139042

Position: -1.42704 1.03169 -3.14378
Normal: -0 0.866026 0.499999
UV: 0.517108 0.11103

Position: -1.10559 1.03169 -3.14378
Normal: -0 0.866026 0.499999
UV: 0.517107 0.139045

Position: -1.42704 1.10563 -3.41973
Normal: -0 1 -1.3368e-008
UV: 0.52232 0.111033

Position: -1.10559 1.10563 -3.41973
Normal: -0 1 -1.3368e-008
UV: 0.52232 0.139048

Position: -1.42704 1.03169 -3.69567
Normal: -0 0.866026 -0.499999
UV: 0.527533 0.111037

Position: -1.10559 1.03169 -3.69567
Normal: -0 0.866026 -0.499999
UV: 0.527532 0.139052

Position: -1.42704 1.03169 -3.69567
Normal: -1 1.9569e-007 0
UV: 0.532765 0.354774

Position: -1.42704 0.553736 -3.41973
Normal: -1 4.08406e-014 0
UV: 0.532765 0.277378

Position: -1.42704 0.829683 -3.89768
Normal: -1 1.9569e-007 0
UV: 0.571462 0.344406

Position: -1.42704 0.553736 -3.97162
Normal: -1 0 0
UV: 0.599792 0.316075

Position: -1.42704 0.277789 -3.89768
Normal: -1 -1.9569e-007 0
UV: 0.610161 0.277375

Position: -1.42704 0.0757816 -3.69567
Normal: -1 -1.9569e-007 0
UV: 0.599792 0.238678

Position: -1.42704 0.00184151 -3.41973
Normal: -1 0 0
UV: 0.571463 0.21035

Position: -1.42704 0.0757816 -3.14378
Normal: -1 0 0
UV: 0.532765 0.199979

Position: -1.42704 0.277789 -2.94177
Normal: -1 9.7845e-008 0
UV: 0.494066 0.210347

Position: -1.42704 0.553736 -2.86784
Normal: -1 8.91064e-015 0
UV: 0.465735 0.238676

Position: -1.42704 0.829683 -2.94177
Normal: -1 -9.78449e-008 0
UV: 0.455365 0.277375

Position: -1.42704 1.03169 -3.14378
Normal: -1 0 0
UV: 0.465735 0.316075

Position: -1.42704 1.10563 -3.41973
Normal: -1 0 0
UV: 0.494066 0.344404

Position: -1.10559 1.03169 -3.69567
Normal: 1 0 0
UV: 0.464984 0.139029

Position: -1.10559 0.829683 -3.89768
Normal: 1 -1.02749e-006 0
UV: 0.470196 0.139029

Position: -1.10559 1.10563 -3.41973
Normal: 1 -6.52299e-008 0
UV: 0.52232 0.139048

Position: -1.10559 0.553736 -3.97162
Normal: 1 -1.34868e-007 0
UV: 0.475409 0.139029

Position: -1.10559 0.277789 -3.89768
Normal: 1 0 0
UV: 0.480621 0.139029

Position: -1.10559 0.0757816 -3.69567
Normal: 1 0 0
UV: 0.485833 0.139029

Position: -1.10559 0.00184151 -3.41973
Normal: 1 0 0
UV: 0.491046 0.139033

Position: -1.10559 0.0757816 -3.14378
Normal: 1 0 0
UV: 0.496258 0.139036

Position: -1.10559 0.277789 -2.94177
Normal: 1 0 0
UV: 0.50147 0.139038

Position: -1.10559 0.553736 -2.86784
Normal: 1 0 0
UV: 0.506683 0.13904

Position: -1.10559 0.829683 -2.94177
Normal: 1 0 0
UV: 0.511895 0.139042

Position: -1.10559 1.03169 -3.14378
Normal: 1 0 0
UV: 0.517107 0.139045


[INDEX_DATA]
0 2 1
0 3 2
4 1 5
4 0 1
6 5 7
6 4 5
8 7 9
8 6 7
10 9 11
10 8 9
12 11 13
12 10 11
14 13 15
14 12 13
16 15 17
16 14 15
18 17 19
18 16 17
20 18 19
19 21 20
22 20 21
21 23 22
22 23 24
23 25 24
26 28 27
28 29 27
29 30 27
30 31 27
31 32 27
32 33 27
33 34 27
34 35 27
35 36 27
36 37 27
37 38 27
38 26 27
39 41 40
40 41 42
42 41 43
43 41 44
44 41 45
45 41 46
46 41 47
47 41 48
48 41 49
49 41 50

[MESH_DATA]
VertexCount: 51
IndexCount: 138
BoneCount: 0
AnimationClips: 1

[VERTEX_DATA]
Position: -1.44767 0.829683 0.547751
Normal: -0 0.500001 -0.866025
UV: 0.470196 0.111016

Position: -1.1918 0.829683 0.547751
Normal: -0 0.500001 -0.866025
UV: 0.470196 0.139029

Position: -1.1918 1.03169 0.749758
Normal: -0 0.866026 -0.499999
UV: 0.464984 0.139029

Position: -1.44767 1.03169 0.749758
Normal: -0 0.866026 -0.499999
UV: 0.464984 0.111016

Position: -1.44767 0.553736 0.47381
Normal: -0 8.39722e-009 -1
UV: 0.475409 0.111016

Position: -1.1918 0.553736 0.47381
Normal: -0 8.39722e-009 -1
UV: 0.475409 0.139029

Position: -1.44767 0.277789 0.547751
Normal: -0 -0.500001 -0.866025
UV: 0.480621 0.111016

Position: -1.1918 0.277789 0.547751
Normal: -0 -0.500001 -0.866025
UV: 0.480621 0.139029

Position: -1.44767 0.0757816 0.749758
Normal: -0 -0.866025 -0.5
UV: 0.485833 0.111016

Position: -1.1918 0.0757816 0.749758
Normal: -0 -0.866025 -0.5
UV: 0.485833 0.139029

Position: -1.44767 0.00184151 1.02571
Normal: -0 -1 -8.39726e-009
UV: 0.491046 0.111019

Position: -1.1918 0.00184151 1.02571
Normal: -0 -1 -8.39726e-009
UV: 0.491046 0.139033

Position: -1.44767 0.0757816 1.30165
Normal: -0 -0.866026 0.5
UV: 0.496258 0.111022

Position: -1.1918 0.0757816 1.30165
Normal: -0 -0.866026 0.5
UV: 0.496258 0.139036

Position: -1.44767 0.277789 1.50366
Normal: -0 -0.500001 0.866025
UV: 0.501471 0.111024

Position: -1.1918 0.277789 1.50366
Normal: -0 -0.500001 0.866025
UV: 0.50147 0.139038

Position: -1.44767 0.553736 1.5776
Normal: -0 -8.39722e-009 1
UV: 0.506683 0.111027

Position: -1.1918 0.553736 1.5776
Normal: -0 -8.39722e-009 1
UV: 0.506683 0.13904

Position: -1.44767 0.829683 1.50366
Normal: -0 0.500001 0.866025
UV: 0.511895 0.111029

Position: -1.1918 0.829683 1.50366
Normal: -0 0.500001 0.866025
UV: 0.511895 0.139042

Position: -1.44767 1.03169 1.30165
Normal: -0 0.866026 0.499999
UV: 0.517108 0.11103

Position: -1.1918 1.03169 1.30165
Normal: -0 0.866026 0.499999
UV: 0.517107 0.139045

Position: -1.44767 1.10563 1.02571
Normal: -0 1 1.67945e-008
UV: 0.52232 0.111033

Position: -1.1918 1.10563 1.02571
Normal: -0 1 1.67945e-008
UV: 0.52232 0.139048

Position: -1.44767 1.03169 0.749758
Normal: -0 0.866026 -0.499999
UV: 0.527533 0.111037

Position: -1.1918 1.03169 0.749758
Normal: -0 0.866026 -0.499999
UV: 0.527532 0.139052

Position: -1.44767 1.03169 0.749758
Normal: -1 1.9569e-007 0
UV: 0.532765 0.354774

Position: -1.44767 0.553736 1.02571
Normal: -1 5.56918e-014 0
UV: 0.532765 0.277378

Position: -1.44767 0.829683 0.547751
Normal: -1 1.46767e-007 0
UV: 0.571462 0.344406

Position: -1.44767 0.553736 0.47381
Normal: -1 -4.45534e-015 0
UV: 0.599792 0.316075

Position: -1.44767 0.277789 0.547751
Normal: -1 -1.46767e-007 0
UV: 0.610161 0.277375

Position: -1.44767 0.0757816 0.749758
Normal: -1 -1.9569e-007 0
UV: 0.599792 0.238678

Position: -1.44767 0.00184151 1.02571
Normal: -1 0 0
UV: 0.571463 0.21035

Position: -1.44767 0.0757816 1.30165
Normal: -1 -1.9569e-007 0
UV: 0.532765 0.199979

Position: -1.44767 0.277789 1.50366
Normal: -1 -1.46768e-007 0
UV: 0.494066 0.210347

Position: -1.44767 0.553736 1.5776
Normal: -1 4.45532e-015 0
UV: 0.465735 0.238676

Position: -1.44767 0.829683 1.50366
Normal: -1 1.46768e-007 0
UV: 0.455365 0.277375

Position: -1.44767 1.03169 1.30165
Normal: -1 1.95691e-007 0
UV: 0.465735 0.316075

Position: -1.44767 1.10563 1.02571
Normal: -1 0 0
UV: 0.494066 0.344404

Position: -1.1918 1.03169 0.749758
Normal: 1 0 0
UV: 0.464984 0.139029

Position: -1.1918 0.829683 0.547751
Normal: 1 0 0
UV: 0.470196 0.139029

Position: -1.1918 1.10563 1.02571
Normal: 1 -3.26129e-008 0
UV: 0.52232 0.139048

Position: -1.1918 0.553736 0.47381
Normal: 1 0 0
UV: 0.475409 0.139029

Position: -1.1918 0.277789 0.547751
Normal: 1 0 0
UV: 0.480621 0.139029

Position: -1.1918 0.0757816 0.749758
Normal: 1 0 0
UV: 0.485833 0.139029

Position: -1.1918 0.00184151 1.02571
Normal: 1 0 0
UV: 0.491046 0.139033

Position: -1.1918 0.0757816 1.30165
Normal: 1 8.27088e-008 0
UV: 0.496258 0.139036

Position: -1.1918 0.277789 1.50366
Normal: 1 2.45725e-008 0
UV: 0.50147 0.139038

Position: -1.1918 0.553736 1.5776
Normal: 1 -4.0461e-007 0
UV: 0.506683 0.13904

Position: -1.1918 0.829683 1.50366
Normal: 1 9.13316e-007 0
UV: 0.511895 0.139042

Position: -1.1918 1.03169 1.30165
Normal: 1 -2.92135e-006 0
UV: 0.517107 0.139045


[INDEX_DATA]
0 2 1
0 3 2
4 1 5
4 0 1
6 5 7
6 4 5
8 7 9
8 6 7
10 9 11
10 8 9
12 11 13
12 10 11
14 13 15
14 12 13
16 15 17
16 14 15
18 17 19
18 16 17
20 18 19
19 21 20
22 20 21
21 23 22
22 23 24
23 25 24
26 28 27
28 29 27
29 30 27
30 31 27
31 32 27
32 33 27
33 34 27
34 35 27
35 36 27
36 37 27
37 38 27
38 26 27
39 41 40
40 41 42
42 41 43
43 41 44
44 41 45
45 41 46
46 41 47
47 41 48
48 41 49
49 41 50

[MESH_DATA]
VertexCount: 51
IndexCount: 138
BoneCount: 0
AnimationClips: 1

[VERTEX_DATA]
Position: -1.44767 0.829683 1.7147
Normal: -0 0.500001 -0.866025
UV: 0.470196 0.111016

Position: -1.1918 0.829683 1.7147
Normal: -0 0.500001 -0.866025
UV: 0.470196 0.139029

Position: -1.1918 1.03169 1.91671
Normal: -0 0.866026 -0.499999
UV: 0.464984 0.139029

Position: -1.44767 1.03169 1.91671
Normal: -0 0.866026 -0.499999
UV: 0.464984 0.111016

Position: -1.44767 0.553736 1.64076
Normal: -0 8.39722e-009 -1
UV: 0.475409 0.111016

Position: -1.1918 0.553736 1.64076
Normal: -0 8.39722e-009 -1
UV: 0.475409 0.139029

Position: -1.44767 0.277789 1.7147
Normal: -0 -0.500001 -0.866025
UV: 0.480621 0.111016

Position: -1.1918 0.277789 1.7147
Normal: -0 -0.500001 -0.866025
UV: 0.480621 0.139029

Position: -1.44767 0.0757816 1.91671
Normal: -0 -0.866025 -0.5
UV: 0.485833 0.111016

Position: -1.1918 0.0757816 1.91671
Normal: -0 -0.866025 -0.5
UV: 0.485833 0.139029

Position: -1.44767 0.00184151 2.19265
Normal: -0 -1 -8.39726e-009
UV: 0.491046 0.111019

Position: -1.1918 0.00184151 2.19265
Normal: -0 -1 -8.39726e-009
UV: 0.491046 0.139033

Position: -1.44767 0.0757816 2.4686
Normal: -0 -0.866026 0.499999
UV: 0.496258 0.111022

Position: -1.1918 0.0757816 2.4686
Normal: -0 -0.866026 0.499999
UV: 0.496258 0.139036

Position: -1.44767 0.277789 2.67061
Normal: -0 -0.500001 0.866025
UV: 0.501471 0.111024

Position: -1.1918 0.277789 2.67061
Normal: -0 -0.500001 0.866025
UV: 0.50147 0.139038

Position: -1.44767 0.553736 2.74454
Normal: -0 8.39722e-009 1
UV: 0.506683 0.111027

Position: -1.1918 0.553736 2.74454
Normal: -0 8.39722e-009 1
UV: 0.506683 0.13904

Position: -1.44767 0.829683 2.67061
Normal: -0 0.500001 0.866025
UV: 0.511895 0.111029

Position: -1.1918 0.829683 2.67061
Normal: -0 0.500001 0.866025
UV: 0.511895 0.139042

Position: -1.44767 1.03169 2.4686
Normal: -0 0.866026 0.499999
UV: 0.517108 0.11103

Position: -1.1918 1.03169 2.4686
Normal: -0 0.866026 0.499999
UV: 0.517107 0.139045

Position: -1.44767 1.10563 2.19265
Normal: -0 1 1.67945e-008
UV: 0.52232 0.111033

Position: -1.1918 1.10563 2.19265
Normal: -0 1 1.67945e-008
UV: 0.52232 0.139048

Position: -1.44767 1.03169 1.91671
Normal: -0 0.866026 -0.499999
UV: 0.527533 0.111037

Position: -1.1918 1.03169 1.91671
Normal: -0 0.866026 -0.499999
UV: 0.527532 0.139052

Position: -1.44767 1.03169 1.91671
Normal: -1 0 0
UV: 0.532765 0.354774

Position: -1.44767 0.553736 2.19265
Normal: -1 -7.42556e-015 0
UV: 0.532765 0.277378

Position: -1.44767 0.829683 1.7147
Normal: -1 0 0
UV: 0.571462 0.344406

Position: -1.44767 0.553736 1.64076
Normal: -1 0 0
UV: 0.599792 0.316075

Position: -1.44767 0.277789 1.7147
Normal: -1 0 0
UV: 0.610161 0.277375

Position: -1.44767 0.0757816 1.91671
Normal: -1 0 0
UV: 0.599792 0.238678

Position: -1.44767 0.00184151 2.19265
Normal: -1 0 0
UV: 0.571463 0.21035

Position: -1.44767 0.0757816 2.4686
Normal: -1 0 0
UV: 0.532765 0.199979

Position: -1.44767 0.277789 2.67061
Normal: -1 -1.9569e-007 0
UV: 0.494066 0.210347

Position: -1.44767 0.553736 2.74454
Normal: -1 0 0
UV: 0.465735 0.238676

Position: -1.44767 0.829683 2.67061
Normal: -1 1.9569e-007 0
UV: 0.455365 0.277375

Position: -1.44767 1.03169 2.4686
Normal: -1 0 0
UV: 0.465735 0.316075

Position: -1.44767 1.10563 2.19265
Normal: -1 0 0
UV: 0.494066 0.344404

Position: -1.1918 1.03169 1.91671
Normal: 1 1.46064e-006 0
UV: 0.464984 0.139029

Position: -1.1918 0.829683 1.7147
Normal: 1 5.70832e-008 0
UV: 0.470196 0.139029

Position: -1.1918 1.10563 2.19265
Normal: 1 3.26153e-008 0
UV: 0.52232 0.139048

Position: -1.1918 0.553736 1.64076
Normal: 1 0 0
UV: 0.475409 0.139029

Position: -1.1918 0.277789 1.7147
Normal: 1 0 0
UV: 0.480621 0.139029

Position: -1.1918 0.0757816 1.91671
Normal: 1 0 0
UV: 0.485833 0.139029

Position: -1.1918 0.00184151 2.19265
Normal: 1 0 0
UV: 0.491046 0.139033

Position: -1.1918 0.0757816 2.4686
Normal: 1 0 0
UV: 0.496258 0.139036

Position: -1.1918 0.277789 2.67061
Normal: 1 0 0
UV: 0.50147 0.139038

Position: -1.1918 0.553736 2.74454
Normal: 1 0 0
UV: 0.506683 0.13904

Position: -1.1918 0.829683 2.67061
Normal: 1 0 0
UV: 0.511895 0.139042

Position: -1.1918 1.03169 2.4686
Normal: 1 0 0
UV: 0.517107 0.139045


[INDEX_DATA]
0 2 1
0 3 2
4 1 5
4 0 1
6 5 7
6 4 5
8 7 9
8 6 7
10 9 11
10 8 9
12 11 13
12 10 11
14 13 15
14 12 13
16 15 17
16 14 15
18 17 19
18 16 17
18 19 20
19 21 20
22 20 21
21 23 22
22 23 24
23 25 24
26 28 27
28 29 27
29 30 27
30 31 27
31 32 27
32 33 27
33 34 27
34 35 27
35 36 27
36 37 27
37 38 27
38 26 27
39 41 40
40 41 42
42 41 43
43 41 44
44 41 45
45 41 46
46 41 47
47 41 48
48 41 49
49 41 50

[MESH_DATA]
VertexCount: 51
IndexCount: 138
BoneCount: 0
AnimationClips: 1

[VERTEX_DATA]
Position: 1.42704 0.829683 -3.89768
Normal: -0 0.500001 -0.866025
UV: 0.470196 0.111016

Position: 1.10559 1.03169 -3.69567
Normal: -0 0.866026 -0.499999
UV: 0.464984 0.139029

Position: 1.10559 0.829683 -3.89768
Normal: -0 0.500001 -0.866025
UV: 0.470196 0.139029

Position: 1.42704 1.03169 -3.69567
Normal: -0 0.866026 -0.499999
UV: 0.464984 0.111016

Position: 1.42704 0.553736 -3.97162
Normal: -0 0 -1
UV: 0.475409 0.111016

Position: 1.10559 0.553736 -3.97162
Normal: -0 0 -1
UV: 0.475409 0.139029

Position: 1.42704 0.277789 -3.89768
Normal: -0 -0.500001 -0.866025
UV: 0.480621 0.111016

Position: 1.10559 0.277789 -3.89768
Normal: -0 -0.500001 -0.866025
UV: 0.480621 0.139029

Position: 1.42704 0.0757816 -3.69567
Normal: -0 -0.866025 -0.5
UV: 0.485833 0.111016

Position: 1.10559 0.0757816 -3.69567
Normal: -0 -0.866025 -0.5
UV: 0.485833 0.139029

Position: 1.42704 0.00184151 -3.41973
Normal: -0 -1 0
UV: 0.491046 0.111019

Position: 1.10559 0.00184151 -3.41973
Normal: -0 -1 0
UV: 0.491046 0.139033

Position: 1.42704 0.0757816 -3.14378
Normal: -0 -0.866026 0.5
UV: 0.496258 0.111022

Position: 1.10559 0.0757816 -3.14378
Normal: -0 -0.866026 0.5
UV: 0.496258 0.139036

Position: 1.42704 0.277789 -2.94177
Normal: -0 -0.500001 0.866025
UV: 0.501471 0.111024

Position: 1.10559 0.277789 -2.94177
Normal: -0 -0.500001 0.866025
UV: 0.50147 0.139038

Position: 1.42704 0.553736 -2.86784
Normal: -0 0 1
UV: 0.506683 0.111027

Position: 1.10559 0.553736 -2.86784
Normal: -0 0 1
UV: 0.506683 0.13904

Position: 1.42704 0.829683 -2.94177
Normal: -0 0.500001 0.866025
UV: 0.511895 0.111029

Position: 1.10559 0.829683 -2.94177
Normal: -0 0.500001 0.866025
UV: 0.511895 0.139042

Position: 1.42704 1.03169 -3.14378
Normal: -0 0.866026 0.499999
UV: 0.517108 0.11103

Position: 1.10559 1.03169 -3.14378
Normal: -0 0.866026 0.499999
UV: 0.517107 0.139045

Position: 1.42704 1.10563 -3.41973
Normal: -0 1 1.3368e-008
UV: 0.52232 0.111033

Position: 1.10559 1.10563 -3.41973
Normal: -0 1 1.3368e-008
UV: 0.52232 0.139048

Position: 1.42704 1.03169 -3.69567
Normal: -0 0.866026 -0.499999
UV: 0.527533 0.111037

Position: 1.10559 1.03169 -3.69567
Normal: -0 0.866026 -0.499999
UV: 0.527532 0.139052

Position: 1.42704 1.03169 -3.69567
Normal: 1 1.9569e-007 0
UV: 0.532765 0.354774

Position: 1.42704 0.829683 -3.89768
Normal: 1 1.9569e-007 0
UV: 0.571462 0.344406

Position: 1.42704 0.553736 -3.41973
Normal: 1 -4.30683e-013 0
UV: 0.532765 0.277378

Position: 1.42704 0.553736 -3.97162
Normal: 1 0 0
UV: 0.599792 0.316075

Position: 1.42704 0.277789 -3.89768
Normal: 1 0 0
UV: 0.610161 0.277375

Position: 1.42704 0.0757816 -3.69567
Normal: 1 0 0
UV: 0.599792 0.238678

Position: 1.42704 0.00184151 -3.41973
Normal: 1 0 0
UV: 0.571463 0.21035

Position: 1.42704 0.0757816 -3.14378
Normal: 1 1.9569e-007 0
UV: 0.532765 0.199979

Position: 1.42704 0.277789 -2.94177
Normal: 1 1.9569e-007 0
UV: 0.494066 0.210347

Position: 1.42704 0.553736 -2.86784
Normal: 1 0 0
UV: 0.465735 0.238676

Position: 1.42704 0.829683 -2.94177
Normal: 1 -3.9138e-007 0
UV: 0.455365 0.277375

Position: 1.42704 1.03169 -3.14378
Normal: 1 -3.91381e-007 0
UV: 0.465735 0.316075

Position: 1.42704 1.10563 -3.41973
Normal: 1 0 0
UV: 0.494066 0.344404

Position: 1.10559 1.03169 -3.69567
Normal: -1 0 0
UV: 0.464984 0.139029

Position: 1.10559 1.10563 -3.41973
Normal: -1 4.6781e-013 0
UV: 0.52232 0.139048

Position: 1.10559 0.829683 -3.89768
Normal: -1 -5.13744e-007 0
UV: 0.470196 0.139029

Position: 1.10559 0.553736 -3.97162
Normal: -1 2.02303e-007 0
UV: 0.475409 0.139029

Position: 1.10559 0.277789 -3.89768
Normal: -1 7.37149e-008 0
UV: 0.480621 0.139029

Position: 1.10559 0.0757816 -3.69567
Normal: -1 0 0
UV: 0.485833 0.139029

Position: 1.10559 0.00184151 -3.41973
Normal: -1 0 0
UV: 0.491046 0.139033

Position: 1.10559 0.0757816 -3.14378
Normal: -1 4.13544e-008 0
UV: 0.496258 0.139036

Position: 1.10559 0.277789 -2.94177
Normal: -1 1.04429e-007 0
UV: 0.50147 0.139038

Position: 1.10559 0.553736 -2.86784
Normal: -1 5.05761e-008 0
UV: 0.506683 0.13904

Position: 1.10559 0.829683 -2.94177
Normal: -1 -1.56975e-007 0
UV: 0.511895 0.139042

Position: 1.10559 1.03169 -3.14378
Normal: -1 -7.30336e-007 0
UV: 0.517107 0.139045


[INDEX_DATA]
0 2 1
1 3 0
4 5 2
2 0 4
6 7 5
5 4 6
8 9 7
7 6 8
10 11 9
9 8 10
12 13 11
11 10 12
14 15 13
13 12 14
16 17 15
15 14 16
18 19 17
17 16 18
18 20 19
19 20 21
20 22 21
21 22 23
22 24 23
23 24 25
26 28 27
27 28 29
29 28 30
30 28 31
31 28 32
32 28 33
33 28 34
34 28 35
35 28 36
36 28 37
37 28 38
38 28 26
39 41 40
41 42 40
42 43 40
43 44 40
44 45 40
45 46 40
46 47 40
47 48 40
48 49 40
49 50 40

[MESH_DATA]
VertexCount: 51
IndexCount: 138
BoneCount: 0
AnimationClips: 1

[VERTEX_DATA]
Position: 1.44767 0.829683 0.547751
Normal: -0 0.500001 -0.866025
UV: 0.470196 0.111016

Position: 1.1918 1.03169 0.749758
Normal: -0 0.866026 -0.499999
UV: 0.464984 0.139029

Position: 1.1918 0.829683 0.547751
Normal: -0 0.500001 -0.866025
UV: 0.470196 0.139029

Position: 1.44767 1.03169 0.749758
Normal: -0 0.866026 -0.499999
UV: 0.464984 0.111016

Position: 1.44767 0.553736 0.47381
Normal: -0 8.39722e-009 -1
UV: 0.475409 0.111016

Position: 1.1918 0.553736 0.47381
Normal: -0 8.39722e-009 -1
UV: 0.475409 0.139029

Position: 1.44767 0.277789 0.547751
Normal: -0 -0.500001 -0.866025
UV: 0.480621 0.111016

Position: 1.1918 0.277789 0.547751
Normal: -0 -0.500001 -0.866025
UV: 0.480621 0.139029

Position: 1.44767 0.0757816 0.749758
Normal: -0 -0.866025 -0.5
UV: 0.485833 0.111016

Position: 1.1918 0.0757816 0.749758
Normal: -0 -0.866025 -0.5
UV: 0.485833 0.139029

Position: 1.44767 0.00184151 1.02571
Normal: -0 -1 -8.39726e-009
UV: 0.491046 0.111019

Position: 1.1918 0.00184151 1.02571
Normal: -0 -1 -8.39726e-009
UV: 0.491046 0.139033

Position: 1.44767 0.0757816 1.30165
Normal: -0 -0.866026 0.5
UV: 0.496258 0.111022

Position: 1.1918 0.0757816 1.30165
Normal: -0 -0.866026 0.5
UV: 0.496258 0.139036

Position: 1.44767 0.277789 1.50366
Normal: -0 -0.500001 0.866025
UV: 0.501471 0.111024

Position: 1.1918 0.277789 1.50366
Normal: -0 -0.500001 0.866025
UV: 0.50147 0.139038

Position: 1.44767 0.553736 1.5776
Normal: -0 -8.39722e-009 1
UV: 0.506683 0.111027

Position: 1.1918 0.553736 1.5776
Normal: -0 -8.39722e-009 1
UV: 0.506683 0.13904

Position: 1.44767 0.829683 1.50366
Normal: -0 0.500001 0.866025
UV: 0.511895 0.111029

Position: 1.1918 0.829683 1.50366
Normal: -0 0.500001 0.866025
UV: 0.511895 0.139042

Position: 1.44767 1.03169 1.30165
Normal: -0 0.866026 0.499999
UV: 0.517108 0.11103

Position: 1.1918 1.03169 1.30165
Normal: -0 0.866026 0.499999
UV: 0.517107 0.139045

Position: 1.44767 1.10563 1.02571
Normal: -0 1 1.67945e-008
UV: 0.52232 0.111033

Position: 1.1918 1.10563 1.02571
Normal: -0 1 1.67945e-008
UV: 0.52232 0.139048

Position: 1.44767 1.03169 0.749758
Normal: -0 0.866026 -0.499999
UV: 0.527533 0.111037

Position: 1.1918 1.03169 0.749758
Normal: -0 0.866026 -0.499999
UV: 0.527532 0.139052

Position: 1.44767 1.03169 0.749758
Normal: 1 1.9569e-007 0
UV: 0.532765 0.354774

Position: 1.44767 0.829683 0.547751
Normal: 1 1.9569e-007 0
UV: 0.571462 0.344406

Position: 1.44767 0.553736 1.02571
Normal: 1 -4.00981e-013 0
UV: 0.532765 0.277378

Position: 1.44767 0.553736 0.47381
Normal: 1 0 0
UV: 0.599792 0.316075

Position: 1.44767 0.277789 0.547751
Normal: 1 0 0
UV: 0.610161 0.277375

Position: 1.44767 0.0757816 0.749758
Normal: 1 0 0
UV: 0.599792 0.238678

Position: 1.44767 0.00184151 1.02571
Normal: 1 0 0
UV: 0.571463 0.21035

Position: 1.44767 0.0757816 1.30165
Normal: 1 -1.9569e-007 0
UV: 0.532765 0.199979

Position: 1.44767 0.277789 1.50366
Normal: 1 -1.9569e-007 0
UV: 0.494066 0.210347

Position: 1.44767 0.553736 1.5776
Normal: 1 0 0
UV: 0.465735 0.238676

Position: 1.44767 0.829683 1.50366
Normal: 1 0 0
UV: 0.455365 0.277375

Position: 1.44767 1.03169 1.30165
Normal: 1 0 0
UV: 0.465735 0.316075

Position: 1.44767 1.10563 1.02571
Normal: 1 0 0
UV: 0.494066 0.344404

Position: 1.1918 1.03169 0.749758
Normal: -1 0 0
UV: 0.464984 0.139029

Position: 1.1918 1.10563 1.02571
Normal: -1 1.45912e-012 0
UV: 0.52232 0.139048

Position: 1.1918 0.829683 0.547751
Normal: -1 3.85307e-007 0
UV: 0.470196 0.139029

Position: 1.1918 0.553736 0.47381
Normal: -1 -1.51727e-007 0
UV: 0.475409 0.139029

Position: 1.1918 0.277789 0.547751
Normal: -1 -5.52863e-008 0
UV: 0.480621 0.139029

Position: 1.1918 0.0757816 0.749758
Normal: -1 0 0
UV: 0.485833 0.139029

Position: 1.1918 0.00184151 1.02571
Normal: -1 0 0
UV: 0.491046 0.139033

Position: 1.1918 0.0757816 1.30165
Normal: -1 8.27088e-008 0
UV: 0.496258 0.139036

Position: 1.1918 0.277789 1.50366
Normal: -1 4.30009e-008 0
UV: 0.50147 0.139038

Position: 1.1918 0.553736 1.5776
Normal: -1 -3.54034e-007 0
UV: 0.506683 0.13904

Position: 1.1918 0.829683 1.50366
Normal: -1 8.41962e-007 0
UV: 0.511895 0.139042

Position: 1.1918 1.03169 1.30165
Normal: -1 -1.46068e-006 0
UV: 0.517107 0.139045


[INDEX_DATA]
0 2 1
1 3 0
4 5 2
2 0 4
6 7 5
5 4 6
8 9 7
7 6 8
10 11 9
9 8 10
12 13 11
11 10 12
14 15 13
13 12 14
16 17 15
15 14 16
18 19 17
17 16 18
18 20 19
19 20 21
20 22 21
21 22 23
22 24 23
23 24 25
26 28 27
27 28 29
29 28 30
30 28 31
31 28 32
32 28 33
33 28 34
34 28 35
35 28 36
36 28 37
37 28 38
38 28 26
39 41 40
41 42 40
42 43 40
43 44 40
44 45 40
45 46 40
46 47 40
47 48 40
48 49 40
49 50 40

[MESH_DATA]
VertexCount: 51
IndexCount: 138
BoneCount: 0
AnimationClips: 1

[VERTEX_DATA]
Position: 1.44767 0.829683 1.7147
Normal: -0 0.500001 -0.866025
UV: 0.470196 0.111016

Position: 1.1918 1.03169 1.91671
Normal: -0 0.866026 -0.499999
UV: 0.464984 0.139029

Position: 1.1918 0.829683 1.7147
Normal: -0 0.500001 -0.866025
UV: 0.470196 0.139029

Position: 1.44767 1.03169 1.91671
Normal: -0 0.866026 -0.499999
UV: 0.464984 0.111016

Position: 1.44767 0.553736 1.64076
Normal: -0 8.39722e-009 -1
UV: 0.475409 0.111016

Position: 1.1918 0.553736 1.64076
Normal: -0 8.39722e-009 -1
UV: 0.475409 0.139029

Position: 1.44767 0.277789 1.7147
Normal: -0 -0.500001 -0.866025
UV: 0.480621 0.111016

Position: 1.1918 0.277789 1.7147
Normal: -0 -0.500001 -0.866025
UV: 0.480621 0.139029

Position: 1.44767 0.0757816 1.91671
Normal: -0 -0.866025 -0.5
UV: 0.485833 0.111016

Position: 1.1918 0.0757816 1.91671
Normal: -0 -0.866025 -0.5
UV: 0.485833 0.139029

Position: 1.44767 0.00184151 2.19265
Normal: -0 -1 -8.39726e-009
UV: 0.491046 0.111019

Position: 1.1918 0.00184151 2.19265
Normal: -0 -1 -8.39726e-009
UV: 0.491046 0.139033

Position: 1.44767 0.0757816 2.4686
Normal: -0 -0.866026 0.499999
UV: 0.496258 0.111022

Position: 1.1918 0.0757816 2.4686
Normal: -0 -0.866026 0.499999
UV: 0.496258 0.139036

Position: 1.44767 0.277789 2.67061
Normal: -0 -0.500001 0.866025
UV: 0.501471 0.111024

Position: 1.1918 0.277789 2.67061
Normal: -0 -0.500001 0.866025
UV: 0.50147 0.139038

Position: 1.44767 0.553736 2.74454
Normal: -0 8.39722e-009 1
UV: 0.506683 0.111027

Position: 1.1918 0.553736 2.74454
Normal: -0 8.39722e-009 1
UV: 0.506683 0.13904

Position: 1.44767 0.829683 2.67061
Normal: -0 0.500001 0.866025
UV: 0.511895 0.111029

Position: 1.1918 0.829683 2.67061
Normal: -0 0.500001 0.866025
UV: 0.511895 0.139042

Position: 1.44767 1.03169 2.4686
Normal: -0 0.866026 0.499999
UV: 0.517108 0.11103

Position: 1.1918 1.03169 2.4686
Normal: -0 0.866026 0.499999
UV: 0.517107 0.139045

Position: 1.44767 1.10563 2.19265
Normal: -0 1 1.67945e-008
UV: 0.52232 0.111033

Position: 1.1918 1.10563 2.19265
Normal: -0 1 1.67945e-008
UV: 0.52232 0.139048

Position: 1.44767 1.03169 1.91671
Normal: -0 0.866026 -0.499999
UV: 0.527533 0.111037

Position: 1.1918 1.03169 1.91671
Normal: -0 0.866026 -0.499999
UV: 0.527532 0.139052

Position: 1.44767 1.03169 1.91671
Normal: 1 0 0
UV: 0.532765 0.354774

Position: 1.44767 0.829683 1.7147
Normal: 1 0 0
UV: 0.571462 0.344406

Position: 1.44767 0.553736 2.19265
Normal: 1 -1.48511e-014 0
UV: 0.532765 0.277378

Position: 1.44767 0.553736 1.64076
Normal: 1 0 0
UV: 0.599792 0.316075

Position: 1.44767 0.277789 1.7147
Normal: 1 0 0
UV: 0.610161 0.277375

Position: 1.44767 0.0757816 1.91671
Normal: 1 0 0
UV: 0.599792 0.238678

Position: 1.44767 0.00184151 2.19265
Normal: 1 0 0
UV: 0.571463 0.21035

Position: 1.44767 0.0757816 2.4686
Normal: 1 0 0
UV: 0.532765 0.199979

Position: 1.44767 0.277789 2.67061
Normal: 1 -3.9138e-007 0
UV: 0.494066 0.210347

Position: 1.44767 0.553736 2.74454
Normal: 1 0 0
UV: 0.465735 0.238676

Position: 1.44767 0.829683 2.67061
Normal: 1 3.91379e-007 0
UV: 0.455365 0.277375

Position: 1.44767 1.03169 2.4686
Normal: 1 0 0
UV: 0.465735 0.316075

Position: 1.44767 1.10563 2.19265
Normal: 1 0 0
UV: 0.494066 0.344404

Position: 1.1918 1.03169 1.91671
Normal: -1 7.30318e-007 0
UV: 0.464984 0.139029

Position: 1.1918 1.10563 2.19265
Normal: -1 7.6669e-013 0
UV: 0.52232 0.139048

Position: 1.1918 0.829683 1.7147
Normal: -1 -2.2833e-007 0
UV: 0.470196 0.139029

Position: 1.1918 0.553736 1.64076
Normal: -1 1.01151e-007 0
UV: 0.475409 0.139029

Position: 1.1918 0.277789 1.7147
Normal: -1 -4.91428e-008 0
UV: 0.480621 0.139029

Position: 1.1918 0.0757816 1.91671
Normal: -1 -4.13542e-008 0
UV: 0.485833 0.139029

Position: 1.1918 0.00184151 2.19265
Normal: -1 0 0
UV: 0.491046 0.139033

Position: 1.1918 0.0757816 2.4686
Normal: -1 0 0
UV: 0.496258 0.139036

Position: 1.1918 0.277789 2.67061
Normal: -1 -3.68569e-008 0
UV: 0.50147 0.139038

Position: 1.1918 0.553736 2.74454
Normal: -1 -1.01152e-007 0
UV: 0.506683 0.13904

Position: 1.1918 0.829683 2.67061
Normal: -1 2.56869e-007 0
UV: 0.511895 0.139042

Position: 1.1918 1.03169 2.4686
Normal: -1 0 0
UV: 0.517107 0.139045


[INDEX_DATA]
0 2 1
1 3 0
4 5 2
2 0 4
6 7 5
5 4 6
8 9 7
7 6 8
10 11 9
9 8 10
12 13 11
11 10 12
14 15 13
13 12 14
16 17 15
15 14 16
18 19 17
17 16 18
18 20 19
19 20 21
20 22 21
21 22 23
22 24 23
23 24 25
26 28 27
27 28 29
29 28 30
30 28 31
31 28 32
32 28 33
33 28 34
34 28 35
35 28 36
36 28 37
37 28 38
38 28 26
39 41 40
41 42 40
42 43 40
43 44 40
44 45 40
45 46 40
46 47 40
47 48 40
48 49 40
49 50 40

