[FBX_META_DATA]
MeshCount: 1

[MESH_DATA]
VertexCount: 348
IndexCount: 654
BoneCount: 0
AnimationClips: 1

[VERTEX_DATA]
Position: 1.01446 0.212061 -2.63166
Normal: -0 0 -1
UV: 0.740254 0.468553

Position: 1.01446 3.72196 -2.63166
Normal: -0 0 -1
UV: 0.740254 0.0423779

Position: 5.27987e-006 0.212061 -2.63166
Normal: -0 0 -1
UV: 0.863856 0.468553

Position: -1.01445 3.72196 -2.63166
Normal: -0 0 -1
UV: 0.987457 0.0423779

Position: -1.01445 0.212061 -2.63166
Normal: -0 0 -1
UV: 0.987457 0.468553

Position: 1.01446 0 -2.82988
Normal: -0 0 -1
UV: 0.0803094 0.0223243

Position: -1.01445 0.212061 -2.82988
Normal: -0 0 -1
UV: 0.0759942 0.0244906

Position: -1.01445 0 -2.82988
Normal: -0 0 -1
UV: 0.0759942 0.0223243

Position: 1.01446 0.212061 -2.82988
Normal: -0 0 -1
UV: 0.0803094 0.0244906

Position: -1.01445 0.212061 -2.63166
Normal: -0 0 -1
UV: 0.0598435 0.0237053

Position: 1.01446 0.212061 -2.63166
Normal: -0 0 -1
UV: 0.0641588 0.0237053

Position: 5.27987e-006 0.212061 -2.63166
Normal: -0 0 -1
UV: 0.0620011 0.0237053

Position: -1.01445 0.212061 -2.82988
Normal: -0 1 0
UV: 0.0598435 0.0237053

Position: 1.01446 0.212061 -2.82988
Normal: -0 1 0
UV: 0.0641588 0.0237053

Position: -1.01445 0.212061 -2.63166
Normal: -0 1 0
UV: 0.0598435 0.0237053

Position: 1.01446 0.212061 -2.63166
Normal: -0 1 0
UV: 0.0641588 0.0237053

Position: -1.01445 3.72196 -2.63166
Normal: -0 0 -1
UV: 0.21681 -0.428445

Position: 1.01446 3.72196 -2.63166
Normal: -0 0 -1
UV: 0.21681 -0.428445

Position: 1.5615 4.2795 -2.63166
Normal: -0 0 -1
UV: 0.158868 -0.485292

Position: -1.56151 4.2795 -2.63166
Normal: -0 0 -1
UV: 0.158868 -0.485292

Position: -1.01445 0.212061 -2.63166
Normal: -4.47603e-007 0 -1
UV: 0.581569 -0.428445

Position: -1.56151 0 -2.63166
Normal: -4.47603e-007 0 -1
UV: 0.603607 -0.485292

Position: -1.01445 0 -2.63166
Normal: -0 0 -1
UV: 0.603607 -0.428445

Position: -1.01445 0 -2.63166
Normal: -1 0 0
UV: 0.0750898 0.0243065

Position: -1.01445 0.212061 -2.82988
Normal: -1 0 0
UV: 0.0731383 0.0222187

Position: -1.01445 0.212061 -2.63166
Normal: -1 0 0
UV: 0.0750898 0.0222187

Position: -1.01445 0 -2.82988
Normal: -1 0 0
UV: 0.0731383 0.0243065

Position: -2.27018 4.2795 -3.82088
Normal: 0.859033 -2.13291e-006 -0.511921
UV: 0.352142 -0.995961

Position: -2.2702 0 -3.82088
Normal: 0.859033 -2.13291e-006 -0.511921
UV: 0.352142 -0.511225

Position: -1.56151 4.2795 -2.63166
Normal: 0.859033 -2.13291e-006 -0.511921
UV: 0.143276 -0.995961

Position: -1.56151 0 -2.63166
Normal: 0.859033 -2.13291e-006 -0.511921
UV: 0.143276 -0.511225

Position: -2.2702 0 -3.82088
Normal: -0 0 -1
UV: 0.352142 -0.511225

Position: -4.90434 4.2795 -3.82088
Normal: -0 0 -1
UV: 0.696779 -0.995961

Position: -4.90434 0 -3.82088
Normal: -0 0 -1
UV: 0.696779 -0.511225

Position: -2.27018 4.2795 -3.82088
Normal: -0 0 -1
UV: 0.352142 -0.995961

Position: -4.90434 1.64996e-007 -4.04257
Normal: -0 0 -1
UV: 0.097097 0.998008

Position: -4.90434 4.2795 -4.04257
Normal: -0 0 -1
UV: 0.097097 0.579565

Position: -5.67384 1.64996e-007 -4.04257
Normal: -0 0 -1
UV: 0.036451 0.998008

Position: -5.67384 4.2795 -4.04257
Normal: -0 0 -1
UV: 0.0364509 0.579565

Position: -4.90434 4.2795 -3.82088
Normal: 1 0 0
UV: 0.139443 0.579804

Position: -4.90434 1.64996e-007 -4.04257
Normal: 1 0 0
UV: 0.097097 0.998008

Position: -4.90434 1.64996e-007 -3.82088
Normal: 1 0 0
UV: 0.139443 1

Position: -4.90434 4.2795 -4.04257
Normal: 1 0 0
UV: 0.0970972 0.579726

Position: -4.90434 5.9885 -3.82088
Normal: 1 0 0
UV: 0.139443 0.188096

Position: -4.90434 5.9885 -4.04257
Normal: 1 0 0
UV: 0.0970972 0.188737

Position: -4.90434 5.9885 -4.04257
Normal: -0 0 -1
UV: 0.097097 0.189153

Position: -5.67384 5.9885 -4.04257
Normal: -0 0 -1
UV: 0.0364509 0.189153

Position: -5.67384 5.9885 -4.04257
Normal: -0 -1 3.27008e-006
UV: 0.110316 0.175141

Position: -4.90434 5.9885 -4.04257
Normal: -0 -1 3.27008e-006
UV: 0.0972134 0.175141

Position: -5.81597 5.9885 -4.18469
Normal: -0 -1 3.27008e-006
UV: 0.113733 0.172507

Position: 1.5615 4.2795 -2.63166
Normal: -0 -1 1.56967e-007
UV: 0.918629 0.0640947

Position: -2.27018 4.2795 -3.82088
Normal: -0 -1 1.56967e-007
UV: 0.918629 0.224548

Position: -1.56151 4.2795 -2.63166
Normal: -0 -1 1.56967e-007
UV: 0.918629 0.0640947

Position: 2.27022 4.2795 -3.82088
Normal: -0 -1 1.56967e-007
UV: 0.918629 0.224548

Position: 1.5615 0 -2.63166
Normal: 3.35715e-007 0 -1
UV: 0.603607 -0.485292

Position: 1.01446 0.212061 -2.63166
Normal: 3.35715e-007 0 -1
UV: 0.581569 -0.428445

Position: 1.01446 0 -2.63166
Normal: -0 0 -1
UV: 0.603607 -0.428445

Position: 1.01446 0 -2.63166
Normal: 1 0 0
UV: 0.0731383 0.0243065

Position: 1.01446 0.212061 -2.63166
Normal: 1 0 0
UV: 0.0731383 0.0222187

Position: 1.01446 0.212061 -2.82988
Normal: 1 0 0
UV: 0.0750898 0.0222187

Position: 1.01446 0 -2.82988
Normal: 1 0 0
UV: 0.0750898 0.0243065

Position: 1.5615 4.2795 -2.63166
Normal: -0.85902 0 -0.511943
UV: 0.143276 -0.995961

Position: 1.5615 0 -2.63166
Normal: -0.85902 0 -0.511943
UV: 0.143276 -0.511225

Position: 2.27022 0 -3.82088
Normal: -0.85902 0 -0.511943
UV: 0.352142 -0.511225

Position: 2.27022 4.2795 -3.82088
Normal: -0.85902 0 -0.511943
UV: 0.352142 -0.995961

Position: 4.90435 1.64996e-007 -3.82088
Normal: -0 0 -1
UV: 0.696779 -0.511225

Position: 2.27022 4.2795 -3.82088
Normal: -0 0 -1
UV: 0.352142 -0.995961

Position: 2.27022 0 -3.82088
Normal: -0 0 -1
UV: 0.352142 -0.511225

Position: 4.90435 4.2795 -3.82088
Normal: -0 0 -1
UV: 0.696779 -0.995961

Position: 4.90435 4.2795 -4.04257
Normal: -0 0 -1
UV: 0.097097 0.579565

Position: 4.90435 1.64996e-007 -4.04257
Normal: -0 0 -1
UV: 0.097097 0.998008

Position: 5.67386 1.64996e-007 -4.04257
Normal: -0 0 -1
UV: 0.036451 0.998008

Position: 5.67386 4.2795 -4.04257
Normal: -0 0 -1
UV: 0.0364509 0.579565

Position: 4.90435 4.2795 -3.82088
Normal: -1 0 0
UV: 0.139443 0.579804

Position: 4.90435 1.64996e-007 -3.82088
Normal: -1 0 0
UV: 0.139443 1

Position: 4.90435 1.64996e-007 -4.04257
Normal: -1 0 0
UV: 0.097097 0.998008

Position: 4.90435 4.2795 -4.04257
Normal: -1 0 0
UV: 0.0970972 0.579726

Position: -2.27018 4.2795 -3.82088
Normal: -0 0 -1
UV: 1.36289 0.944605

Position: 4.90435 5.9885 -3.82088
Normal: -0 0 -1
UV: 1.94931 0.804921

Position: -4.90434 5.9885 -3.82088
Normal: -0 0 -1
UV: 1.14758 0.804921

Position: 2.27022 4.2795 -3.82088
Normal: -0 0 -1
UV: 1.734 0.944605

Position: 4.90435 5.9885 -3.82088
Normal: -1 0 0
UV: 0.139443 0.188096

Position: 4.90435 5.9885 -4.04257
Normal: -1 0 0
UV: 0.0970972 0.188737

Position: 4.90435 5.9885 -4.04257
Normal: -0 0 -1
UV: 0.097097 0.189153

Position: 5.67386 5.9885 -4.04257
Normal: -0 0 -1
UV: 0.0364509 0.189153

Position: 5.81597 5.9885 -4.18469
Normal: -0 -1 -5.00746e-006
UV: 0.113733 0.172507

Position: 4.90435 5.9885 -4.04257
Normal: -0 -1 -5.00746e-006
UV: 0.0972134 0.175141

Position: 5.67386 5.9885 -4.04257
Normal: -0 -1 0
UV: 0.110316 0.175141

Position: 5.81597 5.9885 -4.18469
Normal: -0 0 -1
UV: 0.113733 0.172507

Position: -5.81597 6.6556 -4.18469
Normal: -0 0 -1
UV: 0.122363 0.138663

Position: -5.81597 5.9885 -4.18469
Normal: -0 0 -1
UV: 0.113733 0.172507

Position: 5.81597 6.6556 -4.18469
Normal: -0 0 -1
UV: 0.122363 0.138663

Position: -5.81597 6.6556 -4.18469
Normal: -0 1 0
UV: 0.122363 0.138663

Position: 5.81597 6.6556 -4.18469
Normal: -0 1 0
UV: 0.122363 0.138663

Position: -5.43083 6.6556 -3.79954
Normal: -0 1 0
UV: 0.121957 0.120238

Position: 5.43084 6.6556 -3.79954
Normal: -0 1 0
UV: 0.121957 0.120238

Position: 5.43084 6.6556 -3.79954
Normal: -0 0 1
UV: 0.0318988 0.16314

Position: -5.43083 6.57115 -3.79954
Normal: -0 0 1
UV: 0.0318988 0.147294

Position: -5.43083 6.6556 -3.79954
Normal: -0 0 1
UV: 0.0318988 0.16314

Position: 5.43084 6.57115 -3.79954
Normal: -0 0 1
UV: 0.0318988 0.147294

Position: 5.27987e-006 6.57115 -1.31997e-006
Normal: -0 1 0
UV: 0.100218 0.112527

Position: -5.43083 6.57115 -3.79954
Normal: -0 1 0
UV: 0.0521354 0.0130451

Position: 5.43084 6.57115 -3.79954
Normal: -0 1 0
UV: 0.0521354 0.0130451

Position: -5.67384 4.2795 -3.27306
Normal: -1 0 0
UV: 0.0235766 0.579565

Position: -5.67384 1.64996e-007 -3.27306
Normal: -1 0 0
UV: 0.0235766 1

Position: -5.67384 1.64996e-007 -4.04257
Normal: -1 0 0
UV: 0.0081739 1

Position: -5.67384 4.2795 -4.04257
Normal: -1 0 0
UV: 0.00817388 0.579565

Position: -5.45217 4.2795 -3.27306
Normal: -0 0 1
UV: 0.139443 0.579804

Position: -5.67384 1.64996e-007 -3.27306
Normal: -0 0 1
UV: 0.097097 1

Position: -5.67384 4.2795 -3.27306
Normal: -0 0 1
UV: 0.0970972 0.579726

Position: -5.45217 1.64996e-007 -3.27306
Normal: -0 0 1
UV: 0.139443 1

Position: -5.45217 4.2795 -1.31997e-006
Normal: -1 0 0
UV: 0.107915 0.571393

Position: -5.45217 1.64996e-007 -1.31997e-006
Normal: -1 0 0
UV: 0.107915 1

Position: -5.45217 1.64996e-007 -3.27306
Normal: -1 0 0
UV: 0.123706 1

Position: -5.45217 4.2795 -3.27306
Normal: -1 0 0
UV: 0.123706 0.571393

Position: -5.45217 4.2795 -1.31997e-006
Normal: -1 0 0
UV: 0.111182 0.991129

Position: -5.45217 4.2795 -3.27306
Normal: -1 0 0
UV: 0.124263 0.991129

Position: -5.45217 5.9885 -1.31997e-006
Normal: -1 0 0
UV: 0.111182 0.889589

Position: -5.45217 5.9885 -3.27306
Normal: -1 0 0
UV: 0.124263 0.889589

Position: -5.45217 5.9885 -3.27306
Normal: -0 0 1
UV: 0.139443 0.188096

Position: -5.67384 5.9885 -3.27306
Normal: -0 0 1
UV: 0.0970972 0.188737

Position: -5.67384 5.9885 -3.27306
Normal: -1 0 0
UV: 0.0235766 0.189153

Position: -5.67384 5.9885 -4.04257
Normal: -1 0 0
UV: 0.00817388 0.189153

Position: -5.45217 5.9885 -1.31997e-006
Normal: -0 -1 0
UV: 0.0398987 0.179481

Position: -5.67384 5.9885 -3.27306
Normal: -0 -1 0
UV: 0.0956314 0.175372

Position: -5.81597 5.9885 6.59984e-006
Normal: -0 -1 0
UV: 0.0260103 0.174055

Position: -5.45217 5.9885 -3.27306
Normal: -0 -1 0
UV: 0.0956314 0.17948

Position: -5.67384 5.9885 -4.04257
Normal: -0 -1 0
UV: 0.108734 0.175372

Position: -5.81597 5.9885 -4.18469
Normal: -0 -1 0
UV: 0.112151 0.172738

Position: -5.81597 5.9885 6.59984e-006
Normal: -1 0 0
UV: 0.0260103 0.174055

Position: -5.81597 5.9885 -4.18469
Normal: -1 0 0
UV: 0.112151 0.172738

Position: -5.81597 6.6556 6.59984e-006
Normal: -1 0 0
UV: 0.0121218 0.138894

Position: -5.81597 6.6556 -4.18469
Normal: -1 0 0
UV: 0.120781 0.138894

Position: -5.81597 6.6556 6.59984e-006
Normal: -0 1 0
UV: 0.0121218 0.138894

Position: -5.43083 6.6556 -3.79954
Normal: -0 1 0
UV: 0.120375 0.120469

Position: -5.43083 6.6556 6.59984e-006
Normal: -0 1 0
UV: 0.0121219 0.120468

Position: -5.81597 6.6556 -4.18469
Normal: -0 1 0
UV: 0.120781 0.138894

Position: -5.43083 6.6556 6.59984e-006
Normal: 1 0 0
UV: 0.0926096 0.163371

Position: -5.43083 6.6556 -3.79954
Normal: 1 0 0
UV: 0.0406646 0.163371

Position: -5.43083 6.57115 6.59984e-006
Normal: 1 0 0
UV: 0.0926096 0.147525

Position: -5.43083 6.57115 -3.79954
Normal: 1 0 0
UV: 0.0406646 0.147525

Position: -5.43083 6.57115 -3.79954
Normal: -0 1 0
UV: 0.0297174 0.100737

Position: 5.27987e-006 6.57115 -1.31997e-006
Normal: -0 1 0
UV: 0.100505 0.0214113

Position: -5.43083 6.57115 6.59984e-006
Normal: -0 1 0
UV: 0.100505 0.100737

Position: -5.67384 1.64996e-007 3.27306
Normal: -1 0 0
UV: 0.0235766 1

Position: -5.67384 4.2795 3.27306
Normal: -1 0 0
UV: 0.0235766 0.579565

Position: -5.67384 1.64996e-007 4.04257
Normal: -1 0 0
UV: 0.0081739 1

Position: -5.67384 4.2795 4.04257
Normal: -1 0 0
UV: 0.00817388 0.579565

Position: -5.45217 1.64996e-007 3.27306
Normal: -0 0 -1
UV: 0.139443 1

Position: -5.45217 4.2795 3.27306
Normal: -0 0 -1
UV: 0.139443 0.579804

Position: -5.67384 1.64996e-007 3.27306
Normal: -0 0 -1
UV: 0.097097 1

Position: -5.67384 4.2795 3.27306
Normal: -0 0 -1
UV: 0.0970972 0.579726

Position: -5.45217 4.2795 3.27306
Normal: -1 0 0
UV: 0.123706 0.571393

Position: -5.45217 1.64996e-007 3.27306
Normal: -1 0 0
UV: 0.123706 1

Position: -5.45217 5.9885 3.27306
Normal: -1 0 0
UV: 0.124263 0.889589

Position: -5.45217 4.2795 3.27306
Normal: -1 0 0
UV: 0.124263 0.991129

Position: -5.45217 5.9885 3.27306
Normal: -0 0 -1
UV: 0.139443 0.188096

Position: -5.67384 5.9885 3.27306
Normal: -0 0 -1
UV: 0.0970972 0.188737

Position: -5.67384 5.9885 3.27306
Normal: -1 0 0
UV: 0.0235766 0.189153

Position: -5.67384 5.9885 4.04257
Normal: -1 0 0
UV: 0.00817388 0.189153

Position: -5.67384 5.9885 3.27306
Normal: -0 -1 0
UV: 0.0956314 0.175372

Position: -5.45217 5.9885 3.27306
Normal: -0 -1 0
UV: 0.0956314 0.17948

Position: -5.67384 5.9885 4.04257
Normal: -0 -1 0
UV: 0.108734 0.175372

Position: -5.81597 5.9885 4.18469
Normal: -0 -1 0
UV: 0.112151 0.172738

Position: -5.81597 6.6556 4.18469
Normal: -1 0 0
UV: 0.120781 0.138894

Position: -5.81597 5.9885 4.18469
Normal: -1 0 0
UV: 0.112151 0.172738

Position: -5.43083 6.6556 3.79954
Normal: -0 1 0
UV: 0.120375 0.120469

Position: -5.81597 6.6556 4.18469
Normal: -0 1 0
UV: 0.120781 0.138894

Position: -5.43083 6.57115 3.79954
Normal: 1 0 0
UV: 0.0406646 0.147525

Position: -5.43083 6.6556 3.79954
Normal: 1 0 0
UV: 0.0406646 0.163371

Position: -5.43083 6.57115 3.79954
Normal: -0 1 0
UV: 0.0297174 0.100737

Position: 1.01446 3.72196 2.63166
Normal: -0 0 1
UV: 0.987457 0.0423779

Position: 5.27987e-006 0.212061 2.63166
Normal: -0 0 1
UV: 0.863856 0.468553

Position: -1.01445 3.72196 2.63166
Normal: -0 0 1
UV: 0.740254 0.0423779

Position: 1.01446 0.212061 2.63166
Normal: -0 0 1
UV: 0.987457 0.468553

Position: -1.01445 0.212061 2.63166
Normal: -0 0 1
UV: 0.740254 0.468553

Position: 1.01446 0 2.82988
Normal: -0 0 1
UV: 0.0759942 0.0223243

Position: -1.01445 0 2.82988
Normal: -0 0 1
UV: 0.0803094 0.0223243

Position: 1.01446 0.212061 2.82988
Normal: -0 0 1
UV: 0.0759942 0.0244906

Position: -1.01445 0.212061 2.82988
Normal: -0 0 1
UV: 0.0803094 0.0244906

Position: 1.01446 0.212061 2.63166
Normal: -0 0 1
UV: 0.0598435 0.0237053

Position: -1.01445 0.212061 2.63166
Normal: -0 0 1
UV: 0.0641588 0.0237053

Position: 5.27987e-006 0.212061 2.63166
Normal: -0 0 1
UV: 0.0620011 0.0237053

Position: -1.01445 0.212061 2.82988
Normal: -0 1 0
UV: 0.0641588 0.0237053

Position: 1.01446 0.212061 2.63166
Normal: -0 1 0
UV: 0.0598435 0.0237053

Position: 1.01446 0.212061 2.82988
Normal: -0 1 0
UV: 0.0598435 0.0237053

Position: -1.01445 0.212061 2.63166
Normal: -0 1 0
UV: 0.0641588 0.0237053

Position: 1.5615 4.2795 2.63166
Normal: -0 0 1
UV: 0.158868 -0.485292

Position: -1.01445 3.72196 2.63166
Normal: -0 0 1
UV: 0.21681 -0.428445

Position: -1.56151 4.2795 2.63166
Normal: -0 0 1
UV: 0.158868 -0.485292

Position: 1.01446 3.72196 2.63166
Normal: -0 0 1
UV: 0.21681 -0.428445

Position: 1.5615 0 2.63166
Normal: 4.4762e-007 0 1
UV: 0.603607 -0.485292

Position: 1.01446 0.212061 2.63166
Normal: 4.4762e-007 0 1
UV: 0.581569 -0.428445

Position: 1.01446 0 2.63166
Normal: -0 0 1
UV: 0.603607 -0.428445

Position: 1.01446 0 2.82988
Normal: 1 0 0
UV: 0.0731383 0.0243065

Position: 1.01446 0.212061 2.82988
Normal: 1 0 0
UV: 0.0731383 0.0222187

Position: 1.01446 0 2.63166
Normal: 1 0 0
UV: 0.0750898 0.0243065

Position: 1.01446 0.212061 2.63166
Normal: 1 0 0
UV: 0.0750898 0.0222187

Position: 2.27022 0 3.82088
Normal: -0.859021 0 0.511941
UV: 0.352142 -0.511225

Position: 1.5615 4.2795 2.63166
Normal: -0.859021 0 0.511941
UV: 0.143276 -0.995961

Position: 2.27022 4.2795 3.82088
Normal: -0.859021 0 0.511941
UV: 0.352142 -0.995961

Position: 1.5615 0 2.63166
Normal: -0.859021 0 0.511941
UV: 0.143276 -0.511225

Position: 4.90435 4.2795 3.82088
Normal: -0 0 1
UV: 0.696779 -0.995961

Position: 4.90435 1.64996e-007 3.82088
Normal: -0 0 1
UV: 0.696779 -0.511225

Position: 2.27022 4.2795 3.82088
Normal: -0 0 1
UV: 0.352142 -0.995961

Position: 2.27022 0 3.82088
Normal: -0 0 1
UV: 0.352142 -0.511225

Position: 5.67386 4.2795 4.04257
Normal: -0 0 1
UV: 0.0364509 0.579565

Position: 5.67386 1.64996e-007 4.04257
Normal: -0 0 1
UV: 0.036451 0.998008

Position: 4.90435 4.2795 4.04257
Normal: -0 0 1
UV: 0.097097 0.579565

Position: 4.90435 1.64996e-007 4.04257
Normal: -0 0 1
UV: 0.097097 0.998008

Position: 4.90435 1.64996e-007 3.82088
Normal: -1 0 0
UV: 0.139443 1

Position: 4.90435 4.2795 3.82088
Normal: -1 0 0
UV: 0.139443 0.579804

Position: 4.90435 1.64996e-007 4.04257
Normal: -1 0 0
UV: 0.097097 0.998008

Position: 4.90435 4.2795 4.04257
Normal: -1 0 0
UV: 0.0970972 0.579726

Position: 4.90435 5.9885 3.82088
Normal: -1 0 0
UV: 0.139443 0.188096

Position: 4.90435 5.9885 4.04257
Normal: -1 0 0
UV: 0.0970972 0.188737

Position: 5.67386 5.9885 4.04257
Normal: -0 0 1
UV: 0.0364509 0.189153

Position: 4.90435 5.9885 4.04257
Normal: -0 0 1
UV: 0.097097 0.189153

Position: 5.67386 5.9885 4.04257
Normal: -0 -1 0
UV: 0.110316 0.175141

Position: 4.90435 5.9885 4.04257
Normal: -0 -1 0
UV: 0.0972134 0.175141

Position: 5.81597 5.9885 4.18469
Normal: -0 -1 0
UV: 0.113733 0.172507

Position: -2.27018 4.2795 3.82088
Normal: -0 -1 0
UV: 0.918629 0.224548

Position: 2.27022 4.2795 3.82088
Normal: -0 -1 0
UV: 0.918629 0.224548

Position: 1.5615 4.2795 2.63166
Normal: -0 -1 0
UV: 0.918629 0.0640947

Position: -1.56151 4.2795 2.63166
Normal: -0 -1 0
UV: 0.918629 0.0640947

Position: -1.56151 0 2.63166
Normal: -3.35702e-007 0 1
UV: 0.603607 -0.485292

Position: -1.01445 0.212061 2.63166
Normal: -3.35702e-007 0 1
UV: 0.581569 -0.428445

Position: -1.01445 0 2.63166
Normal: -0 0 1
UV: 0.603607 -0.428445

Position: -1.01445 0 2.82988
Normal: -1 0 0
UV: 0.0750898 0.0243065

Position: -1.01445 0 2.63166
Normal: -1 0 0
UV: 0.0731383 0.0243065

Position: -1.01445 0.212061 2.82988
Normal: -1 0 0
UV: 0.0750898 0.0222187

Position: -1.01445 0.212061 2.63166
Normal: -1 0 0
UV: 0.0731383 0.0222187

Position: -2.27018 0 3.82088
Normal: 0.859037 0 0.511913
UV: 0.352142 -0.511225

Position: -2.27018 4.2795 3.82088
Normal: 0.859037 0 0.511913
UV: 0.352142 -0.995961

Position: -1.56151 4.2795 2.63166
Normal: 0.859037 0 0.511913
UV: 0.143276 -0.995961

Position: -1.56151 0 2.63166
Normal: 0.859037 0 0.511913
UV: 0.143276 -0.511225

Position: -4.90434 4.2795 3.82088
Normal: -0 0 1
UV: 0.696779 -0.995961

Position: -2.27018 4.2795 3.82088
Normal: -0 0 1
UV: 0.352142 -0.995961

Position: -4.90434 1.64996e-007 3.82088
Normal: -0 0 1
UV: 0.696779 -0.511225

Position: -2.27018 0 3.82088
Normal: -0 0 1
UV: 0.352142 -0.511225

Position: -4.90434 4.2795 4.04257
Normal: -0 0 1
UV: 0.097097 0.579565

Position: -5.67384 1.64996e-007 4.04257
Normal: -0 0 1
UV: 0.036451 0.998008

Position: -5.67384 4.2795 4.04257
Normal: -0 0 1
UV: 0.0364509 0.579565

Position: -4.90434 1.64996e-007 4.04257
Normal: -0 0 1
UV: 0.097097 0.998008

Position: -4.90434 4.2795 3.82088
Normal: 1 0 0
UV: 0.139443 0.579804

Position: -4.90434 1.64996e-007 4.04257
Normal: 1 0 0
UV: 0.097097 0.998008

Position: -4.90434 4.2795 4.04257
Normal: 1 0 0
UV: 0.0970972 0.579726

Position: -4.90434 1.64996e-007 3.82088
Normal: 1 0 0
UV: 0.139443 1

Position: 2.27022 4.2795 3.82088
Normal: -0 0 1
UV: 1.36289 0.944605

Position: 4.90435 5.9885 3.82088
Normal: -0 0 1
UV: 1.14758 0.804921

Position: 4.90435 4.2795 3.82088
Normal: -0 0 1
UV: 1.14758 0.944605

Position: -2.27018 4.2795 3.82088
Normal: -0 0 1
UV: 1.734 0.944605

Position: -4.90434 5.9885 3.82088
Normal: -0 0 1
UV: 1.94931 0.804921

Position: -4.90434 4.2795 3.82088
Normal: -0 0 1
UV: 1.94931 0.944605

Position: -4.90434 5.9885 4.04257
Normal: 1 0 0
UV: 0.0970972 0.188737

Position: -4.90434 5.9885 3.82088
Normal: 1 0 0
UV: 0.139443 0.188096

Position: -4.90434 5.9885 4.04257
Normal: -0 0 1
UV: 0.097097 0.189153

Position: -5.67384 5.9885 4.04257
Normal: -0 0 1
UV: 0.0364509 0.189153

Position: -4.90434 5.9885 4.04257
Normal: -0 -1 4.06856e-006
UV: 0.0972134 0.175141

Position: -5.81597 5.9885 4.18469
Normal: -0 -1 4.06856e-006
UV: 0.113733 0.172507

Position: -5.67384 5.9885 4.04257
Normal: -0 -1 0
UV: 0.110316 0.175141

Position: 5.81597 5.9885 4.18469
Normal: -0 0 1
UV: 0.113733 0.172507

Position: -5.81597 5.9885 4.18469
Normal: -0 0 1
UV: 0.113733 0.172507

Position: 5.81597 6.6556 4.18469
Normal: -0 0 1
UV: 0.122363 0.138663

Position: -5.81597 6.6556 4.18469
Normal: -0 0 1
UV: 0.122363 0.138663

Position: 5.81597 6.6556 4.18469
Normal: -0 1 0
UV: 0.122363 0.138663

Position: -5.43083 6.6556 3.79954
Normal: -0 1 0
UV: 0.121957 0.120238

Position: 5.43084 6.6556 3.79954
Normal: -0 1 0
UV: 0.121957 0.120238

Position: -5.81597 6.6556 4.18469
Normal: -0 1 0
UV: 0.122363 0.138663

Position: 5.43084 6.6556 3.79954
Normal: -0 0 -1
UV: 0.0318988 0.16314

Position: -5.43083 6.6556 3.79954
Normal: -0 0 -1
UV: 0.0318988 0.16314

Position: 5.43084 6.57115 3.79954
Normal: -0 0 -1
UV: 0.0318988 0.147294

Position: -5.43083 6.57115 3.79954
Normal: -0 0 -1
UV: 0.0318988 0.147294

Position: 5.43084 6.57115 3.79954
Normal: -0 1 0
UV: 0.0521354 0.0130451

Position: -5.43083 6.57115 3.79954
Normal: -0 1 0
UV: 0.0521354 0.0130451

Position: 5.67386 1.64996e-007 4.04257
Normal: 1 0 -2.85046e-005
UV: 0.0081739 1

Position: 5.67386 4.2795 4.04257
Normal: 1 0 -2.85046e-005
UV: 0.00817388 0.579565

Position: 5.67384 4.2795 3.27306
Normal: 1 0 -2.85046e-005
UV: 0.0235766 0.579565

Position: 5.67384 1.64996e-007 3.27306
Normal: 1 0 -2.85046e-005
UV: 0.0235766 1

Position: 5.45217 4.2795 3.27306
Normal: -0 0 -1
UV: 0.139443 0.579804

Position: 5.45217 1.64996e-007 3.27306
Normal: -0 0 -1
UV: 0.139443 1

Position: 5.67384 1.64996e-007 3.27306
Normal: -0 0 -1
UV: 0.097097 1

Position: 5.67384 4.2795 3.27306
Normal: -0 0 -1
UV: 0.0970972 0.579726

Position: 5.45217 4.2795 3.27306
Normal: 1 0 6.41016e-006
UV: 0.123706 0.571393

Position: 5.45219 4.2795 -1.31997e-006
Normal: 1 0 6.41016e-006
UV: 0.107915 0.571393

Position: 5.45217 1.64996e-007 3.27306
Normal: 1 0 6.41016e-006
UV: 0.123706 1

Position: 5.45219 1.64996e-007 -1.31997e-006
Normal: 1 0 6.41016e-006
UV: 0.107915 1

Position: 5.45217 5.9885 3.27306
Normal: 1 0 6.41016e-006
UV: 0.124263 0.889589

Position: 5.45219 5.9885 -1.31997e-006
Normal: 1 0 6.41016e-006
UV: 0.111182 0.889589

Position: 5.45217 4.2795 3.27306
Normal: 1 0 6.41016e-006
UV: 0.124263 0.991129

Position: 5.45219 4.2795 -1.31997e-006
Normal: 1 0 6.41016e-006
UV: 0.111182 0.991129

Position: 5.45217 5.9885 3.27306
Normal: -0 0 -1
UV: 0.139443 0.188096

Position: 5.67384 5.9885 3.27306
Normal: -0 0 -1
UV: 0.0970972 0.188737

Position: 5.67386 5.9885 4.04257
Normal: 1 0 -2.85046e-005
UV: 0.00817388 0.189153

Position: 5.67384 5.9885 3.27306
Normal: 1 0 -2.85046e-005
UV: 0.0235766 0.189153

Position: 5.67384 5.9885 3.27306
Normal: -0 -1 2.88575e-009
UV: 0.0956314 0.175372

Position: 5.45219 5.9885 -1.31997e-006
Normal: -0 -1 2.88575e-009
UV: 0.0398987 0.179481

Position: 5.45217 5.9885 3.27306
Normal: -0 -1 2.88575e-009
UV: 0.0956314 0.17948

Position: 5.81597 5.9885 -3.9599e-006
Normal: -0 -1 2.88575e-009
UV: 0.0260103 0.174055

Position: 5.67386 5.9885 4.04257
Normal: -0 -1 8.38883e-007
UV: 0.108734 0.175372

Position: 5.81597 5.9885 4.18469
Normal: -0 -1 8.38883e-007
UV: 0.112151 0.172738

Position: 5.81597 6.6556 -3.9599e-006
Normal: 1 0 0
UV: 0.0121218 0.138894

Position: 5.81597 5.9885 4.18469
Normal: 1 0 0
UV: 0.112151 0.172738

Position: 5.81597 6.6556 4.18469
Normal: 1 0 0
UV: 0.120781 0.138894

Position: 5.81597 5.9885 -3.9599e-006
Normal: 1 0 0
UV: 0.0260103 0.174055

Position: 5.81597 6.6556 -3.9599e-006
Normal: -0 1 0
UV: 0.0121218 0.138894

Position: 5.43084 6.6556 3.79954
Normal: -0 1 0
UV: 0.120375 0.120469

Position: 5.43084 6.6556 -3.9599e-006
Normal: -0 1 0
UV: 0.0121219 0.120468

Position: 5.81597 6.6556 4.18469
Normal: -0 1 0
UV: 0.120781 0.138894

Position: 5.43084 6.57115 -3.9599e-006
Normal: -1 0 0
UV: 0.0926096 0.147525

Position: 5.43084 6.6556 3.79954
Normal: -1 0 0
UV: 0.0406646 0.163371

Position: 5.43084 6.57115 3.79954
Normal: -1 0 0
UV: 0.0406646 0.147525

Position: 5.43084 6.6556 -3.9599e-006
Normal: -1 0 0
UV: 0.0926096 0.163371

Position: 5.43084 6.57115 3.79954
Normal: -0 1 0
UV: 0.0297174 0.100737

Position: 5.43084 6.57115 -3.9599e-006
Normal: -0 1 0
UV: 0.100505 0.100737

Position: 5.67384 4.2795 -3.27306
Normal: 1 0 2.85045e-005
UV: 0.0235766 0.579565

Position: 5.67386 1.64996e-007 -4.04257
Normal: 1 0 2.85045e-005
UV: 0.0081739 1

Position: 5.67384 1.64996e-007 -3.27306
Normal: 1 0 2.85045e-005
UV: 0.0235766 1

Position: 5.67386 4.2795 -4.04257
Normal: 1 0 2.85045e-005
UV: 0.00817388 0.579565

Position: 5.67384 4.2795 -3.27306
Normal: -0 0 1
UV: 0.0970972 0.579726

Position: 5.67384 1.64996e-007 -3.27306
Normal: -0 0 1
UV: 0.097097 1

Position: 5.45217 4.2795 -3.27306
Normal: -0 0 1
UV: 0.139443 0.579804

Position: 5.45217 1.64996e-007 -3.27306
Normal: -0 0 1
UV: 0.139443 1

Position: 5.45217 1.64996e-007 -3.27306
Normal: 1 0 -6.41017e-006
UV: 0.123706 1

Position: 5.45217 4.2795 -3.27306
Normal: 1 0 -6.41017e-006
UV: 0.123706 0.571393

Position: 5.45217 4.2795 -3.27306
Normal: 1 0 -6.41017e-006
UV: 0.124263 0.991129

Position: 5.45217 5.9885 -3.27306
Normal: 1 0 -6.41017e-006
UV: 0.124263 0.889589

Position: 5.67384 5.9885 -3.27306
Normal: -0 0 1
UV: 0.0970972 0.188737

Position: 5.45217 5.9885 -3.27306
Normal: -0 0 1
UV: 0.139443 0.188096

Position: 5.67384 5.9885 -3.27306
Normal: 1 0 2.85045e-005
UV: 0.0235766 0.189153

Position: 5.67386 5.9885 -4.04257
Normal: 1 0 2.85045e-005
UV: 0.00817388 0.189153

Position: 5.67384 5.9885 -3.27306
Normal: -0 -1 0
UV: 0.0956314 0.175372

Position: 5.45217 5.9885 -3.27306
Normal: -0 -1 0
UV: 0.0956314 0.17948

Position: 5.67386 5.9885 -4.04257
Normal: -0 -1 -1.09012e-006
UV: 0.108734 0.175372

Position: 5.81597 5.9885 -4.18469
Normal: -0 -1 -1.09012e-006
UV: 0.112151 0.172738

Position: 5.81597 5.9885 -4.18469
Normal: 1 0 0
UV: 0.112151 0.172738

Position: 5.81597 6.6556 -4.18469
Normal: 1 0 0
UV: 0.120781 0.138894

Position: 5.43084 6.6556 -3.79954
Normal: -0 1 0
UV: 0.120375 0.120469

Position: 5.81597 6.6556 -4.18469
Normal: -0 1 0
UV: 0.120781 0.138894

Position: 5.43084 6.6556 -3.79954
Normal: -1 0 0
UV: 0.0406646 0.163371

Position: 5.43084 6.57115 -3.79954
Normal: -1 0 0
UV: 0.0406646 0.147525

Position: 5.43084 6.57115 -3.79954
Normal: -0 1 0
UV: 0.0297174 0.100737

Position: 4.90435 5.9885 3.82088
Normal: -0 -1 0
UV: 0.0972134 0.17925

Position: -4.90434 5.9885 3.82088
Normal: -0 -1 0
UV: 0.0972134 0.17925

Position: 4.90435 5.9885 -3.82088
Normal: -0 -1 0
UV: 0.0972134 0.17925

Position: -4.90434 5.9885 -3.82088
Normal: -0 -1 0
UV: 0.0972134 0.17925

Position: -4.90434 4.2795 -3.82088
Normal: -0 0 -1
UV: 1.14758 0.944605

Position: 4.90435 4.2795 -3.82088
Normal: -0 0 -1
UV: 1.94931 0.944605


[INDEX_DATA]
0 2 1
3 2 4
2 3 1
5 7 6
6 8 5
9 11 10
12 14 13
15 13 14
16 18 17
16 19 18
20 21 16
21 19 16
20 22 21
23 25 24
24 26 23
27 29 28
30 28 29
31 33 32
32 34 31
35 37 36
37 38 36
39 41 40
40 42 39
43 39 42
42 44 43
36 38 45
38 46 45
47 49 48
50 52 51
51 53 50
54 55 17
54 17 18
55 54 56
57 59 58
57 60 59
61 63 62
61 64 63
65 67 66
66 68 65
69 71 70
71 69 72
73 75 74
73 76 75
77 79 78
78 80 77
81 76 73
81 82 76
83 72 69
72 83 84
48 49 85
85 86 48
87 86 85
88 90 89
89 91 88
92 94 93
94 95 93
96 98 97
97 99 96
100 102 101
103 105 104
103 106 105
107 109 108
108 110 107
111 113 112
111 114 113
115 117 116
117 118 116
119 120 109
109 107 119
121 106 103
121 122 106
123 125 124
124 126 123
127 124 128
124 125 128
129 131 130
131 132 130
133 135 134
134 136 133
137 139 138
139 140 138
141 143 142
144 146 145
147 145 146
148 150 149
150 151 149
152 111 153
153 111 112
117 155 154
155 117 115
156 149 151
151 157 156
145 147 158
159 158 147
160 125 123
123 161 160
162 163 160
160 163 125
131 165 164
165 131 129
133 167 166
166 135 133
139 169 168
169 139 137
170 142 143
171 173 172
172 174 171
173 175 172
176 178 177
179 177 178
180 182 181
183 185 184
184 186 183
187 189 188
188 190 187
187 190 191
190 192 191
192 193 191
194 196 195
195 196 197
198 200 199
199 201 198
202 204 203
204 205 203
206 208 207
208 209 207
210 212 211
213 211 212
211 213 214
215 214 213
216 217 206
217 208 206
218 220 219
221 223 222
221 224 223
225 188 189
225 226 188
226 225 227
228 230 229
230 231 229
232 234 233
232 235 234
236 238 237
237 238 239
240 242 241
241 243 240
244 246 245
245 247 244
248 250 249
249 252 251
251 248 249
252 253 251
246 255 254
246 244 255
256 257 242
242 240 256
220 259 258
258 219 220
260 258 259
261 263 262
264 262 263
265 267 266
266 268 265
269 271 270
272 270 271
100 274 273
275 277 276
275 278 277
279 281 280
281 279 282
283 285 284
285 286 284
287 289 288
289 290 288
291 282 279
282 291 292
276 294 293
276 277 294
295 297 296
296 298 295
299 295 300
295 298 300
301 303 302
302 304 301
305 307 306
306 308 305
309 311 310
310 312 309
313 314 142
315 317 316
316 318 315
319 321 320
321 322 320
284 286 323
323 324 284
288 290 325
325 326 288
327 328 319
328 321 319
329 315 318
318 330 329
296 332 331
331 298 296
333 334 331
331 334 298
301 304 335
335 336 301
305 338 337
337 307 305
309 312 339
339 340 309
341 142 314
342 219 343
258 343 219
344 345 48
48 86 344
79 77 346
80 78 347

