[FBX_META_DATA]
MeshCount: 1

[MESH_DATA]
VertexCount: 419
IndexCount: 741
BoneCount: 0
AnimationClips: 1

[VERTEX_DATA]
Position: 1.12264 -1.42109e-014 -5.26322
Normal: -0 0 -1
UV: 0.352142 -0.511225

Position: -1.5115 4.2795 -5.26322
Normal: -0 0 -1
UV: 0.696779 -0.995961

Position: -1.5115 -1.42109e-014 -5.26322
Normal: -0 0 -1
UV: 0.696779 -0.511225

Position: 1.12266 4.2795 -5.26322
Normal: -0 0 -1
UV: 0.352142 -0.995961

Position: -3.01186 0.212061 -4.40565
Normal: -0.707107 6.69597e-008 -0.707106
UV: 0.740254 0.468553

Position: -3.01186 3.72196 -4.40565
Normal: -0.707107 6.69597e-008 -0.707106
UV: 0.740254 0.0423779

Position: -3.72919 0.212061 -3.68832
Normal: -0.707107 6.69597e-008 -0.707106
UV: 0.863856 0.468553

Position: -4.44651 3.72196 -2.97099
Normal: -0.707107 6.69597e-008 -0.707106
UV: 0.987457 0.0423779

Position: -4.44651 0.212061 -2.97099
Normal: -0.707107 6.69597e-008 -0.707106
UV: 0.987457 0.468553

Position: -3.15202 -1.42306e-014 -4.54581
Normal: -0.707107 0 -0.707107
UV: 0.0803094 0.0223243

Position: -4.58668 0.212061 -3.11115
Normal: -0.707107 0 -0.707107
UV: 0.0759942 0.0244906

Position: -4.58668 -1.42315e-014 -3.11115
Normal: -0.707107 0 -0.707107
UV: 0.0759942 0.0223243

Position: -3.15202 0.212061 -4.54581
Normal: -0.707107 0 -0.707107
UV: 0.0803094 0.0244906

Position: -4.44651 0.212061 -2.97099
Normal: -0 0 0
UV: 0.0598435 0.0237053

Position: -3.01186 0.212061 -4.40565
Normal: -0 0 0
UV: 0.0641588 0.0237053

Position: -3.72919 0.212061 -3.68832
Normal: -0 -0.999512 -0.0312348
UV: 0.0620011 0.0237053

Position: -3.01186 0.212061 -4.40565
Normal: -0 1 0
UV: 0.0641588 0.0237053

Position: -4.44651 0.212061 -2.97099
Normal: -0 1 0
UV: 0.0598435 0.0237053

Position: -3.15202 0.212061 -4.54581
Normal: -0 1 0
UV: 0.0641588 0.0237053

Position: -4.58668 0.212061 -3.11115
Normal: -0 1 0
UV: 0.0598435 0.0237053

Position: -3.09339 4.2795 -5.2608
Normal: -0.45537 -0.765034 -0.455369
UV: 0.0215257 0.510498

Position: -5.30168 4.2795 -3.05251
Normal: -0.45537 -0.765034 -0.455369
UV: 0.0215257 0.510498

Position: -4.44651 3.72196 -2.97099
Normal: -0.45537 -0.765034 -0.455369
UV: 0.0139321 0.518238

Position: -3.01186 3.72196 -4.40565
Normal: -0.45537 -0.765034 -0.455369
UV: 0.0139321 0.518238

Position: -4.44651 0.212061 -2.97099
Normal: 0.0948869 0 -0.995488
UV: 0.013932 0.566962

Position: -4.44651 3.72196 -2.97099
Normal: 0.0948869 0 -0.995488
UV: 0.0139321 0.518238

Position: -5.30168 -1.37336e-014 -3.05251
Normal: 0.0948869 0 -0.995488
UV: 0.0215257 0.569906

Position: -5.30168 4.2795 -3.05251
Normal: 0.0948869 0 -0.995488
UV: 0.0215257 0.510498

Position: -4.44651 -1.42182e-014 -2.97099
Normal: 0.0948869 0 -0.995488
UV: 0.013932 0.569906

Position: -4.44651 0.212061 -2.97099
Normal: -0.707088 0 0.707126
UV: 0.0750898 0.0222187

Position: -4.44651 -1.42182e-014 -2.97099
Normal: -0.707088 0 0.707126
UV: 0.0750898 0.0243065

Position: -4.58668 0.212061 -3.11115
Normal: -0.707088 0 0.707126
UV: 0.0731383 0.0222187

Position: -4.58668 -1.42315e-014 -3.11115
Normal: -0.707088 0 0.707126
UV: 0.0731383 0.0243065

Position: -5.29016 4.2795 -1.3504
Normal: -0.999977 1.83289e-006 0.006767
UV: 0.699093 0.00384909

Position: -5.30168 -1.37336e-014 -3.05251
Normal: -0.999977 1.83289e-006 0.006767
UV: 0.353009 0.493037

Position: -5.30168 4.2795 -3.05251
Normal: -0.999977 1.83289e-006 0.006767
UV: 0.353009 0.00384909

Position: -5.29017 -1.29553e-014 -1.35038
Normal: -0.999977 1.83289e-006 0.006767
UV: 0.699093 0.493037

Position: -3.01186 3.72196 -4.40565
Normal: -0.995486 0 0.0949085
UV: 0.0139321 0.518238

Position: -3.01186 0.212061 -4.40565
Normal: -0.995486 0 0.0949085
UV: 0.013932 0.566962

Position: -3.09339 -1.43341e-014 -5.2608
Normal: -0.995486 0 0.0949085
UV: 0.0215257 0.569906

Position: -3.09339 4.2795 -5.2608
Normal: -0.995486 0 0.0949085
UV: 0.0215257 0.510498

Position: -3.01186 -1.42203e-014 -4.40565
Normal: -0.995486 0 0.0949086
UV: 0.013932 0.569906

Position: -3.01186 -1.42203e-014 -4.40565
Normal: 0.707092 0 -0.707122
UV: 0.0731383 0.0243065

Position: -3.15202 0.212061 -4.54581
Normal: 0.707092 0 -0.707122
UV: 0.0750898 0.0222187

Position: -3.15202 -1.42306e-014 -4.54581
Normal: 0.707092 0 -0.707122
UV: 0.0750898 0.0243065

Position: -3.01186 0.212061 -4.40565
Normal: 0.707092 0 -0.707122
UV: 0.0731383 0.0222187

Position: -3.09339 -1.43341e-014 -5.2608
Normal: -0.00152876 0 -0.999999
UV: 0.353009 0.493037

Position: -1.51149 4.2795 -5.26322
Normal: -0.00152876 0 -0.999999
UV: 0.699093 0.00384909

Position: -3.09339 4.2795 -5.2608
Normal: -0.00152876 0 -0.999999
UV: 0.353009 0.00384909

Position: -1.51149 -1.4566e-014 -5.26322
Normal: -0.00152876 0 -0.999999
UV: 0.699093 0.493037

Position: -0.719912 4.51828 -5.55124
Normal: -7.42014e-007 -5.40379e-012 -1
UV: 1.36289 0.944605

Position: 4.72763 5.81591 -5.55124
Normal: -7.42014e-007 -5.40379e-012 -1
UV: 1.94931 0.804921

Position: -2.71999 5.81591 -5.55124
Normal: -7.42014e-007 -5.40379e-012 -1
UV: 1.14758 0.804921

Position: 2.72757 4.51828 -5.55124
Normal: -7.42014e-007 -5.40379e-012 -1
UV: 1.734 0.944605

Position: -2.71999 4.51828 -5.55124
Normal: -0 0 -1
UV: 1.14758 0.944605

Position: 4.72763 4.51828 -5.55124
Normal: -0 0 -1
UV: 1.94931 0.944605

Position: -5.48051 4.51828 2.7713
Normal: -1 1.61894e-006 7.00259e-007
UV: 1.36289 0.944605

Position: -5.48051 5.81591 -2.67624
Normal: -1 1.61894e-006 7.00259e-007
UV: 1.94931 0.804921

Position: -5.48051 5.81591 4.77138
Normal: -1 1.61894e-006 7.00259e-007
UV: 1.14758 0.804921

Position: -5.48052 4.51828 -0.676182
Normal: -1 1.61894e-006 7.00259e-007
UV: 1.734 0.944605

Position: -5.48051 4.51828 4.77138
Normal: -1 0 0
UV: 1.14758 0.944605

Position: -5.48051 4.51828 -2.67624
Normal: -1 0 -1.90729e-006
UV: 1.94931 0.944605

Position: -5.29016 4.2795 1.28376
Normal: -1 -3.06843e-009 0
UV: 0.696779 -0.995961

Position: -5.29016 -1.42109e-014 -1.35038
Normal: -1 -3.06843e-009 0
UV: 0.352142 -0.511225

Position: -5.29016 4.2795 -1.3504
Normal: -1 -3.06843e-009 0
UV: 0.352142 -0.995961

Position: -5.29016 -1.42109e-014 1.28376
Normal: -1 -3.06843e-009 0
UV: 0.696779 -0.511225

Position: 1.1052 4.2795 -5.4588
Normal: -0 0 -1
UV: 0.097097 0.579565

Position: 1.1052 1.64996e-007 -5.4588
Normal: -0 0 -1
UV: 0.097097 0.998008

Position: 1.87471 1.64996e-007 -5.4588
Normal: -0 0 -1
UV: 0.036451 0.998008

Position: 1.87471 4.2795 -5.4588
Normal: -0 0 -1
UV: 0.0364509 0.579565

Position: 1.1052 4.2795 -5.23711
Normal: -1 0 0
UV: 0.139443 0.579804

Position: 1.1052 1.64996e-007 -5.23711
Normal: -1 0 0
UV: 0.139443 1

Position: 1.1052 1.64996e-007 -5.4588
Normal: -1 0 0
UV: 0.097097 0.998008

Position: 1.1052 4.2795 -5.4588
Normal: -1 0 0
UV: 0.0970972 0.579726

Position: 1.1052 5.9885 -5.23711
Normal: -1 0 0
UV: 0.139443 0.188096

Position: 1.1052 5.9885 -5.4588
Normal: -1 0 0
UV: 0.0970972 0.188737

Position: 1.1052 5.9885 -5.4588
Normal: -0 0 -1
UV: 0.097097 0.189153

Position: 1.87471 5.9885 -5.4588
Normal: -0 0 -1
UV: 0.0364509 0.189153

Position: 1.87468 4.2795 -4.68929
Normal: 1 0 2.97439e-005
UV: 0.0235766 0.579565

Position: 1.87471 1.64996e-007 -5.4588
Normal: 1 0 2.97439e-005
UV: 0.0081739 1

Position: 1.87468 1.64996e-007 -4.68929
Normal: 1 0 2.97439e-005
UV: 0.0235766 1

Position: 1.87471 4.2795 -5.4588
Normal: 1 0 2.97439e-005
UV: 0.00817388 0.579565

Position: 1.87468 4.2795 -4.68929
Normal: -0 0 1
UV: 0.0970972 0.579726

Position: 1.87468 1.64996e-007 -4.68929
Normal: -0 0 1
UV: 0.097097 1

Position: 1.65302 4.2795 -4.68929
Normal: -0 0 1
UV: 0.139443 0.579804

Position: 1.65302 1.64996e-007 -4.68929
Normal: -0 0 1
UV: 0.139443 1

Position: 1.87468 5.9885 -4.68929
Normal: -0 0 1
UV: 0.0970972 0.188737

Position: 1.65302 5.9885 -4.68929
Normal: -0 0 1
UV: 0.139443 0.188096

Position: 1.87468 5.9885 -4.68929
Normal: 1 0 2.97439e-005
UV: 0.0235766 0.189153

Position: 1.87471 5.9885 -5.4588
Normal: 1 0 2.97439e-005
UV: 0.00817388 0.189153

Position: 4.47513 -1.42109e-014 -5.26322
Normal: -0 0 -1
UV: 0.352142 -0.511225

Position: 1.84099 4.2795 -5.26322
Normal: -0 0 -1
UV: 0.696779 -0.995961

Position: 1.84099 -1.42109e-014 -5.26322
Normal: -0 0 -1
UV: 0.696779 -0.511225

Position: 4.47515 4.2795 -5.26322
Normal: -0 0 -1
UV: 0.352142 -0.995961

Position: 4.46921 4.2795 -5.4588
Normal: -0 0 -1
UV: 0.100755 0.579565

Position: 4.46921 1.64996e-007 -5.4588
Normal: -0 0 -1
UV: 0.100755 0.998008

Position: 5.23872 1.64996e-007 -5.4588
Normal: -0 0 -1
UV: 0.036451 0.998008

Position: 5.23872 4.2795 -5.4588
Normal: -0 0 -1
UV: 0.0364509 0.579565

Position: 4.46921 4.2795 -5.23711
Normal: -1 0 0
UV: 0.134565 0.579804

Position: 4.46921 1.64996e-007 -5.23711
Normal: -1 0 0
UV: 0.134565 1

Position: 4.46921 1.64996e-007 -5.4588
Normal: -1 0 0
UV: 0.100755 0.998008

Position: 4.46921 4.2795 -5.4588
Normal: -1 0 0
UV: 0.100756 0.579726

Position: 4.46921 5.9885 -5.23711
Normal: -1 0 0
UV: 0.134565 0.188096

Position: 4.46921 5.9885 -5.4588
Normal: -1 0 0
UV: 0.100755 0.188737

Position: 4.46921 5.9885 -5.4588
Normal: -0 0 -1
UV: 0.100755 0.189153

Position: 5.23872 5.9885 -5.4588
Normal: -0 0 -1
UV: 0.0364509 0.189153

Position: 5.2387 4.2795 -4.68929
Normal: 1 0 2.85046e-005
UV: 0.0235766 0.579565

Position: 5.23872 1.64996e-007 -5.4588
Normal: 1 0 2.85046e-005
UV: 0.0081739 1

Position: 5.2387 1.64996e-007 -4.68929
Normal: 1 0 2.85046e-005
UV: 0.0235766 1

Position: 5.23872 4.2795 -5.4588
Normal: 1 0 2.85046e-005
UV: 0.00817388 0.579565

Position: 5.2387 4.2795 -4.68929
Normal: -0 0 1
UV: 0.100756 0.579726

Position: 5.2387 1.64996e-007 -4.68929
Normal: -0 0 1
UV: 0.100755 1

Position: 5.01703 4.2795 -4.68929
Normal: -0 0 1
UV: 0.134565 0.579804

Position: 5.01703 1.64996e-007 -4.68929
Normal: -0 0 1
UV: 0.134565 1

Position: 5.01705 4.2795 4.95683
Normal: 1 0 -2.17505e-006
UV: 0.107915 0.571393

Position: 5.01703 1.64996e-007 -4.68929
Normal: 1 0 -2.17505e-006
UV: 0.123706 1

Position: 5.01705 1.64996e-007 4.95683
Normal: 1 0 -2.17505e-006
UV: 0.107915 1

Position: 5.01703 4.2795 -4.68929
Normal: 1 0 -2.17505e-006
UV: 0.123706 0.571393

Position: 5.01705 5.9885 4.95683
Normal: 1 0 -2.17505e-006
UV: 0.111182 0.889589

Position: 5.01703 4.2795 -4.68929
Normal: 1 0 -2.17505e-006
UV: 0.124263 0.991129

Position: 5.01705 4.2795 4.95683
Normal: 1 0 -2.17505e-006
UV: 0.111182 0.991129

Position: 5.01703 5.9885 -4.68929
Normal: 1 0 -2.17505e-006
UV: 0.124263 0.889589

Position: 5.2387 5.9885 -4.68929
Normal: -0 0 1
UV: 0.100755 0.188737

Position: 5.01703 5.9885 -4.68929
Normal: -0 0 1
UV: 0.134565 0.188096

Position: 5.2387 5.9885 -4.68929
Normal: 1 0 2.85046e-005
UV: 0.0235766 0.189153

Position: 5.23872 5.9885 -5.4588
Normal: 1 0 2.85046e-005
UV: 0.00817388 0.189153

Position: -5.23385 -1.42109e-014 4.61172
Normal: -1 0 0
UV: 0.352142 -0.511225

Position: -5.23385 4.2795 1.97758
Normal: -1 0 0
UV: 0.696779 -0.995961

Position: -5.23385 4.2795 4.61174
Normal: -1 0 0
UV: 0.352142 -0.995961

Position: -5.23385 -1.42109e-014 1.97758
Normal: -1 0 0
UV: 0.696779 -0.511225

Position: -5.42943 1.64996e-007 4.6058
Normal: -1 0 0
UV: 0.097097 0.998008

Position: -5.42943 4.2795 4.6058
Normal: -1 0 0
UV: 0.097097 0.579565

Position: -5.42943 1.64996e-007 5.37531
Normal: -1 0 0
UV: 0.036451 0.998008

Position: -5.42943 4.2795 5.37531
Normal: -1 0 0
UV: 0.0364509 0.579565

Position: -5.20774 1.64996e-007 4.6058
Normal: -0 0 -1
UV: 0.139443 1

Position: -5.20774 4.2795 4.6058
Normal: -0 0 -1
UV: 0.139443 0.579804

Position: -5.42943 1.64996e-007 4.6058
Normal: -0 0 -1
UV: 0.097097 0.998008

Position: -5.42943 4.2795 4.6058
Normal: -0 0 -1
UV: 0.0970972 0.579726

Position: -5.20774 5.9885 4.6058
Normal: -0 0 -1
UV: 0.139443 0.188096

Position: -5.42943 5.9885 4.6058
Normal: -0 0 -1
UV: 0.0970972 0.188737

Position: -5.42943 5.9885 4.6058
Normal: -1 0 0
UV: 0.097097 0.189153

Position: -5.42943 5.9885 5.37531
Normal: -1 0 0
UV: 0.0364509 0.189153

Position: -4.65992 4.2795 5.37529
Normal: 3.01181e-005 0 1
UV: 0.0235766 0.579565

Position: -5.42943 1.64996e-007 5.37531
Normal: 3.01181e-005 0 1
UV: 0.0081739 1

Position: -5.42943 4.2795 5.37531
Normal: 3.01181e-005 0 1
UV: 0.00817388 0.579565

Position: -4.65992 1.64996e-007 5.37529
Normal: 3.01181e-005 0 1
UV: 0.0235766 1

Position: -4.65992 4.2795 5.15362
Normal: 1 0 0
UV: 0.139443 0.579804

Position: -4.65992 1.64996e-007 5.37529
Normal: 1 0 0
UV: 0.097097 1

Position: -4.65992 4.2795 5.37529
Normal: 1 0 0
UV: 0.0970972 0.579726

Position: -4.65992 1.64996e-007 5.15362
Normal: 1 0 0
UV: 0.139443 1

Position: 4.66657 4.2795 5.15364
Normal: -2.05488e-006 0 1
UV: 0.107915 0.571393

Position: -4.65992 1.64996e-007 5.15362
Normal: -2.05488e-006 0 1
UV: 0.123706 1

Position: -4.65992 4.2795 5.15362
Normal: -2.05488e-006 0 1
UV: 0.123706 0.571393

Position: 4.66657 1.64996e-007 5.15364
Normal: -2.05488e-006 0 1
UV: 0.107915 1

Position: 4.56054 5.9885 5.15364
Normal: -2.10612e-006 -6.3803e-008 1
UV: 0.111182 0.889589

Position: -4.65992 4.2795 5.15362
Normal: -2.10612e-006 -6.3803e-008 1
UV: 0.124263 0.991129

Position: -4.65992 5.9885 5.15362
Normal: -2.10612e-006 -6.3803e-008 1
UV: 0.124263 0.889589

Position: 4.66657 4.2795 5.15364
Normal: -2.10612e-006 -6.3803e-008 1
UV: 0.111182 0.991129

Position: -4.65992 5.9885 5.37529
Normal: 1 0 0
UV: 0.0970972 0.188737

Position: -4.65992 5.9885 5.15362
Normal: 1 0 0
UV: 0.139443 0.188096

Position: -4.65992 5.9885 5.37529
Normal: 2.97322e-005 0 1
UV: 0.0235766 0.189153

Position: -5.42943 5.9885 5.37531
Normal: 2.97322e-005 0 1
UV: 0.00817388 0.189153

Position: -5.42943 1.64996e-007 1.24179
Normal: -1 0 0
UV: 0.097097 0.998008

Position: -5.42943 4.2795 1.24179
Normal: -1 0 0
UV: 0.097097 0.579565

Position: -5.42943 1.64996e-007 2.0113
Normal: -1 0 0
UV: 0.036451 0.998008

Position: -5.42943 4.2795 2.0113
Normal: -1 0 0
UV: 0.0364509 0.579565

Position: -5.20774 1.64996e-007 1.24179
Normal: -0 0 -1
UV: 0.139443 1

Position: -5.20774 4.2795 1.24179
Normal: -0 0 -1
UV: 0.139443 0.579804

Position: -5.42943 1.64996e-007 1.24179
Normal: -0 0 -1
UV: 0.097097 0.998008

Position: -5.42943 4.2795 1.24179
Normal: -0 0 -1
UV: 0.0970972 0.579726

Position: -5.20774 5.9885 1.24179
Normal: -0 0 -1
UV: 0.139443 0.188096

Position: -5.42943 5.9885 1.24179
Normal: -0 0 -1
UV: 0.0970972 0.188737

Position: -5.42943 5.9885 1.24179
Normal: -1 0 0
UV: 0.097097 0.189153

Position: -5.42943 5.9885 2.0113
Normal: -1 0 0
UV: 0.0364509 0.189153

Position: -4.65992 4.2795 2.01127
Normal: 2.95389e-005 0 1
UV: 0.0235766 0.579565

Position: -5.42943 1.64996e-007 2.0113
Normal: 2.95389e-005 0 1
UV: 0.0081739 1

Position: -5.42943 4.2795 2.0113
Normal: 2.95389e-005 0 1
UV: 0.00817388 0.579565

Position: -4.65992 1.64996e-007 2.01127
Normal: 2.95389e-005 0 1
UV: 0.0235766 1

Position: -4.65992 1.64996e-007 2.01127
Normal: 1 0 0
UV: 0.097097 1

Position: -4.65992 4.2795 2.01127
Normal: 1 0 0
UV: 0.0970972 0.579726

Position: -4.65992 4.2795 1.7896
Normal: 1 0 0
UV: 0.139443 0.579804

Position: -4.65992 1.64996e-007 1.7896
Normal: 1 0 0
UV: 0.139443 1

Position: -4.65992 5.9885 2.01127
Normal: 1 0 0
UV: 0.0970972 0.188737

Position: -4.65992 5.9885 1.7896
Normal: 1 0 0
UV: 0.139443 0.188096

Position: -4.65992 5.9885 2.01127
Normal: 2.97322e-005 0 1
UV: 0.0235766 0.189153

Position: -5.42943 5.9885 2.0113
Normal: 2.97322e-005 0 1
UV: 0.00817388 0.189153

Position: 5.24912 4.2795 5.38191
Normal: -0 0 1
UV: 0.0364509 0.579565

Position: 5.24912 1.64996e-007 5.38191
Normal: -0 0 1
UV: 0.036451 0.998008

Position: 4.47961 4.2795 5.38191
Normal: -0 0 1
UV: 0.097097 0.579565

Position: 4.47961 1.64996e-007 5.38191
Normal: -0 0 1
UV: 0.097097 0.998008

Position: 4.47961 1.64996e-007 5.07832
Normal: -1 0 0
UV: 0.139443 1

Position: 4.47961 4.2795 5.07832
Normal: -1 0 0
UV: 0.139443 0.579804

Position: 4.47961 1.64996e-007 5.38191
Normal: -1 0 0
UV: 0.097097 0.998008

Position: 4.47961 4.2795 5.38191
Normal: -1 0 0
UV: 0.0970972 0.579726

Position: 4.47961 5.9885 5.16022
Normal: -1 -1.32793e-007 0
UV: 0.139443 0.188096

Position: 4.47961 5.9885 5.38191
Normal: -1 -1.32793e-007 0
UV: 0.0970972 0.188737

Position: 5.24912 5.9885 5.38191
Normal: -0 0 1
UV: 0.0364509 0.189153

Position: 4.47961 5.9885 5.38191
Normal: -0 0 1
UV: 0.097097 0.189153

Position: 5.24912 1.64996e-007 5.38191
Normal: 1 0 -2.97439e-005
UV: 0.0081739 1

Position: 5.24912 4.2795 5.38191
Normal: 1 0 -2.97439e-005
UV: 0.00817388 0.579565

Position: 5.2491 4.2795 4.6124
Normal: 1 0 -2.97439e-005
UV: 0.0235766 0.579565

Position: 5.2491 1.64996e-007 4.6124
Normal: 1 0 -2.97439e-005
UV: 0.0235766 1

Position: 4.78466 4.2795 4.6124
Normal: -0 0 -1
UV: 0.139443 0.579804

Position: 4.78466 1.64996e-007 4.6124
Normal: -0 0 -1
UV: 0.139443 1

Position: 5.2491 1.64996e-007 4.6124
Normal: -0 0 -1
UV: 0.097097 1

Position: 5.2491 4.2795 4.6124
Normal: -0 0 -1
UV: 0.0970972 0.579726

Position: 5.02743 5.9885 4.6124
Normal: -0 0 -1
UV: 0.139443 0.188096

Position: 5.2491 5.9885 4.6124
Normal: -0 0 -1
UV: 0.0970972 0.188737

Position: 5.24912 5.9885 5.38191
Normal: 1 0 -2.97439e-005
UV: 0.00817388 0.189153

Position: 5.2491 5.9885 4.6124
Normal: 1 0 -2.97439e-005
UV: 0.0235766 0.189153

Position: -5.44587 6.03877 5.52659
Normal: -0 1 0
UV: 0.283551 0.467165

Position: -5.44587 6.03877 -3.32883
Normal: -0 1 0
UV: 0.283551 0.389174

Position: -2.82004 6.03877 5.51413
Normal: -0 1 -1.29195e-009
UV: 0.267696 0.467165

Position: -3.32318 6.03877 -5.5006
Normal: -0 1 -1.4114e-009
UV: 0.267696 0.389174

Position: 5.33797 6.03877 -5.5006
Normal: -0 1 -1.60654e-009
UV: 0.198312 0.389174

Position: 5.3605 6.03877 5.51413
Normal: -0 1 -1.60654e-009
UV: 0.198312 0.467165

Position: -5.44587 4.29482 -3.32883
Normal: -0 -1 0
UV: 0.283551 0.389174

Position: -5.44587 4.29482 5.52659
Normal: -0 -1 0
UV: 0.283551 0.467165

Position: -2.82004 4.29482 5.51413
Normal: -0 -1 3.30738e-008
UV: 0.267696 0.467165

Position: -3.32318 4.29482 -5.5006
Normal: -0 -1 3.61318e-008
UV: 0.267696 0.389174

Position: 5.33797 4.29482 -5.5006
Normal: -0 -1 4.11274e-008
UV: 0.198312 0.389174

Position: 5.3605 4.29482 5.51413
Normal: -0 -1 4.11274e-008
UV: 0.198312 0.467165

Position: -5.44587 6.03877 5.52659
Normal: 0.00474466 0 0.999989
UV: 0.283551 0.467165

Position: -2.82004 6.03877 5.51413
Normal: 0.00474466 0 0.999989
UV: 0.267696 0.467165

Position: -2.82004 4.29482 5.51413
Normal: 0.00474466 0 0.999989
UV: 0.267696 0.467165

Position: -5.44587 4.29482 5.52659
Normal: 0.00474466 0 0.999989
UV: 0.283551 0.467165

Position: -5.44587 6.03877 -3.32883
Normal: -1 0 0
UV: 0.4479 0.412959

Position: -5.44587 6.03877 5.52659
Normal: -1 0 0
UV: 0.4479 0.425513

Position: -5.44587 4.29482 5.52659
Normal: -1 0 0
UV: 0.4479 0.425513

Position: -5.44587 4.29482 -3.32883
Normal: -1 0 0
UV: 0.4479 0.412959

Position: -5.44587 6.03877 -3.32883
Normal: -0.71514 0 -0.698981
UV: 0.533719 0.373787

Position: -5.44587 4.29482 -3.32883
Normal: -0.71514 0 -0.698981
UV: 0.533719 0.373787

Position: -3.32318 6.03877 -5.5006
Normal: -0.71514 0 -0.698981
UV: 0.522505 0.373787

Position: -3.32318 4.29482 -5.5006
Normal: -0.71514 0 -0.698981
UV: 0.522505 0.373787

Position: -2.82004 6.03877 5.51413
Normal: -0 0 1
UV: 0.267696 0.467165

Position: 5.3605 6.03877 5.51413
Normal: -0 0 1
UV: 0.198312 0.467165

Position: 5.3605 4.29482 5.51413
Normal: -0 0 1
UV: 0.198312 0.467165

Position: -2.82004 4.29482 5.51413
Normal: -0 0 1
UV: 0.267696 0.467165

Position: -3.32318 4.29482 -5.5006
Normal: -0 0 -1
UV: 0.445348 0.412959

Position: 5.33797 4.29482 -5.5006
Normal: -0 0 -1
UV: 0.434179 0.412959

Position: 5.33797 6.03877 -5.5006
Normal: -0 0 -1
UV: 0.434179 0.412959

Position: -3.32318 6.03877 -5.5006
Normal: -0 0 -1
UV: 0.445348 0.412959

Position: 5.3605 6.03877 5.51413
Normal: 0.999998 0 -0.0020454
UV: 0.198312 0.467165

Position: 5.33797 4.29482 -5.5006
Normal: 0.999998 0 -0.0020454
UV: 0.198312 0.389174

Position: 5.3605 4.29482 5.51413
Normal: 0.999998 0 -0.0020454
UV: 0.198312 0.467165

Position: 5.33797 6.03877 -5.5006
Normal: 0.999998 0 -0.0020454
UV: 0.198312 0.389174

Position: 4.7902 5.9885 -5.43182
Normal: -0 -1 -9.36402e-007
UV: 0.0412013 0.176049

Position: 1.15804 5.9885 -5.62281
Normal: -0 -1 -9.36402e-007
UV: 0.0413584 0.176024

Position: 1.15805 5.9885 -5.2954
Normal: -0 -1 -9.36402e-007
UV: 0.0412013 0.176049

Position: 5.49642 5.9885 -5.62807
Normal: -0 -1 -9.36402e-007
UV: 0.0413584 0.176024

Position: 1.15804 5.9885 -5.62281
Normal: -0.00121256 0 -0.999999
UV: 0.101745 0.0966756

Position: 5.49642 5.9885 -5.62807
Normal: -0.00121256 0 -0.999999
UV: 0.101745 0.0966756

Position: 5.49642 6.6556 -5.62807
Normal: -0.00121256 0 -0.999999
UV: 0.106093 0.0796245

Position: 1.15804 6.6556 -5.62281
Normal: -0.00121256 0 -0.999999
UV: 0.106093 0.0796245

Position: 5.10371 6.6556 -5.18675
Normal: -0 1 -2.71981e-007
UV: 0.101188 0.123467

Position: 1.15801 6.6556 -5.21887
Normal: -0 1 -2.71981e-007
UV: 0.101188 0.123467

Position: 1.15804 6.6556 -5.62281
Normal: -0 1 -2.71981e-007
UV: 0.0827621 0.123874

Position: 5.49642 6.6556 -5.62807
Normal: -0 1 -2.71981e-007
UV: 0.0827621 0.123874

Position: 1.15801 6.6556 -5.21887
Normal: -0.00814024 0 0.999967
UV: 0.0678318 0.161784

Position: 5.10371 6.6556 -5.18675
Normal: -0.00814024 0 0.999967
UV: 0.0678318 0.161784

Position: 5.10371 6.57115 -5.18675
Normal: -0.00814024 0 0.999967
UV: 0.0678318 0.162136

Position: 1.15801 6.57115 -5.21887
Normal: -0.00814024 0 0.999967
UV: 0.0678318 0.162136

Position: 1.13877 6.57115 0.384411
Normal: -0 1 0
UV: 0.0626477 0.0672613

Position: 1.15801 6.57115 -5.21887
Normal: -0 1 0
UV: 0.06548 0.0731212

Position: 5.10371 6.57115 -5.18675
Normal: -0 1 0
UV: 0.06548 0.0731212

Position: 4.48294 5.9885 -5.21016
Normal: -0 -1 3.71252e-007
UV: 0.0412013 0.176088

Position: 1.15802 5.9885 -5.13864
Normal: -0 -1 3.71252e-007
UV: 0.0412013 0.176088

Position: 5.25024 5.9885 0.384449
Normal: -0 -1 0
UV: 0.0497867 0.174383

Position: 4.7902 5.9885 -5.43182
Normal: -0 -1 0
UV: 0.0497867 0.183893

Position: 4.48294 5.9885 -5.21016
Normal: -0 -1 0
UV: 0.0402768 0.183893

Position: 5.02546 5.9885 0.384449
Normal: -0 -1 0
UV: 0.0402768 0.174383

Position: 4.7902 5.9885 -5.43182
Normal: -0 -1 1.62074e-007
UV: 0.0402768 0.183893

Position: 5.53071 5.9885 0.384449
Normal: -0 -1 1.62074e-007
UV: 0.0497867 0.174383

Position: 5.49642 5.9885 -5.62807
Normal: -0 -1 1.62074e-007
UV: 0.0497867 0.183893

Position: 5.25024 5.9885 0.384449
Normal: -0 -1 1.62074e-007
UV: 0.0402768 0.174383

Position: 5.53071 6.6556 0.384449
Normal: 0.999984 0 -0.00570274
UV: 0.0520866 0.162659

Position: 5.49642 5.9885 -5.62807
Normal: 0.999984 0 -0.00570274
UV: 0.0331484 0.143721

Position: 5.53071 5.9885 0.384449
Normal: 0.999984 0 -0.00570274
UV: 0.0331484 0.162659

Position: 5.49642 6.6556 -5.62807
Normal: 0.999984 0 -0.00570274
UV: 0.0520866 0.143721

Position: 5.53071 6.6556 0.384449
Normal: -0 1 0
UV: 0.0643822 0.126069

Position: 5.10371 6.6556 -5.18675
Normal: -0 1 0
UV: 0.0720052 0.133692

Position: 5.49642 6.6556 -5.62807
Normal: -0 1 0
UV: 0.0643822 0.133692

Position: 5.10569 6.6556 0.384449
Normal: -0 1 0
UV: 0.0720052 0.126069

Position: 5.10569 6.57115 0.384449
Normal: -1 0 0.000354683
UV: 0.0893744 0.165414

Position: 5.10371 6.6556 -5.18675
Normal: -1 0 0.000354683
UV: 0.067122 0.143161

Position: 5.10569 6.6556 0.384449
Normal: -1 0 0.000354683
UV: 0.067122 0.165414

Position: 5.10371 6.57115 -5.18675
Normal: -1 0 0.000354683
UV: 0.0893744 0.143161

Position: 5.10371 6.57115 -5.18675
Normal: -0 1 0
UV: 0.068551 0.0149846

Position: 5.10569 6.57115 0.384449
Normal: -0 1 0
UV: 0.068551 0.0738897

Position: 1.13877 6.57115 0.384411
Normal: -0 1 0
UV: 0.00964606 0.0444372

Position: -3.39765 5.9885 -5.2954
Normal: -0 -1 0
UV: 0.0412013 0.176049

Position: -5.5219 5.9885 -3.40834
Normal: -0 -1 0
UV: 0.0413584 0.176024

Position: -5.1734 5.9885 -3.47289
Normal: -0 -1 0
UV: 0.0412013 0.176049

Position: -3.33311 5.9885 -5.62281
Normal: -0 -1 0
UV: 0.0413584 0.176024

Position: -5.5219 5.9885 -3.40834
Normal: -0.711218 0 -0.702972
UV: 0.101745 0.0966756

Position: -3.33311 5.9885 -5.62281
Normal: -0.711218 0 -0.702972
UV: 0.101745 0.0966756

Position: -5.5219 6.6556 -3.40834
Normal: -0.711218 0 -0.702972
UV: 0.106093 0.0796245

Position: -3.33311 6.6556 -5.62281
Normal: -0.711218 0 -0.702972
UV: 0.106093 0.0796245

Position: -3.33311 6.6556 -5.62281
Normal: -0 1 7.37323e-007
UV: 0.0827621 0.123874

Position: -5.09688 6.6556 -3.20573
Normal: -0 1 7.37323e-007
UV: 0.101188 0.123467

Position: -5.5219 6.6556 -3.40834
Normal: -0 1 7.37323e-007
UV: 0.0827621 0.123874

Position: -3.1305 6.6556 -5.21887
Normal: -0 1 7.37323e-007
UV: 0.101188 0.123467

Position: -5.09688 6.6556 -3.20573
Normal: 0.715366 0 0.69875
UV: 0.0678318 0.161784

Position: -3.1305 6.6556 -5.21887
Normal: 0.715366 0 0.69875
UV: 0.0678318 0.161784

Position: -5.09688 6.57115 -3.20573
Normal: 0.715366 0 0.69875
UV: 0.0678318 0.162136

Position: -3.1305 6.57115 -5.21887
Normal: 0.715366 0 0.69875
UV: 0.0678318 0.162136

Position: -5.09688 6.57115 -3.20573
Normal: -0 1 -1.945e-007
UV: 0.06548 0.0731212

Position: -3.1305 6.57115 -5.21887
Normal: -0 1 -1.945e-007
UV: 0.06548 0.0731212

Position: -5.01665 5.9885 -3.31612
Normal: -0 -1 0
UV: 0.0412013 0.176088

Position: -3.24089 5.9885 -5.13864
Normal: -0 -1 0
UV: 0.0412013 0.176088

Position: 1.15805 5.9885 -5.2954
Normal: -0 -1 0
UV: 0.0402768 0.174383

Position: -3.24089 5.9885 -5.13864
Normal: -0 -1 0
UV: 0.0497867 0.183893

Position: 1.15802 5.9885 -5.13864
Normal: -0 -1 0
UV: 0.0497867 0.174383

Position: -3.39765 5.9885 -5.2954
Normal: -0 -1 0
UV: 0.0402768 0.183893

Position: 1.15805 5.9885 -5.2954
Normal: -0 -1 0
UV: 0.0497867 0.174383

Position: -3.33311 5.9885 -5.62281
Normal: -0 -1 0
UV: 0.0402768 0.183893

Position: -3.39765 5.9885 -5.2954
Normal: -0 -1 0
UV: 0.0497867 0.183893

Position: 1.15804 5.9885 -5.62281
Normal: -0 -1 0
UV: 0.0402768 0.174383

Position: 1.15804 5.9885 -5.62281
Normal: -0 0 -1
UV: 0.0520866 0.162659

Position: -3.33311 6.6556 -5.62281
Normal: -0 0 -1
UV: 0.0331484 0.143721

Position: -3.33311 5.9885 -5.62281
Normal: -0 0 -1
UV: 0.0520866 0.143721

Position: 1.15804 6.6556 -5.62281
Normal: -0 0 -1
UV: 0.0331484 0.162659

Position: -3.33311 6.6556 -5.62281
Normal: -0 1 0
UV: 0.0720052 0.133692

Position: 1.15804 6.6556 -5.62281
Normal: -0 1 0
UV: 0.0720052 0.126069

Position: -3.1305 6.6556 -5.21887
Normal: -0 1 0
UV: 0.0643822 0.133692

Position: 1.15801 6.6556 -5.21887
Normal: -0 1 0
UV: 0.0643822 0.126069

Position: 1.15801 6.6556 -5.21887
Normal: -9.05158e-007 0 1
UV: 0.0893744 0.165414

Position: -3.1305 6.57115 -5.21887
Normal: -9.05158e-007 0 1
UV: 0.067122 0.143161

Position: -3.1305 6.6556 -5.21887
Normal: -9.05158e-007 0 1
UV: 0.0893744 0.143161

Position: 1.15801 6.57115 -5.21887
Normal: -9.05158e-007 0 1
UV: 0.067122 0.165414

Position: 1.13877 6.57115 0.384411
Normal: -0 1 8.6816e-008
UV: 0.068551 0.0444372

Position: -3.1305 6.57115 -5.21887
Normal: -0 1 8.6816e-008
UV: 0.00964606 0.0149846

Position: 1.15801 6.57115 -5.21887
Normal: -0 1 8.6816e-008
UV: 0.00964606 0.0738897

Position: -5.01665 5.9885 1.359
Normal: -0 -1 5.05656e-008
UV: 0.0402768 0.174383

Position: -5.01665 5.9885 -3.31612
Normal: -0 -1 5.05656e-008
UV: 0.0402768 0.183893

Position: -5.1734 5.9885 1.359
Normal: -0 -1 5.05656e-008
UV: 0.0497867 0.174383

Position: -5.1734 5.9885 -3.47289
Normal: -0 -1 5.05656e-008
UV: 0.0497867 0.183893

Position: -5.1734 5.9885 1.359
Normal: -0 -1 0
UV: 0.0402768 0.174383

Position: -5.5219 5.9885 -3.40834
Normal: -0 -1 0
UV: 0.0497867 0.183893

Position: -5.5219 5.9885 1.359
Normal: -0 -1 0
UV: 0.0497867 0.174383

Position: -5.1734 5.9885 -3.47289
Normal: -0 -1 0
UV: 0.0402768 0.183893

Position: -5.5219 5.9885 1.359
Normal: -1 0 0
UV: 0.0331484 0.162659

Position: -5.5219 5.9885 -3.40834
Normal: -1 0 0
UV: 0.0331484 0.143721

Position: -5.5219 6.6556 1.359
Normal: -1 0 0
UV: 0.0520866 0.162659

Position: -5.5219 6.6556 -3.40834
Normal: -1 0 0
UV: 0.0520866 0.143721

Position: -5.5219 6.6556 1.359
Normal: -0 1 0
UV: 0.0643822 0.126069

Position: -5.09688 6.6556 -3.20573
Normal: -0 1 0
UV: 0.0720052 0.133692

Position: -5.09688 6.6556 1.359
Normal: -0 1 0
UV: 0.0720052 0.126069

Position: -5.5219 6.6556 -3.40834
Normal: -0 1 0
UV: 0.0643822 0.133692

Position: -5.09688 6.6556 1.359
Normal: 1 0 0
UV: 0.067122 0.165414

Position: -5.09688 6.6556 -3.20573
Normal: 1 0 0
UV: 0.067122 0.143161

Position: -5.09688 6.57115 1.359
Normal: 1 0 0
UV: 0.0893744 0.165414

Position: -5.09688 6.57115 -3.20573
Normal: 1 0 0
UV: 0.0893744 0.143161

Position: -5.09688 6.57115 -3.20573
Normal: -0 1 0
UV: 0.068551 0.0149846

Position: -5.09688 6.57115 1.359
Normal: -0 1 0
UV: 0.068551 0.0738897

Position: -5.03396 5.9885 5.42833
Normal: -0 -1 -1.42699e-007
UV: 0.0412013 0.176049

Position: 1.13528 5.9885 5.60839
Normal: -0 -1 -1.42699e-007
UV: 0.0413584 0.176024

Position: 1.13528 5.9885 5.28098
Normal: -0 -1 -1.42699e-007
UV: 0.0412013 0.176049

Position: -5.53071 5.9885 5.62807
Normal: -0 -1 -1.42699e-007
UV: 0.0413584 0.176024

Position: -5.53071 6.6556 5.62807
Normal: 0.00295171 0 0.999996
UV: 0.106093 0.0796245

Position: 1.13528 6.6556 5.60839
Normal: 0.00295171 0 0.999996
UV: 0.106093 0.0796245

Position: 1.13528 5.9885 5.60839
Normal: 0.00295171 0 0.999996
UV: 0.101745 0.0966756

Position: -5.53071 5.9885 5.62807
Normal: 0.00295171 0 0.999996
UV: 0.101745 0.0966756

Position: 1.13528 6.6556 5.60839
Normal: -0 1 1.74405e-007
UV: 0.0827621 0.123874

Position: -5.53071 6.6556 5.62807
Normal: -0 1 1.74405e-007
UV: 0.0827621 0.123874

Position: -5.138 6.6556 5.18675
Normal: -0 1 1.74406e-007
UV: 0.101188 0.123467

Position: 1.13528 6.6556 5.20446
Normal: -0 1 1.74406e-007
UV: 0.101188 0.123467

Position: -5.138 6.57115 5.18675
Normal: 0.00282273 0 -0.999996
UV: 0.0678318 0.162136

Position: 1.13528 6.57115 5.20446
Normal: 0.00282273 0 -0.999996
UV: 0.0678318 0.162136

Position: 1.13528 6.6556 5.20446
Normal: 0.00282273 0 -0.999996
UV: 0.0678318 0.161784

Position: -5.138 6.6556 5.18675
Normal: 0.00282273 0 -0.999996
UV: 0.0678318 0.161784

Position: 1.13528 6.57115 5.20446
Normal: -0 1 0
UV: 0.06548 0.0731212

Position: -5.138 6.57115 5.18675
Normal: -0 1 0
UV: 0.06548 0.0731212

Position: -4.81629 5.9885 5.21016
Normal: -0 -1 -2.12225e-007
UV: 0.0412013 0.176088

Position: 1.13528 5.9885 5.12423
Normal: -0 -1 -2.12225e-007
UV: 0.0412013 0.176088

Position: -5.03396 5.9885 5.42833
Normal: -0 -1 -1.56866e-007
UV: 0.0497867 0.183893

Position: -4.81629 5.9885 5.21016
Normal: -0 -1 -1.56866e-007
UV: 0.0402768 0.183893

Position: -5.53071 5.9885 5.62807
Normal: -0 -1 0
UV: 0.0497867 0.183893

Position: -5.03396 5.9885 5.42833
Normal: -0 -1 0
UV: 0.0402768 0.183893

Position: -5.5219 6.6556 1.359
Normal: -0.999998 0 -0.0020628
UV: 0.0520866 0.162659

Position: -5.53071 6.6556 5.62807
Normal: -0.999998 0 -0.0020628
UV: 0.0520866 0.143721

Position: -5.53071 5.9885 5.62807
Normal: -0.999998 0 -0.0020628
UV: 0.0331484 0.143721

Position: -5.5219 5.9885 1.359
Normal: -0.999998 0 -0.0020628
UV: 0.0331484 0.162659

Position: -5.138 6.6556 5.18675
Normal: -0 1 0
UV: 0.0720052 0.133692

Position: -5.53071 6.6556 5.62807
Normal: -0 1 0
UV: 0.0643822 0.133692

Position: -5.09688 6.57115 1.359
Normal: 0.999942 0 0.0107416
UV: 0.0893744 0.165414

Position: -5.138 6.57115 5.18675
Normal: 0.999942 0 0.0107416
UV: 0.0893744 0.143161

Position: -5.138 6.6556 5.18675
Normal: 0.999942 0 0.0107416
UV: 0.067122 0.143161

Position: -5.09688 6.6556 1.359
Normal: 0.999942 0 0.0107416
UV: 0.067122 0.165414

Position: -5.138 6.57115 5.18675
Normal: -0 1 0
UV: 0.068551 0.0149846

Position: 5.47367 5.9885 5.62807
Normal: -0 -1 1.88221e-006
UV: 0.0413584 0.176024

Position: 4.76745 5.9885 5.43182
Normal: -0 -1 1.88221e-006
UV: 0.0412013 0.176049

Position: 5.47367 5.9885 5.62807
Normal: -0.00453532 0 0.99999
UV: 0.101745 0.0966756

Position: 1.13528 5.9885 5.60839
Normal: -0.00453532 0 0.99999
UV: 0.101745 0.0966756

Position: 5.47367 6.6556 5.62807
Normal: -0.00453532 0 0.99999
UV: 0.106093 0.0796245

Position: 1.13528 6.6556 5.60839
Normal: -0.00453532 0 0.99999
UV: 0.106093 0.0796245

Position: 5.47367 6.6556 5.62807
Normal: -0 1 0
UV: 0.0827621 0.123874

Position: 5.08096 6.6556 5.18675
Normal: -0 1 0
UV: 0.101188 0.123467

Position: 5.08096 6.6556 5.18675
Normal: -0.0044879 0 -0.99999
UV: 0.0678318 0.161784

Position: 1.13528 6.6556 5.20446
Normal: -0.0044879 0 -0.99999
UV: 0.0678318 0.161784

Position: 5.08096 6.57115 5.18675
Normal: -0.0044879 0 -0.99999
UV: 0.0678318 0.162136

Position: 1.13528 6.57115 5.20446
Normal: -0.0044879 0 -0.99999
UV: 0.0678318 0.162136

Position: 5.08096 6.57115 5.18675
Normal: -0 1 -1.60229e-007
UV: 0.06548 0.0731212

Position: 4.46019 5.9885 5.21016
Normal: -0 -1 0
UV: 0.0412013 0.176088

Position: 4.76745 5.9885 5.43182
Normal: -0 -1 1.73861e-007
UV: 0.0497867 0.183893

Position: 4.46019 5.9885 5.21016
Normal: -0 -1 1.73861e-007
UV: 0.0402768 0.183893

Position: 5.47367 5.9885 5.62807
Normal: -0 -1 -9.29508e-008
UV: 0.0497867 0.183893

Position: 4.76745 5.9885 5.43182
Normal: -0 -1 -9.29508e-008
UV: 0.0402768 0.183893

Position: 5.47367 6.6556 5.62807
Normal: 0.999941 0 0.0108772
UV: 0.0520866 0.143721

Position: 5.53071 6.6556 0.384449
Normal: 0.999941 0 0.0108772
UV: 0.0520866 0.162659

Position: 5.47367 5.9885 5.62807
Normal: 0.999941 0 0.0108772
UV: 0.0331484 0.143721

Position: 5.53071 5.9885 0.384449
Normal: 0.999941 0 0.0108772
UV: 0.0331484 0.162659

Position: 5.08096 6.6556 5.18675
Normal: -0 1 1.44479e-008
UV: 0.0720052 0.133692

Position: 5.47367 6.6556 5.62807
Normal: -0 1 1.44479e-008
UV: 0.0643822 0.133692

Position: 5.08096 6.57115 5.18675
Normal: -0.999987 0 -0.0051489
UV: 0.0893744 0.143161

Position: 5.10569 6.57115 0.384449
Normal: -0.999987 0 -0.0051489
UV: 0.0893744 0.165414

Position: 5.08096 6.6556 5.18675
Normal: -0.999987 0 -0.0051489
UV: 0.067122 0.143161

Position: 5.10569 6.6556 0.384449
Normal: -0.999987 0 -0.0051489
UV: 0.067122 0.165414

Position: 5.08096 6.57115 5.18675
Normal: -0 1 1.28281e-007
UV: 0.068551 0.0149846


[INDEX_DATA]
0 2 1
1 3 0
4 6 5
7 6 8
7 5 6
9 11 10
10 12 9
13 15 14
16 18 17
18 19 17
20 22 21
20 23 22
24 26 25
26 27 25
24 28 26
29 31 30
31 32 30
33 35 34
34 36 33
37 39 38
37 40 39
38 39 41
42 44 43
43 45 42
46 48 47
47 49 46
50 52 51
51 53 50
52 50 54
53 51 55
56 58 57
57 59 56
58 56 60
59 57 61
62 64 63
63 65 62
66 68 67
68 66 69
70 72 71
70 73 72
74 73 70
74 75 73
76 69 66
69 76 77
78 80 79
79 81 78
82 84 83
84 85 83
86 87 82
87 84 82
88 78 81
81 89 88
90 92 91
91 93 90
94 96 95
96 94 97
98 100 99
98 101 100
102 101 98
102 103 101
104 97 94
97 104 105
106 108 107
107 109 106
110 112 111
112 113 111
114 116 115
115 117 114
118 120 119
119 121 118
122 123 110
123 112 110
124 106 109
109 125 124
126 128 127
127 129 126
130 132 131
133 131 132
134 136 135
136 137 135
135 137 138
137 139 138
131 133 140
141 140 133
142 144 143
143 145 142
146 148 147
147 149 146
150 152 151
151 153 150
154 156 155
155 157 154
148 159 158
148 146 159
160 161 144
144 142 160
162 164 163
165 163 164
166 168 167
168 169 167
167 169 170
169 171 170
163 165 172
173 172 165
174 176 175
175 177 174
178 180 179
178 181 180
179 183 182
179 180 183
184 185 176
176 174 184
186 188 187
188 189 187
190 192 191
193 191 192
191 193 194
195 194 193
196 197 186
197 188 186
198 200 199
198 201 200
202 204 203
204 202 205
206 205 202
205 206 207
199 209 208
199 200 209
210 212 211
213 211 212
212 215 214
214 213 212
216 218 217
218 216 219
218 219 220
220 221 218
222 224 223
222 225 224
226 228 227
228 226 229
230 232 231
231 232 233
234 236 235
234 237 236
238 240 239
238 241 240
242 244 243
243 245 242
246 248 247
247 249 246
250 252 251
250 253 252
254 256 255
254 257 256
258 260 259
258 261 260
262 264 263
265 266 248
248 246 265
267 269 268
267 270 269
271 273 272
272 274 271
275 277 276
276 278 275
279 281 280
280 282 279
283 285 284
284 286 283
287 289 288
290 292 291
293 290 291
294 296 295
296 297 295
298 300 299
301 298 299
302 304 303
304 305 303
262 307 306
308 292 309
290 309 292
310 312 311
311 313 310
314 316 315
315 317 314
318 320 319
319 321 318
322 324 323
325 323 324
326 328 327
327 329 326
330 332 331
333 335 334
335 336 334
337 339 338
338 340 337
341 343 342
343 344 342
345 347 346
346 348 345
349 351 350
351 352 350
353 354 289
355 357 356
358 355 356
359 361 360
359 362 361
363 365 364
363 366 365
367 369 368
367 370 369
262 372 371
357 355 373
373 374 357
335 376 375
376 335 333
339 378 377
378 339 337
379 381 380
381 379 382
345 384 383
383 347 345
385 387 386
387 385 388
389 289 354
356 391 390
356 357 391
392 394 393
395 393 394
396 397 363
397 366 363
398 400 399
401 399 400
262 371 402
403 391 357
357 374 403
404 405 267
405 270 267
406 407 272
407 274 272
408 410 409
410 411 409
279 282 412
412 413 279
414 416 415
416 417 415
418 288 289

