[FBX_META_DATA]
MeshCount: 5

[MESH_DATA]
VertexCount: 498
IndexCount: 1038
BoneCount: 0
AnimationClips: 1

[VERTEX_DATA]
Position: -0.528049 3.08494 -0.36145
Normal: -1 0 0
UV: 0.787389 0.920512

Position: -0.528049 2.65523 -0.36145
Normal: -1 0 0
UV: 0.787374 0.986832

Position: -0.528049 3.08494 -0.61368
Normal: -1 0 0
UV: 0.826306 0.920512

Position: -0.528049 2.65523 -0.61368
Normal: -1 0 0
UV: 0.826321 0.986832

Position: -0.528049 3.08494 -0.61368
Normal: -0 1 0
UV: 0.627437 0.912716

Position: 0.528049 3.08494 -0.61368
Normal: -0 1 0
UV: 0.790426 0.912724

Position: -0.528049 3.08494 -0.36145
Normal: -0 1 0
UV: 0.627437 0.873799

Position: 0.528049 3.08494 -0.36145
Normal: -0 1 0
UV: 0.790426 0.873791

Position: 0.528049 2.65523 -0.36145
Normal: 1 0 0
UV: 0.856751 0.873792

Position: 0.528049 3.08494 -0.36145
Normal: 1 0 0
UV: 0.790426 0.873791

Position: 0.528049 2.65523 -0.61368
Normal: 1 0 0
UV: 0.856751 0.912723

Position: 0.528049 3.08494 -0.61368
Normal: 1 0 0
UV: 0.790426 0.912724

Position: -0.528049 2.65523 -0.61368
Normal: -0 0 -1
UV: 0.826321 0.986832

Position: 0.528049 2.65523 -0.61368
Normal: -0 0 -1
UV: 0.989344 0.986729

Position: 0.528049 3.08494 -0.61368
Normal: -0 0 -1
UV: 0.9893 0.920403

Position: -0.528049 3.08494 -0.61368
Normal: -0 0 -1
UV: 0.826306 0.920512

Position: -0.528049 3.08494 -0.36145
Normal: -0 0 1
UV: 0.787389 0.920512

Position: 0.528049 3.08494 -0.36145
Normal: -0 0 1
UV: 0.624395 0.920403

Position: 0.528049 2.65523 -0.36145
Normal: -0 0 1
UV: 0.624353 0.986729

Position: -0.528049 2.65523 -0.36145
Normal: -0 0 1
UV: 0.787374 0.986832

Position: 0.920728 0.578242 1.68271
Normal: 1 -1.07304e-007 0
UV: 0.785828 0.10251

Position: 0.920728 0.383122 1.39422
Normal: 1 0 0
UV: 0.785257 0.103042

Position: 0.920728 0.383122 1.68271
Normal: 1 0 0
UV: 0.785828 0.103042

Position: 0.920728 0.579437 1.38929
Normal: 1 -1.8927e-007 0
UV: 0.785247 0.102507

Position: -1.22702 2.65523 1.56974
Normal: -0 1 0
UV: 0.939078 0.797587

Position: 1.22702 2.65523 -1.0939
Normal: -0 1 0
UV: 0.527952 0.797587

Position: 1.22702 2.65523 1.56974
Normal: -0 1 0
UV: 0.939078 0.797587

Position: -1.22702 2.65523 -1.0939
Normal: -0 1 0
UV: 0.527952 0.797587

Position: 1.22702 0.583675 -2.83239
Normal: -0 0 -1
UV: 0.0191702 0.951275

Position: -0 0.583675 -2.83239
Normal: -0 0 -1
UV: 0.208558 0.951275

Position: 1.22702 0.383122 -2.83239
Normal: -0 0 -1
UV: 0.0191703 0.98223

Position: -0 0.383122 -2.83239
Normal: -0 0 -1
UV: 0.208558 0.98223

Position: -0 0.589107 2.83239
Normal: -0 0 1
UV: 0.208558 0.951275

Position: 1.22702 0.589107 2.83239
Normal: -0 0 1
UV: 0.0191702 0.951275

Position: 1.22702 0.383122 2.83239
Normal: -0 0 1
UV: 0.0191703 0.98223

Position: -0 0.383122 2.83239
Normal: -0 0 1
UV: 0.208558 0.98223

Position: 1.22702 2.55519 0.157566
Normal: 1 0 0
UV: 0.19227 0.192486

Position: 1.22702 2.55519 -0.96219
Normal: 1 1.40784e-008 0
UV: 0.19227 0.0381681

Position: 1.22702 1.62236 0.149123
Normal: 1 0 0
UV: 0.106603 0.195605

Position: 1.22702 1.62236 -1.04627
Normal: 1 1.60007e-008 0
UV: 0.106604 0.0359049

Position: 1.10955 1.62236 1.6762
Normal: -0.0014887 0.104397 0.994535
UV: 0.0668924 0.0359049

Position: -1.10955 1.62236 1.6762
Normal: 0.00148874 0.104397 0.994535
UV: 0.0668924 0.0359049

Position: 1.10955 2.49651 1.57625
Normal: -0.00151577 0.0988007 0.995106
UV: 0.0668924 0.195605

Position: -1.10955 2.49651 1.57625
Normal: 0.00151581 0.0988007 0.995106
UV: 0.0668924 0.195605

Position: 1.10955 2.55519 -1.10529
Normal: 0.0013675 0.101839 -0.9948
UV: 0.0668924 0.195605

Position: -1.10955 2.55519 -1.10529
Normal: -0.00136752 0.101839 -0.9948
UV: 0.0668924 0.195605

Position: 1.10955 1.6197 -1.1994
Normal: 0.00137665 0.0954495 -0.995433
UV: 0.0668924 0.0359049

Position: -1.10955 1.6197 -1.1994
Normal: -0.00137667 0.0954495 -0.995433
UV: 0.0668924 0.0359049

Position: -1.22702 1.51126 -1.20687
Normal: -0 1 0
UV: 0.437214 0.590219

Position: 1.22702 1.51126 -2.72686
Normal: -0 1 0
UV: 0.437214 0.824828

Position: 1.22702 1.51126 -1.20687
Normal: -0 1 0
UV: 0.437214 0.590219

Position: -1.22702 1.51126 -2.72686
Normal: -0 1 0
UV: 0.437214 0.824828

Position: 1.22702 0.589107 2.83239
Normal: 1 -1.53348e-007 0
UV: 0.886313 0.357515

Position: 1.22702 0.383122 2.26455
Normal: 1 -3.29864e-007 0
UV: 0.801572 0.389749

Position: 1.22702 0.383122 2.83239
Normal: 1 -3.29864e-007 0
UV: 0.886313 0.389799

Position: 1.22702 0.583686 2.26135
Normal: 1 -1.30502e-007 0
UV: 0.801096 0.358371

Position: 1.22702 1.51126 1.68271
Normal: -0 1 0
UV: 0.433575 0.619025

Position: -0 1.51126 2.83239
Normal: -0 1 0
UV: 0.256125 0.808413

Position: -1.22702 1.51126 1.68271
Normal: -0 1 0
UV: 0.433575 0.619025

Position: -1.10955 1.6197 -1.1994
Normal: -0.00137667 0.0954495 -0.995433
UV: 0.0457797 0.91057

Position: 1.22702 1.51126 -1.20687
Normal: 0.00702416 0.0792727 -0.996828
UV: 0.0290077 0.928702

Position: 1.10955 1.6197 -1.1994
Normal: 0.00137665 0.0954495 -0.995433
UV: 0.0457797 0.91057

Position: -1.22702 1.51126 -1.20687
Normal: -0.00702429 0.0792727 -0.996828
UV: 0.0290077 0.928702

Position: 1.22702 2.65523 -1.0939
Normal: 0.0078382 0.107703 -0.994152
UV: 0.215272 0.928689

Position: -1.22702 2.65523 -1.0939
Normal: -0.00783834 0.107703 -0.994152
UV: 0.215272 0.928689

Position: 1.10955 2.55519 -1.10529
Normal: 0.0013675 0.101839 -0.9948
UV: 0.199732 0.910559

Position: -1.10955 2.55519 -1.10529
Normal: -0.00136752 0.101839 -0.9948
UV: 0.199732 0.910559

Position: 1.22702 1.62236 0.149123
Normal: 1 0 0
UV: 0.475854 0.214235

Position: 1.22702 1.62236 -1.04627
Normal: 1 1.60007e-008 0
UV: 0.307389 0.204832

Position: 1.22702 1.51126 -1.20687
Normal: 1 8.81117e-009 0
UV: 0.283419 0.221415

Position: 1.22702 2.55519 -0.96219
Normal: 1 1.40784e-008 0
UV: 0.319939 0.0596247

Position: 1.22702 2.65523 -1.0939
Normal: 1 7.6937e-008 0
UV: 0.300281 0.0446929

Position: 1.22702 2.55519 0.157566
Normal: 1 0 0
UV: 0.477114 0.0596247

Position: 1.22702 2.65523 1.56974
Normal: 1 1.54365e-007 0
UV: 0.712788 0.044693

Position: 1.22702 2.55519 0.345831
Normal: 1 0 0
UV: 0.505215 0.0596247

Position: 1.22702 1.62236 1.52211
Normal: 1 3.2641e-008 0
UV: 0.690743 0.214235

Position: 1.22702 1.51126 1.68271
Normal: 1 3.39881e-008 0
UV: 0.714713 0.221415

Position: 1.22702 2.55519 1.43803
Normal: 1 2.87375e-008 0
UV: 0.69313 0.0596247

Position: 1.22702 1.62236 0.353546
Normal: 1 0 0
UV: 0.506366 0.214235

Position: 1.22702 2.55519 1.43803
Normal: 1 2.87375e-008 0
UV: 0.19227 0.193254

Position: 1.22702 1.62236 0.353546
Normal: 1 0 0
UV: 0.106604 0.0359049

Position: 1.22702 1.62236 1.52211
Normal: 1 3.2641e-008 0
UV: 0.106603 0.195605

Position: 1.22702 2.55519 0.345831
Normal: 1 0 0
UV: 0.19227 0.0391249

Position: 1.22702 1.05018 -1.20687
Normal: 1 -1.18538e-007 0
UV: 0.283417 0.290192

Position: 1.22702 0.796931 -1.46741
Normal: 1 3.45566e-007 0
UV: 0.244509 0.327232

Position: 1.22702 0.588814 -1.28896
Normal: 0.998977 -0.000742418 -0.0452072
UV: 0.271165 0.357558

Position: 1.22702 0.891859 1.81464
Normal: 1 -5.91127e-007 0
UV: 0.734407 0.313407

Position: 1.22702 1.04475 1.68271
Normal: 1 1.01555e-007 0
UV: 0.714713 0.291045

Position: 1.22702 0.799269 1.52421
Normal: 1 1.25389e-007 0
UV: 0.691055 0.326919

Position: 1.22702 1.05018 2.83239
Normal: 1 0 0
UV: 0.886313 0.290234

Position: 0.613512 1.05018 2.83239
Normal: 4.2142e-008 0 1
UV: 0.805219 0.474441

Position: -0 0.589107 2.83239
Normal: -0 0 1
UV: 0.89384 0.541165

Position: -0 1.05018 2.83239
Normal: -0 0 1
UV: 0.89384 0.474441

Position: 1.22702 0.589107 2.83239
Normal: -0 0 1
UV: 0.710525 0.541165

Position: 1.22702 1.05018 2.83239
Normal: 8.42841e-008 0 1
UV: 0.710525 0.474441

Position: 1.22702 0.583675 -2.72686
Normal: -0 0 -1
UV: 0.437153 0.978371

Position: 0.613512 1.04747 -2.72686
Normal: -0 0 -1
UV: 0.342459 0.911228

Position: -0 0.583675 -2.72686
Normal: -0 0 -1
UV: 0.247765 0.978371

Position: -0 1.04747 -2.72686
Normal: -0 0 -1
UV: 0.247765 0.911228

Position: 1.22702 0.583675 -2.83239
Normal: 1 0 0
UV: 0.0407955 0.358326

Position: 1.22702 0.383122 -2.72686
Normal: 1 -1.26294e-007 0
UV: 0.0565462 0.389799

Position: 1.22702 0.583675 -2.72686
Normal: 1 -5.50363e-008 0
UV: 0.0565462 0.358325

Position: 1.22702 0.383122 -2.83239
Normal: 1 0 0
UV: 0.0407956 0.389799

Position: 1.22702 0.583675 -2.72686
Normal: -0 1 0
UV: 0.436137 0.538896

Position: -0 0.583675 -2.72686
Normal: -0 1 0
UV: 0.246751 0.538896

Position: -0 0.583675 -2.83239
Normal: -0 1 0
UV: 0.246751 0.555185

Position: 1.22702 0.583675 -2.83239
Normal: -0 1 0
UV: 0.436137 0.555185

Position: -0 0.383122 -2.72686
Normal: -0 -1 0
UV: 0.457541 0.409674

Position: 1.22702 0.383122 -2.72686
Normal: -0 -1 0
UV: 0.457541 0.504875

Position: 1.22702 0.383122 -2.83239
Normal: -0 -1 0
UV: 0.465728 0.504875

Position: -0 0.383122 -2.83239
Normal: -0 -1 0
UV: 0.465729 0.409674

Position: 1.22702 1.51126 1.68271
Normal: -0.00700922 0.0738189 0.997247
UV: 0.215272 0.928689

Position: -1.22702 1.51126 1.68271
Normal: 0.00700939 0.0738188 0.997247
UV: 0.215272 0.928689

Position: 1.10955 1.62236 1.6762
Normal: -0.0014887 0.104397 0.994535
UV: 0.199732 0.910559

Position: -1.10955 1.62236 1.6762
Normal: 0.00148874 0.104397 0.994535
UV: 0.199732 0.910559

Position: 1.22702 2.65523 1.56974
Normal: -0.00383147 0.05252 0.998613
UV: 0.0290077 0.928702

Position: 1.10955 2.49651 1.57625
Normal: -0.00151577 0.0988007 0.995106
UV: 0.0457797 0.91057

Position: -1.10955 2.49651 1.57625
Normal: 0.00151581 0.0988007 0.995106
UV: 0.0457797 0.91057

Position: -1.22702 2.65523 1.56974
Normal: 0.00383156 0.05252 0.998613
UV: 0.0290077 0.928702

Position: 1.22702 1.04882 -2.4691
Normal: 1 -1.13508e-008 0
UV: 0.983501 -0.72793

Position: 1.22702 1.27936 -2.72686
Normal: 1 0 0
UV: 0.920566 -0.655894

Position: 1.22702 1.04747 -2.72686
Normal: 1 0 0
UV: 0.983501 -0.655894

Position: 1.22702 1.28004 -2.4691
Normal: 1 0 0
UV: 0.920566 -0.72793

Position: 1.22702 1.278 1.68271
Normal: 1 0 0
UV: 0.714713 0.25623

Position: 1.22702 1.28072 -1.20687
Normal: 1 0 0
UV: 0.283419 0.255825

Position: 1.22702 1.27936 2.6064
Normal: 1 2.51227e-007 0
UV: 0.852582 0.256027

Position: 1.22702 1.04747 2.6064
Normal: 1 -1.45152e-008 0
UV: 0.85258 0.290542

Position: 0.613512 1.28072 2.83239
Normal: 7.02367e-008 0 1
UV: 0.983501 -0.489395

Position: 1.22702 1.28072 2.83239
Normal: 1.40473e-007 0 1
UV: 0.983501 -0.655894

Position: 1.22702 1.05018 2.83239
Normal: 8.42841e-008 0 1
UV: 0.920566 -0.655894

Position: 0.613512 1.05018 2.83239
Normal: 4.2142e-008 0 1
UV: 0.920566 -0.489395

Position: 1.22702 1.51126 -2.72686
Normal: -0 0 -1
UV: 0.437153 0.844086

Position: -1.22702 1.51126 -2.72686
Normal: -0 0 -1
UV: 0.437153 0.844086

Position: 0.613512 1.27936 -2.72686
Normal: -0 0 -1
UV: 0.342459 0.877657

Position: -0.613512 1.27936 -2.72686
Normal: -0 0 -1
UV: 0.342459 0.877657

Position: 1.22702 1.28004 -2.4691
Normal: 1 0 0
UV: 0.0950203 0.255926

Position: 1.22702 1.51126 2.83239
Normal: 1 5.64039e-007 0
UV: 0.886313 0.221415

Position: 1.22702 1.51126 2.83239
Normal: -0 0 1
UV: 0.710525 0.404803

Position: 0.613512 1.28072 2.83239
Normal: 7.02367e-008 0 1
UV: 0.805219 0.430587

Position: -0 1.51126 2.83239
Normal: -0 0 1
UV: 0.89384 0.404803

Position: 1.22702 1.28072 2.83239
Normal: 1.40473e-007 0 1
UV: 0.710525 0.430587

Position: -0 1.28072 2.83239
Normal: -0 0 1
UV: 0.89384 0.430587

Position: 1.22702 1.28072 2.83239
Normal: 1 0 0
UV: 0.983501 -0.655894

Position: 1.22702 1.27936 2.6064
Normal: 1 2.51227e-007 0
UV: 0.983501 -0.72793

Position: 1.22702 1.05018 2.83239
Normal: 1 0 0
UV: 0.920566 -0.655894

Position: 1.22702 1.04747 2.6064
Normal: 1 -1.45152e-008 0
UV: 0.920566 -0.72793

Position: 1.22702 1.04882 -2.4691
Normal: 1 -1.13508e-008 0
UV: 0.0950215 0.29037

Position: 1.22702 1.27936 -2.72686
Normal: -0 0 -1
UV: 0.920566 -0.655894

Position: 0.613512 1.27936 -2.72686
Normal: -0 0 -1
UV: 0.920566 -0.489395

Position: 1.22702 1.04747 -2.72686
Normal: -0 0 -1
UV: 0.983501 -0.655894

Position: 0.613512 1.04747 -2.72686
Normal: -0 0 -1
UV: 0.983501 -0.489395

Position: 1.22702 1.27936 -2.72686
Normal: -0 0 -1
UV: 0.437153 0.877657

Position: 1.22702 1.04747 -2.72686
Normal: -0 0 -1
UV: 0.437153 0.911228

Position: 0.920728 0.383122 -1.28559
Normal: 1 2.80575e-007 0
UV: 0.779949 0.103042

Position: 0.920728 0.58575 -2.16938
Normal: 1 1.79928e-007 0
UV: 0.778244 0.102489

Position: 0.920728 0.383122 -2.17738
Normal: 1 2.80575e-007 0
UV: 0.778229 0.103042

Position: 0.920728 0.588814 -1.28896
Normal: 1 1.83379e-007 0
UV: 0.779942 0.102481

Position: 1.22702 0.383122 -2.17738
Normal: 1 -1.50251e-007 0
UV: 0.138561 0.389799

Position: 1.22702 0.58575 -2.16938
Normal: 1 -8.52948e-008 0
UV: 0.139755 0.358016

Position: 1.22702 1.04747 -2.72686
Normal: 1 0 0
UV: 0.0565462 0.29064

Position: 1.22702 0.79693 -2.01326
Normal: 1 0 0
UV: 0.163038 0.327229

Position: 1.22702 0.89193 -1.73477
Normal: 1 -4.29372e-007 0
UV: 0.204598 0.313375

Position: 0.920728 0.796931 -1.46741
Normal: 1 0 0
UV: 0.779584 0.101956

Position: 0.920728 0.79693 -2.01326
Normal: 1 0 0
UV: 0.778531 0.101957

Position: 0.920728 0.89193 -1.73477
Normal: 1 0 0
UV: 0.779061 0.101717

Position: 0.920728 0.583686 2.26135
Normal: 1 0 0
UV: 0.786923 0.102496

Position: 0.920728 0.383122 2.26455
Normal: 1 0 0
UV: 0.78693 0.103042

Position: 1.22702 0.383122 -1.28559
Normal: 0.993361 -0.00188858 -0.115023
UV: 0.27167 0.389799

Position: 1.22702 0.383122 1.39422
Normal: 1 8.82077e-008 0
UV: 0.671651 0.389742

Position: 1.22702 0.579437 1.38929
Normal: 1 -1.50929e-007 0
UV: 0.670915 0.359014

Position: 1.22702 0.799363 2.10777
Normal: 1 0 0
UV: 0.778164 0.326888

Position: 0.920728 0.799363 2.10777
Normal: 1 0 0
UV: 0.786682 0.101948

Position: 0.920728 0.891859 1.81464
Normal: 1 -1.01733e-007 0
UV: 0.786148 0.101715

Position: 0.920728 0.891859 1.81464
Normal: 1 -1.01733e-007 0
UV: 0.786022 0.1017

Position: 0.920728 0.799269 1.52421
Normal: 1 -4.15274e-007 0
UV: 0.785468 0.10194

Position: 0.920728 0.579437 1.38929
Normal: -0 0.0250965 0.999685
UV: 0.789906 0.112478

Position: 1.22702 0.579437 1.38929
Normal: -0 0.0250965 0.999685
UV: 0.797969 0.112478

Position: 1.22702 0.383122 1.39422
Normal: -0 0.0250965 0.999685
UV: 0.797968 0.117434

Position: 0.920728 0.383122 1.39422
Normal: -0 0.0250965 0.999685
UV: 0.789906 0.117434

Position: 0.920728 0.383122 2.26455
Normal: -0 -0.0159283 -0.999873
UV: 0.77346 0.0912558

Position: 1.22702 0.383122 2.26455
Normal: -0 -0.0159283 -0.999873
UV: 0.781523 0.0912558

Position: 1.22702 0.583686 2.26135
Normal: -0 -0.0159283 -0.999873
UV: 0.781523 0.096285

Position: 0.920728 0.583686 2.26135
Normal: -0 -0.0159283 -0.999873
UV: 0.77346 0.096285

Position: 0.920728 0.799363 2.10777
Normal: -0 -0.953651 -0.300916
UV: 0.781649 0.101825

Position: 1.22702 0.799363 2.10777
Normal: -0 -0.953651 -0.300916
UV: 0.789684 0.101825

Position: 1.22702 0.891859 1.81464
Normal: -0 -0.953651 -0.300916
UV: 0.789686 0.110825

Position: 0.920728 0.891859 1.81464
Normal: -0 -0.953651 -0.300916
UV: 0.781647 0.110825

Position: 0.920728 0.583686 2.26135
Normal: -0 -0.580046 -0.814584
UV: 0.77346 0.096285

Position: 1.22702 0.583686 2.26135
Normal: -0 -0.580046 -0.814584
UV: 0.781523 0.096285

Position: 1.22702 0.799363 2.10777
Normal: -0 -0.580046 -0.814584
UV: 0.781516 0.101502

Position: 0.920728 0.799363 2.10777
Normal: -0 -0.580046 -0.814584
UV: 0.773468 0.101502

Position: 0.920728 0.799269 1.52421
Normal: -0 -0.523084 0.852281
UV: 0.789913 0.107077

Position: 1.22702 0.799269 1.52421
Normal: -0 -0.523084 0.852281
UV: 0.797961 0.107077

Position: 1.22702 0.579437 1.38929
Normal: -0 -0.523084 0.852281
UV: 0.797969 0.112478

Position: 0.920728 0.579437 1.38929
Normal: -0 -0.523084 0.852281
UV: 0.789906 0.112478

Position: 0.920728 0.891859 1.81464
Normal: -0 -0.952754 0.303744
UV: 0.781647 0.110825

Position: 1.22702 0.891859 1.81464
Normal: -0 -0.952754 0.303744
UV: 0.789686 0.110825

Position: 1.22702 0.799269 1.52421
Normal: -0 -0.952754 0.303744
UV: 0.789684 0.119748

Position: 0.920728 0.799269 1.52421
Normal: -0 -0.952754 0.303744
UV: 0.781649 0.119748

Position: 0.920728 0.383122 -1.28559
Normal: -0 -0.0164177 -0.999865
UV: 0.773406 0.0790155

Position: 1.22702 0.383122 -1.28559
Normal: 0.993361 -0.00188858 -0.115023
UV: 0.781477 0.0790155

Position: 1.22702 0.588814 -1.28896
Normal: 0.998977 -0.000742418 -0.0452072
UV: 0.781477 0.0842949

Position: 0.920728 0.588814 -1.28896
Normal: -0 -0.0164177 -0.999865
UV: 0.773406 0.0842949

Position: 0.920728 0.58575 -2.16938
Normal: -0 -0.039443 0.999222
UV: 0.781679 0.0988461

Position: 1.22702 0.58575 -2.16938
Normal: -0 -0.039443 0.999222
UV: 0.78975 0.0988461

Position: 1.22702 0.383122 -2.17738
Normal: -0 -0.039443 0.999222
UV: 0.78975 0.104047

Position: 0.920728 0.383122 -2.17738
Normal: -0 -0.039443 0.999222
UV: 0.781679 0.104047

Position: 1.22702 0.796931 -1.46741
Normal: -1.61013e-007 -0.942286 -0.33481
UV: 0.781464 0.101185

Position: 0.920728 0.89193 -1.73477
Normal: -8.36953e-008 -1 2.04259e-006
UV: 0.773417 0.110192

Position: 0.920728 0.796931 -1.46741
Normal: -1.61013e-007 -0.942286 -0.33481
UV: 0.773419 0.101051

Position: 1.22702 0.89193 -1.73477
Normal: -8.36953e-008 -1 2.05678e-006
UV: 0.781466 0.110327

Position: 0.920728 0.588814 -1.28896
Normal: -0 -0.650909 -0.759156
UV: 0.773406 0.0842949

Position: 1.22702 0.588814 -1.28896
Normal: -0 -0.650909 -0.759156
UV: 0.781477 0.0842949

Position: 1.22702 0.796931 -1.46741
Normal: -0 -0.650909 -0.759156
UV: 0.781469 0.089324

Position: 0.920728 0.796931 -1.46741
Normal: -0 -0.650909 -0.759156
UV: 0.773414 0.089324

Position: 0.920728 0.79693 -2.01326
Normal: -0 -0.59446 0.804125
UV: 0.781687 0.0938056

Position: 1.22702 0.79693 -2.01326
Normal: -0 -0.59446 0.804125
UV: 0.789742 0.0938056

Position: 1.22702 0.58575 -2.16938
Normal: -0 -0.59446 0.804125
UV: 0.78975 0.0988461

Position: 0.920728 0.58575 -2.16938
Normal: -0 -0.59446 0.804125
UV: 0.781679 0.0988461

Position: 0.920728 0.383122 -1.28559
Normal: -0 -1 0
UV: 0.168077 0.0628195

Position: 0.920728 0.383122 1.39422
Normal: -0 -1 0
UV: 0.168076 0.0604806

Position: 1.22702 0.383122 1.39422
Normal: -0 -1 0
UV: 0.167699 0.0604806

Position: 1.22702 0.383122 -1.28559
Normal: -0 -1 0
UV: 0.167698 0.0628195

Position: -0 0.383122 2.83239
Normal: -0 -1 -1.71143e-008
UV: 0.167698 0.0617422

Position: 1.22702 0.383122 2.83239
Normal: -0 -1 -1.71143e-008
UV: 0.170016 0.0617422

Position: 0.920728 0.383122 2.26455
Normal: -0 -1 -1.71143e-008
UV: 0.169304 0.0628672

Position: 1.22702 0.383122 2.26455
Normal: -0 -1 -1.71143e-008
UV: 0.169897 0.0628673

Position: 1.22702 0.383122 -2.72686
Normal: -0 -1 0
UV: 0.170016 0.0628195

Position: 0.920728 0.383122 -2.17738
Normal: -0 -1 0
UV: 0.169198 0.0617377

Position: 1.22702 0.383122 -2.17738
Normal: -0 -1 0
UV: 0.170016 0.0617377

Position: -0 0.383122 -2.72686
Normal: -0 -1 0
UV: 0.167698 0.0628195

Position: 0.920728 0.383122 -1.28559
Normal: -0 -1 0
UV: 0.170016 0.0617213

Position: 0.920728 0.383122 -2.17738
Normal: -0 -1 0
UV: 0.169224 0.0628195

Position: 0.920728 0.383122 2.26455
Normal: -0 -1 0
UV: 0.168271 0.0627859

Position: 0.920728 0.383122 1.68271
Normal: -0 -1 0
UV: 0.167698 0.0619903

Position: -0 0.383122 2.83239
Normal: -0 -1 0
UV: 0.170016 0.0628195

Position: 0.920728 0.383122 1.39422
Normal: -0 -1 0
UV: 0.167737 0.0628199

Position: -0 0.383122 2.83239
Normal: -0 -1 0
UV: 0.170016 0.0615613

Position: 0.920728 0.383122 1.68271
Normal: -0 -1 0
UV: 0.168194 0.0628195

Position: 0.920728 0.383122 -1.28559
Normal: -0 -1 0
UV: 0.16812 0.0622184

Position: -0 0.383122 -2.72686
Normal: -0 -1 0
UV: 0.167698 0.0615613

Position: 0.920728 0.383122 1.39422
Normal: -0 -1 0
UV: 0.169237 0.0628249

Position: 1.22702 0.79693 -2.01326
Normal: -0 -0.94645 0.322852
UV: 0.781464 0.119837

Position: 0.920728 0.79693 -2.01326
Normal: -0 -0.94645 0.322852
UV: 0.773419 0.119702

Position: 1.22702 1.51126 -2.72686
Normal: 1 0 0
UV: 0.0565462 0.221415

Position: 1.22702 1.27936 -2.72686
Normal: 1 0 0
UV: 0.0565462 0.256027

Position: 1.22702 1.28072 2.83239
Normal: 1 0 0
UV: 0.886313 0.255825

Position: -0.920728 0.578242 1.68271
Normal: -1 -9.63584e-008 0
UV: 0.785828 0.10251

Position: -0.920728 0.383122 1.39422
Normal: -1 0 0
UV: 0.785257 0.103042

Position: -0.920728 0.579437 1.38929
Normal: -1 -1.41953e-007 0
UV: 0.785247 0.102507

Position: -0.920728 0.383122 1.68271
Normal: -1 0 0
UV: 0.785828 0.103042

Position: -1.22702 0.383122 -2.83239
Normal: -0 0 -1
UV: 0.0191703 0.98223

Position: -1.22702 0.583675 -2.83239
Normal: -0 0 -1
UV: 0.0191702 0.951275

Position: -1.22702 0.383122 2.83239
Normal: -0 0 1
UV: 0.0191703 0.98223

Position: -1.22702 0.589107 2.83239
Normal: -7.24101e-008 0 1
UV: 0.0191702 0.951275

Position: -1.22702 2.55519 0.157566
Normal: -1 9.80115e-009 0
UV: 0.19227 0.192486

Position: -1.22702 1.62236 0.149123
Normal: -1 9.85258e-009 0
UV: 0.106603 0.195605

Position: -1.22702 2.55519 -0.96219
Normal: -1 3.09805e-009 0
UV: 0.19227 0.0381681

Position: -1.22702 1.62236 -1.04627
Normal: -1 2.12295e-008 0
UV: 0.106604 0.0359049

Position: -1.22702 0.383122 2.83239
Normal: -1 -5.1491e-007 0
UV: 0.886313 0.389799

Position: -1.22702 0.383122 2.26455
Normal: -1 -5.1491e-007 0
UV: 0.801572 0.389749

Position: -1.22702 0.589107 2.83239
Normal: -1 -2.39372e-007 0
UV: 0.886313 0.357515

Position: -1.22702 0.583686 2.26135
Normal: -1 -1.05746e-007 0
UV: 0.801096 0.358371

Position: -1.22702 1.62236 0.149123
Normal: -1 9.85258e-009 0
UV: 0.475854 0.214235

Position: -1.22702 1.51126 -1.20687
Normal: -1 8.81117e-009 0
UV: 0.283419 0.221415

Position: -1.22702 1.62236 -1.04627
Normal: -1 2.12295e-008 0
UV: 0.307389 0.204832

Position: -1.22702 2.65523 -1.0939
Normal: -1 3.39414e-008 0
UV: 0.300281 0.0446929

Position: -1.22702 2.55519 -0.96219
Normal: -1 3.09805e-009 0
UV: 0.319939 0.0596247

Position: -1.22702 2.65523 1.56974
Normal: -1 7.71824e-008 0
UV: 0.712788 0.044693

Position: -1.22702 2.55519 0.157566
Normal: -1 9.80115e-009 0
UV: 0.477114 0.0596247

Position: -1.22702 2.55519 0.345831
Normal: -1 2.51503e-008 0
UV: 0.505215 0.0596247

Position: -1.22702 1.62236 1.52211
Normal: -1 3.76534e-008 0
UV: 0.690743 0.214235

Position: -1.22702 1.51126 1.68271
Normal: -1 3.00153e-008 0
UV: 0.714713 0.221415

Position: -1.22702 2.55519 1.43803
Normal: -1 3.67692e-008 0
UV: 0.69313 0.0596247

Position: -1.22702 1.62236 0.353546
Normal: -1 2.42347e-008 0
UV: 0.506366 0.214235

Position: -1.22702 2.55519 1.43803
Normal: -1 3.67692e-008 0
UV: 0.19227 0.193254

Position: -1.22702 1.62236 0.353546
Normal: -1 2.42347e-008 0
UV: 0.106604 0.0359049

Position: -1.22702 2.55519 0.345831
Normal: -1 2.51503e-008 0
UV: 0.19227 0.0391249

Position: -1.22702 1.62236 1.52211
Normal: -1 3.76534e-008 0
UV: 0.106603 0.195605

Position: -1.22702 1.05018 -1.20687
Normal: -1 -1.42793e-007 0
UV: 0.283417 0.290192

Position: -1.22702 0.588814 -1.28896
Normal: -0.998977 -0.00074248 -0.0452072
UV: 0.271165 0.357558

Position: -1.22702 0.796931 -1.46741
Normal: -1 6.91132e-007 0
UV: 0.244509 0.327232

Position: -1.22702 0.891859 1.81464
Normal: -1 0 0
UV: 0.734407 0.313407

Position: -1.22702 0.799269 1.52421
Normal: -1 9.75944e-008 0
UV: 0.691055 0.326919

Position: -1.22702 1.04475 1.68271
Normal: -1 1.29466e-007 0
UV: 0.714713 0.291045

Position: -1.22702 1.05018 2.83239
Normal: -1 7.07982e-008 0
UV: 0.886313 0.290234

Position: -0.613512 1.05018 2.83239
Normal: -1.11584e-007 0 1
UV: 0.805219 0.474441

Position: -1.22702 0.589107 2.83239
Normal: -7.24101e-008 0 1
UV: 0.710525 0.541165

Position: -1.22702 1.05018 2.83239
Normal: -1.39361e-007 0 1
UV: 0.710525 0.474441

Position: -1.22702 0.583675 -2.72686
Normal: -0 0 -1
UV: 0.437153 0.978371

Position: -0.613512 1.04747 -2.72686
Normal: -0 0 -1
UV: 0.342459 0.911228

Position: -1.22702 0.383122 -2.83239
Normal: -1 0 0
UV: 0.0407956 0.389799

Position: -1.22702 0.583675 -2.83239
Normal: -1 0 0
UV: 0.0407955 0.358326

Position: -1.22702 0.383122 -2.72686
Normal: -1 0 0
UV: 0.0565462 0.389799

Position: -1.22702 0.583675 -2.72686
Normal: -1 -7.95655e-008 0
UV: 0.0565462 0.358325

Position: -1.22702 0.583675 -2.83239
Normal: -0 1 0
UV: 0.436137 0.555185

Position: -1.22702 0.583675 -2.72686
Normal: -0 1 0
UV: 0.436137 0.538896

Position: -1.22702 0.383122 -2.83239
Normal: -0 -1 0
UV: 0.465728 0.504875

Position: -1.22702 0.383122 -2.72686
Normal: -0 -1 0
UV: 0.457541 0.504875

Position: -1.22702 1.04882 -2.4691
Normal: -1 -9.3292e-008 0
UV: 0.983501 -0.72793

Position: -1.22702 1.27936 -2.72686
Normal: -1 0 0
UV: 0.920566 -0.655894

Position: -1.22702 1.28004 -2.4691
Normal: -1 0 0
UV: 0.920566 -0.72793

Position: -1.22702 1.04747 -2.72686
Normal: -1 -1.15717e-007 0
UV: 0.983501 -0.655894

Position: -1.22702 1.278 1.68271
Normal: -1 0 0
UV: 0.714713 0.25623

Position: -1.22702 1.28072 -1.20687
Normal: -1 0 0
UV: 0.283419 0.255825

Position: -1.22702 1.27936 2.6064
Normal: -1 3.34969e-007 0
UV: 0.852582 0.256027

Position: -1.22702 1.04747 2.6064
Normal: -1 1.02223e-007 0
UV: 0.85258 0.290542

Position: -0.613512 1.05018 2.83239
Normal: -1.11584e-007 0 1
UV: 0.920566 -0.489395

Position: -1.22702 1.05018 2.83239
Normal: -1.39361e-007 0 1
UV: 0.920566 -0.655894

Position: -0.613512 1.28072 2.83239
Normal: -4.62949e-008 0 1
UV: 0.983501 -0.489395

Position: -1.22702 1.28072 2.83239
Normal: -9.25896e-008 0 1
UV: 0.983501 -0.655894

Position: -1.22702 1.28004 -2.4691
Normal: -1 0 0
UV: 0.0950203 0.255926

Position: -1.22702 1.51126 2.83239
Normal: -1 7.52052e-007 0
UV: 0.886313 0.221415

Position: -0.613512 1.28072 2.83239
Normal: -4.62949e-008 0 1
UV: 0.805219 0.430587

Position: -1.22702 1.51126 2.83239
Normal: -0 0 1
UV: 0.710525 0.404803

Position: -1.22702 1.28072 2.83239
Normal: -9.25896e-008 0 1
UV: 0.710525 0.430587

Position: -1.22702 1.28072 2.83239
Normal: -1 0 0
UV: 0.983501 -0.655894

Position: -1.22702 1.05018 2.83239
Normal: -1 7.07982e-008 0
UV: 0.920566 -0.655894

Position: -1.22702 1.27936 2.6064
Normal: -1 3.34969e-007 0
UV: 0.983501 -0.72793

Position: -1.22702 1.04747 2.6064
Normal: -1 1.02223e-007 0
UV: 0.920566 -0.72793

Position: -1.22702 1.04882 -2.4691
Normal: -1 -9.3292e-008 0
UV: 0.0950215 0.29037

Position: -0.613512 1.27936 -2.72686
Normal: -0 0 -1
UV: 0.920566 -0.489395

Position: -1.22702 1.04747 -2.72686
Normal: -0 0 -1
UV: 0.983501 -0.655894

Position: -0.613512 1.04747 -2.72686
Normal: -0 0 -1
UV: 0.983501 -0.489395

Position: -1.22702 1.27936 -2.72686
Normal: -0 0 -1
UV: 0.920566 -0.655894

Position: -1.22702 1.27936 -2.72686
Normal: -0 0 -1
UV: 0.437153 0.877657

Position: -1.22702 1.04747 -2.72686
Normal: -0 0 -1
UV: 0.437153 0.911228

Position: -0.920728 0.383122 -1.28559
Normal: -1 3.29483e-007 0
UV: 0.779949 0.103042

Position: -0.920728 0.58575 -2.16938
Normal: -1 2.11291e-007 0
UV: 0.778244 0.102489

Position: -0.920728 0.588814 -1.28896
Normal: -1 2.15344e-007 0
UV: 0.779942 0.102481

Position: -0.920728 0.383122 -2.17738
Normal: -1 3.29483e-007 0
UV: 0.778229 0.103042

Position: -1.22702 0.383122 -2.17738
Normal: -1 0 0
UV: 0.138561 0.389799

Position: -1.22702 0.58575 -2.16938
Normal: -1 0 0
UV: 0.139755 0.358016

Position: -1.22702 0.79693 -2.01326
Normal: -1 -7.26143e-008 0
UV: 0.163038 0.327229

Position: -1.22702 1.04747 -2.72686
Normal: -1 -1.15717e-007 0
UV: 0.0565462 0.29064

Position: -1.22702 0.89193 -1.73477
Normal: -1 -8.58745e-007 0
UV: 0.204598 0.313375

Position: -0.920728 0.796931 -1.46741
Normal: -1 0 0
UV: 0.779584 0.101956

Position: -0.920728 0.79693 -2.01326
Normal: -1 0 0
UV: 0.778531 0.101957

Position: -0.920728 0.89193 -1.73477
Normal: -1 0 0
UV: 0.779061 0.101717

Position: -0.920728 0.383122 2.26455
Normal: -1 0 0
UV: 0.78693 0.103042

Position: -0.920728 0.583686 2.26135
Normal: -1 -2.45709e-008 0
UV: 0.786923 0.102496

Position: -1.22702 0.383122 1.39422
Normal: -1 0 0
UV: 0.671651 0.389742

Position: -1.22702 0.383122 -1.28559
Normal: -0.993361 -0.00188866 -0.115023
UV: 0.27167 0.389799

Position: -1.22702 0.579437 1.38929
Normal: -1 -2.1097e-007 0
UV: 0.670915 0.359014

Position: -1.22702 0.799363 2.10777
Normal: -1 1.32715e-007 0
UV: 0.778164 0.326888

Position: -0.920728 0.799363 2.10777
Normal: -1 -6.48522e-008 0
UV: 0.786682 0.101948

Position: -0.920728 0.891859 1.81464
Normal: -1 -1.25265e-007 0
UV: 0.786148 0.101715

Position: -0.920728 0.891859 1.81464
Normal: -1 -1.25265e-007 0
UV: 0.786022 0.1017

Position: -0.920728 0.799269 1.52421
Normal: -1 -3.11456e-007 0
UV: 0.785468 0.10194

Position: -0.920728 0.579437 1.38929
Normal: -0 0.0250965 0.999685
UV: 0.789906 0.112478

Position: -1.22702 0.383122 1.39422
Normal: -0 0.0250965 0.999685
UV: 0.797968 0.117434

Position: -1.22702 0.579437 1.38929
Normal: -0 0.0250965 0.999685
UV: 0.797969 0.112478

Position: -0.920728 0.383122 1.39422
Normal: -0 0.0250965 0.999685
UV: 0.789906 0.117434

Position: -0.920728 0.383122 2.26455
Normal: -0 -0.0159283 -0.999873
UV: 0.77346 0.0912558

Position: -1.22702 0.583686 2.26135
Normal: -0 -0.0159283 -0.999873
UV: 0.781523 0.096285

Position: -1.22702 0.383122 2.26455
Normal: -0 -0.0159283 -0.999873
UV: 0.781523 0.0912558

Position: -0.920728 0.583686 2.26135
Normal: -0 -0.0159283 -0.999873
UV: 0.77346 0.096285

Position: -0.920728 0.799363 2.10777
Normal: -0 -0.953651 -0.300916
UV: 0.781649 0.101825

Position: -1.22702 0.891859 1.81464
Normal: -0 -0.953651 -0.300916
UV: 0.789686 0.110825

Position: -1.22702 0.799363 2.10777
Normal: -0 -0.953651 -0.300916
UV: 0.789684 0.101825

Position: -0.920728 0.891859 1.81464
Normal: -0 -0.953651 -0.300916
UV: 0.781647 0.110825

Position: -0.920728 0.583686 2.26135
Normal: -0 -0.580046 -0.814584
UV: 0.77346 0.096285

Position: -1.22702 0.799363 2.10777
Normal: -0 -0.580046 -0.814584
UV: 0.781516 0.101502

Position: -1.22702 0.583686 2.26135
Normal: -0 -0.580046 -0.814584
UV: 0.781523 0.096285

Position: -0.920728 0.799363 2.10777
Normal: -0 -0.580046 -0.814584
UV: 0.773468 0.101502

Position: -0.920728 0.799269 1.52421
Normal: -0 -0.523084 0.852281
UV: 0.789913 0.107077

Position: -1.22702 0.579437 1.38929
Normal: -0 -0.523084 0.852281
UV: 0.797969 0.112478

Position: -1.22702 0.799269 1.52421
Normal: -0 -0.523084 0.852281
UV: 0.797961 0.107077

Position: -0.920728 0.579437 1.38929
Normal: -0 -0.523084 0.852281
UV: 0.789906 0.112478

Position: -0.920728 0.891859 1.81464
Normal: -0 -0.952754 0.303744
UV: 0.781647 0.110825

Position: -1.22702 0.799269 1.52421
Normal: -0 -0.952754 0.303744
UV: 0.789684 0.119748

Position: -1.22702 0.891859 1.81464
Normal: -0 -0.952754 0.303744
UV: 0.789686 0.110825

Position: -0.920728 0.799269 1.52421
Normal: -0 -0.952754 0.303744
UV: 0.781649 0.119748

Position: -0.920728 0.383122 -1.28559
Normal: -0 -0.0164177 -0.999865
UV: 0.773406 0.0790155

Position: -1.22702 0.588814 -1.28896
Normal: -0.998977 -0.00074248 -0.0452072
UV: 0.781477 0.0842949

Position: -1.22702 0.383122 -1.28559
Normal: -0.993361 -0.00188866 -0.115023
UV: 0.781477 0.0790155

Position: -0.920728 0.588814 -1.28896
Normal: -0 -0.0164177 -0.999865
UV: 0.773406 0.0842949

Position: -0.920728 0.58575 -2.16938
Normal: -0 -0.039443 0.999222
UV: 0.781679 0.0988461

Position: -1.22702 0.383122 -2.17738
Normal: -0 -0.039443 0.999222
UV: 0.78975 0.104047

Position: -1.22702 0.58575 -2.16938
Normal: -0 -0.039443 0.999222
UV: 0.78975 0.0988461

Position: -0.920728 0.383122 -2.17738
Normal: -0 -0.039443 0.999222
UV: 0.781679 0.104047

Position: -1.22702 0.796931 -1.46741
Normal: 1.71459e-007 -0.942286 -0.33481
UV: 0.781464 0.101185

Position: -0.920728 0.796931 -1.46741
Normal: 1.71459e-007 -0.942286 -0.33481
UV: 0.773419 0.101051

Position: -0.920728 0.89193 -1.73477
Normal: 8.9125e-008 -1 2.04259e-006
UV: 0.773417 0.110192

Position: -1.22702 0.89193 -1.73477
Normal: 8.9125e-008 -1 2.05678e-006
UV: 0.781466 0.110327

Position: -0.920728 0.588814 -1.28896
Normal: -0 -0.650909 -0.759156
UV: 0.773406 0.0842949

Position: -1.22702 0.796931 -1.46741
Normal: -0 -0.650909 -0.759156
UV: 0.781469 0.089324

Position: -1.22702 0.588814 -1.28896
Normal: -0 -0.650909 -0.759156
UV: 0.781477 0.0842949

Position: -0.920728 0.796931 -1.46741
Normal: -0 -0.650909 -0.759156
UV: 0.773414 0.089324

Position: -0.920728 0.79693 -2.01326
Normal: -0 -0.59446 0.804125
UV: 0.781687 0.0938056

Position: -1.22702 0.58575 -2.16938
Normal: -0 -0.59446 0.804125
UV: 0.78975 0.0988461

Position: -1.22702 0.79693 -2.01326
Normal: -0 -0.59446 0.804125
UV: 0.789742 0.0938056

Position: -0.920728 0.58575 -2.16938
Normal: -0 -0.59446 0.804125
UV: 0.781679 0.0988461

Position: -0.920728 0.383122 1.39422
Normal: -0 -1 0
UV: 0.168076 0.0604806

Position: -0.920728 0.383122 -1.28559
Normal: -0 -1 0
UV: 0.168077 0.0628195

Position: -1.22702 0.383122 1.39422
Normal: -0 -1 0
UV: 0.167699 0.0604806

Position: -1.22702 0.383122 -1.28559
Normal: -0 -1 0
UV: 0.167698 0.0628195

Position: -1.22702 0.383122 2.83239
Normal: -0 -1 0
UV: 0.170016 0.0617422

Position: -0.920728 0.383122 2.26455
Normal: -0 -1 0
UV: 0.169304 0.0628672

Position: -1.22702 0.383122 2.26455
Normal: -0 -1 0
UV: 0.169897 0.0628673

Position: -0.920728 0.383122 -2.17738
Normal: -0 -1 0
UV: 0.169198 0.0617377

Position: -1.22702 0.383122 -2.72686
Normal: -0 -1 0
UV: 0.170016 0.0628195

Position: -1.22702 0.383122 -2.17738
Normal: -0 -1 0
UV: 0.170016 0.0617377

Position: -0.920728 0.383122 -2.17738
Normal: -0 -1 0
UV: 0.169224 0.0628195

Position: -0.920728 0.383122 -1.28559
Normal: -0 -1 0
UV: 0.170016 0.0617213

Position: -0.920728 0.383122 2.26455
Normal: -0 -1 0
UV: 0.168271 0.0627859

Position: -0.920728 0.383122 1.68271
Normal: -0 -1 0
UV: 0.167698 0.0619903

Position: -0.920728 0.383122 1.39422
Normal: -0 -1 0
UV: 0.167737 0.0628199

Position: -0.920728 0.383122 1.68271
Normal: -0 -1 0
UV: 0.168194 0.0628195

Position: -0.920728 0.383122 -1.28559
Normal: -0 -1 0
UV: 0.16812 0.0622184

Position: -0.920728 0.383122 1.39422
Normal: -0 -1 0
UV: 0.169237 0.0628249

Position: -1.22702 0.79693 -2.01326
Normal: -0 -0.94645 0.322852
UV: 0.781464 0.119837

Position: -0.920728 0.79693 -2.01326
Normal: -0 -0.94645 0.322852
UV: 0.773419 0.119702

Position: -1.22702 1.51126 -2.72686
Normal: -1 0 0
UV: 0.0565462 0.221415

Position: -1.22702 1.27936 -2.72686
Normal: -1 0 0
UV: 0.0565462 0.256027

Position: -1.22702 1.28072 2.83239
Normal: -1 0 0
UV: 0.886313 0.255825

Position: 1.26195 1.69518 -1.05062
Normal: -0 0.938582 -0.345056
UV: 0.551228 0.962802

Position: 1.60354 1.64719 -1.18117
Normal: -0 0.938582 -0.345056
UV: 0.507951 0.941301

Position: 1.66481 1.69518 -1.05062
Normal: -0 0.938582 -0.345056
UV: 0.507951 0.962802

Position: 1.32322 1.64719 -1.18117
Normal: -0 0.938582 -0.345056
UV: 0.551228 0.941301

Position: 1.32322 1.42763 -1.18117
Normal: -0 0 -1
UV: 0.55211 0.868203

Position: 1.60354 1.42763 -1.18117
Normal: -0 0 -1
UV: 0.508833 0.868203

Position: 1.60354 1.64719 -1.18117
Normal: -0 0 -1
UV: 0.508833 0.873794

Position: 1.32322 1.64719 -1.18117
Normal: -0 0 -1
UV: 0.55211 0.873794

Position: 1.26195 1.37964 -1.05062
Normal: -0 -0.938583 -0.345052
UV: 0.55211 0.846734

Position: 1.66481 1.37964 -1.05062
Normal: -0 -0.938583 -0.345052
UV: 0.508833 0.846734

Position: 1.60354 1.42763 -1.18117
Normal: -0 -0.938583 -0.345052
UV: 0.508833 0.868203

Position: 1.32322 1.42763 -1.18117
Normal: -0 -0.938583 -0.345053
UV: 0.55211 0.868203

Position: 1.26195 1.69518 -1.05062
Normal: -0 0 1
UV: 0.534695 0.88963

Position: 1.66481 1.69518 -1.05062
Normal: -0 0 1
UV: 0.524483 0.88963

Position: 1.66481 1.37964 -1.05062
Normal: -0 0 1
UV: 0.524483 0.901123

Position: 1.26195 1.37964 -1.05062
Normal: -0 0 1
UV: 0.534695 0.901123

Position: 1.26195 1.37964 -1.05062
Normal: -0.905248 0 -0.424884
UV: 0.596833 0.962802

Position: 1.32322 1.64719 -1.18117
Normal: -0.905248 0 -0.424884
UV: 0.551228 0.941301

Position: 1.26195 1.69518 -1.05062
Normal: -0.905248 0 -0.424884
UV: 0.551228 0.962802

Position: 1.32322 1.42763 -1.18117
Normal: -0.905248 0 -0.424884
UV: 0.596833 0.941301

Position: 1.60354 1.64719 -1.18117
Normal: 0.905247 0 -0.424885
UV: 0.507951 0.941301

Position: 1.66481 1.37964 -1.05062
Normal: 0.905247 0 -0.424885
UV: 0.462358 0.962802

Position: 1.66481 1.69518 -1.05062
Normal: 0.905247 0 -0.424885
UV: 0.507951 0.962802

Position: 1.60354 1.42763 -1.18117
Normal: 0.905247 0 -0.424885
UV: 0.462358 0.941301

Position: -1.16845 0.457611 1.82875
Normal: -0 0.707107 0.707107
UV: 0.843159 0.0736374

Position: 1.16845 0.457611 1.82875
Normal: -0 0.707107 0.707107
UV: 0.844434 0.0736374

Position: 1.16845 0.356283 1.93008
Normal: -0 0.707107 0.707107
UV: 0.844434 0.0723624

Position: -1.16845 0.356283 1.93008
Normal: -0 0.707107 0.707107
UV: 0.843159 0.0723624

Position: -1.16845 0.356283 1.72742
Normal: -0 0.707107 -0.707107
UV: 0.843159 0.0749122

Position: 1.16845 0.356283 1.72742
Normal: -0 0.707107 -0.707107
UV: 0.844434 0.0749122

Position: 1.16845 0.457611 1.82875
Normal: -0 0.707107 -0.707107
UV: 0.844434 0.0736374

Position: -1.16845 0.457611 1.82875
Normal: -0 0.707107 -0.707107
UV: 0.843159 0.0736374

Position: -1.16845 0.254954 1.82875
Normal: -0 -0.707107 -0.707107
UV: 0.843159 0.0761871

Position: 1.16845 0.254954 1.82875
Normal: -0 -0.707107 -0.707107
UV: 0.844434 0.0761871

Position: 1.16845 0.356283 1.72742
Normal: -0 -0.707107 -0.707107
UV: 0.844434 0.0749122

Position: -1.16845 0.356283 1.72742
Normal: -0 -0.707107 -0.707107
UV: 0.843159 0.0749122

Position: -1.16845 0.356283 1.93008
Normal: -0 -0.707107 0.707107
UV: 0.843159 0.0774621

Position: 1.16845 0.356283 1.93008
Normal: -0 -0.707107 0.707107
UV: 0.844434 0.0774621

Position: 1.16845 0.254954 1.82875
Normal: -0 -0.707107 0.707107
UV: 0.844434 0.0761871

Position: -1.16845 0.254954 1.82875
Normal: -0 -0.707107 0.707107
UV: 0.843159 0.0761871

Position: -1.16845 0.457611 -1.72644
Normal: -0 0.707107 0.707107
UV: 0.843159 0.0736374

Position: 1.16845 0.457611 -1.72644
Normal: -0 0.707107 0.707107
UV: 0.844434 0.0736374

Position: 1.16845 0.356283 -1.62511
Normal: -0 0.707107 0.707107
UV: 0.844434 0.0723624

Position: -1.16845 0.356283 -1.62511
Normal: -0 0.707107 0.707107
UV: 0.843159 0.0723624

Position: -1.16845 0.356283 -1.82777
Normal: -0 0.707107 -0.707107
UV: 0.843159 0.0749122

Position: 1.16845 0.356283 -1.82777
Normal: -0 0.707107 -0.707107
UV: 0.844434 0.0749122

Position: 1.16845 0.457611 -1.72644
Normal: -0 0.707107 -0.707107
UV: 0.844434 0.0736374

Position: -1.16845 0.457611 -1.72644
Normal: -0 0.707107 -0.707107
UV: 0.843159 0.0736374

Position: -1.16845 0.254954 -1.72644
Normal: -0 -0.707107 -0.707107
UV: 0.843159 0.0761871

Position: 1.16845 0.254954 -1.72644
Normal: -0 -0.707107 -0.707107
UV: 0.844434 0.0761871

Position: 1.16845 0.356283 -1.82777
Normal: -0 -0.707107 -0.707107
UV: 0.844434 0.0749122

Position: -1.16845 0.356283 -1.82777
Normal: -0 -0.707107 -0.707107
UV: 0.843159 0.0749122

Position: -1.16845 0.356283 -1.62511
Normal: -0 -0.707107 0.707107
UV: 0.843159 0.0774621

Position: 1.16845 0.356283 -1.62511
Normal: -0 -0.707107 0.707107
UV: 0.844434 0.0774621

Position: 1.16845 0.254954 -1.72644
Normal: -0 -0.707107 0.707107
UV: 0.844434 0.0761871

Position: -1.16845 0.254954 -1.72644
Normal: -0 -0.707107 0.707107
UV: 0.843159 0.0761871

Position: -1.60354 1.64719 -1.18117
Normal: -0 0.938582 -0.345056
UV: 0.507951 0.941301

Position: -1.26195 1.69518 -1.05062
Normal: -0 0.938582 -0.345056
UV: 0.551228 0.962802

Position: -1.66481 1.69518 -1.05062
Normal: -0 0.938582 -0.345056
UV: 0.507951 0.962802

Position: -1.32322 1.64719 -1.18117
Normal: -0 0.938582 -0.345056
UV: 0.551228 0.941301

Position: -1.32322 1.42763 -1.18117
Normal: -0 0 -1
UV: 0.55211 0.868203

Position: -1.60354 1.64719 -1.18117
Normal: -0 0 -1
UV: 0.508833 0.873794

Position: -1.60354 1.42763 -1.18117
Normal: -0 0 -1
UV: 0.508833 0.868203

Position: -1.32322 1.64719 -1.18117
Normal: -0 0 -1
UV: 0.55211 0.873794

Position: -1.66481 1.37964 -1.05062
Normal: -0 -0.938583 -0.345052
UV: 0.508833 0.846734

Position: -1.26195 1.37964 -1.05062
Normal: -0 -0.938583 -0.345052
UV: 0.55211 0.846734

Position: -1.60354 1.42763 -1.18117
Normal: -0 -0.938583 -0.345052
UV: 0.508833 0.868203

Position: -1.32322 1.42763 -1.18117
Normal: -0 -0.938583 -0.345052
UV: 0.55211 0.868203

Position: -1.26195 1.69518 -1.05062
Normal: -0 0 1
UV: 0.534695 0.88963

Position: -1.66481 1.37964 -1.05062
Normal: -0 0 1
UV: 0.524483 0.901123

Position: -1.66481 1.69518 -1.05062
Normal: -0 0 1
UV: 0.524483 0.88963

Position: -1.26195 1.37964 -1.05062
Normal: -0 0 1
UV: 0.534695 0.901123

Position: -1.32322 1.64719 -1.18117
Normal: 0.905248 0 -0.424884
UV: 0.551228 0.941301

Position: -1.26195 1.37964 -1.05062
Normal: 0.905248 0 -0.424884
UV: 0.596833 0.962802

Position: -1.26195 1.69518 -1.05062
Normal: 0.905248 0 -0.424884
UV: 0.551228 0.962802

Position: -1.32322 1.42763 -1.18117
Normal: 0.905248 0 -0.424884
UV: 0.596833 0.941301

Position: -1.60354 1.42763 -1.18117
Normal: -0.905247 0 -0.424885
UV: 0.462358 0.941301

Position: -1.60354 1.64719 -1.18117
Normal: -0.905247 0 -0.424885
UV: 0.507951 0.941301

Position: -1.66481 1.37964 -1.05062
Normal: -0.905247 0 -0.424885
UV: 0.462358 0.962802

Position: -1.66481 1.69518 -1.05062
Normal: -0.905247 0 -0.424885
UV: 0.507951 0.962802

Position: 1.22702 1.51126 2.83239
Normal: -0 1 0
UV: 0.256125 0.619025

Position: -1.22702 1.51126 2.83239
Normal: -0 1 0
UV: 0.256125 0.619025


[INDEX_DATA]
0 2 1
1 2 3
4 6 5
7 5 6
8 10 9
9 10 11
12 14 13
12 15 14
16 18 17
16 19 18
20 22 21
21 23 20
24 26 25
25 27 24
28 30 29
31 29 30
32 34 33
32 35 34
36 38 37
38 39 37
40 42 41
43 41 42
44 46 45
47 45 46
48 50 49
49 51 48
52 54 53
53 55 52
56 58 57
59 61 60
62 59 60
63 65 64
65 66 64
63 60 61
61 65 63
67 69 68
68 71 70
68 69 71
72 71 73
73 74 72
73 76 75
75 77 73
72 74 78
78 67 72
79 81 80
80 82 79
83 85 84
86 88 87
52 55 89
90 92 91
91 93 90
94 90 93
95 97 96
97 98 96
99 101 100
100 102 99
103 105 104
103 106 105
107 109 108
107 110 109
111 113 112
113 114 112
115 116 111
116 113 111
117 116 115
118 117 115
119 121 120
120 122 119
123 87 83
83 124 123
125 126 123
126 87 123
127 129 128
127 130 129
131 133 132
133 134 132
69 124 135
76 123 124
124 69 76
136 125 76
137 139 138
138 140 137
139 141 138
90 138 141
141 92 90
142 144 143
144 145 143
83 146 135
135 124 83
147 149 148
150 148 149
151 133 131
95 96 152
153 155 154
154 156 153
157 100 101
101 158 157
146 101 159
146 160 101
83 161 146
154 163 162
162 156 154
163 164 162
165 166 22
22 20 165
167 169 168
169 167 85
87 88 83
126 170 86
20 172 171
171 165 20
173 20 174
23 174 20
175 177 176
175 178 177
179 181 180
179 182 181
183 185 184
183 186 185
187 189 188
187 190 189
191 193 192
191 194 193
195 197 196
195 198 197
199 201 200
199 202 201
203 205 204
203 206 205
207 209 208
208 210 207
211 213 212
211 214 213
215 217 216
215 218 217
219 221 220
221 219 222
223 225 224
225 226 224
227 229 228
228 230 227
230 232 231
233 235 234
236 238 237
235 240 239
239 241 235
74 73 77
71 72 70
76 69 67
67 78 76
76 78 75
208 242 210
208 243 242
83 84 161
146 161 160
244 135 245
69 135 244
246 125 136
76 125 123
126 86 87
55 170 126
126 89 55
88 169 83
169 85 83
101 160 158
247 249 248
248 250 247
251 29 31
251 252 29
35 32 253
254 253 32
255 257 256
256 257 258
259 261 260
261 262 260
59 62 64
64 66 59
263 265 264
264 265 266
265 267 266
268 266 269
269 270 268
271 272 268
268 273 271
263 274 269
270 269 274
275 277 276
276 278 275
279 281 280
282 284 283
261 285 262
91 92 286
286 287 91
287 286 288
289 290 97
97 290 98
291 293 292
294 292 293
295 296 105
104 105 296
110 107 297
298 297 107
112 117 118
112 114 117
133 98 134
299 301 300
300 302 299
303 304 279
279 284 303
303 306 305
306 303 284
307 309 308
310 308 309
264 311 304
272 264 304
304 303 272
312 272 305
141 139 313
314 313 139
314 315 313
92 141 286
313 286 141
316 318 317
317 318 319
279 304 311
311 320 279
321 323 322
322 324 321
325 132 134
289 326 290
327 329 328
328 330 327
331 332 294
294 293 331
333 320 294
320 334 294
279 320 335
336 338 337
328 329 336
336 337 328
339 340 250
340 247 250
341 343 342
343 280 342
284 279 283
306 282 344
247 340 345
345 346 247
347 348 247
247 348 249
349 351 350
350 352 349
353 355 354
354 356 353
357 359 358
358 360 357
361 363 362
362 364 361
365 367 366
366 368 365
369 371 370
370 372 369
373 375 374
374 376 373
377 379 378
378 380 377
381 383 382
381 384 383
385 387 386
386 388 385
389 391 390
390 392 389
393 395 394
395 396 394
397 398 223
397 399 398
400 402 401
401 230 400
230 404 403
405 406 235
407 237 408
235 410 409
409 240 235
270 273 268
266 267 269
263 264 272
272 274 263
272 271 274
383 384 411
411 412 383
279 335 281
320 333 335
413 414 311
264 413 311
415 312 305
272 303 305
306 284 282
306 344 262
262 285 306
279 280 343
343 283 279
294 332 333
416 418 417
417 419 416
420 422 421
420 423 422
424 426 425
424 427 426
428 430 429
428 431 430
432 434 433
433 435 432
436 438 437
437 439 436
440 442 441
440 443 442
444 446 445
444 447 446
448 450 449
448 451 450
452 454 453
452 455 454
456 458 457
456 459 458
460 462 461
460 463 462
464 466 465
464 467 466
468 470 469
468 471 470
472 474 473
473 475 472
476 478 477
477 479 476
480 482 481
482 483 481
484 486 485
485 487 484
488 490 489
489 491 488
492 494 493
495 493 494
56 57 496
58 497 57
98 290 134
133 96 98

[MESH_DATA]
VertexCount: 51
IndexCount: 138
BoneCount: 0
AnimationClips: 1

[VERTEX_DATA]
Position: -1.2483 0.712714 -1.92742
Normal: -0 0.866026 -0.499999
UV: 0.79712 0.0234257

Position: -1.2483 0.573208 -2.06692
Normal: -0 0.5 -0.866025
UV: 0.79712 0.024633

Position: -1.01502 0.712714 -1.92742
Normal: -0 0.866026 -0.499999
UV: 0.769846 0.0234253

Position: -1.01502 0.573208 -2.06692
Normal: -0 0.5 -0.866025
UV: 0.769845 0.024633

Position: -1.2483 0.382638 -2.11799
Normal: -0 -1.25365e-006 -1
UV: 0.79712 0.0258406

Position: -1.01502 0.382638 -2.11799
Normal: -0 -1.25365e-006 -1
UV: 0.769845 0.0258406

Position: -1.2483 0.192069 -2.06692
Normal: -0 -0.5 -0.866025
UV: 0.79712 0.0270481

Position: -1.01502 0.192069 -2.06692
Normal: -0 -0.5 -0.866025
UV: 0.769845 0.0270481

Position: -1.2483 0.0525623 -1.92742
Normal: -0 -0.866026 -0.5
UV: 0.79712 0.0282556

Position: -1.01502 0.0525623 -1.92742
Normal: -0 -0.866026 -0.5
UV: 0.769846 0.0282558

Position: -1.2483 0.00149908 -1.73685
Normal: -0 -1 4.93457e-007
UV: 0.797134 0.0294631

Position: -1.01502 0.00149908 -1.73685
Normal: -0 -1 4.93457e-007
UV: 0.769859 0.0294635

Position: -1.2483 0.0525625 -1.54628
Normal: -0 -0.866025 0.5
UV: 0.797148 0.0306706

Position: -1.01502 0.0525625 -1.54628
Normal: -0 -0.866025 0.5
UV: 0.769873 0.0306711

Position: -1.2483 0.192069 -1.40677
Normal: -0 -0.500001 0.866025
UV: 0.797161 0.0318781

Position: -1.01502 0.192069 -1.40677
Normal: -0 -0.500001 0.866025
UV: 0.769886 0.0318788

Position: -1.2483 0.382638 -1.35571
Normal: -0 -6.26824e-007 1
UV: 0.797185 0.0330856

Position: -1.01502 0.382638 -1.35571
Normal: -0 -6.26824e-007 1
UV: 0.76991 0.0330865

Position: -1.2483 0.573208 -1.40677
Normal: -0 0.5 0.866025
UV: 0.797209 0.0342932

Position: -1.01502 0.573208 -1.40677
Normal: -0 0.5 0.866025
UV: 0.769934 0.034294

Position: -1.2483 0.712714 -1.54628
Normal: -0 0.866026 0.499999
UV: 0.797233 0.0355008

Position: -1.01502 0.712714 -1.54628
Normal: -0 0.866026 0.499999
UV: 0.769958 0.0355016

Position: -1.2483 0.712714 -1.54628
Normal: -0 0.866026 0.499999
UV: 0.797158 0.0210106

Position: -1.2483 0.763777 -1.73685
Normal: -0 1 3.33417e-007
UV: 0.797139 0.0222182

Position: -1.01502 0.712714 -1.54628
Normal: -0 0.866026 0.499999
UV: 0.769884 0.0210099

Position: -1.01502 0.763777 -1.73685
Normal: -0 1 3.33417e-007
UV: 0.769865 0.0222175

Position: -1.2483 0.712714 -1.92742
Normal: -1 2.05156e-007 0
UV: 0.870933 0.016877

Position: -1.2483 0.382638 -1.73685
Normal: -1 2.91927e-013 0
UV: 0.908922 0.0826768

Position: -1.2483 0.573208 -2.06692
Normal: -1 -2.8025e-013 0
UV: 0.843123 0.0446876

Position: -1.2483 0.382638 -2.11799
Normal: -1 -2.98933e-013 0
UV: 0.832944 0.0826768

Position: -1.2483 0.192069 -2.06692
Normal: -1 1.6815e-013 0
UV: 0.843123 0.120666

Position: -1.2483 0.0525623 -1.92742
Normal: -1 -2.05155e-007 0
UV: 0.870933 0.148475

Position: -1.2483 0.00149908 -1.73685
Normal: -1 0 0
UV: 0.908922 0.158654

Position: -1.2483 0.0525625 -1.54628
Normal: -1 -2.05156e-007 0
UV: 0.946911 0.148475

Position: -1.2483 0.192069 -1.40677
Normal: -1 1.30784e-013 0
UV: 0.97472 0.120666

Position: -1.2483 0.382638 -1.35571
Normal: -1 -9.34168e-014 0
UV: 0.9849 0.0826768

Position: -1.2483 0.573208 -1.40677
Normal: -1 -1.49467e-013 0
UV: 0.97472 0.0446876

Position: -1.2483 0.712714 -1.54628
Normal: -1 2.05156e-007 0
UV: 0.946911 0.016877

Position: -1.2483 0.763777 -1.73685
Normal: -1 0 0
UV: 0.908922 0.00669837

Position: -1.01502 0.712714 -1.92742
Normal: 1 1.5313e-006 0
UV: 0.769846 0.0234253

Position: -1.01502 0.573208 -2.06692
Normal: 1 -1.01734e-006 0
UV: 0.769845 0.024633

Position: -1.01502 0.763777 -1.73685
Normal: 1 3.00844e-008 0
UV: 0.769865 0.0222175

Position: -1.01502 0.382638 -2.11799
Normal: 1 4.24176e-007 0
UV: 0.769845 0.0258406

Position: -1.01502 0.192069 -2.06692
Normal: 1 -2.0608e-007 0
UV: 0.769845 0.0270481

Position: -1.01502 0.0525623 -1.92742
Normal: 1 -1.73418e-007 0
UV: 0.769846 0.0282558

Position: -1.01502 0.00149908 -1.73685
Normal: 1 9.02523e-008 0
UV: 0.769859 0.0294635

Position: -1.01502 0.0525625 -1.54628
Normal: 1 2.77266e-008 0
UV: 0.769873 0.0306711

Position: -1.01502 0.192069 -1.40677
Normal: 1 -2.57597e-008 0
UV: 0.769886 0.0318788

Position: -1.01502 0.382638 -1.35571
Normal: 1 4.24177e-007 0
UV: 0.76991 0.0330865

Position: -1.01502 0.573208 -1.40677
Normal: 1 -9.57495e-007 0
UV: 0.769934 0.034294

Position: -1.01502 0.712714 -1.54628
Normal: 1 3.0626e-006 0
UV: 0.769884 0.0210099


[INDEX_DATA]
0 2 1
2 3 1
4 3 5
4 1 3
6 5 7
6 4 5
8 7 9
8 6 7
10 9 11
10 8 9
12 11 13
12 10 11
14 13 15
14 12 13
16 15 17
16 14 15
18 17 19
18 16 17
18 19 20
19 21 20
22 24 23
24 25 23
23 25 0
25 2 0
26 28 27
28 29 27
29 30 27
30 31 27
31 32 27
32 33 27
33 34 27
34 35 27
35 36 27
36 37 27
37 38 27
38 26 27
39 41 40
40 41 42
42 41 43
43 41 44
44 41 45
45 41 46
46 41 47
47 41 48
48 41 49
49 41 50

[MESH_DATA]
VertexCount: 51
IndexCount: 138
BoneCount: 0
AnimationClips: 1

[VERTEX_DATA]
Position: -1.2483 0.712714 1.63448
Normal: -0 0.866026 -0.499999
UV: 0.79725 0.0234133

Position: -1.2483 0.573208 1.49497
Normal: -0 0.500001 -0.866025
UV: 0.797251 0.0246209

Position: -1.01502 0.712714 1.63448
Normal: -0 0.866026 -0.499999
UV: 0.769976 0.0234133

Position: -1.01502 0.573208 1.49497
Normal: -0 0.500001 -0.866025
UV: 0.769975 0.0246209

Position: -1.2483 0.382638 1.44391
Normal: -0 -1.33367e-008 -1
UV: 0.797251 0.0258285

Position: -1.01502 0.382638 1.44391
Normal: -0 -1.33367e-008 -1
UV: 0.769975 0.0258285

Position: -1.2483 0.192069 1.49497
Normal: -0 -0.500001 -0.866025
UV: 0.797251 0.027036

Position: -1.01502 0.192069 1.49497
Normal: -0 -0.500001 -0.866025
UV: 0.769975 0.027036

Position: -1.2483 0.0525623 1.63448
Normal: -0 -0.866025 -0.5
UV: 0.79725 0.0282435

Position: -1.01502 0.0525623 1.63448
Normal: -0 -0.866025 -0.5
UV: 0.769976 0.0282435

Position: -1.2483 0.00149919 1.82505
Normal: -0 -1 0
UV: 0.797249 0.0294511

Position: -1.01502 0.00149919 1.82505
Normal: -0 -1 0
UV: 0.769973 0.0294511

Position: -1.2483 0.0525623 2.01562
Normal: -0 -0.866025 0.5
UV: 0.797247 0.0306587

Position: -1.01502 0.0525623 2.01562
Normal: -0 -0.866025 0.5
UV: 0.769971 0.0306586

Position: -1.2483 0.192069 2.15513
Normal: -0 -0.499998 0.866027
UV: 0.797243 0.0318663

Position: -1.01502 0.192069 2.15513
Normal: -0 -0.499998 0.866027
UV: 0.769969 0.0318662

Position: -1.2483 0.382638 2.20619
Normal: -0 0 1
UV: 0.797238 0.033074

Position: -1.01502 0.382638 2.20619
Normal: -0 0 1
UV: 0.769962 0.0330738

Position: -1.2483 0.573208 2.15513
Normal: -0 0.499998 0.866027
UV: 0.797232 0.0342815

Position: -1.01502 0.573208 2.15513
Normal: -0 0.499998 0.866027
UV: 0.769956 0.0342813

Position: -1.2483 0.712714 2.01562
Normal: -0 0.866026 0.499999
UV: 0.797225 0.0354891

Position: -1.01502 0.712714 2.01562
Normal: -0 0.866026 0.499999
UV: 0.769951 0.0354888

Position: -1.2483 0.763777 1.82505
Normal: -0 1 -1.33367e-008
UV: 0.797253 0.0222058

Position: -1.01502 0.712714 2.01562
Normal: -0 0.866026 0.499999
UV: 0.769981 0.0209981

Position: -1.2483 0.712714 2.01562
Normal: -0 0.866026 0.499999
UV: 0.797255 0.0209982

Position: -1.01502 0.763777 1.82505
Normal: -0 1 -1.33367e-008
UV: 0.769979 0.0222057

Position: -1.2483 0.712714 1.63448
Normal: -1 2.05156e-007 0
UV: 0.870933 0.0168769

Position: -1.2483 0.382638 1.82505
Normal: -1 8.95244e-014 0
UV: 0.908922 0.0826768

Position: -1.2483 0.573208 1.49497
Normal: -1 -1.49467e-013 0
UV: 0.843123 0.0446877

Position: -1.2483 0.382638 1.44391
Normal: -1 0 0
UV: 0.832944 0.0826768

Position: -1.2483 0.192069 1.49497
Normal: -1 2.80251e-013 0
UV: 0.843123 0.120666

Position: -1.2483 0.0525623 1.63448
Normal: -1 -2.05156e-007 0
UV: 0.870933 0.148475

Position: -1.2483 0.00149919 1.82505
Normal: -1 0 0
UV: 0.908922 0.158654

Position: -1.2483 0.0525623 2.01562
Normal: -1 -2.05155e-007 0
UV: 0.946911 0.148475

Position: -1.2483 0.192069 2.15513
Normal: -1 -5.60501e-013 0
UV: 0.97472 0.120666

Position: -1.2483 0.382638 2.20619
Normal: -1 1.86833e-014 0
UV: 0.9849 0.0826768

Position: -1.2483 0.573208 2.15513
Normal: -1 5.60501e-013 0
UV: 0.97472 0.0446876

Position: -1.2483 0.712714 2.01562
Normal: -1 2.05156e-007 0
UV: 0.946911 0.0168771

Position: -1.2483 0.763777 1.82505
Normal: -1 0 0
UV: 0.908922 0.00669849

Position: -1.01502 0.712714 1.63448
Normal: 1 0 0
UV: 0.769976 0.0234133

Position: -1.01502 0.573208 1.49497
Normal: 1 0 0
UV: 0.769975 0.0246209

Position: -1.01502 0.763777 1.82505
Normal: 1 0 0
UV: 0.769979 0.0222057

Position: -1.01502 0.382638 1.44391
Normal: 1 0 0
UV: 0.769975 0.0258285

Position: -1.01502 0.192069 1.49497
Normal: 1 0 0
UV: 0.769975 0.027036

Position: -1.01502 0.0525623 1.63448
Normal: 1 0 0
UV: 0.769976 0.0282435

Position: -1.01502 0.00149919 1.82505
Normal: 1 0 0
UV: 0.769973 0.0294511

Position: -1.01502 0.0525623 2.01562
Normal: 1 0 0
UV: 0.769971 0.0306586

Position: -1.01502 0.192069 2.15513
Normal: 1 0 0
UV: 0.769969 0.0318662

Position: -1.01502 0.382638 2.20619
Normal: 1 0 0
UV: 0.769962 0.0330738

Position: -1.01502 0.573208 2.15513
Normal: 1 0 0
UV: 0.769956 0.0342813

Position: -1.01502 0.712714 2.01562
Normal: 1 0 0
UV: 0.769981 0.0209981


[INDEX_DATA]
0 2 1
2 3 1
4 3 5
4 1 3
6 5 7
6 4 5
8 7 9
8 6 7
10 9 11
10 8 9
12 11 13
12 10 11
14 13 15
14 12 13
16 15 17
16 14 15
18 17 19
18 16 17
20 19 21
20 18 19
22 24 23
23 25 22
22 25 0
25 2 0
26 28 27
28 29 27
29 30 27
30 31 27
31 32 27
32 33 27
33 34 27
34 35 27
35 36 27
36 37 27
37 38 27
38 26 27
39 41 40
40 41 42
42 41 43
43 41 44
44 41 45
45 41 46
46 41 47
47 41 48
48 41 49
49 41 50

[MESH_DATA]
VertexCount: 51
IndexCount: 138
BoneCount: 0
AnimationClips: 1

[VERTEX_DATA]
Position: 1.2483 0.712714 1.63448
Normal: -0 0.866026 -0.499999
UV: 0.79725 0.0234133

Position: 1.01502 0.712714 1.63448
Normal: -0 0.866026 -0.499999
UV: 0.769976 0.0234133

Position: 1.2483 0.573208 1.49497
Normal: -0 0.500001 -0.866025
UV: 0.797251 0.0246209

Position: 1.01502 0.573208 1.49497
Normal: -0 0.500001 -0.866025
UV: 0.769975 0.0246209

Position: 1.2483 0.382638 1.44391
Normal: -0 -1.33367e-008 -1
UV: 0.797251 0.0258285

Position: 1.01502 0.382638 1.44391
Normal: -0 -1.33367e-008 -1
UV: 0.769975 0.0258285

Position: 1.2483 0.192069 1.49497
Normal: -0 -0.500001 -0.866025
UV: 0.797251 0.027036

Position: 1.01502 0.192069 1.49497
Normal: -0 -0.500001 -0.866025
UV: 0.769975 0.027036

Position: 1.2483 0.0525623 1.63448
Normal: -0 -0.866025 -0.5
UV: 0.79725 0.0282435

Position: 1.01502 0.0525623 1.63448
Normal: -0 -0.866025 -0.5
UV: 0.769976 0.0282435

Position: 1.2483 0.00149919 1.82505
Normal: -0 -1 0
UV: 0.797249 0.0294511

Position: 1.01502 0.00149919 1.82505
Normal: -0 -1 0
UV: 0.769973 0.0294511

Position: 1.2483 0.0525623 2.01562
Normal: -0 -0.866025 0.5
UV: 0.797247 0.0306587

Position: 1.01502 0.0525623 2.01562
Normal: -0 -0.866025 0.5
UV: 0.769971 0.0306586

Position: 1.2483 0.192069 2.15513
Normal: -0 -0.499998 0.866027
UV: 0.797243 0.0318663

Position: 1.01502 0.192069 2.15513
Normal: -0 -0.499998 0.866027
UV: 0.769969 0.0318662

Position: 1.2483 0.382638 2.20619
Normal: -0 0 1
UV: 0.797238 0.033074

Position: 1.01502 0.382638 2.20619
Normal: -0 0 1
UV: 0.769962 0.0330738

Position: 1.2483 0.573208 2.15513
Normal: -0 0.499998 0.866027
UV: 0.797232 0.0342815

Position: 1.01502 0.573208 2.15513
Normal: -0 0.499998 0.866027
UV: 0.769956 0.0342813

Position: 1.2483 0.712714 2.01562
Normal: -0 0.866026 0.499999
UV: 0.797225 0.0354891

Position: 1.01502 0.712714 2.01562
Normal: -0 0.866026 0.499999
UV: 0.769951 0.0354888

Position: 1.2483 0.712714 2.01562
Normal: -0 0.866026 0.499999
UV: 0.797255 0.0209982

Position: 1.01502 0.712714 2.01562
Normal: -0 0.866026 0.499999
UV: 0.769981 0.0209981

Position: 1.2483 0.763777 1.82505
Normal: -0 1 -1.33367e-008
UV: 0.797253 0.0222058

Position: 1.01502 0.763777 1.82505
Normal: -0 1 -1.33367e-008
UV: 0.769979 0.0222057

Position: 1.2483 0.712714 1.63448
Normal: 1 2.05156e-007 0
UV: 0.870933 0.0168769

Position: 1.2483 0.573208 1.49497
Normal: 1 2.05156e-007 0
UV: 0.843123 0.0446877

Position: 1.2483 0.382638 1.82505
Normal: 1 3.42528e-013 0
UV: 0.908922 0.0826768

Position: 1.2483 0.382638 1.44391
Normal: 1 4.10311e-007 0
UV: 0.832944 0.0826768

Position: 1.2483 0.192069 1.49497
Normal: 1 4.10312e-007 0
UV: 0.843123 0.120666

Position: 1.2483 0.0525623 1.63448
Normal: 1 0 0
UV: 0.870933 0.148475

Position: 1.2483 0.00149919 1.82505
Normal: 1 0 0
UV: 0.908922 0.158654

Position: 1.2483 0.0525623 2.01562
Normal: 1 -2.05155e-007 0
UV: 0.946911 0.148475

Position: 1.2483 0.192069 2.15513
Normal: 1 -2.05156e-007 0
UV: 0.97472 0.120666

Position: 1.2483 0.382638 2.20619
Normal: 1 -4.10311e-007 0
UV: 0.9849 0.0826768

Position: 1.2483 0.573208 2.15513
Normal: 1 -4.10311e-007 0
UV: 0.97472 0.0446876

Position: 1.2483 0.712714 2.01562
Normal: 1 0 0
UV: 0.946911 0.0168771

Position: 1.2483 0.763777 1.82505
Normal: 1 0 0
UV: 0.908922 0.00669849

Position: 1.01502 0.712714 1.63448
Normal: -1 0 0
UV: 0.769976 0.0234133

Position: 1.01502 0.763777 1.82505
Normal: -1 -2.62735e-014 0
UV: 0.769979 0.0222057

Position: 1.01502 0.573208 1.49497
Normal: -1 4.03944e-007 0
UV: 0.769975 0.0246209

Position: 1.01502 0.382638 1.44391
Normal: -1 -1.59067e-007 0
UV: 0.769975 0.0258285

Position: 1.01502 0.192069 1.49497
Normal: -1 -5.79602e-008 0
UV: 0.769975 0.027036

Position: 1.01502 0.0525623 1.63448
Normal: -1 0 0
UV: 0.769976 0.0282435

Position: 1.01502 0.00149919 1.82505
Normal: -1 0 0
UV: 0.769973 0.0294511

Position: 1.01502 0.0525623 2.01562
Normal: -1 0 0
UV: 0.769971 0.0306586

Position: 1.01502 0.192069 2.15513
Normal: -1 -1.93201e-008 0
UV: 0.769969 0.0318662

Position: 1.01502 0.382638 2.20619
Normal: -1 -5.30223e-008 0
UV: 0.769962 0.0330738

Position: 1.01502 0.573208 2.15513
Normal: -1 1.34647e-007 0
UV: 0.769956 0.0342813

Position: 1.01502 0.712714 2.01562
Normal: -1 0 0
UV: 0.769981 0.0209981


[INDEX_DATA]
0 2 1
1 2 3
4 5 3
3 2 4
6 7 5
5 4 6
8 9 7
7 6 8
10 11 9
9 8 10
12 13 11
11 10 12
14 15 13
13 12 14
16 17 15
15 14 16
18 19 17
17 16 18
20 21 19
19 18 20
22 24 23
23 24 25
24 0 25
25 0 1
26 28 27
27 28 29
29 28 30
30 28 31
31 28 32
32 28 33
33 28 34
34 28 35
35 28 36
36 28 37
37 28 38
38 28 26
39 41 40
41 42 40
42 43 40
43 44 40
44 45 40
45 46 40
46 47 40
47 48 40
48 49 40
49 50 40

[MESH_DATA]
VertexCount: 51
IndexCount: 138
BoneCount: 0
AnimationClips: 1

[VERTEX_DATA]
Position: 1.2483 0.712714 -1.92742
Normal: -0 0.866026 -0.499998
UV: 0.79712 0.0234257

Position: 1.01502 0.712714 -1.92742
Normal: -0 0.866026 -0.499998
UV: 0.769846 0.0234253

Position: 1.2483 0.573208 -2.06692
Normal: -0 0.5 -0.866025
UV: 0.79712 0.024633

Position: 1.01502 0.573208 -2.06692
Normal: -0 0.5 -0.866025
UV: 0.769845 0.024633

Position: 1.2483 0.382638 -2.11799
Normal: -0 0 -1
UV: 0.79712 0.0258406

Position: 1.01502 0.382638 -2.11799
Normal: -0 0 -1
UV: 0.769845 0.0258406

Position: 1.2483 0.192069 -2.06692
Normal: -0 -0.5 -0.866026
UV: 0.79712 0.0270481

Position: 1.01502 0.192069 -2.06692
Normal: -0 -0.5 -0.866026
UV: 0.769845 0.0270481

Position: 1.2483 0.0525623 -1.92742
Normal: -0 -0.866026 -0.499999
UV: 0.79712 0.0282556

Position: 1.01502 0.0525623 -1.92742
Normal: -0 -0.866026 -0.499999
UV: 0.769846 0.0282558

Position: 1.2483 0.00149919 -1.73685
Normal: -0 -1 0
UV: 0.797134 0.0294631

Position: 1.01502 0.00149919 -1.73685
Normal: -0 -1 0
UV: 0.769859 0.0294635

Position: 1.2483 0.0525623 -1.54628
Normal: -0 -0.866025 0.5
UV: 0.797148 0.0306706

Position: 1.01502 0.0525623 -1.54628
Normal: -0 -0.866025 0.5
UV: 0.769873 0.0306711

Position: 1.2483 0.192069 -1.40677
Normal: -0 -0.5 0.866025
UV: 0.797161 0.0318781

Position: 1.01502 0.192069 -1.40677
Normal: -0 -0.5 0.866025
UV: 0.769886 0.0318788

Position: 1.2483 0.382638 -1.35571
Normal: -0 -1.33367e-008 1
UV: 0.797185 0.0330856

Position: 1.01502 0.382638 -1.35571
Normal: -0 -1.33367e-008 1
UV: 0.76991 0.0330865

Position: 1.2483 0.573208 -1.40677
Normal: -0 0.5 0.866025
UV: 0.797209 0.0342932

Position: 1.01502 0.573208 -1.40677
Normal: -0 0.5 0.866025
UV: 0.769934 0.034294

Position: 1.2483 0.712714 -1.54628
Normal: -0 0.866026 0.499999
UV: 0.797233 0.0355008

Position: 1.01502 0.712714 -1.54628
Normal: -0 0.866026 0.499999
UV: 0.769958 0.0355016

Position: 1.2483 0.712714 -1.54628
Normal: -0 0.866026 0.499999
UV: 0.797158 0.0210106

Position: 1.01502 0.712714 -1.54628
Normal: -0 0.866026 0.499999
UV: 0.769884 0.0210099

Position: 1.2483 0.763777 -1.73685
Normal: -0 1 0
UV: 0.797139 0.0222182

Position: 1.01502 0.763777 -1.73685
Normal: -0 1 0
UV: 0.769865 0.0222175

Position: 1.2483 0.712714 -1.92742
Normal: 1 2.05156e-007 0
UV: 0.870933 0.016877

Position: 1.2483 0.573208 -2.06692
Normal: 1 2.05155e-007 0
UV: 0.843123 0.0446876

Position: 1.2483 0.382638 -1.73685
Normal: 1 -9.34167e-014 0
UV: 0.908922 0.0826768

Position: 1.2483 0.382638 -2.11799
Normal: 1 4.10311e-007 0
UV: 0.832944 0.0826768

Position: 1.2483 0.192069 -2.06692
Normal: 1 4.10311e-007 0
UV: 0.843123 0.120666

Position: 1.2483 0.0525623 -1.92742
Normal: 1 0 0
UV: 0.870933 0.148475

Position: 1.2483 0.00149919 -1.73685
Normal: 1 0 0
UV: 0.908922 0.158654

Position: 1.2483 0.0525623 -1.54628
Normal: 1 -2.05156e-007 0
UV: 0.946911 0.148475

Position: 1.2483 0.192069 -1.40677
Normal: 1 -2.05155e-007 0
UV: 0.97472 0.120666

Position: 1.2483 0.382638 -1.35571
Normal: 1 -4.10311e-007 0
UV: 0.9849 0.0826768

Position: 1.2483 0.573208 -1.40677
Normal: 1 -4.10311e-007 0
UV: 0.97472 0.0446876

Position: 1.2483 0.712714 -1.54628
Normal: 1 0 0
UV: 0.946911 0.016877

Position: 1.2483 0.763777 -1.73685
Normal: 1 0 0
UV: 0.908922 0.00669837

Position: 1.01502 0.712714 -1.92742
Normal: -1 1.5313e-006 0
UV: 0.769846 0.0234253

Position: 1.01502 0.763777 -1.73685
Normal: -1 -2.43272e-013 0
UV: 0.769865 0.0222175

Position: 1.01502 0.573208 -2.06692
Normal: -1 -8.82687e-007 0
UV: 0.769845 0.024633

Position: 1.01502 0.382638 -2.11799
Normal: -1 3.71156e-007 0
UV: 0.769845 0.0258406

Position: 1.01502 0.192069 -2.06692
Normal: -1 -4.508e-008 0
UV: 0.769845 0.0270481

Position: 1.01502 0.0525623 -1.92742
Normal: -1 -8.6709e-008 0
UV: 0.769846 0.0282558

Position: 1.01502 0.00149919 -1.73685
Normal: -1 0 0
UV: 0.769859 0.0294635

Position: 1.01502 0.0525623 -1.54628
Normal: -1 0 0
UV: 0.769873 0.0306711

Position: 1.01502 0.192069 -1.40677
Normal: -1 -5.79602e-008 0
UV: 0.769886 0.0318788

Position: 1.01502 0.382638 -1.35571
Normal: -1 -1.59067e-007 0
UV: 0.76991 0.0330865

Position: 1.01502 0.573208 -1.40677
Normal: -1 4.03944e-007 0
UV: 0.769934 0.034294

Position: 1.01502 0.712714 -1.54628
Normal: -1 0 0
UV: 0.769884 0.0210099


[INDEX_DATA]
0 2 1
1 2 3
4 5 3
3 2 4
6 7 5
5 4 6
8 9 7
7 6 8
10 11 9
9 8 10
12 13 11
11 10 12
14 15 13
13 12 14
16 17 15
15 14 16
18 19 17
17 16 18
18 20 19
19 20 21
22 24 23
23 24 25
24 0 25
25 0 1
26 28 27
27 28 29
29 28 30
30 28 31
31 28 32
32 28 33
33 28 34
34 28 35
35 28 36
36 28 37
37 28 38
38 28 26
39 41 40
41 42 40
42 43 40
43 44 40
44 45 40
45 46 40
46 47 40
47 48 40
48 49 40
49 50 40

