[FBX_META_DATA]
MeshCount: 1

[MESH_DATA]
VertexCount: 553
IndexCount: 1182
BoneCount: 0
AnimationClips: 1

[VERTEX_DATA]
Position: 1.22702 0.578242 1.68271
Normal: 1 -5.59914e-008 0
UV: 0.720369 0.359873

Position: 1.22702 0.383122 -1.20687
Normal: 1 0 0
UV: 0.274371 0.389989

Position: 1.22702 0.383122 1.68271
Normal: 1 0 0
UV: 0.720369 0.389989

Position: 1.22702 0.589107 -1.20687
Normal: 1 0 0
UV: 0.274371 0.358195

Position: -5.14013e-013 2.65523 1.56974
Normal: -0 1 -1.20125e-015
UV: 0.939078 0.608199

Position: 1.22702 2.65523 -1.0939
Normal: -0 1 -2.40251e-015
UV: 0.527952 0.797587

Position: 1.22702 2.65523 1.56974
Normal: -0 1 -2.40251e-015
UV: 0.939078 0.797587

Position: -5.1697e-013 2.65523 -1.0939
Normal: -0 1 -1.20125e-015
UV: 0.527952 0.608199

Position: 1.22702 0.383122 1.68271
Normal: -0 -1 3.46658e-016
UV: 0.115414 0.504875

Position: 1.22702 0.383122 -1.20687
Normal: -0 -1 3.46654e-016
UV: 0.339608 0.504875

Position: -5.13888e-013 0.383122 1.68271
Normal: -0 -1 1.73329e-016
UV: 0.115414 0.409674

Position: -5.17095e-013 0.383122 -1.20687
Normal: -0 -1 1.73327e-016
UV: 0.339608 0.409674

Position: 1.22702 0.583675 -2.83239
Normal: -0 0 -1
UV: 0.0191702 0.951275

Position: -5.189e-013 0.583675 -2.83239
Normal: -0 0 -1
UV: 0.208558 0.951275

Position: 1.22702 0.383122 -2.83239
Normal: -0 0 -1
UV: 0.0191703 0.98223

Position: -5.189e-013 0.383122 -2.83239
Normal: -0 0 -1
UV: 0.208558 0.98223

Position: 1.22702 0.383122 2.83239
Normal: -0 0 1
UV: 0.0191703 0.98223

Position: -5.12611e-013 0.589107 2.83239
Normal: -2.61898e-008 0 1
UV: 0.208558 0.951275

Position: 1.22702 0.589107 2.83239
Normal: -0 0 1
UV: 0.0191702 0.951275

Position: -5.12611e-013 0.383122 2.83239
Normal: -0 0 1
UV: 0.208558 0.98223

Position: 1.22702 1.62236 0.149123
Normal: 1 -2.48565e-007 0
UV: 0.106603 0.195605

Position: 1.22702 2.55519 -0.96219
Normal: 1 3.28467e-008 0
UV: 0.19227 0.0381681

Position: 1.22702 1.62236 -1.04627
Normal: 1 -2.29278e-007 0
UV: 0.106604 0.0359049

Position: 1.22702 2.55519 0.157566
Normal: 1 1.35597e-008 0
UV: 0.19227 0.192486

Position: 1.10955 2.49651 1.57625
Normal: -0.00709093 0.0865438 0.996223
UV: 0.226592 0.195605

Position: -5.13895e-013 1.62236 1.6762
Normal: -0 0.0860853 0.996288
UV: 0.146742 0.0359049

Position: -5.14006e-013 2.49651 1.57625
Normal: -0 0.0773438 0.997005
UV: 0.146742 0.195605

Position: 1.10955 1.62236 1.6762
Normal: -0.00708928 0.0923656 0.9957
UV: 0.226592 0.0359048

Position: 1.10955 1.6197 -1.1994
Normal: 0.00672785 0.0892974 -0.995982
UV: 0.226592 0.0359048

Position: -5.16983e-013 2.55519 -1.10529
Normal: -0 0.106634 -0.994298
UV: 0.146742 0.195605

Position: -5.17087e-013 1.6197 -1.1994
Normal: -0 0.0843999 -0.996432
UV: 0.146742 0.0359049

Position: 1.10955 2.55519 -1.10529
Normal: 0.00672727 0.104119 -0.994542
UV: 0.226592 0.195605

Position: 1.22702 0.383122 -2.72686
Normal: -0 -1 3.46732e-016
UV: 0.457541 0.504875

Position: -5.18783e-013 0.383122 -2.72686
Normal: -0 -1 1.73366e-016
UV: 0.457541 0.409674

Position: -5.17095e-013 1.51126 -1.20687
Normal: -0 1 -6.83755e-016
UV: 0.437214 0.824828

Position: 1.22702 1.51126 -2.72686
Normal: -0 1 -1.36751e-015
UV: 0.247826 0.590219

Position: 1.22702 1.51126 -1.20687
Normal: -0 1 -1.36751e-015
UV: 0.247826 0.824828

Position: -5.18783e-013 1.51126 -2.72686
Normal: -0 1 -6.83755e-016
UV: 0.437214 0.590219

Position: 1.22702 0.583675 -2.72686
Normal: 1 0 0
UV: 0.0397654 0.359033

Position: 1.22702 0.383122 -2.72686
Normal: 1 0 0
UV: 0.0397654 0.389989

Position: 1.22702 0.383122 2.83239
Normal: -0 -1 3.4669e-016
UV: 0.026212 0.504875

Position: -5.12611e-013 0.383122 2.83239
Normal: -0 -1 1.73345e-016
UV: 0.026212 0.409674

Position: 1.22702 0.383122 2.83239
Normal: 1 0 0
UV: 0.897819 0.389989

Position: 1.22702 0.589107 2.83239
Normal: 1 -1.11983e-007 0
UV: 0.897819 0.358195

Position: -5.12611e-013 1.51126 2.83239
Normal: -0 1 -6.83773e-016
UV: 0.256125 0.808413

Position: 1.22702 1.51126 1.68271
Normal: -0 1 -1.36755e-015
UV: 0.433575 0.619025

Position: 1.22702 1.51126 2.83239
Normal: -0 1 -1.36755e-015
UV: 0.256125 0.619025

Position: -5.13888e-013 1.51126 1.68271
Normal: -0 1 -6.83773e-016
UV: 0.433575 0.808413

Position: -5.17095e-013 1.51126 -1.20687
Normal: -0 0.0686851 -0.997638
UV: 0.0290058 0.739309

Position: 1.22702 1.51126 -1.20687
Normal: 0.0100919 0.0838929 -0.996424
UV: 0.0290077 0.928702

Position: 1.10955 1.6197 -1.1994
Normal: 0.00672785 0.0892974 -0.995982
UV: 0.0457797 0.91057

Position: -5.17087e-013 1.6197 -1.1994
Normal: -0 0.0843999 -0.996432
UV: 0.0457807 0.739309

Position: 1.10955 2.55519 -1.10529
Normal: 0.00672727 0.104119 -0.994542
UV: 0.199732 0.910559

Position: -5.1697e-013 2.65523 -1.0939
Normal: -0 0.11317 -0.993576
UV: 0.215245 0.739296

Position: -5.16983e-013 2.55519 -1.10529
Normal: -0 0.106634 -0.994298
UV: 0.199707 0.739298

Position: 1.22702 2.65523 -1.0939
Normal: 0.010091 0.106129 -0.994301
UV: 0.215272 0.928689

Position: 1.22702 1.51126 1.68271
Normal: 1 -8.82695e-008 0
UV: 0.720369 0.224749

Position: 1.22702 1.62236 0.149123
Normal: 1 -2.48565e-007 0
UV: 0.483664 0.207601

Position: 1.22702 1.51126 -1.20687
Normal: 1 -1.71959e-007 0
UV: 0.274371 0.224749

Position: 1.22702 1.62236 0.353546
Normal: 1 -2.41794e-007 0
UV: 0.515217 0.207601

Position: 1.22702 1.62236 1.52211
Normal: 1 -2.22507e-007 0
UV: 0.695582 0.207601

Position: 1.22702 1.62236 -1.04627
Normal: 1 -2.29278e-007 0
UV: 0.29916 0.2076

Position: 1.22702 2.65523 -1.0939
Normal: 1 4.927e-008 0
UV: 0.291808 0.0392966

Position: 1.22702 2.55519 -0.96219
Normal: 1 3.28467e-008 0
UV: 0.312137 0.0548951

Position: 1.22702 2.55519 0.157566
Normal: 1 1.35597e-008 0
UV: 0.484968 0.0546063

Position: 1.22702 2.65523 1.56974
Normal: 1 4.927e-008 0
UV: 0.702933 0.0392965

Position: 1.22702 2.55519 0.345831
Normal: 1 2.03311e-008 0
UV: 0.514026 0.0546057

Position: 1.22702 2.55519 1.43803
Normal: 1 3.96181e-008 0
UV: 0.682604 0.0548918

Position: 1.22702 2.55519 1.43803
Normal: 1 3.96181e-008 0
UV: 0.19227 0.193254

Position: 1.22702 1.62236 0.353546
Normal: 1 -2.41794e-007 0
UV: 0.106604 0.0359049

Position: 1.22702 1.62236 1.52211
Normal: 1 -2.22507e-007 0
UV: 0.106603 0.195605

Position: 1.22702 2.55519 0.345831
Normal: 1 2.03311e-008 0
UV: 0.19227 0.0391249

Position: 1.22702 1.04882 -2.4691
Normal: 1 0 0
UV: 0.079551 0.291691

Position: 1.22702 1.05018 -1.20687
Normal: 1 0 0
UV: 0.274371 0.291472

Position: 1.22702 1.04747 -2.72686
Normal: 1 0 0
UV: 0.0397654 0.291891

Position: 1.22702 1.04475 1.68271
Normal: 1 -5.59914e-008 0
UV: 0.720369 0.292311

Position: 1.22702 1.04747 2.6064
Normal: 1 -7.46553e-008 0
UV: 0.862938 0.291874

Position: 1.22702 1.05018 2.83239
Normal: 1 -1.11983e-007 0
UV: 0.897819 0.291472

Position: 0.613512 1.05018 2.83239
Normal: -0 0 1
UV: 0.805219 0.474441

Position: -5.12611e-013 0.589107 2.83239
Normal: -2.61898e-008 0 1
UV: 0.899913 0.541165

Position: -5.12611e-013 1.05018 2.83239
Normal: -2.61898e-008 0 1
UV: 0.899913 0.474441

Position: 1.22702 0.589107 2.83239
Normal: -0 0 1
UV: 0.710525 0.541165

Position: 1.22702 1.05018 2.83239
Normal: -0 0 1
UV: 0.710525 0.474441

Position: 1.22702 0.583675 -2.72686
Normal: -0 0 -1
UV: 0.437153 0.978371

Position: 0.613512 1.04747 -2.72686
Normal: -0 0 -1
UV: 0.342459 0.911228

Position: -5.18783e-013 0.583675 -2.72686
Normal: -0 0 -1
UV: 0.247765 0.978371

Position: 1.22702 1.04747 -2.72686
Normal: -0 0 -1
UV: 0.437153 0.911228

Position: -5.18783e-013 1.04747 -2.72686
Normal: -0 0 -1
UV: 0.247765 0.911228

Position: 1.22702 0.583675 -2.83239
Normal: 1 0 0
UV: 0.0234764 0.359034

Position: 1.22702 0.383122 -2.83239
Normal: 1 0 0
UV: 0.0234764 0.389989

Position: -5.18783e-013 0.583675 -2.72686
Normal: -0 1 0
UV: 0.246751 0.538896

Position: 1.22702 0.583675 -2.83239
Normal: -0 1 0
UV: 0.436137 0.555185

Position: 1.22702 0.583675 -2.72686
Normal: -0 1 0
UV: 0.436137 0.538896

Position: -5.189e-013 0.583675 -2.83239
Normal: -0 1 0
UV: 0.246751 0.555185

Position: 1.22702 0.383122 -2.83239
Normal: -0 -1 3.46783e-016
UV: 0.465728 0.504875

Position: -5.189e-013 0.383122 -2.83239
Normal: -0 -1 1.73391e-016
UV: 0.465729 0.409674

Position: 1.31699 0.712714 -1.92742
Normal: -0 0.707108 -0.707106
UV: 0.991138 0.00995225

Position: 1.14029 0.712714 -1.92742
Normal: -0 0.707108 -0.707106
UV: 0.963864 0.00995189

Position: 1.31699 0.573208 -2.06692
Normal: -0 0.707108 -0.707106
UV: 0.991138 0.0111596

Position: 1.14029 0.573208 -2.06692
Normal: -0 0.707108 -0.707106
UV: 0.963863 0.0111596

Position: 1.31699 0.382638 -2.11799
Normal: -0 0.258817 -0.965926
UV: 0.991138 0.0123672

Position: 1.14029 0.573208 -2.06692
Normal: -0 0.258817 -0.965926
UV: 0.963863 0.0111596

Position: 1.14029 0.382638 -2.11799
Normal: -0 0.258817 -0.965926
UV: 0.963863 0.0123672

Position: 1.31699 0.573208 -2.06692
Normal: -0 0.258817 -0.965926
UV: 0.991138 0.0111596

Position: 1.31699 0.192069 -2.06692
Normal: -0 -0.258817 -0.965926
UV: 0.991138 0.0135747

Position: 1.14029 0.382638 -2.11799
Normal: -0 -0.258817 -0.965926
UV: 0.963863 0.0123672

Position: 1.14029 0.192069 -2.06692
Normal: -0 -0.258817 -0.965926
UV: 0.963863 0.0135747

Position: 1.31699 0.382638 -2.11799
Normal: -0 -0.258817 -0.965926
UV: 0.991138 0.0123672

Position: 1.31699 0.0525623 -1.92742
Normal: -0 -0.707108 -0.707106
UV: 0.991138 0.0147821

Position: 1.14029 0.192069 -2.06692
Normal: -0 -0.707108 -0.707106
UV: 0.963863 0.0135747

Position: 1.14029 0.0525623 -1.92742
Normal: -0 -0.707108 -0.707106
UV: 0.963864 0.0147824

Position: 1.31699 0.192069 -2.06692
Normal: -0 -0.707108 -0.707106
UV: 0.991138 0.0135747

Position: 1.31699 0.00149919 -1.73685
Normal: -0 -0.965926 -0.25882
UV: 0.991152 0.0159896

Position: 1.14029 0.0525623 -1.92742
Normal: -0 -0.965926 -0.25882
UV: 0.963864 0.0147824

Position: 1.14029 0.00149919 -1.73685
Normal: -0 -0.965926 -0.25882
UV: 0.963877 0.0159901

Position: 1.31699 0.0525623 -1.92742
Normal: -0 -0.965926 -0.25882
UV: 0.991138 0.0147821

Position: 1.31699 0.0525623 -1.54628
Normal: -0 -0.965926 0.25882
UV: 0.991166 0.0171972

Position: 1.14029 0.00149919 -1.73685
Normal: -0 -0.965926 0.25882
UV: 0.963877 0.0159901

Position: 1.14029 0.0525623 -1.54628
Normal: -0 -0.965926 0.25882
UV: 0.963891 0.0171977

Position: 1.31699 0.00149919 -1.73685
Normal: -0 -0.965926 0.25882
UV: 0.991152 0.0159896

Position: 1.31699 0.192069 -1.40677
Normal: -0 -0.707107 0.707106
UV: 0.991179 0.0184047

Position: 1.14029 0.0525623 -1.54628
Normal: -0 -0.707107 0.707106
UV: 0.963891 0.0171977

Position: 1.14029 0.192069 -1.40677
Normal: -0 -0.707107 0.707106
UV: 0.963904 0.0184054

Position: 1.31699 0.0525623 -1.54628
Normal: -0 -0.707107 0.707106
UV: 0.991166 0.0171972

Position: 1.31699 0.382638 -1.35571
Normal: -0 -0.25882 0.965926
UV: 0.991203 0.0196121

Position: 1.14029 0.192069 -1.40677
Normal: -0 -0.25882 0.965926
UV: 0.963904 0.0184054

Position: 1.14029 0.382638 -1.35571
Normal: -0 -0.25882 0.965926
UV: 0.963928 0.0196131

Position: 1.31699 0.192069 -1.40677
Normal: -0 -0.25882 0.965926
UV: 0.991179 0.0184047

Position: 1.31699 0.573208 -1.40677
Normal: -0 0.25882 0.965926
UV: 0.991227 0.0208197

Position: 1.14029 0.382638 -1.35571
Normal: -0 0.25882 0.965926
UV: 0.963928 0.0196131

Position: 1.14029 0.573208 -1.40677
Normal: -0 0.25882 0.965926
UV: 0.963952 0.0208206

Position: 1.31699 0.382638 -1.35571
Normal: -0 0.25882 0.965926
UV: 0.991203 0.0196121

Position: 1.31699 0.573208 -1.40677
Normal: -0 0.707107 0.707106
UV: 0.991227 0.0208197

Position: 1.14029 0.573208 -1.40677
Normal: -0 0.707107 0.707106
UV: 0.963952 0.0208206

Position: 1.31699 0.712714 -1.54628
Normal: -0 0.707107 0.707106
UV: 0.991251 0.0220273

Position: 1.14029 0.712714 -1.54628
Normal: -0 0.707107 0.707106
UV: 0.963976 0.0220281

Position: 1.31699 0.712714 -1.54628
Normal: -0 0.965926 0.258817
UV: 0.991176 0.00753719

Position: 1.14029 0.712714 -1.54628
Normal: -0 0.965926 0.258817
UV: 0.963902 0.00753647

Position: 1.31699 0.763777 -1.73685
Normal: -0 0.965926 0.258817
UV: 0.991157 0.00874478

Position: 1.14029 0.763777 -1.73685
Normal: -0 0.965926 0.258817
UV: 0.963883 0.00874406

Position: 1.31699 0.763777 -1.73685
Normal: -0 0.965926 -0.258817
UV: 0.991157 0.00874478

Position: 1.14029 0.763777 -1.73685
Normal: -0 0.965926 -0.258817
UV: 0.963883 0.00874406

Position: 1.31699 0.712714 -1.92742
Normal: -0 0.965926 -0.258817
UV: 0.991138 0.00995225

Position: 1.14029 0.712714 -1.92742
Normal: -0 0.965926 -0.258817
UV: 0.963864 0.00995189

Position: 1.31699 0.712714 -1.92742
Normal: 1 0 0
UV: 0.873222 0.019426

Position: 1.31699 0.573208 -2.06692
Normal: 1 -4.10311e-007 0
UV: 0.846738 0.0459111

Position: 1.31699 0.382638 -1.73685
Normal: 1 -6.83852e-008 0
UV: 0.9094 0.0820895

Position: 1.31699 0.382638 -2.11799
Normal: 1 -4.10311e-007 0
UV: 0.837043 0.0820895

Position: 1.31699 0.192069 -2.06692
Normal: 1 0 0
UV: 0.846738 0.118268

Position: 1.31699 0.0525623 -1.92742
Normal: 1 0 0
UV: 0.873222 0.144752

Position: 1.31699 0.00149919 -1.73685
Normal: 1 0 0
UV: 0.9094 0.154445

Position: 1.31699 0.0525623 -1.54628
Normal: 1 0 0
UV: 0.945579 0.144752

Position: 1.31699 0.192069 -1.40677
Normal: 1 0 0
UV: 0.972062 0.118268

Position: 1.31699 0.382638 -1.35571
Normal: 1 0 0
UV: 0.981757 0.0820895

Position: 1.31699 0.573208 -1.40677
Normal: 1 0 0
UV: 0.972062 0.0459111

Position: 1.31699 0.712714 -1.54628
Normal: 1 0 0
UV: 0.945579 0.019426

Position: 1.31699 0.763777 -1.73685
Normal: 1 0 0
UV: 0.9094 0.00973254

Position: 1.31699 0.712714 1.64691
Normal: -0 0.707108 -0.707106
UV: 0.991268 0.00993985

Position: 1.14029 0.712714 1.64691
Normal: -0 0.707108 -0.707106
UV: 0.963994 0.00993985

Position: 1.31699 0.573208 1.5074
Normal: -0 0.707108 -0.707106
UV: 0.991269 0.0111474

Position: 1.14029 0.573208 1.5074
Normal: -0 0.707108 -0.707106
UV: 0.963993 0.0111474

Position: 1.31699 0.382638 1.45634
Normal: -0 0.25882 -0.965926
UV: 0.991269 0.012355

Position: 1.14029 0.573208 1.5074
Normal: -0 0.25882 -0.965926
UV: 0.963993 0.0111474

Position: 1.14029 0.382638 1.45634
Normal: -0 0.25882 -0.965926
UV: 0.963993 0.012355

Position: 1.31699 0.573208 1.5074
Normal: -0 0.25882 -0.965926
UV: 0.991269 0.0111474

Position: 1.31699 0.192069 1.5074
Normal: -0 -0.25882 -0.965926
UV: 0.991269 0.0135625

Position: 1.14029 0.382638 1.45634
Normal: -0 -0.25882 -0.965926
UV: 0.963993 0.012355

Position: 1.14029 0.192069 1.5074
Normal: -0 -0.25882 -0.965926
UV: 0.963993 0.0135625

Position: 1.31699 0.382638 1.45634
Normal: -0 -0.25882 -0.965926
UV: 0.991269 0.012355

Position: 1.31699 0.0525623 1.64691
Normal: -0 -0.707108 -0.707106
UV: 0.991268 0.0147701

Position: 1.14029 0.192069 1.5074
Normal: -0 -0.707108 -0.707106
UV: 0.963993 0.0135625

Position: 1.14029 0.0525623 1.64691
Normal: -0 -0.707108 -0.707106
UV: 0.963994 0.0147701

Position: 1.31699 0.192069 1.5074
Normal: -0 -0.707108 -0.707106
UV: 0.991269 0.0135625

Position: 1.31699 0.00149919 1.83748
Normal: -0 -0.965925 -0.258821
UV: 0.991267 0.0159777

Position: 1.14029 0.0525623 1.64691
Normal: -0 -0.965925 -0.258821
UV: 0.963994 0.0147701

Position: 1.14029 0.00149919 1.83748
Normal: -0 -0.965925 -0.258821
UV: 0.963991 0.0159777

Position: 1.31699 0.0525623 1.64691
Normal: -0 -0.965925 -0.258821
UV: 0.991268 0.0147701

Position: 1.31699 0.0525623 2.02805
Normal: -0 -0.965926 0.258819
UV: 0.991265 0.0171853

Position: 1.14029 0.00149919 1.83748
Normal: -0 -0.965926 0.258819
UV: 0.963991 0.0159777

Position: 1.14029 0.0525623 2.02805
Normal: -0 -0.965926 0.258819
UV: 0.963989 0.0171852

Position: 1.31699 0.00149919 1.83748
Normal: -0 -0.965926 0.258819
UV: 0.991267 0.0159777

Position: 1.31699 0.192069 2.16756
Normal: -0 -0.707105 0.707108
UV: 0.991261 0.0183929

Position: 1.14029 0.0525623 2.02805
Normal: -0 -0.707105 0.707108
UV: 0.963989 0.0171852

Position: 1.14029 0.192069 2.16756
Normal: -0 -0.707105 0.707108
UV: 0.963987 0.0183927

Position: 1.31699 0.0525623 2.02805
Normal: -0 -0.707105 0.707108
UV: 0.991265 0.0171853

Position: 1.31699 0.382638 2.21862
Normal: -0 -0.258817 0.965926
UV: 0.991256 0.0196006

Position: 1.14029 0.192069 2.16756
Normal: -0 -0.258817 0.965926
UV: 0.963987 0.0183927

Position: 1.14029 0.382638 2.21862
Normal: -0 -0.258817 0.965926
UV: 0.96398 0.0196003

Position: 1.31699 0.192069 2.16756
Normal: -0 -0.258817 0.965926
UV: 0.991261 0.0183929

Position: 1.31699 0.573208 2.16756
Normal: -0 0.258817 0.965926
UV: 0.99125 0.020808

Position: 1.14029 0.382638 2.21862
Normal: -0 0.258817 0.965926
UV: 0.96398 0.0196003

Position: 1.14029 0.573208 2.16756
Normal: -0 0.258817 0.965926
UV: 0.963974 0.0208078

Position: 1.31699 0.382638 2.21862
Normal: -0 0.258817 0.965926
UV: 0.991256 0.0196006

Position: 1.31699 0.712714 2.02805
Normal: -0 0.707105 0.707108
UV: 0.991243 0.0220156

Position: 1.14029 0.573208 2.16756
Normal: -0 0.707105 0.707108
UV: 0.963974 0.0208078

Position: 1.14029 0.712714 2.02805
Normal: -0 0.707105 0.707108
UV: 0.963969 0.0220154

Position: 1.31699 0.573208 2.16756
Normal: -0 0.707105 0.707108
UV: 0.99125 0.020808

Position: 1.31699 0.712714 2.02805
Normal: -0 0.965927 0.258816
UV: 0.991273 0.00752479

Position: 1.14029 0.712714 2.02805
Normal: -0 0.965927 0.258816
UV: 0.963999 0.00752467

Position: 1.31699 0.763777 1.83748
Normal: -0 0.965927 0.258816
UV: 0.991271 0.00873238

Position: 1.14029 0.763777 1.83748
Normal: -0 0.965927 0.258816
UV: 0.963997 0.00873226

Position: 1.31699 0.763777 1.83748
Normal: -0 0.965926 -0.258818
UV: 0.991271 0.00873238

Position: 1.14029 0.763777 1.83748
Normal: -0 0.965926 -0.258818
UV: 0.963997 0.00873226

Position: 1.31699 0.712714 1.64691
Normal: -0 0.965926 -0.258818
UV: 0.991268 0.00993985

Position: 1.14029 0.712714 1.64691
Normal: -0 0.965926 -0.258818
UV: 0.963994 0.00993985

Position: 1.31699 0.712714 1.64691
Normal: 1 0 0
UV: 0.873222 0.019426

Position: 1.31699 0.573208 1.5074
Normal: 1 0 0
UV: 0.846738 0.0459111

Position: 1.31699 0.382638 1.83748
Normal: 1 6.83853e-008 0
UV: 0.9094 0.0820895

Position: 1.31699 0.382638 1.45634
Normal: 1 0 0
UV: 0.837043 0.0820895

Position: 1.31699 0.192069 1.5074
Normal: 1 0 0
UV: 0.846738 0.118268

Position: 1.31699 0.0525623 1.64691
Normal: 1 0 0
UV: 0.873222 0.144752

Position: 1.31699 0.00149919 1.83748
Normal: 1 0 0
UV: 0.9094 0.154445

Position: 1.31699 0.0525623 2.02805
Normal: 1 0 0
UV: 0.945579 0.144752

Position: 1.31699 0.192069 2.16756
Normal: 1 0 0
UV: 0.972062 0.118268

Position: 1.31699 0.382638 2.21862
Normal: 1 0 0
UV: 0.981757 0.0820895

Position: 1.31699 0.573208 2.16756
Normal: 1 4.10312e-007 0
UV: 0.972062 0.0459111

Position: 1.31699 0.712714 2.02805
Normal: 1 4.10312e-007 0
UV: 0.945578 0.0194261

Position: 1.31699 0.763777 1.83748
Normal: 1 0 0
UV: 0.9094 0.00973266

Position: 1.26195 1.69518 -1.05062
Normal: -0 0.938582 -0.345056
UV: 0.551228 0.962802

Position: 1.60354 1.64719 -1.18117
Normal: -0 0.938582 -0.345056
UV: 0.507951 0.941301

Position: 1.66481 1.69518 -1.05062
Normal: -0 0.938582 -0.345056
UV: 0.507951 0.962802

Position: 1.32322 1.64719 -1.18117
Normal: -0 0.938582 -0.345056
UV: 0.551228 0.941301

Position: 1.32322 1.42763 -1.18117
Normal: -0 0 -1
UV: 0.551228 0.907405

Position: 1.60354 1.42763 -1.18117
Normal: -0 0 -1
UV: 0.507951 0.907405

Position: 1.60354 1.64719 -1.18117
Normal: -0 0 -1
UV: 0.507951 0.941301

Position: 1.32322 1.64719 -1.18117
Normal: -0 0 -1
UV: 0.551228 0.941301

Position: 1.26195 1.37964 -1.05062
Normal: -0 -0.938583 -0.345053
UV: 0.551228 0.885936

Position: 1.66481 1.37964 -1.05062
Normal: -0 -0.938583 -0.345053
UV: 0.507951 0.885936

Position: 1.60354 1.42763 -1.18117
Normal: -0 -0.938583 -0.345053
UV: 0.507951 0.907405

Position: 1.32322 1.42763 -1.18117
Normal: -0 -0.938583 -0.345053
UV: 0.551228 0.907405

Position: 1.26195 1.69518 -1.05062
Normal: -0 0 1
UV: 0.551228 0.837232

Position: 1.66481 1.69518 -1.05062
Normal: -0 0 1
UV: 0.507951 0.837232

Position: 1.66481 1.37964 -1.05062
Normal: -0 0 1
UV: 0.507951 0.885936

Position: 1.26195 1.37964 -1.05062
Normal: -0 0 1
UV: 0.551228 0.885936

Position: 1.26195 1.37964 -1.05062
Normal: -0.905248 0 -0.424884
UV: 0.596833 0.962802

Position: 1.32322 1.64719 -1.18117
Normal: -0.905248 0 -0.424884
UV: 0.551228 0.941301

Position: 1.26195 1.69518 -1.05062
Normal: -0.905248 0 -0.424884
UV: 0.551228 0.962802

Position: 1.32322 1.42763 -1.18117
Normal: -0.905248 0 -0.424884
UV: 0.596833 0.941301

Position: 1.60354 1.64719 -1.18117
Normal: 0.905247 0 -0.424885
UV: 0.507951 0.941301

Position: 1.66481 1.37964 -1.05062
Normal: 0.905247 0 -0.424885
UV: 0.462358 0.962802

Position: 1.66481 1.69518 -1.05062
Normal: 0.905247 0 -0.424885
UV: 0.507951 0.962802

Position: 1.60354 1.42763 -1.18117
Normal: 0.905247 0 -0.424885
UV: 0.462358 0.941301

Position: -0.528049 3.08494 -0.36145
Normal: -1 0 0
UV: 0.787389 0.920512

Position: -0.528049 2.65523 -0.36145
Normal: -1 0 0
UV: 0.787374 0.986832

Position: -0.528049 3.08494 -0.61368
Normal: -1 0 0
UV: 0.826306 0.920512

Position: -0.528049 2.65523 -0.61368
Normal: -1 0 0
UV: 0.826321 0.986832

Position: -0.528049 3.08494 -0.61368
Normal: -0 1 0
UV: 0.627437 0.912716

Position: 0.528049 3.08494 -0.61368
Normal: -0 1 0
UV: 0.790426 0.912724

Position: -0.528049 3.08494 -0.36145
Normal: -0 1 0
UV: 0.627437 0.873799

Position: 0.528049 3.08494 -0.36145
Normal: -0 1 0
UV: 0.790426 0.873791

Position: 0.528049 2.65523 -0.36145
Normal: 1 0 0
UV: 0.856751 0.873792

Position: 0.528049 3.08494 -0.36145
Normal: 1 0 0
UV: 0.790426 0.873791

Position: 0.528049 2.65523 -0.61368
Normal: 1 0 0
UV: 0.856751 0.912723

Position: 0.528049 3.08494 -0.61368
Normal: 1 0 0
UV: 0.790426 0.912724

Position: -0.528049 2.65523 -0.61368
Normal: -0 0 -1
UV: 0.826321 0.986832

Position: 0.528049 2.65523 -0.61368
Normal: -0 0 -1
UV: 0.989344 0.986729

Position: 0.528049 3.08494 -0.61368
Normal: -0 0 -1
UV: 0.9893 0.920403

Position: -0.528049 3.08494 -0.61368
Normal: -0 0 -1
UV: 0.826306 0.920512

Position: -0.528049 3.08494 -0.36145
Normal: -0 0 1
UV: 0.787389 0.920512

Position: 0.528049 3.08494 -0.36145
Normal: -0 0 1
UV: 0.624395 0.920403

Position: 0.528049 2.65523 -0.36145
Normal: -0 0 1
UV: 0.624353 0.986729

Position: -0.528049 2.65523 -0.36145
Normal: -0 0 1
UV: 0.787374 0.986832

Position: -1.22702 0.578242 1.68271
Normal: -1 -4.19936e-008 0
UV: 0.720369 0.359873

Position: -1.22702 0.383122 -1.20687
Normal: -1 0 0
UV: 0.274371 0.389989

Position: -1.22702 0.589107 -1.20687
Normal: -1 0 0
UV: 0.274371 0.358195

Position: -1.22702 0.383122 1.68271
Normal: -1 0 0
UV: 0.720369 0.389989

Position: -1.22702 2.65523 1.56974
Normal: -0 1 0
UV: 0.939078 0.797587

Position: -1.22702 2.65523 -1.0939
Normal: -0 1 0
UV: 0.527952 0.797587

Position: -1.22702 0.383122 1.68271
Normal: -0 -1 0
UV: 0.115414 0.504875

Position: -1.22702 0.383122 -1.20687
Normal: -0 -1 0
UV: 0.339608 0.504875

Position: -1.22702 0.383122 -2.83239
Normal: -0 0 -1
UV: 0.0191703 0.98223

Position: -1.22702 0.583675 -2.83239
Normal: -0 0 -1
UV: 0.0191702 0.951275

Position: -1.22702 0.383122 2.83239
Normal: -0 0 1
UV: 0.0191703 0.98223

Position: -1.22702 0.589107 2.83239
Normal: -5.23796e-008 0 1
UV: 0.0191702 0.951275

Position: -1.22702 2.55519 0.157566
Normal: -1 -2.05525e-009 0
UV: 0.19227 0.192486

Position: -1.22702 1.62236 0.149123
Normal: -1 1.75546e-008 0
UV: 0.106603 0.195605

Position: -1.22702 2.55519 -0.96219
Normal: -1 1.55368e-008 0
UV: 0.19227 0.0381681

Position: -1.22702 1.62236 -1.04627
Normal: -1 3.51466e-008 0
UV: 0.106604 0.0359049

Position: -1.10955 2.49651 1.57625
Normal: 0.00709118 0.0865437 0.996223
UV: 0.0668924 0.195605

Position: -1.10955 1.62236 1.6762
Normal: 0.00708953 0.0923655 0.9957
UV: 0.0668924 0.0359049

Position: -1.10955 2.55519 -1.10529
Normal: -0.00672727 0.104119 -0.994542
UV: 0.0668924 0.195605

Position: -1.10955 1.6197 -1.1994
Normal: -0.00672785 0.0892975 -0.995982
UV: 0.0668924 0.0359049

Position: -1.22702 0.383122 -2.72686
Normal: -0 -1 0
UV: 0.457541 0.504875

Position: -1.22702 1.51126 -1.20687
Normal: -0 1 0
UV: 0.437214 0.590219

Position: -5.18783e-013 1.51126 -2.72686
Normal: -0 1 -6.83755e-016
UV: 0.247826 0.824828

Position: -5.17095e-013 1.51126 -1.20687
Normal: -0 1 -6.83755e-016
UV: 0.247826 0.590219

Position: -1.22702 1.51126 -2.72686
Normal: -0 1 0
UV: 0.437214 0.824828

Position: -1.22702 0.583675 -2.72686
Normal: -1 0 0
UV: 0.0397654 0.359033

Position: -1.22702 0.383122 -2.72686
Normal: -1 0 0
UV: 0.0397654 0.389989

Position: -1.22702 0.383122 2.83239
Normal: -0 -1 0
UV: 0.026212 0.504875

Position: -1.22702 0.383122 2.83239
Normal: -1 0 0
UV: 0.897819 0.389989

Position: -1.22702 0.589107 2.83239
Normal: -1 -8.39871e-008 0
UV: 0.897819 0.358195

Position: -1.22702 1.51126 2.83239
Normal: -0 1 0
UV: 0.256125 0.619025

Position: -1.22702 1.51126 1.68271
Normal: -0 1 0
UV: 0.433575 0.619025

Position: -1.10955 1.6197 -1.1994
Normal: -0.00672785 0.0892975 -0.995982
UV: 0.0457797 0.91057

Position: -1.22702 1.51126 -1.20687
Normal: -0.0100919 0.083893 -0.996424
UV: 0.0290077 0.928702

Position: -1.10955 2.55519 -1.10529
Normal: -0.00672727 0.104119 -0.994542
UV: 0.199732 0.910559

Position: -1.22702 2.65523 -1.0939
Normal: -0.010091 0.106129 -0.994301
UV: 0.215272 0.928689

Position: -1.22702 1.51126 1.68271
Normal: -1 1.36221e-007 0
UV: 0.720369 0.224749

Position: -1.22702 1.62236 0.353546
Normal: -1 2.46757e-008 0
UV: 0.515217 0.207601

Position: -1.22702 1.62236 1.52211
Normal: -1 4.22678e-008 0
UV: 0.695582 0.207601

Position: -1.22702 1.62236 0.149123
Normal: -1 1.75546e-008 0
UV: 0.483664 0.207601

Position: -1.22702 1.51126 -1.20687
Normal: -1 2.4635e-008 0
UV: 0.274371 0.224749

Position: -1.22702 1.62236 -1.04627
Normal: -1 3.51466e-008 0
UV: 0.29916 0.2076

Position: -1.22702 2.65523 -1.0939
Normal: -1 1.98553e-008 0
UV: 0.291808 0.0392966

Position: -1.22702 2.55519 -0.96219
Normal: -1 1.55368e-008 0
UV: 0.312137 0.054895

Position: -1.22702 2.65523 1.56974
Normal: -1 1.98553e-008 0
UV: 0.702933 0.0392965

Position: -1.22702 2.55519 0.157566
Normal: -1 -2.05525e-009 0
UV: 0.484968 0.0546063

Position: -1.22702 2.55519 1.43803
Normal: -1 2.26579e-008 0
UV: 0.682604 0.0548918

Position: -1.22702 2.55519 0.345831
Normal: -1 5.0659e-009 0
UV: 0.514026 0.0546058

Position: -1.22702 2.55519 1.43803
Normal: -1 2.26579e-008 0
UV: 0.19227 0.193254

Position: -1.22702 1.62236 0.353546
Normal: -1 2.46757e-008 0
UV: 0.106604 0.0359049

Position: -1.22702 2.55519 0.345831
Normal: -1 5.0659e-009 0
UV: 0.19227 0.0391249

Position: -1.22702 1.62236 1.52211
Normal: -1 4.22678e-008 0
UV: 0.106603 0.195605

Position: -1.22702 1.04882 -2.4691
Normal: -1 0 0
UV: 0.079551 0.291691

Position: -1.22702 1.05018 -1.20687
Normal: -1 0 0
UV: 0.274371 0.291472

Position: -1.22702 1.04747 -2.72686
Normal: -1 0 0
UV: 0.0397654 0.291891

Position: -1.22702 1.04475 1.68271
Normal: -1 -4.19936e-008 0
UV: 0.720369 0.292311

Position: -1.22702 1.04747 2.6064
Normal: -1 -5.59914e-008 0
UV: 0.862938 0.291874

Position: -1.22702 1.05018 2.83239
Normal: -1 -8.39871e-008 0
UV: 0.897819 0.291472

Position: -0.613512 1.05018 2.83239
Normal: -1.27509e-007 0 1
UV: 0.805219 0.474441

Position: -1.22702 0.589107 2.83239
Normal: -5.23796e-008 0 1
UV: 0.710525 0.541165

Position: -1.22702 1.05018 2.83239
Normal: -1.91264e-007 0 1
UV: 0.710525 0.474441

Position: -0.613512 1.04747 -2.72686
Normal: -0 0 -1
UV: 0.342459 0.911228

Position: -1.22702 0.583675 -2.72686
Normal: -0 0 -1
UV: 0.437153 0.978371

Position: -1.22702 1.04747 -2.72686
Normal: -0 0 -1
UV: 0.437153 0.911228

Position: -1.22702 0.383122 -2.83239
Normal: -1 0 0
UV: 0.0234764 0.389989

Position: -1.22702 0.583675 -2.83239
Normal: -1 0 0
UV: 0.0234764 0.359034

Position: -1.22702 0.583675 -2.83239
Normal: -0 1 0
UV: 0.436137 0.555185

Position: -1.22702 0.583675 -2.72686
Normal: -0 1 0
UV: 0.436137 0.538896

Position: -1.22702 0.383122 -2.83239
Normal: -0 -1 0
UV: 0.465728 0.504875

Position: -1.31699 0.573208 -2.06692
Normal: -0 0.707108 -0.707106
UV: 0.991138 0.0111596

Position: -1.14029 0.712714 -1.92742
Normal: -0 0.707108 -0.707106
UV: 0.963864 0.00995189

Position: -1.31699 0.712714 -1.92742
Normal: -0 0.707108 -0.707106
UV: 0.991138 0.00995225

Position: -1.14029 0.573208 -2.06692
Normal: -0 0.707108 -0.707106
UV: 0.963863 0.0111596

Position: -1.31699 0.382638 -2.11799
Normal: -0 0.258817 -0.965926
UV: 0.991138 0.0123672

Position: -1.14029 0.382638 -2.11799
Normal: -0 0.258817 -0.965926
UV: 0.963863 0.0123672

Position: -1.14029 0.573208 -2.06692
Normal: -0 0.258817 -0.965926
UV: 0.963863 0.0111596

Position: -1.31699 0.573208 -2.06692
Normal: -0 0.258817 -0.965926
UV: 0.991138 0.0111596

Position: -1.31699 0.192069 -2.06692
Normal: -0 -0.258817 -0.965926
UV: 0.991138 0.0135747

Position: -1.14029 0.192069 -2.06692
Normal: -0 -0.258817 -0.965926
UV: 0.963863 0.0135747

Position: -1.14029 0.382638 -2.11799
Normal: -0 -0.258817 -0.965926
UV: 0.963863 0.0123672

Position: -1.31699 0.382638 -2.11799
Normal: -0 -0.258817 -0.965926
UV: 0.991138 0.0123672

Position: -1.31699 0.0525623 -1.92742
Normal: -0 -0.707108 -0.707106
UV: 0.991138 0.0147821

Position: -1.14029 0.0525623 -1.92742
Normal: -0 -0.707108 -0.707106
UV: 0.963864 0.0147824

Position: -1.14029 0.192069 -2.06692
Normal: -0 -0.707108 -0.707106
UV: 0.963863 0.0135747

Position: -1.31699 0.192069 -2.06692
Normal: -0 -0.707108 -0.707106
UV: 0.991138 0.0135747

Position: -1.31699 0.00149919 -1.73685
Normal: -0 -0.965926 -0.25882
UV: 0.991152 0.0159896

Position: -1.14029 0.00149919 -1.73685
Normal: -0 -0.965926 -0.25882
UV: 0.963877 0.0159901

Position: -1.14029 0.0525623 -1.92742
Normal: -0 -0.965926 -0.25882
UV: 0.963864 0.0147824

Position: -1.31699 0.0525623 -1.92742
Normal: -0 -0.965926 -0.25882
UV: 0.991138 0.0147821

Position: -1.31699 0.0525623 -1.54628
Normal: -0 -0.965926 0.25882
UV: 0.991166 0.0171972

Position: -1.14029 0.0525623 -1.54628
Normal: -0 -0.965926 0.25882
UV: 0.963891 0.0171977

Position: -1.14029 0.00149919 -1.73685
Normal: -0 -0.965926 0.25882
UV: 0.963877 0.0159901

Position: -1.31699 0.00149919 -1.73685
Normal: -0 -0.965926 0.25882
UV: 0.991152 0.0159896

Position: -1.31699 0.192069 -1.40677
Normal: -0 -0.707107 0.707106
UV: 0.991179 0.0184047

Position: -1.14029 0.192069 -1.40677
Normal: -0 -0.707107 0.707106
UV: 0.963904 0.0184054

Position: -1.14029 0.0525623 -1.54628
Normal: -0 -0.707107 0.707106
UV: 0.963891 0.0171977

Position: -1.31699 0.0525623 -1.54628
Normal: -0 -0.707107 0.707106
UV: 0.991166 0.0171972

Position: -1.31699 0.382638 -1.35571
Normal: -0 -0.25882 0.965926
UV: 0.991203 0.0196121

Position: -1.14029 0.382638 -1.35571
Normal: -0 -0.25882 0.965926
UV: 0.963928 0.0196131

Position: -1.14029 0.192069 -1.40677
Normal: -0 -0.25882 0.965926
UV: 0.963904 0.0184054

Position: -1.31699 0.192069 -1.40677
Normal: -0 -0.25882 0.965926
UV: 0.991179 0.0184047

Position: -1.31699 0.573208 -1.40677
Normal: -0 0.25882 0.965926
UV: 0.991227 0.0208197

Position: -1.14029 0.573208 -1.40677
Normal: -0 0.25882 0.965926
UV: 0.963952 0.0208206

Position: -1.14029 0.382638 -1.35571
Normal: -0 0.25882 0.965926
UV: 0.963928 0.0196131

Position: -1.31699 0.382638 -1.35571
Normal: -0 0.25882 0.965926
UV: 0.991203 0.0196121

Position: -1.31699 0.573208 -1.40677
Normal: -0 0.707107 0.707106
UV: 0.991227 0.0208197

Position: -1.31699 0.712714 -1.54628
Normal: -0 0.707107 0.707106
UV: 0.991251 0.0220273

Position: -1.14029 0.573208 -1.40677
Normal: -0 0.707107 0.707106
UV: 0.963952 0.0208206

Position: -1.14029 0.712714 -1.54628
Normal: -0 0.707107 0.707106
UV: 0.963976 0.0220281

Position: -1.31699 0.763777 -1.73685
Normal: -0 0.965926 0.258817
UV: 0.991157 0.00874478

Position: -1.14029 0.712714 -1.54628
Normal: -0 0.965926 0.258817
UV: 0.963902 0.00753647

Position: -1.31699 0.712714 -1.54628
Normal: -0 0.965926 0.258817
UV: 0.991176 0.00753719

Position: -1.14029 0.763777 -1.73685
Normal: -0 0.965926 0.258817
UV: 0.963883 0.00874406

Position: -1.31699 0.763777 -1.73685
Normal: -0 0.965926 -0.258817
UV: 0.991157 0.00874478

Position: -1.31699 0.712714 -1.92742
Normal: -0 0.965926 -0.258817
UV: 0.991138 0.00995225

Position: -1.14029 0.763777 -1.73685
Normal: -0 0.965926 -0.258817
UV: 0.963883 0.00874406

Position: -1.14029 0.712714 -1.92742
Normal: -0 0.965926 -0.258817
UV: 0.963864 0.00995189

Position: -1.31699 0.712714 -1.92742
Normal: -1 0 0
UV: 0.873222 0.019426

Position: -1.31699 0.382638 -1.73685
Normal: -1 -5.44749e-014 0
UV: 0.9094 0.0820895

Position: -1.31699 0.573208 -2.06692
Normal: -1 -4.10311e-007 0
UV: 0.846738 0.0459111

Position: -1.31699 0.382638 -2.11799
Normal: -1 -3.41061e-013 0
UV: 0.837043 0.0820895

Position: -1.31699 0.192069 -2.06692
Normal: -1 4.10311e-007 0
UV: 0.846738 0.118268

Position: -1.31699 0.0525623 -1.92742
Normal: -1 0 0
UV: 0.873222 0.144752

Position: -1.31699 0.00149919 -1.73685
Normal: -1 0 0
UV: 0.9094 0.154445

Position: -1.31699 0.0525623 -1.54628
Normal: -1 2.05156e-007 0
UV: 0.945579 0.144752

Position: -1.31699 0.192069 -1.40677
Normal: -1 3.07734e-007 0
UV: 0.972062 0.118268

Position: -1.31699 0.382638 -1.35571
Normal: -1 0 0
UV: 0.981757 0.0820895

Position: -1.31699 0.573208 -1.40677
Normal: -1 -3.07734e-007 0
UV: 0.972062 0.0459111

Position: -1.31699 0.712714 -1.54628
Normal: -1 -2.05156e-007 0
UV: 0.945579 0.019426

Position: -1.31699 0.763777 -1.73685
Normal: -1 0 0
UV: 0.9094 0.00973254

Position: -1.31699 0.573208 1.5074
Normal: -0 0.707108 -0.707106
UV: 0.991269 0.0111474

Position: -1.14029 0.712714 1.64691
Normal: -0 0.707108 -0.707106
UV: 0.963994 0.00993985

Position: -1.31699 0.712714 1.64691
Normal: -0 0.707108 -0.707106
UV: 0.991268 0.00993985

Position: -1.14029 0.573208 1.5074
Normal: -0 0.707108 -0.707106
UV: 0.963993 0.0111474

Position: -1.31699 0.382638 1.45634
Normal: -0 0.25882 -0.965926
UV: 0.991269 0.012355

Position: -1.14029 0.382638 1.45634
Normal: -0 0.25882 -0.965926
UV: 0.963993 0.012355

Position: -1.14029 0.573208 1.5074
Normal: -0 0.25882 -0.965926
UV: 0.963993 0.0111474

Position: -1.31699 0.573208 1.5074
Normal: -0 0.25882 -0.965926
UV: 0.991269 0.0111474

Position: -1.31699 0.192069 1.5074
Normal: -0 -0.25882 -0.965926
UV: 0.991269 0.0135625

Position: -1.14029 0.192069 1.5074
Normal: -0 -0.25882 -0.965926
UV: 0.963993 0.0135625

Position: -1.14029 0.382638 1.45634
Normal: -0 -0.25882 -0.965926
UV: 0.963993 0.012355

Position: -1.31699 0.382638 1.45634
Normal: -0 -0.25882 -0.965926
UV: 0.991269 0.012355

Position: -1.31699 0.0525623 1.64691
Normal: -0 -0.707108 -0.707106
UV: 0.991268 0.0147701

Position: -1.14029 0.0525623 1.64691
Normal: -0 -0.707108 -0.707106
UV: 0.963994 0.0147701

Position: -1.14029 0.192069 1.5074
Normal: -0 -0.707108 -0.707106
UV: 0.963993 0.0135625

Position: -1.31699 0.192069 1.5074
Normal: -0 -0.707108 -0.707106
UV: 0.991269 0.0135625

Position: -1.31699 0.00149919 1.83748
Normal: -0 -0.965925 -0.258821
UV: 0.991267 0.0159777

Position: -1.14029 0.00149919 1.83748
Normal: -0 -0.965925 -0.258821
UV: 0.963991 0.0159777

Position: -1.14029 0.0525623 1.64691
Normal: -0 -0.965925 -0.258821
UV: 0.963994 0.0147701

Position: -1.31699 0.0525623 1.64691
Normal: -0 -0.965925 -0.258821
UV: 0.991268 0.0147701

Position: -1.31699 0.0525623 2.02805
Normal: -0 -0.965926 0.258819
UV: 0.991265 0.0171853

Position: -1.14029 0.0525623 2.02805
Normal: -0 -0.965926 0.258819
UV: 0.963989 0.0171852

Position: -1.14029 0.00149919 1.83748
Normal: -0 -0.965926 0.258819
UV: 0.963991 0.0159777

Position: -1.31699 0.00149919 1.83748
Normal: -0 -0.965926 0.258819
UV: 0.991267 0.0159777

Position: -1.31699 0.192069 2.16756
Normal: -0 -0.707105 0.707108
UV: 0.991261 0.0183929

Position: -1.14029 0.192069 2.16756
Normal: -0 -0.707105 0.707108
UV: 0.963987 0.0183927

Position: -1.14029 0.0525623 2.02805
Normal: -0 -0.707105 0.707108
UV: 0.963989 0.0171852

Position: -1.31699 0.0525623 2.02805
Normal: -0 -0.707105 0.707108
UV: 0.991265 0.0171853

Position: -1.31699 0.382638 2.21862
Normal: -0 -0.258817 0.965926
UV: 0.991256 0.0196006

Position: -1.14029 0.382638 2.21862
Normal: -0 -0.258817 0.965926
UV: 0.96398 0.0196003

Position: -1.14029 0.192069 2.16756
Normal: -0 -0.258817 0.965926
UV: 0.963987 0.0183927

Position: -1.31699 0.192069 2.16756
Normal: -0 -0.258817 0.965926
UV: 0.991261 0.0183929

Position: -1.31699 0.573208 2.16756
Normal: -0 0.258817 0.965926
UV: 0.99125 0.020808

Position: -1.14029 0.573208 2.16756
Normal: -0 0.258817 0.965926
UV: 0.963974 0.0208078

Position: -1.14029 0.382638 2.21862
Normal: -0 0.258817 0.965926
UV: 0.96398 0.0196003

Position: -1.31699 0.382638 2.21862
Normal: -0 0.258817 0.965926
UV: 0.991256 0.0196006

Position: -1.31699 0.712714 2.02805
Normal: -0 0.707105 0.707108
UV: 0.991243 0.0220156

Position: -1.14029 0.712714 2.02805
Normal: -0 0.707105 0.707108
UV: 0.963969 0.0220154

Position: -1.14029 0.573208 2.16756
Normal: -0 0.707105 0.707108
UV: 0.963974 0.0208078

Position: -1.31699 0.573208 2.16756
Normal: -0 0.707105 0.707108
UV: 0.99125 0.020808

Position: -1.31699 0.763777 1.83748
Normal: -0 0.965927 0.258816
UV: 0.991271 0.00873238

Position: -1.14029 0.712714 2.02805
Normal: -0 0.965927 0.258816
UV: 0.963999 0.00752467

Position: -1.31699 0.712714 2.02805
Normal: -0 0.965927 0.258816
UV: 0.991273 0.00752479

Position: -1.14029 0.763777 1.83748
Normal: -0 0.965927 0.258816
UV: 0.963997 0.00873226

Position: -1.31699 0.712714 1.64691
Normal: -0 0.965926 -0.258818
UV: 0.991268 0.00993985

Position: -1.14029 0.763777 1.83748
Normal: -0 0.965926 -0.258818
UV: 0.963997 0.00873226

Position: -1.31699 0.763777 1.83748
Normal: -0 0.965926 -0.258818
UV: 0.991271 0.00873238

Position: -1.14029 0.712714 1.64691
Normal: -0 0.965926 -0.258818
UV: 0.963994 0.00993985

Position: -1.31699 0.712714 1.64691
Normal: -1 0 0
UV: 0.873222 0.019426

Position: -1.31699 0.382638 1.83748
Normal: -1 -1.42109e-014 0
UV: 0.9094 0.0820895

Position: -1.31699 0.573208 1.5074
Normal: -1 -1.02578e-007 0
UV: 0.846738 0.0459111

Position: -1.31699 0.382638 1.45634
Normal: -1 -8.52651e-014 0
UV: 0.837043 0.0820895

Position: -1.31699 0.192069 1.5074
Normal: -1 1.02578e-007 0
UV: 0.846738 0.118268

Position: -1.31699 0.0525623 1.64691
Normal: -1 0 0
UV: 0.873222 0.144752

Position: -1.31699 0.00149919 1.83748
Normal: -1 0 0
UV: 0.9094 0.154445

Position: -1.31699 0.0525623 2.02805
Normal: -1 -2.05156e-007 0
UV: 0.945579 0.144752

Position: -1.31699 0.192069 2.16756
Normal: -1 -2.05156e-007 0
UV: 0.972062 0.118268

Position: -1.31699 0.382638 2.21862
Normal: -1 0 0
UV: 0.981757 0.0820895

Position: -1.31699 0.573208 2.16756
Normal: -1 2.05156e-007 0
UV: 0.972062 0.0459111

Position: -1.31699 0.712714 2.02805
Normal: -1 2.05156e-007 0
UV: 0.945578 0.0194261

Position: -1.31699 0.763777 1.83748
Normal: -1 0 0
UV: 0.9094 0.00973266

Position: -1.60354 1.64719 -1.18117
Normal: -0 0.938582 -0.345056
UV: 0.507951 0.941301

Position: -1.26195 1.69518 -1.05062
Normal: -0 0.938582 -0.345056
UV: 0.551228 0.962802

Position: -1.66481 1.69518 -1.05062
Normal: -0 0.938582 -0.345056
UV: 0.507951 0.962802

Position: -1.32322 1.64719 -1.18117
Normal: -0 0.938582 -0.345056
UV: 0.551228 0.941301

Position: -1.32322 1.42763 -1.18117
Normal: -0 0 -1
UV: 0.551228 0.907405

Position: -1.60354 1.64719 -1.18117
Normal: -0 0 -1
UV: 0.507951 0.941301

Position: -1.60354 1.42763 -1.18117
Normal: -0 0 -1
UV: 0.507951 0.907405

Position: -1.32322 1.64719 -1.18117
Normal: -0 0 -1
UV: 0.551228 0.941301

Position: -1.66481 1.37964 -1.05062
Normal: -0 -0.938583 -0.345052
UV: 0.507951 0.885936

Position: -1.26195 1.37964 -1.05062
Normal: -0 -0.938583 -0.345052
UV: 0.551228 0.885936

Position: -1.60354 1.42763 -1.18117
Normal: -0 -0.938583 -0.345052
UV: 0.507951 0.907405

Position: -1.32322 1.42763 -1.18117
Normal: -0 -0.938583 -0.345052
UV: 0.551228 0.907405

Position: -1.26195 1.69518 -1.05062
Normal: -0 0 1
UV: 0.551228 0.837232

Position: -1.66481 1.37964 -1.05062
Normal: -0 0 1
UV: 0.507951 0.885936

Position: -1.66481 1.69518 -1.05062
Normal: -0 0 1
UV: 0.507951 0.837232

Position: -1.26195 1.37964 -1.05062
Normal: -0 0 1
UV: 0.551228 0.885936

Position: -1.32322 1.64719 -1.18117
Normal: 0.905248 0 -0.424884
UV: 0.551228 0.941301

Position: -1.26195 1.37964 -1.05062
Normal: 0.905248 0 -0.424884
UV: 0.596833 0.962802

Position: -1.26195 1.69518 -1.05062
Normal: 0.905248 0 -0.424884
UV: 0.551228 0.962802

Position: -1.32322 1.42763 -1.18117
Normal: 0.905248 0 -0.424884
UV: 0.596833 0.941301

Position: -1.60354 1.42763 -1.18117
Normal: -0.905247 0 -0.424885
UV: 0.462358 0.941301

Position: -1.60354 1.64719 -1.18117
Normal: -0.905247 0 -0.424885
UV: 0.507951 0.941301

Position: -1.66481 1.37964 -1.05062
Normal: -0.905247 0 -0.424885
UV: 0.462358 0.962802

Position: -1.66481 1.69518 -1.05062
Normal: -0.905247 0 -0.424885
UV: 0.507951 0.962802

Position: 1.10955 1.62236 1.6762
Normal: -0.00708928 0.0923656 0.9957
UV: 0.199732 0.910559

Position: -5.13888e-013 1.51126 1.68271
Normal: -0 0.0585091 0.998287
UV: 0.215245 0.739296

Position: -5.13895e-013 1.62236 1.6762
Normal: -0 0.0860853 0.996288
UV: 0.199707 0.739298

Position: 1.22702 1.51126 1.68271
Normal: -0.0106337 0.0817295 0.996598
UV: 0.215272 0.928689

Position: -5.14013e-013 2.65523 1.56974
Normal: -0 0.0409893 0.99916
UV: 0.0290058 0.739309

Position: 1.22702 2.65523 1.56974
Normal: -0.0106363 0.0729844 0.997276
UV: 0.0290077 0.928702

Position: 1.10955 2.49651 1.57625
Normal: -0.00709093 0.0865438 0.996223
UV: 0.0457797 0.91057

Position: -5.14006e-013 2.49651 1.57625
Normal: -0 0.0773438 0.997005
UV: 0.0457807 0.739309

Position: -1.10955 1.62236 1.6762
Normal: 0.00708953 0.0923655 0.9957
UV: 0.199732 0.910559

Position: -1.22702 1.51126 1.68271
Normal: 0.0106341 0.0817294 0.996598
UV: 0.215272 0.928689

Position: -1.22702 2.65523 1.56974
Normal: 0.0106367 0.0729844 0.997276
UV: 0.0290077 0.928702

Position: -1.10955 2.49651 1.57625
Normal: 0.00709118 0.0865437 0.996223
UV: 0.0457797 0.91057

Position: 1.22702 1.28072 2.83239
Normal: 1 1.67378e-007 0
UV: 0.983501 -0.655894

Position: 1.22702 1.27936 2.6064
Normal: 1 1.11585e-007 0
UV: 0.983501 -0.72793

Position: 1.22702 1.05018 2.83239
Normal: 1 -1.11983e-007 0
UV: 0.920566 -0.655894

Position: 1.22702 1.04747 2.6064
Normal: 1 -7.46553e-008 0
UV: 0.920566 -0.72793

Position: 1.22702 1.278 1.68271
Normal: 1 8.36891e-008 0
UV: 0.720369 0.25853

Position: 1.22702 1.28072 -1.20687
Normal: 1 0 0
UV: 0.274371 0.25811

Position: 1.22702 1.28004 -2.4691
Normal: 1 0 0
UV: 0.079551 0.258219

Position: 0.613512 1.04747 -2.72686
Normal: -0 0 -1
UV: 0.983501 -0.489395

Position: 1.22702 1.04747 -2.72686
Normal: -0 0 -1
UV: 0.983501 -0.655894

Position: 1.22702 1.27936 -2.72686
Normal: -0 0 -1
UV: 0.920566 -0.655894

Position: 0.613512 1.27936 -2.72686
Normal: -0 0 -1
UV: 0.920566 -0.489395

Position: -5.18783e-013 1.27936 -2.72686
Normal: -0 0 -1
UV: 0.247765 0.877657

Position: -0.613512 1.27936 -2.72686
Normal: -0 0 -1
UV: 0.342459 0.877657

Position: -1.22702 1.04882 -2.4691
Normal: -1 0 0
UV: 0.983501 -0.72793

Position: -1.22702 1.27936 -2.72686
Normal: -1 0 0
UV: 0.920566 -0.655894

Position: -1.22702 1.28004 -2.4691
Normal: -1 0 0
UV: 0.920566 -0.72793

Position: -1.22702 1.04747 -2.72686
Normal: -1 0 0
UV: 0.983501 -0.655894

Position: -1.22702 1.278 1.68271
Normal: -1 1.11586e-007 0
UV: 0.720369 0.25853

Position: -1.22702 1.28072 -1.20687
Normal: -1 0 0
UV: 0.274371 0.25811

Position: -1.22702 1.27936 2.6064
Normal: -1 1.48781e-007 0
UV: 0.862938 0.258312

Position: -0.613512 1.05018 2.83239
Normal: -1.27509e-007 0 1
UV: 0.920566 -0.489395

Position: -1.22702 1.05018 2.83239
Normal: -1.91264e-007 0 1
UV: 0.920566 -0.655894

Position: -0.613512 1.28072 2.83239
Normal: -9.25897e-008 0 1
UV: 0.983501 -0.489395

Position: -1.22702 1.28072 2.83239
Normal: -1.38885e-007 0 1
UV: 0.983501 -0.655894

Position: -5.12611e-013 1.28072 2.83239
Normal: -0 0 1
UV: 0.899913 0.44108

Position: 0.613512 1.28072 2.83239
Normal: -0 0 1
UV: 0.805219 0.441079

Position: 1.22702 1.51126 2.83239
Normal: 1 3.34756e-007 0
UV: 0.897819 0.224749

Position: 1.22702 1.27936 2.6064
Normal: 1 1.11585e-007 0
UV: 0.862938 0.258312

Position: 1.22702 1.28072 2.83239
Normal: 1 1.67378e-007 0
UV: 0.897819 0.25811

Position: 1.22702 1.51126 -2.72686
Normal: 1 0 0
UV: 0.0397654 0.224748

Position: 1.22702 1.27936 -2.72686
Normal: 1 0 0
UV: 0.0397654 0.25832

Position: -5.18783e-013 1.51126 -2.72686
Normal: -0 0 -1
UV: 0.247765 0.844086

Position: 0.613512 1.27936 -2.72686
Normal: -0 0 -1
UV: 0.342459 0.877657

Position: 1.22702 1.51126 -2.72686
Normal: -0 0 -1
UV: 0.437153 0.844086

Position: 1.22702 1.27936 -2.72686
Normal: -0 0 -1
UV: 0.437153 0.877657

Position: -1.22702 1.51126 -2.72686
Normal: -0 0 -1
UV: 0.437153 0.844086

Position: -1.22702 1.27936 -2.72686
Normal: -0 0 -1
UV: 0.437153 0.877657

Position: -1.22702 1.28004 -2.4691
Normal: -1 0 0
UV: 0.079551 0.258219

Position: -1.22702 1.51126 -2.72686
Normal: -1 0 0
UV: 0.0397654 0.224748

Position: -1.22702 1.27936 -2.72686
Normal: -1 0 0
UV: 0.0397654 0.25832

Position: -1.22702 1.51126 2.83239
Normal: -1 4.46342e-007 0
UV: 0.897819 0.224749

Position: -1.22702 1.28072 2.83239
Normal: -1 2.23171e-007 0
UV: 0.897819 0.25811

Position: -0.613512 1.28072 2.83239
Normal: -9.25897e-008 0 1
UV: 0.805219 0.441079

Position: -5.12611e-013 1.51126 2.83239
Normal: -0 0 1
UV: 0.899913 0.407718

Position: -1.22702 1.51126 2.83239
Normal: -0 0 1
UV: 0.710525 0.407718

Position: -1.22702 1.28072 2.83239
Normal: -1.38885e-007 0 1
UV: 0.710525 0.441079

Position: 1.22702 1.51126 2.83239
Normal: -0 0 1
UV: 0.710525 0.407718

Position: 1.22702 1.28072 2.83239
Normal: -0 0 1
UV: 0.710525 0.441079

Position: 0.613512 1.28072 2.83239
Normal: -0 0 1
UV: 0.983501 -0.489395

Position: 1.22702 1.28072 2.83239
Normal: -0 0 1
UV: 0.983501 -0.655894

Position: 1.22702 1.05018 2.83239
Normal: -0 0 1
UV: 0.920566 -0.655894

Position: 0.613512 1.05018 2.83239
Normal: -0 0 1
UV: 0.920566 -0.489395

Position: -1.22702 1.28072 2.83239
Normal: -1 2.23171e-007 0
UV: 0.983501 -0.655894

Position: -1.22702 1.05018 2.83239
Normal: -1 -8.39871e-008 0
UV: 0.920566 -0.655894

Position: -1.22702 1.27936 2.6064
Normal: -1 1.48781e-007 0
UV: 0.983501 -0.72793

Position: -1.22702 1.04747 2.6064
Normal: -1 -5.59914e-008 0
UV: 0.920566 -0.72793

Position: -0.613512 1.27936 -2.72686
Normal: -0 0 -1
UV: 0.920566 -0.489395

Position: -1.22702 1.04747 -2.72686
Normal: -0 0 -1
UV: 0.983501 -0.655894

Position: -0.613512 1.04747 -2.72686
Normal: -0 0 -1
UV: 0.983501 -0.489395

Position: -1.22702 1.27936 -2.72686
Normal: -0 0 -1
UV: 0.920566 -0.655894

Position: 1.22702 1.04882 -2.4691
Normal: 1 0 0
UV: 0.983501 -0.72793

Position: 1.22702 1.27936 -2.72686
Normal: 1 0 0
UV: 0.920566 -0.655894

Position: 1.22702 1.04747 -2.72686
Normal: 1 0 0
UV: 0.983501 -0.655894

Position: 1.22702 1.28004 -2.4691
Normal: 1 0 0
UV: 0.920566 -0.72793


[INDEX_DATA]
0 2 1
1 3 0
4 6 5
5 7 4
8 10 9
10 11 9
12 14 13
15 13 14
16 18 17
17 19 16
20 22 21
21 23 20
24 26 25
25 27 24
28 30 29
29 31 28
9 11 32
11 33 32
34 36 35
35 37 34
1 39 38
38 3 1
40 41 8
41 10 8
42 2 0
0 43 42
44 46 45
45 47 44
48 50 49
48 51 50
52 54 53
53 55 52
49 50 55
50 52 55
56 58 57
59 60 56
58 61 57
57 59 56
62 63 61
61 58 62
64 62 65
64 63 62
65 67 66
65 66 64
56 60 65
60 67 65
59 57 64
64 66 59
68 70 69
69 71 68
3 38 72
72 73 3
72 38 74
75 0 3
3 73 75
76 43 0
0 75 76
43 76 77
78 80 79
79 81 78
82 78 81
83 85 84
84 86 83
85 87 84
88 38 39
39 89 88
90 92 91
91 93 90
33 94 32
33 95 94
96 98 97
97 98 99
100 102 101
101 103 100
104 106 105
105 107 104
108 110 109
109 111 108
112 114 113
113 115 112
116 118 117
117 119 116
120 122 121
121 123 120
124 126 125
125 127 124
128 130 129
129 131 128
132 134 133
133 134 135
136 138 137
137 138 139
140 142 141
141 142 143
144 146 145
145 146 147
147 146 148
148 146 149
149 146 150
150 146 151
151 146 152
152 146 153
153 146 154
154 146 155
155 146 156
156 146 144
157 159 158
158 159 160
161 163 162
162 164 161
165 167 166
166 168 165
169 171 170
170 172 169
173 175 174
174 176 173
177 179 178
178 180 177
181 183 182
182 184 181
185 187 186
186 188 185
189 191 190
190 192 189
193 195 194
194 196 193
197 199 198
198 199 200
201 203 202
202 203 204
205 207 206
206 207 208
208 207 209
209 207 210
210 207 211
211 207 212
212 207 213
213 207 214
214 207 215
215 207 216
216 207 217
217 207 205
218 220 219
219 221 218
222 224 223
222 225 224
226 228 227
226 229 228
230 232 231
230 233 232
234 236 235
235 237 234
238 240 239
239 241 238
242 244 243
243 244 245
246 248 247
249 247 248
250 252 251
251 252 253
254 256 255
254 257 256
258 260 259
258 261 260
262 264 263
263 265 262
266 4 7
7 267 266
268 269 11
11 10 268
13 15 270
270 271 13
19 17 272
273 272 17
274 276 275
275 276 277
278 279 26
26 279 25
30 281 280
280 29 30
269 282 33
33 11 269
283 285 284
284 286 283
263 264 287
287 288 263
289 268 10
10 41 289
290 291 262
262 265 290
292 44 47
47 293 292
51 48 294
295 294 48
53 54 296
296 297 53
294 295 297
297 296 294
298 300 299
301 302 298
301 303 302
298 299 301
302 303 304
303 305 304
306 304 307
306 309 308
305 307 304
307 309 306
300 298 306
306 308 300
301 299 307
309 307 299
310 312 311
311 313 310
264 315 314
287 264 314
314 316 287
317 315 264
264 262 317
318 317 262
262 291 318
319 318 291
79 80 320
320 321 79
321 320 322
323 85 324
85 323 87
324 325 323
326 288 327
287 327 288
328 329 93
90 93 329
95 33 282
282 330 95
331 333 332
332 334 331
335 337 336
335 338 337
339 341 340
339 342 341
343 345 344
343 346 345
347 349 348
347 350 349
351 353 352
351 354 353
355 357 356
355 358 357
359 361 360
359 362 361
363 365 364
363 366 365
367 369 368
369 370 368
371 373 372
372 374 371
375 377 376
377 378 376
379 381 380
381 382 380
382 383 380
383 384 380
384 385 380
385 386 380
386 387 380
387 388 380
388 389 380
389 390 380
390 391 380
391 379 380
392 394 393
393 395 392
396 398 397
396 399 398
400 402 401
400 403 402
404 406 405
404 407 406
408 410 409
408 411 410
412 414 413
412 415 414
416 418 417
416 419 418
420 422 421
420 423 422
424 426 425
424 427 426
428 430 429
428 431 430
432 434 433
433 435 432
436 438 437
437 439 436
440 442 441
442 443 441
443 444 441
444 445 441
445 446 441
446 447 441
447 448 441
448 449 441
449 450 441
450 451 441
451 452 441
452 440 441
453 455 454
454 456 453
457 459 458
458 460 457
461 463 462
463 464 462
465 467 466
466 468 465
469 471 470
470 472 469
473 475 474
476 474 475
477 479 478
478 480 477
481 483 482
481 484 483
480 482 483
483 477 480
485 478 479
478 485 486
486 488 487
486 485 488
481 487 488
488 484 481
489 491 490
491 492 490
493 75 73
73 494 493
73 72 495
495 494 73
496 498 497
496 499 498
500 87 323
323 501 500
502 504 503
503 505 502
506 507 315
315 317 506
506 318 508
318 506 317
509 511 510
512 510 511
513 78 514
513 80 78
515 517 516
516 56 515
516 493 56
56 493 494
494 58 56
495 58 494
518 58 495
495 519 518
520 522 521
521 500 520
521 522 523
524 520 501
501 525 524
501 520 500
526 507 302
527 526 302
526 527 528
298 302 507
507 506 298
508 530 529
298 508 529
508 298 506
513 532 531
533 531 532
533 534 531
535 532 514
514 536 535
532 513 514
516 76 493
76 75 493
537 539 538
537 540 539
80 513 320
531 320 513
541 543 542
542 543 544
315 507 526
526 314 315
545 547 546
546 548 545
521 84 87
87 500 521
549 551 550
550 552 549

