[FBX_META_DATA]
MeshCount: 1

[MESH_DATA]
VertexCount: 308
IndexCount: 516
BoneCount: 0
AnimationClips: 1

[VERTEX_DATA]
Position: -0.386219 2.33122 -0.531448
Normal: -0 0 -1
UV: 0.316367 0.69333

Position: -0.386219 0.263035 -0.531448
Normal: -0 0 -1
UV: 0.316367 0.667189

Position: 0.401531 0.263035 -0.531448
Normal: -0 0 -1
UV: 0.326324 0.667189

Position: 0.401531 2.33122 -0.531448
Normal: -0 0 -1
UV: 0.326324 0.69333

Position: -0.386219 0.263035 0.214325
Normal: -0 0 1
UV: 0.285921 0.69333

Position: -0.386219 2.33122 0.214325
Normal: -0 0 1
UV: 0.285921 0.667189

Position: 0.401531 2.33122 0.214325
Normal: -0 0 1
UV: 0.295877 0.667189

Position: 0.401531 0.263035 0.214325
Normal: -0 0 1
UV: 0.295877 0.69333

Position: -0.386219 2.33122 0.214325
Normal: -1 0 0
UV: 0.182234 0.69333

Position: -0.386219 0.263035 0.214325
Normal: -1 0 0
UV: 0.182234 0.667189

Position: -0.386219 0.263035 -0.531448
Normal: -1 0 0
UV: 0.19166 0.667189

Position: -0.386219 2.33122 -0.531448
Normal: -1 0 0
UV: 0.19166 0.69333

Position: 0.401531 2.33122 -0.531448
Normal: 1 0 0
UV: 0.172289 0.69333

Position: 0.401531 0.263035 0.214325
Normal: 1 0 0
UV: 0.181715 0.667189

Position: 0.401531 2.33122 0.214325
Normal: 1 0 0
UV: 0.181715 0.69333

Position: 0.401531 0.263035 -0.531448
Normal: 1 0 0
UV: 0.172289 0.667189

Position: 0.401531 2.33122 -0.531448
Normal: -0 1 0
UV: 0.434878 0.699128

Position: -0.13689 2.33122 -0.29541
Normal: -0 1 0
UV: 0.438533 0.707464

Position: -0.386219 2.33122 -0.531448
Normal: -0 1 0
UV: 0.434878 0.711324

Position: 0.152203 2.33122 -0.29541
Normal: -0 1 0
UV: 0.438533 0.702989

Position: -0.386219 2.33122 0.214325
Normal: -0 1 0
UV: 0.446424 0.711324

Position: -0.13689 2.33122 -0.0217285
Normal: -0 1 0
UV: 0.44277 0.707464

Position: 0.152203 2.33122 -0.0217285
Normal: -0 1 0
UV: 0.44277 0.702989

Position: 0.401531 2.33122 0.214325
Normal: -0 1 0
UV: 0.446424 0.699128

Position: -0.13689 7.88168 -0.29541
Normal: -0 0 -1
UV: 0.3548 0.733032

Position: -0.13689 2.33122 -0.29541
Normal: -0 0 -1
UV: 0.3548 0.667189

Position: 0.152203 2.33122 -0.29541
Normal: -0 0 -1
UV: 0.358454 0.667189

Position: 0.152203 7.88168 -0.29541
Normal: -0 0 -1
UV: 0.358454 0.733032

Position: -0.13689 7.88168 -0.0217285
Normal: -1 0 0
UV: 0.226603 0.733032

Position: -0.13689 2.33122 -0.0217285
Normal: -1 0 0
UV: 0.226603 0.667189

Position: -0.13689 2.33122 -0.29541
Normal: -1 0 0
UV: 0.230062 0.667189

Position: -0.13689 7.88168 -0.29541
Normal: -1 0 0
UV: 0.230062 0.733032

Position: 0.152203 7.88168 -0.0217285
Normal: -0 0 1
UV: 0.3626 0.67796

Position: -0.13689 2.33122 -0.0217285
Normal: -0 0 1
UV: 0.358946 0.743802

Position: -0.13689 7.88168 -0.0217285
Normal: -0 0 1
UV: 0.358946 0.67796

Position: 0.152203 2.33122 -0.0217285
Normal: -0 0 1
UV: 0.3626 0.743802

Position: 0.152203 2.33122 -0.0217285
Normal: 1 0 0
UV: 0.226085 0.667189

Position: 0.152203 7.88168 -0.0217285
Normal: 1 0 0
UV: 0.226085 0.733032

Position: 0.152203 7.88168 -0.29541
Normal: 1 0 0
UV: 0.222625 0.733032

Position: 0.152203 2.33122 -0.29541
Normal: 1 0 0
UV: 0.222625 0.667189

Position: 0.562534 0.00420329 0.366745
Normal: -0 0 1
UV: 0.366063 0.681364

Position: -0.547222 0.00420329 0.366745
Normal: -0 0 1
UV: 0.366063 0.712963

Position: 0.562534 0.263035 0.366745
Normal: -0 0 1
UV: 0.359367 0.681364

Position: -0.547222 0.263035 0.366745
Normal: -0 0 1
UV: 0.359367 0.712963

Position: -0.547222 0.00420329 0.366745
Normal: -1 0 0
UV: 0.163567 0.712963

Position: -0.547222 0.00420329 -0.683884
Normal: -1 0 0
UV: 0.163567 0.683048

Position: -0.547222 0.263035 0.366745
Normal: -1 0 0
UV: 0.170263 0.712963

Position: -0.547222 0.263035 -0.683884
Normal: -1 0 0
UV: 0.170263 0.683048

Position: 0.562534 0.00420329 -0.683884
Normal: -0 0 -1
UV: 0.295356 0.681364

Position: -0.547222 0.263035 -0.683884
Normal: -0 0 -1
UV: 0.302052 0.712963

Position: -0.547222 0.00420329 -0.683884
Normal: -0 0 -1
UV: 0.295356 0.712963

Position: 0.562534 0.263035 -0.683884
Normal: -0 0 -1
UV: 0.302052 0.681364

Position: 0.562534 0.263035 0.366745
Normal: 1 0 0
UV: 0.162582 0.683048

Position: 0.562534 0.263035 -0.683884
Normal: 1 0 0
UV: 0.162582 0.712963

Position: 0.562534 0.00420329 0.366745
Normal: 1 0 0
UV: 0.155886 0.683048

Position: 0.562534 0.00420329 -0.683884
Normal: 1 0 0
UV: 0.155886 0.712963

Position: 0.562534 0.263035 0.366745
Normal: -0 1 0
UV: 0.500004 0.710958

Position: -0.547222 0.263035 0.366745
Normal: -0 1 0
UV: 0.500004 0.728139

Position: 0.401531 0.263035 0.214325
Normal: -0 1 0
UV: 0.497644 0.713451

Position: -0.386219 0.263035 0.214325
Normal: -0 1 0
UV: 0.497644 0.725647

Position: -0.386219 0.263035 -0.531448
Normal: -0 1 0
UV: 0.486098 0.725647

Position: -0.547222 0.263035 -0.683884
Normal: -0 1 0
UV: 0.483738 0.728139

Position: 0.562534 0.263035 -0.683884
Normal: -0 1 0
UV: 0.483738 0.710958

Position: 0.401531 0.263035 -0.531448
Normal: -0 1 0
UV: 0.486098 0.713451

Position: 0.152203 7.88168 -0.0217285
Normal: -0 1 0
UV: 0.429367 0.837931

Position: -0.13689 7.88168 -0.0217285
Normal: -0 1 0
UV: 0.478258 0.817665

Position: -0.13689 7.88168 -0.29541
Normal: -0 1 0
UV: 0.430831 0.837931

Position: 0.152203 7.88168 -0.29541
Normal: -0 1 0
UV: 0.478077 0.837931

Position: -0.239826 6.93635 0.417816
Normal: -0 0 1
UV: 0.064814 0.331963

Position: 0.210571 6.93635 0.417816
Normal: -0 0 1
UV: 0.042456 0.331963

Position: -0.239826 6.48595 0.417816
Normal: -0 0 1
UV: 0.064814 0.309605

Position: 0.210571 6.48595 0.417816
Normal: -0 0 1
UV: 0.042456 0.309605

Position: -0.239826 6.48595 0.417816
Normal: -0 -1 0
UV: 0.191242 0.735413

Position: 0.210571 6.48595 0.417816
Normal: -0 -1 0
UV: 0.168884 0.735413

Position: -0.239826 6.48595 0.134689
Normal: -0 -1 0
UV: 0.191242 0.713055

Position: 0.210571 6.48595 0.134689
Normal: -0 -1 0
UV: 0.168884 0.713055

Position: -0.239826 6.48595 0.134689
Normal: -0 0 -1
UV: 0.191242 0.713055

Position: 0.210571 6.48595 0.134689
Normal: -0 0 -1
UV: 0.168884 0.713055

Position: -0.239826 6.93635 0.134689
Normal: -0 0 -1
UV: 0.191242 0.690697

Position: 0.210571 6.93635 0.134689
Normal: -0 0 -1
UV: 0.168884 0.690697

Position: -0.239826 6.93635 0.417816
Normal: -0 1 0
UV: 0.191242 0.66834

Position: 0.210571 6.93635 0.134689
Normal: -0 1 0
UV: 0.168884 0.690697

Position: 0.210571 6.93635 0.417816
Normal: -0 1 0
UV: 0.168884 0.66834

Position: -0.239826 6.93635 0.134689
Normal: -0 1 0
UV: 0.191242 0.690697

Position: -0.239826 6.48595 0.417816
Normal: -1 0 0
UV: 0.191242 0.735413

Position: -0.239826 6.48595 0.134689
Normal: -1 0 0
UV: 0.2136 0.735413

Position: -0.239826 6.93635 0.417816
Normal: -1 0 0
UV: 0.191242 0.757771

Position: -0.239826 6.93635 0.134689
Normal: -1 0 0
UV: 0.2136 0.757771

Position: 0.210571 6.48595 0.417816
Normal: 1 0 0
UV: 0.168884 0.735413

Position: 0.210571 6.93635 0.417816
Normal: 1 0 0
UV: 0.168884 0.757771

Position: 0.210571 6.93635 0.134689
Normal: 1 0 0
UV: 0.146526 0.757771

Position: 0.210571 6.48595 0.134689
Normal: 1 0 0
UV: 0.146526 0.735413

Position: -0.239826 6.37965 0.417816
Normal: -0 0 1
UV: 0.331799 0.227672

Position: 0.210571 6.37965 0.417816
Normal: -0 0 1
UV: 0.309441 0.227672

Position: -0.239826 5.92925 0.417816
Normal: -0 0 1
UV: 0.331799 0.205314

Position: 0.210571 5.92925 0.417816
Normal: -0 0 1
UV: 0.309441 0.205314

Position: -0.239826 5.92925 0.417816
Normal: -0 -1 0
UV: 0.191242 0.735413

Position: 0.210571 5.92925 0.417816
Normal: -0 -1 0
UV: 0.168884 0.735413

Position: -0.239826 5.92925 0.134689
Normal: -0 -1 0
UV: 0.191242 0.713055

Position: 0.210571 5.92925 0.134689
Normal: -0 -1 0
UV: 0.168884 0.713055

Position: -0.239826 5.92925 0.134689
Normal: -0 0 -1
UV: 0.191242 0.713055

Position: 0.210571 5.92925 0.134689
Normal: -0 0 -1
UV: 0.168884 0.713055

Position: -0.239826 6.37965 0.134689
Normal: -0 0 -1
UV: 0.191242 0.690697

Position: 0.210571 6.37965 0.134689
Normal: -0 0 -1
UV: 0.168884 0.690697

Position: -0.239826 6.37965 0.417816
Normal: -0 1 0
UV: 0.191242 0.66834

Position: 0.210571 6.37965 0.134689
Normal: -0 1 0
UV: 0.168884 0.690697

Position: 0.210571 6.37965 0.417816
Normal: -0 1 0
UV: 0.168884 0.66834

Position: -0.239826 6.37965 0.134689
Normal: -0 1 0
UV: 0.191242 0.690697

Position: -0.239826 5.92925 0.417816
Normal: -1 0 0
UV: 0.191242 0.735413

Position: -0.239826 5.92925 0.134689
Normal: -1 0 0
UV: 0.2136 0.735413

Position: -0.239826 6.37965 0.417816
Normal: -1 0 0
UV: 0.191242 0.757771

Position: -0.239826 6.37965 0.134689
Normal: -1 0 0
UV: 0.2136 0.757771

Position: 0.210571 5.92925 0.417816
Normal: 1 0 0
UV: 0.168884 0.735413

Position: 0.210571 6.37965 0.417816
Normal: 1 0 0
UV: 0.168884 0.757771

Position: 0.210571 6.37965 0.134689
Normal: 1 0 0
UV: 0.146526 0.757771

Position: 0.210571 5.92925 0.134689
Normal: 1 0 0
UV: 0.146526 0.735413

Position: -0.239826 5.82703 0.417816
Normal: -0 0 1
UV: 0.448605 0.210985

Position: 0.210571 5.82703 0.417816
Normal: -0 0 1
UV: 0.426247 0.210985

Position: -0.239826 5.37663 0.417816
Normal: -0 0 1
UV: 0.448605 0.188627

Position: 0.210571 5.37663 0.417816
Normal: -0 0 1
UV: 0.426247 0.188627

Position: -0.239826 5.37663 0.417816
Normal: -0 -1 0
UV: 0.191242 0.735413

Position: 0.210571 5.37663 0.417816
Normal: -0 -1 0
UV: 0.168884 0.735413

Position: -0.239826 5.37663 0.134689
Normal: -0 -1 0
UV: 0.191242 0.713055

Position: 0.210571 5.37663 0.134689
Normal: -0 -1 0
UV: 0.168884 0.713055

Position: -0.239826 5.37663 0.134689
Normal: -0 0 -1
UV: 0.191242 0.713055

Position: 0.210571 5.37663 0.134689
Normal: -0 0 -1
UV: 0.168884 0.713055

Position: -0.239826 5.82703 0.134689
Normal: -0 0 -1
UV: 0.191242 0.690697

Position: 0.210571 5.82703 0.134689
Normal: -0 0 -1
UV: 0.168884 0.690697

Position: -0.239826 5.82703 0.417816
Normal: -0 1 0
UV: 0.191242 0.66834

Position: 0.210571 5.82703 0.134689
Normal: -0 1 0
UV: 0.168884 0.690697

Position: 0.210571 5.82703 0.417816
Normal: -0 1 0
UV: 0.168884 0.66834

Position: -0.239826 5.82703 0.134689
Normal: -0 1 0
UV: 0.191242 0.690697

Position: -0.239826 5.37663 0.134689
Normal: -1 0 0
UV: 0.2136 0.735413

Position: -0.239826 5.82703 0.417816
Normal: -1 0 0
UV: 0.191242 0.757771

Position: -0.239826 5.37663 0.417816
Normal: -1 0 0
UV: 0.191242 0.735413

Position: -0.239826 5.82703 0.134689
Normal: -1 0 0
UV: 0.2136 0.757771

Position: 0.210571 5.37663 0.417816
Normal: 1 0 0
UV: 0.168884 0.735413

Position: 0.210571 5.82703 0.417816
Normal: 1 0 0
UV: 0.168884 0.757771

Position: 0.210571 5.82703 0.134689
Normal: 1 0 0
UV: 0.146526 0.757771

Position: 0.210571 5.37663 0.134689
Normal: 1 0 0
UV: 0.146526 0.735413

Position: -0.569347 5.1026 0.183975
Normal: -0 -1 0
UV: 0.56819 0.856069

Position: 0.569347 5.1026 0.183975
Normal: -0 -1 0
UV: 0.551206 0.856069

Position: 0.569347 5.1026 -0.0103455
Normal: -0 -1 0
UV: 0.551206 0.873052

Position: -0.569347 5.1026 -0.0103455
Normal: -0 -1 0
UV: 0.56819 0.873052

Position: 0.475491 7.18715 0.183975
Normal: -0 0 1
UV: 0.1745 0.845663

Position: 0.475491 5.17952 0.183975
Normal: -0 0 1
UV: 0.1745 0.871026

Position: -0.475491 7.18715 0.183975
Normal: -0 0 1
UV: 0.199863 0.845663

Position: -0.475491 5.17952 0.183975
Normal: -0 0 1
UV: 0.199863 0.871026

Position: 0.569347 7.26407 0.183975
Normal: -0 1 0
UV: 0.551206 0.839085

Position: -0.569347 7.26407 0.183975
Normal: -0 1 0
UV: 0.56819 0.839085

Position: -0.569347 7.26407 -0.0103455
Normal: -0 1 0
UV: 0.56819 0.822102

Position: 0.569347 7.26407 -0.0103455
Normal: -0 1 0
UV: 0.551206 0.822102

Position: 0.475491 5.17952 -0.0103455
Normal: -0 0 -1
UV: 0.1745 0.794937

Position: 0.475491 7.18715 -0.0103455
Normal: -0 0 -1
UV: 0.1745 0.8203

Position: -0.475491 5.17952 -0.0103455
Normal: -0 0 -1
UV: 0.199863 0.794937

Position: -0.475491 7.18715 -0.0103455
Normal: -0 0 -1
UV: 0.199863 0.8203

Position: -0.569347 7.26407 0.183975
Normal: -1 0 0
UV: 0.585173 0.856069

Position: -0.569347 5.1026 0.183975
Normal: -1 0 0
UV: 0.56819 0.856069

Position: -0.569347 5.1026 -0.0103455
Normal: -1 0 0
UV: 0.56819 0.873052

Position: -0.569347 7.26407 -0.0103455
Normal: -1 0 0
UV: 0.585173 0.873052

Position: 0.569347 5.1026 0.183975
Normal: 1 0 0
UV: 0.551206 0.856069

Position: 0.569347 7.26407 0.183975
Normal: 1 0 0
UV: 0.534223 0.856069

Position: 0.569347 7.26407 -0.0103455
Normal: 1 0 0
UV: 0.534223 0.873052

Position: 0.569347 5.1026 -0.0103455
Normal: 1 0 0
UV: 0.551206 0.873052

Position: -0.569347 5.1026 -0.0103455
Normal: 5e-006 0 -1
UV: 0.56819 0.873052

Position: 0.569347 5.1026 -0.0103455
Normal: -4e-006 0 -1
UV: 0.551206 0.873052

Position: 0.475491 5.17952 -0.0103455
Normal: -3e-006 0 -1
UV: 0.551206 0.873052

Position: -0.475491 5.17952 -0.0103455
Normal: 4e-006 0 -1
UV: 0.56819 0.873052

Position: -0.475491 5.17952 0.183975
Normal: -0 0 1
UV: 0.56819 0.856069

Position: 0.475491 5.17952 0.183975
Normal: 1e-006 0 1
UV: 0.551206 0.856069

Position: 0.569347 5.1026 0.183975
Normal: 1e-006 0 1
UV: 0.551206 0.856069

Position: -0.569347 5.1026 0.183975
Normal: -0 0 1
UV: 0.56819 0.856069

Position: -0.569347 7.26407 0.183975
Normal: -0 0 1
UV: 0.56819 0.839085

Position: 0.569347 7.26407 0.183975
Normal: 1e-006 0 1
UV: 0.551206 0.839085

Position: 0.475491 7.18715 0.183975
Normal: 1e-006 0 1
UV: 0.551206 0.839085

Position: -0.475491 7.18715 0.183975
Normal: -0 0 1
UV: 0.56819 0.839085

Position: -0.475491 7.18715 -0.0103455
Normal: 4e-006 0 -1
UV: 0.56819 0.822102

Position: 0.475491 7.18715 -0.0103455
Normal: -3e-006 0 -1
UV: 0.551206 0.822102

Position: 0.569347 7.26407 -0.0103455
Normal: -4e-006 0 -1
UV: 0.551206 0.822102

Position: -0.569347 7.26407 -0.0103455
Normal: 5e-006 0 -1
UV: 0.56819 0.822102

Position: -0.569347 7.26407 -0.0103455
Normal: 5e-006 0 -1
UV: 0.585173 0.873052

Position: -0.475491 7.18715 -0.0103455
Normal: 4e-006 0 -1
UV: 0.585173 0.873052

Position: -0.569347 7.26407 0.183975
Normal: -0 0 1
UV: 0.585173 0.856069

Position: -0.475491 7.18715 0.183975
Normal: -0 0 1
UV: 0.585173 0.856069

Position: 0.569347 7.26407 -0.0103455
Normal: -4e-006 0 -1
UV: 0.534223 0.873052

Position: 0.475491 7.18715 -0.0103455
Normal: -3e-006 0 -1
UV: 0.534223 0.873052

Position: 0.569347 7.26407 0.183975
Normal: 1e-006 0 1
UV: 0.534223 0.856069

Position: 0.475491 7.18715 0.183975
Normal: 1e-006 0 1
UV: 0.534223 0.856069

Position: 0.315773 7.0423 0.683884
Normal: 0.005296 -0.35965 0.933072
UV: 0.214565 0.797134

Position: -0.239826 6.92669 0.640503
Normal: -0.006253 -0.361149 0.932487
UV: 0.208802 0.859617

Position: -0.345032 7.0423 0.683884
Normal: -0.005296 -0.35965 0.933072
UV: 0.214565 0.871448

Position: 0.210571 6.92669 0.640503
Normal: 0.006253 -0.36115 0.932487
UV: 0.208802 0.808965

Position: -0.342327 6.54065 0.483337
Normal: -0.014332 -0.373762 0.927414
UV: 0.158149 0.871144

Position: -0.239826 6.54065 0.483337
Normal: -0.014332 -0.373762 0.927414
UV: 0.158149 0.859617

Position: 0.313068 6.54065 0.483337
Normal: 0.014333 -0.373764 0.927413
UV: 0.158149 0.797438

Position: 0.210571 6.54065 0.483337
Normal: 0.014333 -0.373764 0.927413
UV: 0.158149 0.808965

Position: -0.239826 6.92669 0.640503
Normal: -0 -1 0
UV: 0.081533 0.720783

Position: 0.210571 6.92669 0.640503
Normal: -0 -1 0
UV: 0.063355 0.720783

Position: 0.210571 6.92669 0.168304
Normal: -0 -1 0
UV: 0.063355 0.741591

Position: -0.239826 6.92669 0.168304
Normal: -0 -1 0
UV: 0.081533 0.741591

Position: 0.315773 7.0423 0.683884
Normal: -0 1 0
UV: 0.289943 0.655772

Position: -0.345032 7.0423 0.683884
Normal: -0 1 0
UV: 0.289943 0.736301

Position: -0.345032 7.0423 0.168304
Normal: -0 1 0
UV: 0.352773 0.736301

Position: 0.315773 7.0423 0.168304
Normal: -0 1 0
UV: 0.352773 0.655772

Position: -0.239826 6.54065 0.483337
Normal: 1 -3e-006 0
UV: 0.074245 0.712404

Position: -0.239826 6.92669 0.640503
Normal: 1 -3e-006 0
UV: 0.092423 0.720498

Position: -0.239826 6.92669 0.168304
Normal: 1 -3e-006 0
UV: 0.092423 0.699689

Position: -0.239826 6.54065 0.168304
Normal: 1 -3e-006 0
UV: 0.074245 0.699689

Position: -0.239826 6.54065 0.483337
Normal: -0 -1 0
UV: 0.04207 0.680828

Position: -0.239826 6.54065 0.168304
Normal: -0 -1 0
UV: 0.04207 0.693542

Position: -0.342327 6.54065 0.483337
Normal: -0 -1 0
UV: 0.046207 0.680828

Position: -0.342327 6.54065 0.168304
Normal: -0 -1 0
UV: 0.046207 0.693542

Position: -0.342327 6.54065 0.483337
Normal: -0.999986 -0.005392 0
UV: 0.05356 0.701922

Position: -0.345032 7.0423 0.168304
Normal: -0.999986 -0.005392 0
UV: 0.073807 0.714636

Position: -0.345032 7.0423 0.683884
Normal: -0.999985 -0.005392 0
UV: 0.073807 0.693827

Position: -0.342327 6.54065 0.168304
Normal: -0.999986 -0.005392 0
UV: 0.05356 0.714636

Position: 0.210571 6.54065 0.483337
Normal: -1 2e-006 0
UV: 0.034944 0.701922

Position: 0.210571 6.92669 0.168304
Normal: -1 2e-006 0
UV: 0.053122 0.714636

Position: 0.210571 6.92669 0.640503
Normal: -1 2e-006 0
UV: 0.053122 0.693827

Position: 0.210571 6.54065 0.168304
Normal: -1 2e-006 0
UV: 0.034944 0.714636

Position: 0.313068 6.54065 0.483337
Normal: 0.999985 -0.005393 0
UV: 0.021328 0.685448

Position: 0.315773 7.0423 0.683884
Normal: 0.999985 -0.005393 0
UV: 0.041575 0.693542

Position: 0.315773 7.0423 0.168304
Normal: 0.999986 -0.005393 0
UV: 0.041575 0.672734

Position: 0.313068 6.54065 0.168304
Normal: 0.999986 -0.005393 0
UV: 0.021328 0.672734

Position: 0.313068 6.54065 0.483337
Normal: -0 -1 0
UV: 0.046661 0.680828

Position: 0.313068 6.54065 0.168304
Normal: -0 -1 0
UV: 0.046661 0.693542

Position: 0.210571 6.54065 0.483337
Normal: -0 -1 0
UV: 0.050798 0.680828

Position: 0.210571 6.54065 0.168304
Normal: -0 -1 0
UV: 0.050798 0.693542

Position: 0.315773 6.48775 0.683884
Normal: 0.005296 -0.359648 0.933073
UV: 0.214565 0.797134

Position: -0.239826 6.37214 0.640503
Normal: -0.006252 -0.361148 0.932488
UV: 0.208802 0.859617

Position: -0.345032 6.48775 0.683884
Normal: -0.005295 -0.359648 0.933073
UV: 0.214565 0.871448

Position: 0.210571 6.37214 0.640503
Normal: 0.006253 -0.361148 0.932487
UV: 0.208802 0.808965

Position: -0.342327 5.9861 0.483337
Normal: -0.01433 -0.373762 0.927414
UV: 0.158149 0.871144

Position: -0.239826 5.9861 0.483337
Normal: -0.01433 -0.373762 0.927414
UV: 0.158149 0.859617

Position: 0.313068 5.9861 0.483337
Normal: 0.014333 -0.373764 0.927413
UV: 0.158149 0.797438

Position: 0.210571 5.9861 0.483337
Normal: 0.014333 -0.373764 0.927413
UV: 0.158149 0.808965

Position: -0.239826 6.37214 0.640503
Normal: -0 -1 0
UV: 0.081533 0.720783

Position: 0.210571 6.37214 0.640503
Normal: -0 -1 0
UV: 0.063355 0.720783

Position: 0.210571 6.37214 0.168304
Normal: -0 -1 0
UV: 0.063355 0.741591

Position: -0.239826 6.37214 0.168304
Normal: -0 -1 0
UV: 0.081533 0.741591

Position: 0.315773 6.48775 0.683884
Normal: -0 1 0
UV: 0.289943 0.655772

Position: -0.345032 6.48775 0.683884
Normal: -0 1 0
UV: 0.289943 0.736301

Position: -0.345032 6.48775 0.168304
Normal: -0 1 0
UV: 0.352773 0.736301

Position: 0.315773 6.48775 0.168304
Normal: -0 1 0
UV: 0.352773 0.655772

Position: -0.239826 5.9861 0.483337
Normal: 1 -3e-006 0
UV: 0.074245 0.712404

Position: -0.239826 6.37214 0.640503
Normal: 1 -3e-006 0
UV: 0.092423 0.720498

Position: -0.239826 6.37214 0.168304
Normal: 1 -3e-006 0
UV: 0.092423 0.699689

Position: -0.239826 5.9861 0.168304
Normal: 1 -3e-006 0
UV: 0.074245 0.699689

Position: -0.239826 5.9861 0.483337
Normal: -0 -1 0
UV: 0.04207 0.680828

Position: -0.239826 5.9861 0.168304
Normal: -0 -1 0
UV: 0.04207 0.693542

Position: -0.342327 5.9861 0.483337
Normal: -0 -1 0
UV: 0.046207 0.680828

Position: -0.342327 5.9861 0.168304
Normal: -0 -1 0
UV: 0.046207 0.693542

Position: -0.342327 5.9861 0.483337
Normal: -0.999986 -0.005392 0
UV: 0.05356 0.701922

Position: -0.345032 6.48775 0.168304
Normal: -0.999986 -0.005392 0
UV: 0.073807 0.714636

Position: -0.345032 6.48775 0.683884
Normal: -0.999985 -0.005392 0
UV: 0.073807 0.693827

Position: -0.342327 5.9861 0.168304
Normal: -0.999986 -0.005392 0
UV: 0.05356 0.714636

Position: 0.210571 5.9861 0.483337
Normal: -1 2e-006 0
UV: 0.034944 0.701922

Position: 0.210571 6.37214 0.168304
Normal: -1 2e-006 0
UV: 0.053122 0.714636

Position: 0.210571 6.37214 0.640503
Normal: -1 2e-006 0
UV: 0.053122 0.693827

Position: 0.210571 5.9861 0.168304
Normal: -1 2e-006 0
UV: 0.034944 0.714636

Position: 0.313068 5.9861 0.483337
Normal: 0.999985 -0.005393 0
UV: 0.021328 0.685448

Position: 0.315773 6.48775 0.683884
Normal: 0.999985 -0.005393 0
UV: 0.041575 0.693542

Position: 0.315773 6.48775 0.168304
Normal: 0.999986 -0.005393 0
UV: 0.041575 0.672734

Position: 0.313068 5.9861 0.168304
Normal: 0.999986 -0.005393 0
UV: 0.021328 0.672734

Position: 0.313068 5.9861 0.483337
Normal: -0 -1 0
UV: 0.046661 0.680828

Position: 0.313068 5.9861 0.168304
Normal: -0 -1 0
UV: 0.046661 0.693542

Position: 0.210571 5.9861 0.483337
Normal: -0 -1 0
UV: 0.050798 0.680828

Position: 0.210571 5.9861 0.168304
Normal: -0 -1 0
UV: 0.050798 0.693542

Position: 0.315773 5.93587 0.683884
Normal: 0.005296 -0.359648 0.933073
UV: 0.214565 0.797134

Position: -0.239826 5.82026 0.640503
Normal: -0.006254 -0.361147 0.932488
UV: 0.208802 0.859617

Position: -0.345032 5.93587 0.683884
Normal: -0.005297 -0.359647 0.933073
UV: 0.214565 0.871448

Position: 0.210571 5.82026 0.640503
Normal: 0.006253 -0.361148 0.932488
UV: 0.208802 0.808965

Position: -0.342327 5.43422 0.483337
Normal: -0.014335 -0.373761 0.927414
UV: 0.158149 0.871144

Position: -0.239826 5.43422 0.483337
Normal: -0.014335 -0.373761 0.927414
UV: 0.158149 0.859617

Position: 0.313068 5.43422 0.483337
Normal: 0.014333 -0.373764 0.927413
UV: 0.158149 0.797438

Position: 0.210571 5.43422 0.483337
Normal: 0.014333 -0.373764 0.927413
UV: 0.158149 0.808965

Position: -0.239826 5.82026 0.640503
Normal: -0 -1 0
UV: 0.081533 0.720783

Position: 0.210571 5.82026 0.640503
Normal: -0 -1 0
UV: 0.063355 0.720783

Position: 0.210571 5.82026 0.168304
Normal: -0 -1 0
UV: 0.063355 0.741591

Position: -0.239826 5.82026 0.168304
Normal: -0 -1 0
UV: 0.081533 0.741591

Position: 0.315773 5.93587 0.683884
Normal: -0 1 0
UV: 0.289943 0.655772

Position: -0.345032 5.93587 0.683884
Normal: -0 1 0
UV: 0.289943 0.736301

Position: -0.345032 5.93587 0.168304
Normal: -0 1 0
UV: 0.352773 0.736301

Position: 0.315773 5.93587 0.168304
Normal: -0 1 0
UV: 0.352773 0.655772

Position: -0.239826 5.43422 0.483337
Normal: 1 -3e-006 0
UV: 0.074245 0.712404

Position: -0.239826 5.82026 0.640503
Normal: 1 -3e-006 0
UV: 0.092423 0.720498

Position: -0.239826 5.82026 0.168304
Normal: 1 -3e-006 0
UV: 0.092423 0.699689

Position: -0.239826 5.43422 0.168304
Normal: 1 -3e-006 0
UV: 0.074245 0.699689

Position: -0.239826 5.43422 0.483337
Normal: -0 -1 0
UV: 0.04207 0.680828

Position: -0.239826 5.43422 0.168304
Normal: -0 -1 0
UV: 0.04207 0.693542

Position: -0.342327 5.43422 0.483337
Normal: -0 -1 0
UV: 0.046207 0.680828

Position: -0.342327 5.43422 0.168304
Normal: -0 -1 0
UV: 0.046207 0.693542

Position: -0.342327 5.43422 0.483337
Normal: -0.999986 -0.005392 0
UV: 0.05356 0.701922

Position: -0.345032 5.93587 0.168304
Normal: -0.999986 -0.005392 0
UV: 0.073807 0.714636

Position: -0.345032 5.93587 0.683884
Normal: -0.999986 -0.005392 0
UV: 0.073807 0.693827

Position: -0.342327 5.43422 0.168304
Normal: -0.999986 -0.005392 0
UV: 0.05356 0.714636

Position: 0.210571 5.43422 0.483337
Normal: -1 2e-006 0
UV: 0.034944 0.701922

Position: 0.210571 5.82026 0.168304
Normal: -1 2e-006 0
UV: 0.053122 0.714636

Position: 0.210571 5.82026 0.640503
Normal: -1 2e-006 0
UV: 0.053122 0.693827

Position: 0.210571 5.43422 0.168304
Normal: -1 2e-006 0
UV: 0.034944 0.714636

Position: 0.313068 5.43422 0.483337
Normal: 0.999986 -0.005393 0
UV: 0.021328 0.685448

Position: 0.315773 5.93587 0.683884
Normal: 0.999986 -0.005393 0
UV: 0.041575 0.693542

Position: 0.315773 5.93587 0.168304
Normal: 0.999986 -0.005393 0
UV: 0.041575 0.672734

Position: 0.313068 5.43422 0.168304
Normal: 0.999986 -0.005393 0
UV: 0.021328 0.672734

Position: 0.313068 5.43422 0.483337
Normal: -0 -1 0
UV: 0.046661 0.680828

Position: 0.313068 5.43422 0.168304
Normal: -0 -1 0
UV: 0.046661 0.693542

Position: 0.210571 5.43422 0.483337
Normal: -0 -1 0
UV: 0.050798 0.680828

Position: 0.210571 5.43422 0.168304
Normal: -0 -1 0
UV: 0.050798 0.693542


[INDEX_DATA]
0 2 1
2 0 3
4 6 5
6 4 7
8 10 9
8 11 10
12 14 13
13 15 12
16 18 17
17 19 16
20 21 18
21 17 18
22 21 20
23 22 20
22 23 16
16 19 22
24 26 25
26 24 27
28 30 29
28 31 30
32 34 33
33 35 32
36 38 37
36 39 38
40 42 41
43 41 42
44 46 45
46 47 45
48 50 49
49 51 48
52 54 53
54 55 53
56 58 57
58 59 57
57 59 60
60 61 57
61 60 62
60 63 62
56 62 63
63 58 56
64 66 65
64 67 66
68 70 69
69 70 71
72 74 73
73 74 75
76 78 77
77 78 79
80 82 81
81 83 80
84 86 85
86 87 85
88 90 89
88 91 90
92 94 93
93 94 95
96 98 97
97 98 99
100 102 101
101 102 103
104 106 105
105 107 104
108 110 109
110 111 109
112 114 113
112 115 114
116 118 117
117 118 119
120 122 121
121 122 123
124 126 125
125 126 127
128 130 129
129 131 128
132 134 133
133 135 132
136 138 137
136 139 138
140 142 141
140 143 142
144 146 145
146 147 145
148 150 149
148 151 150
152 154 153
154 155 153
156 158 157
156 159 158
160 162 161
160 163 162
164 166 165
164 167 166
168 170 169
168 171 170
172 174 173
172 175 174
176 178 177
176 179 178
180 167 164
180 181 167
182 171 168
168 183 182
166 185 184
184 165 166
186 187 169
186 169 170
188 190 189
189 191 188
192 189 190
189 192 193
191 195 194
194 188 191
196 198 197
196 199 198
200 202 201
200 203 202
204 206 205
204 207 206
208 210 209
210 211 209
212 214 213
213 215 212
216 218 217
217 219 216
220 222 221
220 223 222
224 226 225
226 227 225
228 230 229
229 231 228
232 229 230
229 232 233
231 235 234
234 228 231
236 238 237
236 239 238
240 242 241
240 243 242
244 246 245
244 247 246
248 250 249
250 251 249
252 254 253
253 255 252
256 258 257
257 259 256
260 262 261
260 263 262
264 266 265
266 267 265
268 270 269
269 271 268
272 269 270
269 272 273
271 275 274
274 268 271
276 278 277
276 279 278
280 282 281
280 283 282
284 286 285
284 287 286
288 290 289
290 291 289
292 294 293
293 295 292
296 298 297
297 299 296
300 302 301
300 303 302
304 306 305
306 307 305

