[FBX_META_DATA]
MeshCount: 1

[MESH_DATA]
VertexCount: 72
IndexCount: 132
BoneCount: 0
AnimationClips: 1

[VERTEX_DATA]
Position: -0.44864 1.09587 -0.473888
Normal: -0.997171 -0.0751664 0
UV: 0.313241 0.730348

Position: -0.44864 1.09587 0.473888
Normal: -0.997171 -0.0751664 0
UV: 0.294247 0.730348

Position: -0.438753 0.964706 0.463445
Normal: -0.997171 -0.0751642 0
UV: 0.294457 0.732976

Position: -0.438753 0.964706 -0.463445
Normal: -0.997171 -0.0751642 0
UV: 0.313032 0.732976

Position: 0.438753 0.964706 -0.463445
Normal: 0.997171 -0.0751636 0
UV: 0.332432 0.749747

Position: 0.438753 0.964706 0.463445
Normal: 0.997171 -0.0751636 0
UV: 0.313857 0.749747

Position: 0.44864 1.09587 0.473888
Normal: 0.997171 -0.0751664 0
UV: 0.313647 0.752375

Position: 0.44864 1.09587 -0.473888
Normal: 0.997171 -0.0751664 0
UV: 0.332641 0.752375

Position: -0.438753 0.964706 -0.463445
Normal: -0 -0.0793682 -0.996845
UV: 0.192684 0.84084

Position: 0.438753 0.964706 -0.463445
Normal: -0 -0.0793682 -0.996845
UV: 0.210269 0.84084

Position: 0.44864 1.09587 -0.473888
Normal: -0 -0.0793703 -0.996845
UV: 0.210467 0.838212

Position: -0.44864 1.09587 -0.473888
Normal: -0 -0.0793703 -0.996845
UV: 0.192485 0.838212

Position: -0.44864 1.09587 0.473888
Normal: -0 -0.0793703 0.996845
UV: 0.213748 0.815943

Position: 0.44864 1.09587 0.473888
Normal: -0 -0.0793703 0.996845
UV: 0.195766 0.815943

Position: 0.438753 0.964706 0.463445
Normal: -0 -0.0793684 0.996845
UV: 0.195964 0.818572

Position: -0.438753 0.964706 0.463445
Normal: -0 -0.0793684 0.996845
UV: 0.21355 0.818572

Position: -0.44864 1.09587 -0.473888
Normal: -0 1 1.288e-007
UV: 0.520618 0.750008

Position: -0.340984 1.09587 0.360174
Normal: -0 1 5.8029e-008
UV: 0.543263 0.676493

Position: -0.44864 1.09587 0.473888
Normal: -0 1 8.58669e-008
UV: 0.520618 0.652574

Position: -0.340984 1.09587 -0.360174
Normal: -0 1 8.70437e-008
UV: 0.543263 0.72609

Position: 0.44864 1.09587 -0.473888
Normal: -0 1 1.28801e-007
UV: 0.612862 0.750008

Position: 0.44864 1.09587 0.473888
Normal: -0 1 8.58676e-008
UV: 0.612862 0.652574

Position: 0.340985 1.09587 0.360174
Normal: -0 1 5.80291e-008
UV: 0.590217 0.676493

Position: 0.340985 1.09587 -0.360174
Normal: -0 1 8.70438e-008
UV: 0.590217 0.72609

Position: -0.365789 -0.00328835 0.386374
Normal: -0 -1 0
UV: 0.156595 0.829466

Position: 0.365789 -0.00328835 0.386374
Normal: -0 -1 0
UV: 0.137889 0.829466

Position: 0.365789 -0.00328835 -0.386374
Normal: -0 -1 0
UV: 0.137889 0.849225

Position: -0.365789 -0.00328835 -0.386374
Normal: -0 -1 0
UV: 0.156595 0.849225

Position: 0.365789 -0.00328835 0.386374
Normal: 0.997171 -0.0751631 0
UV: 0.421086 0.719452

Position: 0.438753 0.964706 -0.463445
Normal: 0.997171 -0.0751636 0
UV: 0.438117 0.738851

Position: 0.365789 -0.00328835 -0.386374
Normal: 0.997171 -0.0751631 0
UV: 0.436573 0.719452

Position: 0.438753 0.964706 0.463445
Normal: 0.997171 -0.0751636 0
UV: 0.419542 0.738851

Position: 0.438753 0.964706 0.463445
Normal: -0 -0.0793684 0.996845
UV: 0.348499 0.709618

Position: -0.365789 -0.00328835 0.386374
Normal: -0 -0.0793681 0.996845
UV: 0.364623 0.729017

Position: -0.438753 0.964706 0.463445
Normal: -0 -0.0793684 0.996845
UV: 0.366085 0.709618

Position: 0.365789 -0.00328835 0.386374
Normal: -0 -0.0793681 0.996845
UV: 0.349961 0.729017

Position: -0.438753 0.964706 0.463445
Normal: -0.997171 -0.0751642 0
UV: 0.400142 0.722081

Position: -0.365789 -0.00328835 0.386374
Normal: -0.997171 -0.0751639 0
UV: 0.401686 0.74148

Position: -0.438753 0.964706 -0.463445
Normal: -0.997171 -0.0751642 0
UV: 0.418717 0.722081

Position: -0.365789 -0.00328835 -0.386374
Normal: -0.997171 -0.0751639 0
UV: 0.417173 0.74148

Position: 0.365789 -0.00328835 -0.386374
Normal: -0 -0.0793679 -0.996845
UV: 0.361342 0.751286

Position: 0.438753 0.964706 -0.463445
Normal: -0 -0.0793682 -0.996845
UV: 0.362804 0.731887

Position: -0.365789 -0.00328835 -0.386374
Normal: -0 -0.0793679 -0.996845
UV: 0.346681 0.751286

Position: -0.438753 0.964706 -0.463445
Normal: -0 -0.0793682 -0.996845
UV: 0.345219 0.731887

Position: -0.104245 1.09587 0.110112
Normal: -0 1 0
UV: 0.283472 0.692766

Position: -0.340984 1.09587 -0.360174
Normal: -0 1 8.70437e-008
UV: 0.263533 0.732375

Position: -0.104245 1.09587 -0.110112
Normal: -0 1 0
UV: 0.283472 0.711314

Position: -0.340984 1.09587 0.360174
Normal: -0 1 5.8029e-008
UV: 0.263533 0.671705

Position: 0.340985 1.09587 -0.360174
Normal: -0 1 8.70438e-008
UV: 0.320971 0.732375

Position: 0.340985 1.09587 0.360174
Normal: -0 1 5.80291e-008
UV: 0.320971 0.671705

Position: 0.104247 1.09587 0.110112
Normal: -0 1 0
UV: 0.301032 0.692766

Position: 0.104247 1.09587 -0.110112
Normal: -0 1 0
UV: 0.301032 0.711314

Position: -0.104245 1.20004 -0.110112
Normal: -1 0 0
UV: 0.185315 0.713395

Position: -0.104245 1.20004 0.110112
Normal: -1 0 0
UV: 0.185315 0.705827

Position: -0.104245 1.09587 0.110112
Normal: -1 0 0
UV: 0.181736 0.705827

Position: -0.104245 1.09587 -0.110112
Normal: -1 0 0
UV: 0.181736 0.713395

Position: 0.104247 1.20004 0.110112
Normal: 1 0 0
UV: 0.184196 0.69814

Position: 0.104247 1.09587 -0.110112
Normal: 1 0 0
UV: 0.187776 0.705708

Position: 0.104247 1.09587 0.110112
Normal: 1 0 0
UV: 0.187776 0.69814

Position: 0.104247 1.20004 -0.110112
Normal: 1 0 0
UV: 0.184196 0.705708

Position: -0.104245 1.20004 0.110112
Normal: -0 0 1
UV: 0.176665 0.688522

Position: 0.104247 1.20004 0.110112
Normal: -0 0 1
UV: 0.176665 0.681357

Position: 0.104247 1.09587 0.110112
Normal: -0 0 1
UV: 0.173085 0.681357

Position: -0.104245 1.09587 0.110112
Normal: -0 0 1
UV: 0.173085 0.688522

Position: -0.104245 1.09587 -0.110112
Normal: -0 0 -1
UV: 0.169323 0.681357

Position: 0.104247 1.09587 -0.110112
Normal: -0 0 -1
UV: 0.169323 0.688522

Position: 0.104247 1.20004 -0.110112
Normal: -0 0 -1
UV: 0.172903 0.688522

Position: -0.104245 1.20004 -0.110112
Normal: -0 0 -1
UV: 0.172903 0.681357

Position: -0.104245 1.20004 0.110112
Normal: -0 1 0
UV: 0.53404 0.670523

Position: 0.104247 1.20004 -0.110112
Normal: -0 1 0
UV: 0.594083 0.733945

Position: 0.104247 1.20004 0.110112
Normal: -0 1 0
UV: 0.594083 0.670523

Position: -0.104245 1.20004 -0.110112
Normal: -0 1 0
UV: 0.53404 0.733945


[INDEX_DATA]
0 2 1
2 0 3
4 6 5
6 4 7
8 10 9
8 11 10
12 14 13
12 15 14
16 18 17
17 19 16
20 22 21
20 23 22
21 17 18
21 22 17
20 16 19
19 23 20
24 26 25
24 27 26
28 30 29
29 31 28
32 34 33
33 35 32
36 38 37
37 38 39
40 42 41
42 43 41
44 46 45
45 47 44
48 50 49
48 51 50
47 49 44
49 50 44
48 45 46
46 51 48
52 54 53
54 52 55
56 58 57
57 59 56
60 62 61
60 63 62
64 66 65
64 67 66
68 70 69
69 71 68

