[FBX_META_DATA]
MeshCount: 1

[MESH_DATA]
VertexCount: 304
IndexCount: 462
BoneCount: 0
AnimationClips: 1

[VERTEX_DATA]
Position: -0.124149 0.286692 0.516427
Normal: -0 0 1
UV: 0.709237 0.817549

Position: 0.754108 0.286692 0.516427
Normal: -0 0 1
UV: 0.709237 0.811395

Position: 0.754108 -0.0129358 0.516427
Normal: -0 0 1
UV: 0.702657 0.811395

Position: -0.124149 -0.0129358 0.516427
Normal: -0 0 1
UV: 0.702657 0.817549

Position: -0.124149 -0.0129358 -0.411265
Normal: -0 0 -1
UV: 0.691857 0.855406

Position: 0.754108 -0.0129358 -0.411265
Normal: -0 0 -1
UV: 0.691857 0.849251

Position: 0.754108 0.286692 -0.411265
Normal: -0 0 -1
UV: 0.685277 0.849251

Position: -0.124149 0.286692 -0.411265
Normal: -0 0 -1
UV: 0.685277 0.855405

Position: -0.124149 0.286692 -0.411265
Normal: -1 0 0
UV: 0.408503 0.89307

Position: -0.124149 0.286692 0.516427
Normal: -1 0 0
UV: 0.408503 0.886568

Position: -0.124149 -0.0129358 0.516427
Normal: -1 0 0
UV: 0.401923 0.886568

Position: -0.124149 -0.0129358 -0.411265
Normal: -1 0 0
UV: 0.401923 0.89307

Position: 0.754108 0.286692 0.516427
Normal: 1 0 0
UV: 0.4084 0.905688

Position: 0.754108 -0.0129358 -0.411265
Normal: 1 0 0
UV: 0.40182 0.899187

Position: 0.754108 -0.0129358 0.516427
Normal: 1 0 0
UV: 0.40182 0.905688

Position: 0.754108 0.286692 -0.411265
Normal: 1 0 0
UV: 0.4084 0.899187

Position: 0.754108 0.286692 0.516427
Normal: -0 1 0
UV: 0.159107 0.85015

Position: -0.124149 0.286692 0.516427
Normal: -0 1 0
UV: 0.159107 0.925619

Position: 0.754108 0.286692 -0.411265
Normal: -0 1 0
UV: 0.238824 0.85015

Position: -0.124149 0.286692 -0.411265
Normal: -0 1 0
UV: 0.238824 0.925619

Position: 0.512405 3.55518 0.29432
Normal: -0 0 1
UV: 0.436703 0.782979

Position: 0.512405 0.155499 0.29432
Normal: -0 0 1
UV: 0.430123 0.782979

Position: 0.0776711 3.55518 0.29432
Normal: -0 0 1
UV: 0.436704 0.789134

Position: 0.0776711 0.155499 0.29432
Normal: -0 0 1
UV: 0.430123 0.789134

Position: 0.512405 0.155499 -0.164882
Normal: -0 0 -1
UV: 0.419324 0.820835

Position: 0.512405 3.55518 -0.164882
Normal: -0 0 -1
UV: 0.412744 0.820835

Position: 0.0776711 0.155499 -0.164882
Normal: -0 0 -1
UV: 0.419324 0.82699

Position: 0.0776711 3.55518 -0.164882
Normal: -0 0 -1
UV: 0.412744 0.82699

Position: 0.0776711 0.155499 -0.164882
Normal: -1 0 0
UV: 0.197845 0.811697

Position: 0.0776711 3.55518 -0.164882
Normal: -1 0 0
UV: 0.204426 0.811697

Position: 0.0776711 0.155499 0.29432
Normal: -1 0 0
UV: 0.197845 0.805196

Position: 0.0776711 3.55518 0.29432
Normal: -1 0 0
UV: 0.204426 0.805196

Position: 0.512405 3.55518 0.29432
Normal: 1 0 0
UV: 0.204323 0.824316

Position: 0.512405 0.155499 -0.164882
Normal: 1 0 0
UV: 0.197743 0.817815

Position: 0.512405 0.155499 0.29432
Normal: 1 0 0
UV: 0.197743 0.824316

Position: 0.512405 3.55518 -0.164882
Normal: 1 0 0
UV: 0.204323 0.817815

Position: 0.407181 4.02679 1.83612
Normal: -0 1 0
UV: 0.174574 0.100793

Position: -0.871475 4.02679 1.83612
Normal: -0 1 0
UV: 0.0562786 0.100793

Position: -0.871475 4.02679 0.48549
Normal: -0 1 0
UV: 0.0562786 0.225747

Position: 0.407181 4.02679 0.48549
Normal: -0 1 0
UV: 0.174574 0.225747

Position: -0.871475 2.63257 1.83612
Normal: -0 -1 0
UV: 0.849032 0.528157

Position: 0.407181 2.63257 1.83612
Normal: -0 -1 0
UV: 0.938547 0.528157

Position: -0.871475 2.63257 0.48549
Normal: -0 -1 0
UV: 0.849032 0.433603

Position: 0.407181 2.63257 0.48549
Normal: -0 -1 0
UV: 0.938547 0.433603

Position: 0.407181 2.63257 0.48549
Normal: -0 0 -1
UV: 0.9283 0.569255

Position: 0.407181 4.02679 0.48549
Normal: -0 0 -1
UV: 0.9283 0.515953

Position: -0.871475 2.63257 0.48549
Normal: -0 0 -1
UV: 0.879416 0.569255

Position: -0.871475 4.02679 0.48549
Normal: -0 0 -1
UV: 0.879416 0.515953

Position: 0.407181 4.02679 1.83612
Normal: 1 0 0
UV: 0.49052 0.385377

Position: 0.407181 2.63257 0.48549
Normal: 1 0 0
UV: 0.479812 0.396431

Position: 0.407181 2.63257 1.83612
Normal: 1 0 0
UV: 0.49052 0.396431

Position: 0.407181 4.02679 0.48549
Normal: 1 0 0
UV: 0.479812 0.385377

Position: -0.871475 4.02679 1.83612
Normal: -0 0 1
UV: 0.334419 0.480424

Position: 0.407181 4.02679 1.83612
Normal: -0 0 1
UV: 0.371453 0.480424

Position: 0.407181 2.63257 1.83612
Normal: -0 0 1
UV: 0.371453 0.440044

Position: -0.871475 2.63257 1.83612
Normal: -0 0 1
UV: 0.334419 0.440044

Position: -0.871475 4.02679 1.83612
Normal: -1 0 0
UV: 0.102891 0.43274

Position: -0.871475 2.63257 1.83612
Normal: -1 0 0
UV: 0.102891 0.467291

Position: -0.871475 4.02679 0.48549
Normal: -1 0 0
UV: 0.136361 0.43274

Position: -0.871475 2.63257 0.48549
Normal: -1 0 0
UV: 0.136361 0.467291

Position: 0.352612 4.29993 -0.118232
Normal: -0 1 0
UV: 0.174574 0.100793

Position: 1.58135 4.29993 1.17967
Normal: -0 1 0
UV: 0.0562786 0.225747

Position: 0.352612 4.29993 1.17967
Normal: -0 1 0
UV: 0.174574 0.225747

Position: 1.58135 4.29993 -0.118232
Normal: -0 1 0
UV: 0.0562786 0.100793

Position: 1.58135 2.96013 1.17967
Normal: -0 -1 0
UV: 0.84355 0.550413

Position: 0.352612 2.96013 -0.118232
Normal: -0 -1 0
UV: 0.854406 0.56188

Position: 0.352612 2.96013 1.17967
Normal: -0 -1 0
UV: 0.854406 0.550413

Position: 1.58135 2.96013 -0.118232
Normal: -0 -1 0
UV: 0.84355 0.56188

Position: 0.352612 4.29993 1.17967
Normal: -0 0 1
UV: 0.294679 0.480881

Position: 1.58135 4.29993 1.17967
Normal: -0 0 1
UV: 0.257646 0.480881

Position: 1.58135 2.96013 1.17967
Normal: -0 0 1
UV: 0.257646 0.521261

Position: 0.352612 2.96013 1.17967
Normal: -0 0 1
UV: 0.294679 0.521261

Position: 0.352612 4.29993 1.17967
Normal: -1 0 0
UV: 0.295526 0.480881

Position: 0.352612 2.96013 1.17967
Normal: -1 0 0
UV: 0.295526 0.521261

Position: 0.352612 4.29993 -0.118232
Normal: -1 0 0
UV: 0.334644 0.480881

Position: 0.352612 2.96013 -0.118232
Normal: -1 0 0
UV: 0.334644 0.521261

Position: 1.58135 4.29993 -0.118232
Normal: -0 0 -1
UV: 0.334419 0.480424

Position: 0.352612 2.96013 -0.118232
Normal: -0 0 -1
UV: 0.371453 0.440044

Position: 1.58135 2.96013 -0.118232
Normal: -0 0 -1
UV: 0.334419 0.440044

Position: 0.352612 4.29993 -0.118232
Normal: -0 0 -1
UV: 0.371453 0.480424

Position: 1.58135 4.29993 1.17967
Normal: 1 0 0
UV: 0.532412 0.374198

Position: 1.58135 2.96013 -0.118232
Normal: 1 0 0
UV: 0.521703 0.385252

Position: 1.58135 2.96013 1.17967
Normal: 1 0 0
UV: 0.532412 0.385252

Position: 1.58135 4.29993 -0.118232
Normal: 1 0 0
UV: 0.521703 0.374198

Position: -0.772594 4.22334 -1.83612
Normal: -0 1 0
UV: 0.174574 0.100793

Position: 0.675705 4.22334 -0.524888
Normal: -0 1 0
UV: 0.0562786 0.225747

Position: -0.772594 4.22334 -0.524888
Normal: -0 1 0
UV: 0.174574 0.225747

Position: 0.675705 4.22334 -1.83612
Normal: -0 1 0
UV: 0.0562786 0.100793

Position: 0.675705 2.86979 -0.524888
Normal: -0 -1 0
UV: 0.849032 0.433603

Position: -0.772594 2.86979 -1.83612
Normal: -0 -1 0
UV: 0.938547 0.528157

Position: -0.772594 2.86979 -0.524888
Normal: -0 -1 0
UV: 0.938547 0.433603

Position: 0.675705 2.86979 -1.83612
Normal: -0 -1 0
UV: 0.849032 0.528157

Position: -0.772594 4.22334 -0.524888
Normal: -0 0 1
UV: 0.9283 0.515953

Position: 0.675705 4.22334 -0.524888
Normal: -0 0 1
UV: 0.879416 0.515953

Position: 0.675705 2.86979 -0.524888
Normal: -0 0 1
UV: 0.879416 0.569255

Position: -0.772594 2.86979 -0.524888
Normal: -0 0 1
UV: 0.9283 0.569255

Position: -0.772594 4.22334 -0.524888
Normal: -1 0 0
UV: 0.808104 0.157616

Position: -0.772594 2.86979 -0.524888
Normal: -1 0 0
UV: 0.808104 0.192166

Position: -0.772594 4.22334 -1.83612
Normal: -1 0 0
UV: 0.841574 0.157616

Position: -0.772594 2.86979 -1.83612
Normal: -1 0 0
UV: 0.841574 0.192166

Position: 0.675705 4.22334 -1.83612
Normal: -0 0 -1
UV: 0.0960309 0.595911

Position: -0.772594 2.86979 -1.83612
Normal: -0 0 -1
UV: 0.160026 0.526132

Position: 0.675705 2.86979 -1.83612
Normal: -0 0 -1
UV: 0.0960309 0.526132

Position: -0.772594 4.22334 -1.83612
Normal: -0 0 -1
UV: 0.160026 0.595911

Position: 0.675705 4.22334 -0.524888
Normal: 1 0 0
UV: 0.70589 0.609555

Position: 0.675705 2.86979 -1.83612
Normal: 1 0 0
UV: 0.654254 0.662858

Position: 0.675705 2.86979 -0.524888
Normal: 1 0 0
UV: 0.70589 0.662858

Position: 0.675705 4.22334 -1.83612
Normal: 1 0 0
UV: 0.654254 0.609555

Position: 0.209602 4.03145 -1.36518
Normal: -0 1 0
UV: 0.174574 0.100793

Position: 1.5294 4.03145 0.0289049
Normal: -0 1 0
UV: 0.0562786 0.225747

Position: 0.209602 4.03145 0.0289049
Normal: -0 1 0
UV: 0.174574 0.225747

Position: 1.5294 4.03145 -1.36518
Normal: -0 1 0
UV: 0.0562786 0.100793

Position: 1.5294 2.59237 0.0289049
Normal: -0 -1 0
UV: 0.849032 0.433603

Position: 0.209602 2.59237 -1.36518
Normal: -0 -1 0
UV: 0.938547 0.528157

Position: 0.209602 2.59237 0.0289049
Normal: -0 -1 0
UV: 0.938547 0.433603

Position: 1.5294 2.59237 -1.36518
Normal: -0 -1 0
UV: 0.849032 0.528157

Position: 0.209602 4.03145 0.0289049
Normal: -0 0 1
UV: 0.344674 0.544783

Position: 1.5294 4.03145 0.0289049
Normal: -0 0 1
UV: 0.271504 0.544783

Position: 1.5294 2.59237 0.0289049
Normal: -0 0 1
UV: 0.271504 0.624567

Position: 0.209602 2.59237 0.0289049
Normal: -0 0 1
UV: 0.344674 0.624567

Position: 0.209602 4.03145 0.0289049
Normal: -1 0 0
UV: 0.808104 0.157616

Position: 0.209602 2.59237 0.0289049
Normal: -1 0 0
UV: 0.808104 0.192166

Position: 0.209602 4.03145 -1.36518
Normal: -1 0 0
UV: 0.841574 0.157616

Position: 0.209602 2.59237 -1.36518
Normal: -1 0 0
UV: 0.841574 0.192166

Position: 1.5294 2.59237 -1.36518
Normal: -0 0 -1
UV: 0.0960309 0.526132

Position: 1.5294 4.03145 -1.36518
Normal: -0 0 -1
UV: 0.0960309 0.595911

Position: 0.209602 2.59237 -1.36518
Normal: -0 0 -1
UV: 0.160026 0.526132

Position: 0.209602 4.03145 -1.36518
Normal: -0 0 -1
UV: 0.160026 0.595911

Position: 1.5294 4.03145 0.0289049
Normal: 1 0 0
UV: 0.34577 0.449457

Position: 1.5294 2.59237 -1.36518
Normal: 1 0 0
UV: 0.335062 0.460511

Position: 1.5294 2.59237 0.0289049
Normal: 1 0 0
UV: 0.34577 0.460511

Position: 1.5294 4.03145 -1.36518
Normal: 1 0 0
UV: 0.335062 0.449457

Position: -0.543503 5.58179 0.774375
Normal: -0 1 0
UV: 0.174574 0.225747

Position: -0.543503 5.58179 -0.94085
Normal: -0 1 0
UV: 0.174574 0.100793

Position: 1.08032 5.58179 0.774375
Normal: -0 1 0
UV: 0.0562786 0.225747

Position: 1.08032 5.58179 -0.94085
Normal: -0 1 0
UV: 0.0562786 0.100793

Position: 1.08032 3.81119 0.774375
Normal: -0 -1 0
UV: 0.657214 0.385675

Position: -0.543503 3.81119 -0.94085
Normal: -0 -1 0
UV: 0.69805 0.591101

Position: -0.543503 3.81119 0.774375
Normal: -0 -1 0
UV: 0.69805 0.385675

Position: 1.08032 3.81119 -0.94085
Normal: -0 -1 0
UV: 0.657214 0.591101

Position: -0.543503 5.58179 0.774375
Normal: -0 0 1
UV: 0.294679 0.480881

Position: 1.08032 5.58179 0.774375
Normal: -0 0 1
UV: 0.257646 0.480881

Position: 1.08032 3.81119 0.774375
Normal: -0 0 1
UV: 0.257646 0.521261

Position: -0.543503 3.81119 0.774375
Normal: -0 0 1
UV: 0.294679 0.521261

Position: -0.543503 5.58179 0.774375
Normal: -1 0 0
UV: 0.808104 0.157616

Position: -0.543503 3.81119 0.774375
Normal: -1 0 0
UV: 0.808104 0.192166

Position: -0.543503 5.58179 -0.94085
Normal: -1 0 0
UV: 0.841574 0.157616

Position: -0.543503 3.81119 -0.94085
Normal: -1 0 0
UV: 0.841574 0.192166

Position: 1.08032 3.81119 -0.94085
Normal: -0 0 -1
UV: 0.0809791 0.390666

Position: 1.08032 5.58179 -0.94085
Normal: -0 0 -1
UV: 0.0809791 0.460446

Position: -0.543503 3.81119 -0.94085
Normal: -0 0 -1
UV: 0.144975 0.390666

Position: -0.543503 5.58179 -0.94085
Normal: -0 0 -1
UV: 0.144975 0.460446

Position: 1.08032 5.58179 0.774375
Normal: 1 0 0
UV: 0.547903 0.484199

Position: 1.08032 3.81119 -0.94085
Normal: 1 0 0
UV: 0.459608 0.575344

Position: 1.08032 3.81119 0.774375
Normal: 1 0 0
UV: 0.547903 0.575344

Position: 1.08032 5.58179 -0.94085
Normal: 1 0 0
UV: 0.459608 0.484199

Position: -1.04846 4.5238 0.59484
Normal: -0 1 0
UV: 0.174574 0.100793

Position: 0.262768 4.5238 -0.646518
Normal: -0 1 0
UV: 0.0562786 0.225747

Position: 0.262768 4.5238 0.59484
Normal: -0 1 0
UV: 0.174574 0.225747

Position: -1.04846 4.5238 -0.646518
Normal: -0 1 0
UV: 0.0562786 0.100793

Position: 0.262768 3.17025 0.59484
Normal: -0 -1 0
UV: 0.938547 0.433603

Position: 0.262768 3.17025 -0.646518
Normal: -0 -1 0
UV: 0.849032 0.433603

Position: -1.04846 3.17025 0.59484
Normal: -0 -1 0
UV: 0.938547 0.528157

Position: -1.04846 3.17025 -0.646518
Normal: -0 -1 0
UV: 0.849032 0.528157

Position: 0.262768 4.5238 0.59484
Normal: 1 0 0
UV: 0.9283 0.515953

Position: 0.262768 3.17025 -0.646518
Normal: 1 0 0
UV: 0.879416 0.569255

Position: 0.262768 3.17025 0.59484
Normal: 1 0 0
UV: 0.9283 0.569255

Position: 0.262768 4.5238 -0.646518
Normal: 1 0 0
UV: 0.879416 0.515953

Position: -1.04846 4.5238 0.59484
Normal: -0 0 1
UV: 0.334644 0.480881

Position: 0.262768 4.5238 0.59484
Normal: -0 0 1
UV: 0.295526 0.480881

Position: 0.262768 3.17025 0.59484
Normal: -0 0 1
UV: 0.295526 0.521261

Position: -1.04846 3.17025 0.59484
Normal: -0 0 1
UV: 0.334644 0.521261

Position: -1.04846 4.5238 0.59484
Normal: -1 0 0
UV: 0.873068 0.157225

Position: -1.04846 3.17025 0.59484
Normal: -1 0 0
UV: 0.873068 0.122675

Position: -1.04846 4.5238 -0.646518
Normal: -1 0 0
UV: 0.841382 0.157225

Position: -1.04846 3.17025 -0.646518
Normal: -1 0 0
UV: 0.841382 0.122675

Position: 0.262768 4.5238 -0.646518
Normal: -0 0 -1
UV: 0.413916 0.526132

Position: -1.04846 3.17025 -0.646518
Normal: -0 0 -1
UV: 0.346319 0.595911

Position: 0.262768 3.17025 -0.646518
Normal: -0 0 -1
UV: 0.413916 0.595911

Position: -1.04846 4.5238 -0.646518
Normal: -0 0 -1
UV: 0.346319 0.526132

Position: 0.900684 3.63135 -0.667407
Normal: -0 1 0
UV: 0.174574 0.100793

Position: 2.02177 3.63135 0.516779
Normal: -0 1 0
UV: 0.0562786 0.225747

Position: 0.900684 3.63135 0.516779
Normal: -0 1 0
UV: 0.174574 0.225747

Position: 2.02177 3.63135 -0.667407
Normal: -0 1 0
UV: 0.0562786 0.100793

Position: 2.02177 2.40894 0.516779
Normal: -0 -1 0
UV: 0.84355 0.550413

Position: 0.900684 2.40894 -0.667407
Normal: -0 -1 0
UV: 0.854406 0.56188

Position: 0.900684 2.40894 0.516779
Normal: -0 -1 0
UV: 0.854406 0.550413

Position: 2.02177 2.40894 -0.667407
Normal: -0 -1 0
UV: 0.84355 0.56188

Position: 0.900684 3.63135 0.516779
Normal: -0 0 1
UV: 0.294679 0.480881

Position: 2.02177 3.63135 0.516779
Normal: -0 0 1
UV: 0.257646 0.480881

Position: 2.02177 2.40894 0.516779
Normal: -0 0 1
UV: 0.257646 0.521261

Position: 0.900684 2.40894 0.516779
Normal: -0 0 1
UV: 0.294679 0.521261

Position: 0.900684 3.63135 0.516779
Normal: -1 0 0
UV: 0.295526 0.480881

Position: 0.900684 2.40894 0.516779
Normal: -1 0 0
UV: 0.295526 0.521261

Position: 0.900684 3.63135 -0.667407
Normal: -1 0 0
UV: 0.334644 0.480881

Position: 0.900684 2.40894 -0.667407
Normal: -1 0 0
UV: 0.334644 0.521261

Position: 2.02177 3.63135 -0.667407
Normal: -0 0 -1
UV: 0.188531 0.497096

Position: 0.900684 2.40894 -0.667407
Normal: -0 0 -1
UV: 0.196292 0.488634

Position: 2.02177 2.40894 -0.667407
Normal: -0 0 -1
UV: 0.188531 0.488634

Position: 0.900684 3.63135 -0.667407
Normal: -0 0 -1
UV: 0.196292 0.497096

Position: 2.02177 3.63135 0.516779
Normal: 1 0 0
UV: 0.547903 0.484199

Position: 2.02177 2.40894 -0.667407
Normal: 1 0 0
UV: 0.459608 0.575344

Position: 2.02177 2.40894 0.516779
Normal: 1 0 0
UV: 0.547903 0.575344

Position: 2.02177 3.63135 -0.667407
Normal: 1 0 0
UV: 0.459608 0.484199

Position: 0.344479 1.74433 0.218613
Normal: 1.31504e-008 0 1
UV: 0.430123 0.789134

Position: -0.801201 2.04404 0.218613
Normal: 1.31504e-008 0 1
UV: 0.436703 0.782979

Position: 0.344479 2.04552 0.218613
Normal: 1.31504e-008 0 1
UV: 0.430123 0.782979

Position: -1.11223 1.74276 0.218613
Normal: 1.31504e-008 0 1
UV: 0.436704 0.789134

Position: -1.11223 1.74276 -0.0891733
Normal: -1.22589e-009 0 -1
UV: 0.412744 0.82699

Position: 0.344479 1.74433 -0.0891733
Normal: -1.22589e-009 0 -1
UV: 0.419324 0.82699

Position: -0.801201 2.04404 -0.0891733
Normal: -1.22589e-009 0 -1
UV: 0.412744 0.820835

Position: 0.344479 2.04552 -0.0891733
Normal: -1.22589e-009 0 -1
UV: 0.419324 0.820835

Position: 0.344479 1.74433 -0.0891733
Normal: 0.00107695 -0.999999 0
UV: 0.197845 0.811697

Position: -1.11223 1.74276 -0.0891733
Normal: 0.00107695 -0.999999 0
UV: 0.204426 0.811697

Position: 0.344479 1.74433 0.218613
Normal: 0.00107695 -0.999999 0
UV: 0.197845 0.805196

Position: -1.11223 1.74276 0.218613
Normal: 0.00107695 -0.999999 0
UV: 0.204426 0.805196

Position: -0.801201 2.04404 0.218613
Normal: -0.00129315 0.999999 0
UV: 0.204323 0.824316

Position: 0.344479 2.04552 -0.0891733
Normal: -0.00129315 0.999999 0
UV: 0.197743 0.817815

Position: 0.344479 2.04552 0.218613
Normal: -0.00129315 0.999999 0
UV: 0.197743 0.824316

Position: -0.801201 2.04404 -0.0891733
Normal: -0.00129315 0.999999 0
UV: 0.204323 0.817815

Position: -1.09652 2.79515 0.218613
Normal: -0 0 1
UV: 0.430123 0.789134

Position: -0.805256 2.79515 0.218613
Normal: -0 0 1
UV: 0.430123 0.782979

Position: -1.09652 2.79515 -0.0891733
Normal: -1.37627e-008 0 -1
UV: 0.419324 0.82699

Position: -0.805256 2.79515 -0.0891733
Normal: -1.37627e-008 0 -1
UV: 0.419324 0.820835

Position: -1.09652 2.79515 0.218613
Normal: -0.999889 0.0149217 0
UV: 0.197845 0.805196

Position: -1.11223 1.74276 0.218613
Normal: -0.999889 0.0149217 0
UV: 0.204426 0.805196

Position: -1.11223 1.74276 -0.0891733
Normal: -0.999889 0.0149217 0
UV: 0.204426 0.811697

Position: -1.09652 2.79515 -0.0891733
Normal: -0.999889 0.0149217 0
UV: 0.197845 0.811697

Position: -0.801201 2.04404 0.218613
Normal: 0.999985 0.00539865 0
UV: 0.204323 0.824316

Position: -0.805256 2.79515 0.218613
Normal: 0.999985 0.00539865 0
UV: 0.197743 0.824316

Position: -0.805256 2.79515 -0.0891733
Normal: 0.999985 0.00539865 0
UV: 0.197743 0.817815

Position: -0.801201 2.04404 -0.0891733
Normal: 0.999985 0.00539865 0
UV: 0.204323 0.817815

Position: -2.02176 3.69291 0.400634
Normal: -0 1 0
UV: 0.174574 0.100793

Position: -0.934479 3.69291 -0.628715
Normal: -0 1 0
UV: 0.0562786 0.225747

Position: -0.934479 3.69291 0.400634
Normal: -0 1 0
UV: 0.174574 0.225747

Position: -2.02176 3.69291 -0.628715
Normal: -0 1 0
UV: 0.0562786 0.100793

Position: -0.934479 2.57052 0.400634
Normal: -0 -1 0
UV: 0.938547 0.433603

Position: -0.934479 2.57052 -0.628715
Normal: -0 -1 0
UV: 0.849032 0.433603

Position: -2.02176 2.57052 0.400634
Normal: -0 -1 0
UV: 0.938547 0.528157

Position: -2.02176 2.57052 -0.628715
Normal: -0 -1 0
UV: 0.849032 0.528157

Position: -0.934479 3.69291 0.400634
Normal: 1 0 0
UV: 0.9283 0.515953

Position: -0.934479 2.57052 -0.628715
Normal: 1 0 0
UV: 0.879416 0.569255

Position: -0.934479 2.57052 0.400634
Normal: 1 0 0
UV: 0.9283 0.569255

Position: -0.934479 3.69291 -0.628715
Normal: 1 0 0
UV: 0.879416 0.515953

Position: -2.02176 3.69291 0.400634
Normal: -0 0 1
UV: 0.334644 0.480881

Position: -0.934479 3.69291 0.400634
Normal: -0 0 1
UV: 0.295526 0.480881

Position: -0.934479 2.57052 0.400634
Normal: -0 0 1
UV: 0.295526 0.521261

Position: -2.02176 2.57052 0.400634
Normal: -0 0 1
UV: 0.334644 0.521261

Position: -2.02176 3.69291 0.400634
Normal: -1 0 0
UV: 0.873068 0.157225

Position: -2.02176 2.57052 0.400634
Normal: -1 0 0
UV: 0.873068 0.122675

Position: -2.02176 3.69291 -0.628715
Normal: -1 0 0
UV: 0.841382 0.157225

Position: -2.02176 2.57052 -0.628715
Normal: -1 0 0
UV: 0.841382 0.122675

Position: -0.934479 2.57052 -0.628715
Normal: -0 0 -1
UV: 0.367418 0.629494

Position: -0.934479 3.69291 -0.628715
Normal: -0 0 -1
UV: 0.367418 0.559714

Position: -2.02176 2.57052 -0.628715
Normal: -0 0 -1
UV: 0.29982 0.629494

Position: -2.02176 3.69291 -0.628715
Normal: -0 0 -1
UV: 0.29982 0.559714

Position: -1.22795 3.77954 0.189179
Normal: -0 1 0
UV: 0.174574 0.100793

Position: 0.0314827 3.77954 -1.00314
Normal: -0 1 0
UV: 0.0562786 0.225747

Position: 0.0314827 3.77954 0.189179
Normal: -0 1 0
UV: 0.174574 0.225747

Position: -1.22795 3.77954 -1.00314
Normal: -0 1 0
UV: 0.0562786 0.100793

Position: 0.0314827 2.47946 0.189179
Normal: -0 -1 0
UV: 0.938547 0.433603

Position: 0.0314827 2.47946 -1.00314
Normal: -0 -1 0
UV: 0.849032 0.433603

Position: -1.22795 2.47946 0.189179
Normal: -0 -1 0
UV: 0.938547 0.528157

Position: -1.22795 2.47946 -1.00314
Normal: -0 -1 0
UV: 0.849032 0.528157

Position: 0.0314827 3.77954 0.189179
Normal: 1 0 0
UV: 0.9283 0.515953

Position: 0.0314827 2.47946 -1.00314
Normal: 1 0 0
UV: 0.879416 0.569255

Position: 0.0314827 2.47946 0.189179
Normal: 1 0 0
UV: 0.9283 0.569255

Position: 0.0314827 3.77954 -1.00314
Normal: 1 0 0
UV: 0.879416 0.515953

Position: -1.22795 3.77954 0.189179
Normal: -0 0 1
UV: 0.334644 0.480881

Position: 0.0314827 3.77954 0.189179
Normal: -0 0 1
UV: 0.295526 0.480881

Position: 0.0314827 2.47946 0.189179
Normal: -0 0 1
UV: 0.295526 0.521261

Position: -1.22795 2.47946 0.189179
Normal: -0 0 1
UV: 0.334644 0.521261

Position: -1.22795 3.77954 0.189179
Normal: -1 0 0
UV: 0.873068 0.157225

Position: -1.22795 2.47946 0.189179
Normal: -1 0 0
UV: 0.873068 0.122675

Position: -1.22795 3.77954 -1.00314
Normal: -1 0 0
UV: 0.841382 0.157225

Position: -1.22795 2.47946 -1.00314
Normal: -1 0 0
UV: 0.841382 0.122675

Position: 0.0314827 2.47946 -1.00314
Normal: -0 0 -1
UV: 0.367418 0.629494

Position: 0.0314827 3.77954 -1.00314
Normal: -0 0 -1
UV: 0.367418 0.559714

Position: -1.22795 2.47946 -1.00314
Normal: -0 0 -1
UV: 0.29982 0.629494

Position: -1.22795 3.77954 -1.00314
Normal: -0 0 -1
UV: 0.29982 0.559714

Position: -1.68201 4.00281 1.07517
Normal: -0 1 0
UV: 0.174574 0.100793

Position: -0.422581 4.00281 -0.117156
Normal: -0 1 0
UV: 0.0562786 0.225747

Position: -0.422581 4.00281 1.07517
Normal: -0 1 0
UV: 0.174574 0.225747

Position: -1.68201 4.00281 -0.117156
Normal: -0 1 0
UV: 0.0562786 0.100793

Position: -0.422581 2.70273 1.07517
Normal: -0 -1 0
UV: 0.938547 0.433603

Position: -0.422581 2.70273 -0.117156
Normal: -0 -1 0
UV: 0.849032 0.433603

Position: -1.68201 2.70273 1.07517
Normal: -0 -1 0
UV: 0.938547 0.528157

Position: -1.68201 2.70273 -0.117156
Normal: -0 -1 0
UV: 0.849032 0.528157

Position: -0.422581 4.00281 1.07517
Normal: 1 0 0
UV: 0.9283 0.515953

Position: -0.422581 2.70273 -0.117156
Normal: 1 0 0
UV: 0.879416 0.569255

Position: -0.422581 2.70273 1.07517
Normal: 1 0 0
UV: 0.9283 0.569255

Position: -0.422581 4.00281 -0.117156
Normal: 1 0 0
UV: 0.879416 0.515953

Position: -1.68201 4.00281 1.07517
Normal: -0 0 1
UV: 0.334644 0.480881

Position: -0.422581 4.00281 1.07517
Normal: -0 0 1
UV: 0.295526 0.480881

Position: -0.422581 2.70273 1.07517
Normal: -0 0 1
UV: 0.295526 0.521261

Position: -1.68201 2.70273 1.07517
Normal: -0 0 1
UV: 0.334644 0.521261

Position: -1.68201 4.00281 1.07517
Normal: -1 0 0
UV: 0.873068 0.157225

Position: -1.68201 2.70273 1.07517
Normal: -1 0 0
UV: 0.873068 0.122675

Position: -1.68201 4.00281 -0.117156
Normal: -1 0 0
UV: 0.841382 0.157225

Position: -1.68201 2.70273 -0.117156
Normal: -1 0 0
UV: 0.841382 0.122675

Position: -0.422581 4.00281 -0.117156
Normal: -0 0 -1
UV: 0.367418 0.559714

Position: -1.68201 2.70273 -0.117156
Normal: -0 0 -1
UV: 0.29982 0.629494

Position: -0.422581 2.70273 -0.117156
Normal: -0 0 -1
UV: 0.367418 0.629494

Position: -1.68201 4.00281 -0.117156
Normal: -0 0 -1
UV: 0.29982 0.559714


[INDEX_DATA]
0 2 1
0 3 2
4 6 5
4 7 6
8 10 9
10 8 11
12 14 13
13 15 12
16 18 17
17 18 19
20 22 21
22 23 21
24 26 25
26 27 25
28 30 29
31 29 30
32 34 33
33 35 32
36 38 37
36 39 38
40 42 41
41 42 43
44 46 45
46 47 45
48 50 49
49 51 48
52 54 53
52 55 54
56 58 57
57 58 59
60 62 61
61 63 60
64 66 65
65 67 64
68 70 69
68 71 70
72 74 73
73 74 75
76 78 77
77 79 76
80 82 81
81 83 80
84 86 85
85 87 84
88 90 89
89 91 88
92 94 93
92 95 94
96 98 97
97 98 99
100 102 101
101 103 100
104 106 105
105 107 104
108 110 109
109 111 108
112 114 113
113 115 112
116 118 117
116 119 118
120 122 121
121 122 123
124 126 125
126 127 125
128 130 129
129 131 128
132 134 133
134 135 133
136 138 137
137 139 136
140 142 141
140 143 142
144 146 145
145 146 147
148 150 149
150 151 149
152 154 153
153 155 152
156 158 157
157 159 156
160 162 161
162 163 161
164 166 165
165 167 164
168 170 169
168 171 170
172 174 173
173 174 175
176 178 177
177 179 176
180 182 181
181 183 180
184 186 185
185 187 184
188 190 189
188 191 190
192 194 193
193 194 195
196 198 197
197 199 196
200 202 201
201 203 200
204 206 205
205 207 204
208 210 209
210 211 209
212 214 213
215 213 214
216 218 217
217 219 216
220 207 205
205 221 220
222 210 208
210 222 223
224 226 225
224 227 226
228 230 229
228 231 230
232 234 233
233 235 232
236 238 237
238 239 237
240 242 241
241 243 240
244 246 245
244 247 246
248 250 249
249 250 251
252 254 253
254 255 253
256 258 257
257 259 256
260 262 261
262 263 261
264 266 265
265 267 264
268 270 269
268 271 270
272 274 273
273 274 275
276 278 277
278 279 277
280 282 281
281 283 280
284 286 285
286 287 285
288 290 289
289 291 288
292 294 293
292 295 294
296 298 297
297 298 299
300 302 301
301 303 300

