[FBX_META_DATA]
MeshCount: 1

[MESH_DATA]
VertexCount: 60
IndexCount: 90
BoneCount: 0
AnimationClips: 1

[VERTEX_DATA]
Position: 0.173801 2.92436 0.186444
Normal: -0 0 1
UV: 0.436703 0.782979

Position: 0.173801 0.137564 0.186444
Normal: -0 0 1
UV: 0.430123 0.782979

Position: -0.18256 2.92436 0.186444
Normal: -0 0 1
UV: 0.436704 0.789134

Position: -0.18256 0.137564 0.186444
Normal: -0 0 1
UV: 0.430123 0.789134

Position: 0.173801 0.137564 -0.189975
Normal: -0 0 -1
UV: 0.419324 0.820835

Position: 0.173801 2.92436 -0.189975
Normal: -0 0 -1
UV: 0.412744 0.820835

Position: -0.18256 0.137564 -0.189975
Normal: -0 0 -1
UV: 0.419324 0.82699

Position: -0.18256 2.92436 -0.189975
Normal: -0 0 -1
UV: 0.412744 0.82699

Position: -0.18256 0.137564 -0.189975
Normal: -1 0 0
UV: 0.197845 0.811697

Position: -0.18256 2.92436 -0.189975
Normal: -1 0 0
UV: 0.204426 0.811697

Position: -0.18256 0.137564 0.186444
Normal: -1 0 0
UV: 0.197845 0.805196

Position: -0.18256 2.92436 0.186444
Normal: -1 0 0
UV: 0.204426 0.805196

Position: 0.173801 2.92436 0.186444
Normal: 1 0 0
UV: 0.204323 0.824316

Position: 0.173801 0.137564 -0.189975
Normal: 1 0 0
UV: 0.197743 0.817815

Position: 0.173801 0.137564 0.186444
Normal: 1 0 0
UV: 0.197743 0.824316

Position: 0.173801 2.92436 -0.189975
Normal: 1 0 0
UV: 0.204323 0.817815

Position: -0.364346 0.245106 0.378461
Normal: -0 0 1
UV: 0.709237 0.817549

Position: 0.355587 0.245106 0.378461
Normal: -0 0 1
UV: 0.709237 0.811395

Position: 0.355587 -0.000506178 0.378461
Normal: -0 0 1
UV: 0.702657 0.811395

Position: -0.364346 -0.000506178 0.378461
Normal: -0 0 1
UV: 0.702657 0.817549

Position: -0.364346 -0.000506178 -0.38199
Normal: -0 0 -1
UV: 0.691857 0.855406

Position: 0.355587 -0.000506178 -0.38199
Normal: -0 0 -1
UV: 0.691857 0.849251

Position: 0.355587 0.245106 -0.38199
Normal: -0 0 -1
UV: 0.685277 0.849251

Position: -0.364346 0.245106 -0.38199
Normal: -0 0 -1
UV: 0.685277 0.855405

Position: -0.364346 0.245106 -0.38199
Normal: -1 0 0
UV: 0.408503 0.89307

Position: -0.364346 0.245106 0.378461
Normal: -1 0 0
UV: 0.408503 0.886568

Position: -0.364346 -0.000506178 0.378461
Normal: -1 0 0
UV: 0.401923 0.886568

Position: -0.364346 -0.000506178 -0.38199
Normal: -1 0 0
UV: 0.401923 0.89307

Position: 0.355587 0.245106 0.378461
Normal: 1 0 0
UV: 0.4084 0.905688

Position: 0.355587 -0.000506178 -0.38199
Normal: 1 0 0
UV: 0.40182 0.899187

Position: 0.355587 -0.000506178 0.378461
Normal: 1 0 0
UV: 0.40182 0.905688

Position: 0.355587 0.245106 -0.38199
Normal: 1 0 0
UV: 0.4084 0.899187

Position: 0.355587 0.245106 0.378461
Normal: -0 1 0
UV: 0.159107 0.85015

Position: -0.364346 0.245106 0.378461
Normal: -0 1 0
UV: 0.159107 0.925619

Position: 0.355587 0.245106 -0.38199
Normal: -0 1 0
UV: 0.238824 0.85015

Position: -0.364346 0.245106 -0.38199
Normal: -0 1 0
UV: 0.238824 0.925619

Position: -0.975689 4.45539 1.03061
Normal: -0 1 0
UV: 0.174574 0.225747

Position: -0.975689 4.45539 -1.03061
Normal: -0 1 0
UV: 0.174574 0.100793

Position: 0.975693 4.45539 1.03061
Normal: -0 1 0
UV: 0.0562786 0.225747

Position: 0.975693 4.45539 -1.03061
Normal: -0 1 0
UV: 0.0562786 0.100793

Position: 0.975693 2.48608 1.03061
Normal: -0 -1 0
UV: 0.657214 0.385675

Position: -0.975689 2.48608 -1.03061
Normal: -0 -1 0
UV: 0.69805 0.591101

Position: -0.975689 2.48608 1.03061
Normal: -0 -1 0
UV: 0.69805 0.385675

Position: 0.975693 2.48608 -1.03061
Normal: -0 -1 0
UV: 0.657214 0.591101

Position: -0.975689 4.45539 1.03061
Normal: -0 0 1
UV: 0.294679 0.480881

Position: 0.975693 4.45539 1.03061
Normal: -0 0 1
UV: 0.257646 0.480881

Position: 0.975693 2.48608 1.03061
Normal: -0 0 1
UV: 0.257646 0.521261

Position: -0.975689 2.48608 1.03061
Normal: -0 0 1
UV: 0.294679 0.521261

Position: -0.975689 4.45539 1.03061
Normal: -1 0 0
UV: 0.808104 0.157616

Position: -0.975689 2.48608 1.03061
Normal: -1 0 0
UV: 0.808104 0.192166

Position: -0.975689 4.45539 -1.03061
Normal: -1 0 0
UV: 0.841574 0.157616

Position: -0.975689 2.48608 -1.03061
Normal: -1 0 0
UV: 0.841574 0.192166

Position: 0.975693 2.48608 -1.03061
Normal: -0 0 -1
UV: 0.0809791 0.390666

Position: 0.975693 4.45539 -1.03061
Normal: -0 0 -1
UV: 0.0809791 0.460446

Position: -0.975689 2.48608 -1.03061
Normal: -0 0 -1
UV: 0.144975 0.390666

Position: -0.975689 4.45539 -1.03061
Normal: -0 0 -1
UV: 0.144975 0.460446

Position: 0.975693 4.45539 1.03061
Normal: 1 0 0
UV: 0.547903 0.484199

Position: 0.975693 2.48608 -1.03061
Normal: 1 0 0
UV: 0.459608 0.575344

Position: 0.975693 2.48608 1.03061
Normal: 1 0 0
UV: 0.547903 0.575344

Position: 0.975693 4.45539 -1.03061
Normal: 1 0 0
UV: 0.459608 0.484199


[INDEX_DATA]
0 2 1
2 3 1
4 6 5
6 7 5
8 10 9
11 9 10
12 14 13
13 15 12
16 18 17
16 19 18
20 22 21
20 23 22
24 26 25
26 24 27
28 30 29
29 31 28
32 34 33
33 34 35
36 38 37
38 39 37
40 42 41
41 43 40
44 46 45
44 47 46
48 50 49
49 50 51
52 54 53
54 55 53
56 58 57
57 59 56

