[FBX_META_DATA]
MeshCount: 5

[MESH_DATA]
VertexCount: 619
IndexCount: 1248
BoneCount: 0
AnimationClips: 1

[VERTEX_DATA]
Position: -0.433914 2.35781 1.94925
Normal: -0 0 1
UV: 0.952938 0.908539

Position: 0.449653 2.35781 1.94925
Normal: -0 0 1
UV: 0.939595 0.908539

Position: 0.449653 1.61352 1.94925
Normal: -0 0 1
UV: 0.939595 0.924047

Position: -0.433914 1.61352 1.94925
Normal: -0 0 1
UV: 0.952938 0.924047

Position: -0.433914 2.35781 1.94925
Normal: -0 1 0
UV: 0.949674 0.983821

Position: -0.433914 2.35781 1.08697
Normal: -0 1 0
UV: 0.972551 0.983821

Position: 0.449653 2.35781 1.94925
Normal: -0 1 0
UV: 0.949674 0.960379

Position: 0.449653 2.35781 1.08697
Normal: -0 1 0
UV: 0.972551 0.960379

Position: -0.433914 1.61352 1.08697
Normal: -0 0 -1
UV: 0.966557 0.908539

Position: 0.449653 1.61352 1.08697
Normal: -0 0 -1
UV: 0.953213 0.908539

Position: 0.449653 2.35781 1.08697
Normal: -0 0 -1
UV: 0.953213 0.924047

Position: -0.433914 2.35781 1.08697
Normal: -0 0 -1
UV: 0.966557 0.924047

Position: -0.433914 2.35781 1.94925
Normal: -1 0 0
UV: 0.96678 0.908539

Position: -0.433914 1.61352 1.94925
Normal: -1 0 0
UV: 0.96678 0.924047

Position: -0.433914 2.35781 1.08697
Normal: -1 0 0
UV: 0.979802 0.908539

Position: -0.433914 1.61352 1.08697
Normal: -1 0 0
UV: 0.979802 0.924047

Position: 0.449653 2.35781 1.94925
Normal: 1 0 0
UV: 0.971179 0.893369

Position: 0.449653 1.61352 1.08697
Normal: 1 0 0
UV: 0.967518 0.897729

Position: 0.449653 1.61352 1.94925
Normal: 1 0 0
UV: 0.971179 0.897729

Position: 0.449653 2.35781 1.08697
Normal: 1 0 0
UV: 0.967518 0.893369

Position: -0.966029 1.59419 1.44924
Normal: -0 0 1
UV: 0.95381 0.829327

Position: -0.0824617 1.59419 1.44924
Normal: -0 0 1
UV: 0.937679 0.829327

Position: -0.0824617 0.973253 1.44924
Normal: -0 0 1
UV: 0.937679 0.848074

Position: -0.966029 0.973253 1.44924
Normal: -0 0 1
UV: 0.95381 0.848074

Position: -0.966029 1.59419 1.44924
Normal: -0 1 0
UV: 0.922911 0.219198

Position: -0.966029 1.59419 0.586963
Normal: -0 1 0
UV: 0.945788 0.219198

Position: -0.0824617 1.59419 1.44924
Normal: -0 1 0
UV: 0.922911 0.195757

Position: -0.0824617 1.59419 0.586963
Normal: -0 1 0
UV: 0.945788 0.195757

Position: -0.966029 0.973253 0.586963
Normal: -0 0 -1
UV: 0.944984 0.294153

Position: -0.0824617 0.973253 0.586963
Normal: -0 0 -1
UV: 0.921543 0.294153

Position: -0.0824617 1.59419 0.586963
Normal: -0 0 -1
UV: 0.921543 0.321396

Position: -0.966029 1.59419 0.586963
Normal: -0 0 -1
UV: 0.944984 0.321396

Position: -0.966029 1.59419 1.44924
Normal: -1 0 0
UV: 0.945377 0.294153

Position: -0.966029 0.973253 1.44924
Normal: -1 0 0
UV: 0.945377 0.321396

Position: -0.966029 1.59419 0.586963
Normal: -1 0 0
UV: 0.968254 0.294153

Position: -0.966029 0.973253 0.586963
Normal: -1 0 0
UV: 0.968254 0.321396

Position: -0.0824617 1.59419 1.44924
Normal: 1 0 0
UV: 0.953105 0.267501

Position: -0.0824617 0.973253 0.586963
Normal: 1 0 0
UV: 0.946674 0.27516

Position: -0.0824617 0.973253 1.44924
Normal: 1 0 0
UV: 0.953105 0.27516

Position: -0.0824617 1.59419 0.586963
Normal: 1 0 0
UV: 0.946674 0.267501

Position: -0.966029 1.59419 2.41227
Normal: -0 0 1
UV: 0.921059 0.294153

Position: -0.0824617 1.59419 2.41227
Normal: -0 0 1
UV: 0.897617 0.294153

Position: -0.0824617 0.974882 2.41227
Normal: -0 0 1
UV: 0.897617 0.321396

Position: -0.966029 0.974882 2.41227
Normal: -0 0 1
UV: 0.921059 0.321396

Position: -0.966029 1.59419 1.54998
Normal: -0 1 0
UV: 0.945788 0.219198

Position: -0.0824617 1.59419 2.41227
Normal: -0 1 0
UV: 0.922911 0.195757

Position: -0.966029 1.59419 2.41227
Normal: -0 1 0
UV: 0.922911 0.219198

Position: -0.0824617 1.59419 1.54998
Normal: -0 1 0
UV: 0.945788 0.195757

Position: -0.966029 0.974882 1.54998
Normal: -0 0 -1
UV: 0.970274 0.829327

Position: -0.0824617 0.974882 1.54998
Normal: -0 0 -1
UV: 0.954143 0.829327

Position: -0.0824617 1.59419 1.54998
Normal: -0 0 -1
UV: 0.954143 0.848074

Position: -0.966029 1.59419 1.54998
Normal: -0 0 -1
UV: 0.970274 0.848074

Position: -0.966029 1.59419 2.41227
Normal: -1 0 0
UV: 0.945377 0.294153

Position: -0.966029 0.974882 2.41227
Normal: -1 0 0
UV: 0.945377 0.321396

Position: -0.966029 1.59419 1.54998
Normal: -1 0 0
UV: 0.968254 0.294153

Position: -0.966029 0.974882 1.54998
Normal: -1 0 0
UV: 0.968254 0.321396

Position: -0.0824617 1.59419 2.41227
Normal: 1 0 0
UV: 0.953105 0.267501

Position: -0.0824617 0.974882 1.54998
Normal: 1 0 0
UV: 0.946674 0.27516

Position: -0.0824617 0.974882 2.41227
Normal: 1 0 0
UV: 0.953105 0.27516

Position: -0.0824617 1.59419 1.54998
Normal: 1 0 0
UV: 0.946674 0.267501

Position: 0.966029 1.59419 1.44924
Normal: -0 0 1
UV: 0.95381 0.829327

Position: 0.0824617 0.973253 1.44924
Normal: -0 0 1
UV: 0.937679 0.848074

Position: 0.0824617 1.59419 1.44924
Normal: -0 0 1
UV: 0.937679 0.829327

Position: 0.966029 0.973253 1.44924
Normal: -0 0 1
UV: 0.95381 0.848074

Position: 0.966029 1.59419 1.44924
Normal: -0 1 0
UV: 0.922911 0.219198

Position: 0.0824617 1.59419 1.44924
Normal: -0 1 0
UV: 0.922911 0.195757

Position: 0.966029 1.59419 0.586963
Normal: -0 1 0
UV: 0.945788 0.219198

Position: 0.0824617 1.59419 0.586963
Normal: -0 1 0
UV: 0.945788 0.195757

Position: 0.966029 0.973253 0.586963
Normal: -0 0 -1
UV: 0.944984 0.294153

Position: 0.0824617 1.59419 0.586963
Normal: -0 0 -1
UV: 0.921543 0.321396

Position: 0.0824617 0.973253 0.586963
Normal: -0 0 -1
UV: 0.921543 0.294153

Position: 0.966029 1.59419 0.586963
Normal: -0 0 -1
UV: 0.944984 0.321396

Position: 0.966029 1.59419 0.586963
Normal: 1 0 0
UV: 0.968254 0.294153

Position: 0.966029 0.973253 1.44924
Normal: 1 0 0
UV: 0.945377 0.321396

Position: 0.966029 1.59419 1.44924
Normal: 1 0 0
UV: 0.945377 0.294153

Position: 0.966029 0.973253 0.586963
Normal: 1 0 0
UV: 0.968254 0.321396

Position: 0.0824617 1.59419 1.44924
Normal: -1 0 0
UV: 0.953105 0.267501

Position: 0.0824617 0.973253 1.44924
Normal: -1 0 0
UV: 0.953105 0.27516

Position: 0.0824617 0.973253 0.586963
Normal: -1 0 0
UV: 0.946674 0.27516

Position: 0.0824617 1.59419 0.586963
Normal: -1 0 0
UV: 0.946674 0.267501

Position: 0.966029 1.59419 2.41227
Normal: -0 0 1
UV: 0.921059 0.294153

Position: 0.0824617 0.974882 2.41227
Normal: -0 0 1
UV: 0.897617 0.321396

Position: 0.0824617 1.59419 2.41227
Normal: -0 0 1
UV: 0.897617 0.294153

Position: 0.966029 0.974882 2.41227
Normal: -0 0 1
UV: 0.921059 0.321396

Position: 0.966029 1.59419 2.41227
Normal: -0 1 0
UV: 0.922911 0.219198

Position: 0.0824617 1.59419 2.41227
Normal: -0 1 0
UV: 0.922911 0.195757

Position: 0.966029 1.59419 1.54998
Normal: -0 1 0
UV: 0.945788 0.219198

Position: 0.0824617 1.59419 1.54998
Normal: -0 1 0
UV: 0.945788 0.195757

Position: 0.966029 0.974882 1.54998
Normal: -0 0 -1
UV: 0.970274 0.829327

Position: 0.0824617 1.59419 1.54998
Normal: -0 0 -1
UV: 0.954143 0.848074

Position: 0.0824617 0.974882 1.54998
Normal: -0 0 -1
UV: 0.954143 0.829327

Position: 0.966029 1.59419 1.54998
Normal: -0 0 -1
UV: 0.970274 0.848074

Position: 0.966029 1.59419 2.41227
Normal: 1 0 0
UV: 0.945377 0.294153

Position: 0.966029 1.59419 1.54998
Normal: 1 0 0
UV: 0.968254 0.294153

Position: 0.966029 0.974882 2.41227
Normal: 1 0 0
UV: 0.945377 0.321396

Position: 0.966029 0.974882 1.54998
Normal: 1 0 0
UV: 0.968254 0.321396

Position: 0.0824617 1.59419 2.41227
Normal: -1 0 0
UV: 0.953105 0.267501

Position: 0.0824617 0.974882 2.41227
Normal: -1 0 0
UV: 0.953105 0.27516

Position: 0.0824617 0.974882 1.54998
Normal: -1 0 0
UV: 0.946674 0.27516

Position: 0.0824617 1.59419 1.54998
Normal: -1 0 0
UV: 0.946674 0.267501

Position: -1.16845 0.457611 1.69965
Normal: -0 0.707107 0.707107
UV: 0.42651 0.176221

Position: 1.16845 0.457611 1.69965
Normal: -0 0.707107 0.707107
UV: 0.427784 0.176221

Position: 1.16845 0.356283 1.80098
Normal: -0 0.707107 0.707107
UV: 0.427784 0.174946

Position: -1.16845 0.356283 1.80098
Normal: -0 0.707107 0.707107
UV: 0.42651 0.174946

Position: -1.16845 0.356283 1.59832
Normal: -0 0.707107 -0.707107
UV: 0.42651 0.177496

Position: 1.16845 0.356283 1.59832
Normal: -0 0.707107 -0.707107
UV: 0.427784 0.177496

Position: 1.16845 0.457611 1.69965
Normal: -0 0.707107 -0.707107
UV: 0.427784 0.176221

Position: -1.16845 0.457611 1.69965
Normal: -0 0.707107 -0.707107
UV: 0.42651 0.176221

Position: -1.16845 0.254954 1.69965
Normal: -0 -0.707107 -0.707107
UV: 0.42651 0.178771

Position: 1.16845 0.254954 1.69965
Normal: -0 -0.707107 -0.707107
UV: 0.427784 0.178771

Position: 1.16845 0.356283 1.59832
Normal: -0 -0.707107 -0.707107
UV: 0.427784 0.177496

Position: -1.16845 0.356283 1.59832
Normal: -0 -0.707107 -0.707107
UV: 0.42651 0.177496

Position: -1.16845 0.356283 1.80098
Normal: -0 -0.707107 0.707107
UV: 0.42651 0.180046

Position: 1.16845 0.356283 1.80098
Normal: -0 -0.707107 0.707107
UV: 0.427784 0.180046

Position: 1.16845 0.254954 1.69965
Normal: -0 -0.707107 0.707107
UV: 0.427784 0.178771

Position: -1.16845 0.254954 1.69965
Normal: -0 -0.707107 0.707107
UV: 0.42651 0.178771

Position: -1.16845 0.457611 -1.64426
Normal: -0 0.707107 0.707107
UV: 0.42651 0.176221

Position: 1.16845 0.457611 -1.64426
Normal: -0 0.707107 0.707107
UV: 0.427784 0.176221

Position: 1.16845 0.356283 -1.54293
Normal: -0 0.707107 0.707107
UV: 0.427784 0.174946

Position: -1.16845 0.356283 -1.54293
Normal: -0 0.707107 0.707107
UV: 0.42651 0.174946

Position: -1.16845 0.356283 -1.74559
Normal: -0 0.707107 -0.707107
UV: 0.42651 0.177496

Position: 1.16845 0.356283 -1.74559
Normal: -0 0.707107 -0.707107
UV: 0.427784 0.177496

Position: 1.16845 0.457611 -1.64426
Normal: -0 0.707107 -0.707107
UV: 0.427784 0.176221

Position: -1.16845 0.457611 -1.64426
Normal: -0 0.707107 -0.707107
UV: 0.42651 0.176221

Position: -1.16845 0.254954 -1.64426
Normal: -0 -0.707107 -0.707107
UV: 0.42651 0.178771

Position: 1.16845 0.254954 -1.64426
Normal: -0 -0.707107 -0.707107
UV: 0.427784 0.178771

Position: 1.16845 0.356283 -1.74559
Normal: -0 -0.707107 -0.707107
UV: 0.427784 0.177496

Position: -1.16845 0.356283 -1.74559
Normal: -0 -0.707107 -0.707107
UV: 0.42651 0.177496

Position: -1.16845 0.356283 -1.54293
Normal: -0 -0.707107 0.707107
UV: 0.42651 0.180046

Position: 1.16845 0.356283 -1.54293
Normal: -0 -0.707107 0.707107
UV: 0.427784 0.180046

Position: 1.16845 0.254954 -1.64426
Normal: -0 -0.707107 0.707107
UV: 0.427784 0.178771

Position: -1.16845 0.254954 -1.64426
Normal: -0 -0.707107 0.707107
UV: 0.42651 0.178771

Position: -1.1643 0.359695 -2.68843
Normal: 7.08762e-007 0 -1
UV: 0.354077 0.370422

Position: -0.722378 0.359695 -2.68843
Normal: 1.01379e-007 0 -1
UV: 0.427908 0.370422

Position: -0.722378 0.549995 -2.68843
Normal: 1.01379e-007 0 -1
UV: 0.427908 0.338627

Position: -1.1643 0.549995 -2.68843
Normal: 7.08762e-007 0 -1
UV: 0.354073 0.338627

Position: -1.1643 2.36504 0.148676
Normal: -1 -1.23125e-008 0
UV: 0.0439042 0.0390904

Position: -1.1643 1.45664 0.140666
Normal: -1 3.47996e-008 0
UV: 0.0452426 0.190862

Position: -1.1643 2.36504 -0.913835
Normal: -1 1.6782e-008 0
UV: 0.221426 0.0390904

Position: -1.1643 1.45664 -0.993619
Normal: -1 7.9118e-008 0
UV: 0.234757 0.190862

Position: -1.1643 0.359695 -1.22773
Normal: -1 2.91588e-007 -4.73933e-006
UV: 0.659704 0.975052

Position: -1.16429 0.583179 -1.22864
Normal: -1 9.88531e-008 -3.60118e-006
UV: 0.660944 0.937396

Position: -1.1643 0.359695 -1.14601
Normal: -1 4.21427e-008 -3.14898e-007
UV: 0.649183 0.980806

Position: -1.1643 1.37554 -1.14601
Normal: -1 7.40696e-008 2.09521e-010
UV: 0.649215 0.811057

Position: -1.05283 1.47844 -1.13892
Normal: -0.00136886 0.0907639 -0.995871
UV: 0.628174 0.244732

Position: -1.1643 2.51564 -1.03881
Normal: -0.0080256 0.105465 -0.994391
UV: 0.609543 0.0706346

Position: -1.1643 1.37554 -1.14601
Normal: -0.00720629 0.0777915 -0.996944
UV: 0.609548 0.261962

Position: -1.05283 2.42072 -1.04962
Normal: -0.0013591 0.0968022 -0.995303
UV: 0.628169 0.0865961

Position: -1.1643 2.36504 -0.913835
Normal: -1 1.6782e-008 0
UV: 0.610113 0.645757

Position: -1.1643 1.45664 -0.993619
Normal: -1 7.9118e-008 0
UV: 0.623729 0.797523

Position: -1.1643 2.51564 -1.03881
Normal: -1 1.19625e-007 0
UV: 0.630968 0.620556

Position: -1.1643 2.51564 0.3209
Normal: -1 -2.9731e-009 0
UV: 0.403798 0.620675

Position: -1.1643 2.36504 0.148676
Normal: -1 -1.23125e-008 0
UV: 0.432581 0.645769

Position: -1.1643 1.09334 -2.18898
Normal: -1 0 0
UV: 0.823463 0.85828

Position: -1.1643 1.37554 -2.18898
Normal: -1 0 0
UV: 0.823483 0.811131

Position: -0 0.549995 -2.58829
Normal: 1.37261e-007 0 -1
UV: 0.236473 0.377272

Position: -0.722378 0.765314 -2.58829
Normal: 8.85736e-008 0 -1
UV: 0.115779 0.341303

Position: -0.722378 0.549995 -2.58829
Normal: -0 0 -1
UV: 0.115781 0.37728

Position: -1.1643 0.359695 -2.68843
Normal: -1 0 0
UV: 0.354077 0.370422

Position: -1.1643 0.549995 -2.68843
Normal: -1 0 0
UV: 0.354073 0.338627

Position: -1.1643 0.359695 -2.58829
Normal: -1 0 0
UV: 0.33735 0.370426

Position: -1.1643 0.549995 -2.58829
Normal: -1 0 0
UV: 0.337341 0.33863

Position: -1.1643 0.549995 -2.68843
Normal: 1.34877e-007 1 -6.73492e-007
UV: 0.457559 0.344323

Position: -0.722378 0.549995 -2.68843
Normal: -4.84998e-015 1 -5.11258e-007
UV: 0.383724 0.344323

Position: -1.1643 0.549995 -2.58829
Normal: 1.34877e-007 1 -6.73492e-007
UV: 0.457559 0.361053

Position: -0.722378 0.549995 -2.58829
Normal: -4.84998e-015 1 -5.11258e-007
UV: 0.383724 0.361053

Position: -0 0.359695 -2.68843
Normal: -0 -1 0
UV: 0.974038 0.351848

Position: -0.722378 0.359695 -2.68843
Normal: -0 -1 0
UV: 0.917188 0.351849

Position: -0 0.359695 -2.58829
Normal: -0 -1 0
UV: 0.974038 0.359729

Position: -0.722378 0.359695 -2.58829
Normal: -0 -1 0
UV: 0.917188 0.359729

Position: -1.1643 1.45664 0.320979
Normal: -1 9.83111e-009 0
UV: 0.404063 0.798428

Position: -1.1643 1.45664 0.140666
Normal: -1 3.47996e-008 0
UV: 0.434193 0.797538

Position: -1.1643 0.765314 -2.18898
Normal: -1 -1.23134e-007 2.29445e-007
UV: 0.959194 0.304103

Position: -1.1643 1.09334 -2.58829
Normal: -1 0 0
UV: 0.904419 0.237368

Position: -1.1643 1.09334 -2.18898
Normal: -1 0 0
UV: 0.90439 0.304086

Position: -1.1643 0.765314 -2.58829
Normal: -1 0 0
UV: 0.959228 0.237386

Position: -1.1643 1.09334 -2.58829
Normal: -2.87507e-007 0 -1
UV: 0.0419451 0.286494

Position: -0.722378 1.09334 -2.58829
Normal: 5.71346e-008 0 -1
UV: 0.115779 0.286492

Position: -1.1643 1.37554 -2.58829
Normal: -3.83359e-007 0 -1
UV: 0.0419451 0.239339

Position: -1.1643 0.359695 0.320889
Normal: -1 -1.51109e-008 0
UV: 0.404098 0.980849

Position: -0.722378 0.765314 -2.58829
Normal: 8.85736e-008 0 -1
UV: 0.95925 0.163552

Position: -0.722378 1.09334 -2.58829
Normal: 5.71346e-008 0 -1
UV: 0.904439 0.163535

Position: -1.1643 0.765314 -2.58829
Normal: -0 0 -1
UV: 0.959228 0.237386

Position: -1.1643 1.09334 -2.58829
Normal: -2.87507e-007 0 -1
UV: 0.904419 0.237368

Position: -1.1643 0.551422 -2.18898
Normal: -1 1.87811e-007 1.62892e-007
UV: 0.82344 0.948821

Position: -1.1643 0.765314 -2.58829
Normal: -1 0 0
UV: 0.890163 0.913117

Position: -1.1643 0.765314 -2.18898
Normal: -1 -1.23134e-007 2.29445e-007
UV: 0.823446 0.913083

Position: -1.1643 0.549995 -2.58829
Normal: -1 0 0
UV: 0.890153 0.949096

Position: -0.722378 0.359695 -2.18898
Normal: -0 -1 0
UV: 0.917188 0.391153

Position: -1.1643 0.359695 -2.18898
Normal: -0 -1 0
UV: 0.88241 0.391153

Position: -1.1643 0.359695 -2.58829
Normal: -0 -1 0
UV: 0.88241 0.359729

Position: -1.1643 0.359695 -2.18898
Normal: -1 1.47487e-007 0
UV: 0.270637 0.370444

Position: -1.1643 0.551422 -2.18898
Normal: -1 1.87811e-007 1.62892e-007
UV: 0.270627 0.338406

Position: -1.1643 1.09334 -2.58829
Normal: -1 0 0
UV: 0.890182 0.858309

Position: -1.1643 1.37554 -2.58829
Normal: -1 0 0
UV: 0.8902 0.811161

Position: -0 0.359695 -2.68843
Normal: -2.70189e-007 0 -1
UV: 0.548601 0.370422

Position: -0 0.549995 -2.68843
Normal: -2.70189e-007 0 -1
UV: 0.548601 0.338627

Position: -1.1643 0.765314 -2.58829
Normal: -0 0 -1
UV: 0.0419451 0.341304

Position: -1.1643 0.549995 -2.58829
Normal: -0 0 -1
UV: 0.0419461 0.37728

Position: -0 0.549995 -2.68843
Normal: -8.25117e-008 1 -4.12011e-007
UV: 0.263031 0.344323

Position: -0 0.549995 -2.58829
Normal: -8.25117e-008 1 -4.12011e-007
UV: 0.263031 0.361053

Position: -1.1643 0.359695 -2.68843
Normal: -0 -1 0
UV: 0.88241 0.351848

Position: -0 1.37554 -2.58829
Normal: 1.27439e-007 0 -1
UV: 0.236473 0.239351

Position: -0 0.359695 -2.18898
Normal: -0 -1 0
UV: 0.974038 0.391153

Position: -1.1643 0.545437 2.24367
Normal: -1 1.17115e-007 0
UV: 0.0851696 0.949409

Position: -1.1643 0.359695 2.24367
Normal: -1 1.24544e-007 0
UV: 0.0851696 0.98041

Position: -1.1643 0.359695 2.12206
Normal: -1 4.0217e-007 0
UV: 0.10489 0.973829

Position: -1.1643 0.574465 2.12536
Normal: -1 1.13218e-007 0
UV: 0.104207 0.940595

Position: -1.1643 0.765314 2.24367
Normal: -1 -5.15344e-008 0
UV: 0.0851697 0.912711

Position: -1.1643 1.45664 0.320979
Normal: -1 9.83111e-009 0
UV: 0.4068 0.798029

Position: -1.1643 1.45664 2.68843
Normal: -1 0 0
UV: 0.0109368 0.797327

Position: -1.1643 1.09334 2.24367
Normal: -1 -6.50812e-009 0
UV: 0.0843228 0.856621

Position: -1.1643 0.773935 1.97113
Normal: -1 -1.16265e-007 0
UV: 0.128766 0.905435

Position: -1.1643 1.09334 2.68834
Normal: -1 0 0
UV: 0.0109527 0.857962

Position: -1.1643 1.09334 2.68834
Normal: -1 0 0
UV: 0.950637 0.0580822

Position: -1.1643 0.765314 2.68834
Normal: -1 0 0
UV: 0.906238 0.0580822

Position: -1.1643 0.765314 2.24367
Normal: -1 -5.15344e-008 0
UV: 0.906238 0.118269

Position: -1.1643 1.09334 2.24367
Normal: -1 -6.50812e-009 0
UV: 0.950637 0.118269

Position: -1.1643 0.545437 2.68834
Normal: -1 0 0
UV: 0.0109528 0.949409

Position: -1.1643 0.765314 2.68834
Normal: -1 0 0
UV: 0.0109528 0.912711

Position: -1.1643 0.359695 2.68834
Normal: -1 0 0
UV: 0.37593 0.342049

Position: -1.1643 0.359695 2.24367
Normal: -1 1.24544e-007 0
UV: 0.313167 0.341113

Position: -1.1643 0.545437 2.68834
Normal: -1 0 0
UV: 0.37593 0.366395

Position: -1.1643 0.545437 2.24367
Normal: -1 1.17115e-007 0
UV: 0.313166 0.367329

Position: -1.1643 0.545437 2.68834
Normal: -0 0 1
UV: 0.37593 0.366395

Position: -0.711359 0.359695 2.68834
Normal: -0 0 1
UV: 0.430735 0.342985

Position: -1.1643 0.359695 2.68834
Normal: -0 0 1
UV: 0.37593 0.342049

Position: -0.710667 0.545437 2.68834
Normal: -1.46101e-005 -4.69591e-005 1
UV: 0.430819 0.365459

Position: -1.1643 1.45664 2.68843
Normal: -0 -0.000261191 1
UV: 0.852602 0.610354

Position: -0.710667 1.09334 2.68834
Normal: -2.52056e-005 -0.000163079 1
UV: 0.781568 0.667244

Position: -1.1643 1.09334 2.68834
Normal: -0 -0.000173397 1
UV: 0.852602 0.667244

Position: -0 1.45664 2.68843
Normal: -2.63017e-005 -0.000127737 1
UV: 0.670403 0.610354

Position: -0.710667 1.09334 2.68834
Normal: -2.52056e-005 -0.000163079 1
UV: 0.957809 0.18764

Position: -1.1643 0.765314 2.68834
Normal: -0 0 1
UV: 0.897891 0.2705

Position: -1.1643 1.09334 2.68834
Normal: -0 -0.000173397 1
UV: 0.957809 0.2705

Position: -0.710667 0.765314 2.68834
Normal: -2.59352e-005 -5.54246e-005 1
UV: 0.897891 0.18764

Position: -0.710667 0.765314 2.68834
Normal: -2.59352e-005 -5.54246e-005 1
UV: 0.781568 0.718611

Position: -1.1643 0.545437 2.68834
Normal: -0 0 1
UV: 0.852602 0.753042

Position: -1.1643 0.765314 2.68834
Normal: -0 0 1
UV: 0.852602 0.718611

Position: -0.710667 0.545437 2.68834
Normal: -1.46101e-005 -4.69591e-005 1
UV: 0.781568 0.753042

Position: -0 0.359695 2.68834
Normal: -0 0 1
UV: 0.516722 0.342985

Position: -0 0.545437 2.68834
Normal: -1.96458e-005 -6.31447e-005 1
UV: 0.516718 0.365459

Position: -0 0.545437 2.68834
Normal: -1.96458e-005 -6.31447e-005 1
UV: 0.670403 0.753042

Position: -1.1643 2.51564 0.3209
Normal: 1.02691e-007 6.30567e-005 1
UV: 0.859298 0.621416

Position: -1.06297 1.55112 0.320974
Normal: 1.90287e-008 7.56605e-005 1
UV: 0.683118 0.602908

Position: -1.1643 1.45664 0.320979
Normal: 1.02691e-007 6.3475e-005 1
UV: 0.665861 0.621416

Position: -1.06297 2.42117 0.320905
Normal: 1.90287e-008 7.55732e-005 1
UV: 0.842041 0.602908

Position: -1.1643 1.45664 2.68843
Normal: -0 1 2.38274e-007
UV: 0.0286295 0.575442

Position: -1.1643 1.45664 0.320979
Normal: -0 1 -3.27798e-007
UV: 0.349067 0.575442

Position: -1.01807 1.45664 0.484201
Normal: -0 1 -3.00647e-007
UV: 0.326974 0.555651

Position: -1.01807 1.45664 2.52521
Normal: -0 1 1.90192e-007
UV: 0.0507218 0.555651

Position: -1.01807 0.901179 0.484201
Normal: 1 0 0
UV: 0.390878 0.638909

Position: -1.01807 0.901179 2.52521
Normal: 1 0 0
UV: 0.0180658 0.638909

Position: -1.01807 1.45664 2.52521
Normal: 1 0 0
UV: 0.0180658 0.761216

Position: -1.01807 1.45664 0.484201
Normal: 1 0 0
UV: 0.390878 0.761216

Position: -1.1643 0.359695 1.29822
Normal: -1 -3.64608e-007 0
UV: 0.243014 0.980168

Position: -1.1643 0.359695 0.320889
Normal: -1 -1.51109e-008 0
UV: 0.406085 0.98041

Position: -1.1643 0.573353 1.29982
Normal: -1 1.29074e-007 0
UV: 0.241806 0.94314

Position: -0.870614 0.573353 1.29982
Normal: -1 -1.03341e-007 0
UV: 0.714041 0.0403296

Position: -0.870614 0.574465 2.12536
Normal: -1 -1.41647e-007 0
UV: 0.714042 0.0386131

Position: -0.870614 0.359695 2.12206
Normal: -1 -1.31797e-007 0
UV: 0.713629 0.0386201

Position: -0.870614 0.359695 1.29822
Normal: -1 -1.31797e-007 0
UV: 0.713629 0.0403339

Position: -1.1643 0.774448 1.45042
Normal: -1 8.3512e-008 0
UV: 0.215701 0.908022

Position: -1.1643 0.853416 1.7178
Normal: -1 0 0
UV: 0.170997 0.893981

Position: -0.870614 0.774448 1.45042
Normal: -1 0 0
UV: 0.714429 0.0400144

Position: -0.870614 0.853416 1.7178
Normal: -1 -7.00528e-008 0
UV: 0.714573 0.0394599

Position: -0.870614 0.773935 1.97113
Normal: -1 -1.55727e-006 0
UV: 0.714428 0.0389349

Position: -1.1643 0.359695 -2.07147
Normal: -1 6.01833e-007 0
UV: 0.800066 0.981162

Position: -1.1643 0.582325 -2.06715
Normal: -1 6.92837e-007 8.07755e-007
UV: 0.80166 0.944122

Position: -1.1643 0.359695 -2.18898
Normal: -1 1.47487e-007 0
UV: 0.823425 0.980858

Position: -0.870614 0.359695 -1.22773
Normal: -1 2.53497e-006 0
UV: 0.714576 0.0386024

Position: -0.870614 0.359695 -2.07147
Normal: -1 1.08131e-006 3.46719e-007
UV: 0.714576 0.0403602

Position: -0.870613 0.583179 -1.22864
Normal: -1 1.38967e-006 2.21697e-007
UV: 0.714996 0.0386043

Position: -0.870613 0.779585 -1.39455
Normal: -1 3.71426e-007 3.99123e-007
UV: 0.715371 0.03895

Position: -0.870613 0.853585 -1.64034
Normal: -1 1.01964e-006 1.41463e-007
UV: 0.715497 0.039462

Position: -0.870613 0.780847 -1.88976
Normal: -1 1.22483e-006 -2.01132e-007
UV: 0.715374 0.0399817

Position: -0.870614 0.582325 -2.06715
Normal: -1 0 2.74778e-006
UV: 0.714995 0.0403513

Position: -1.16429 0.780847 -1.88976
Normal: -1 -1.84913e-006 1.24178e-006
UV: 0.772633 0.909741

Position: -1.16429 0.779585 -1.39455
Normal: -1 -7.25338e-007 -4.3118e-007
UV: 0.688702 0.902558

Position: -1.16429 0.853584 -1.64328
Normal: -1 -1.85978e-006 9.45481e-007
UV: 0.731054 0.895604

Position: -1.1643 0.573353 1.29982
Normal: -0 -0.00748685 0.999972
UV: 0.715744 0.0381364

Position: -0.870614 0.573353 1.29982
Normal: -0 -0.00748685 0.999972
UV: 0.715134 0.0381364

Position: -0.870614 0.359695 1.29822
Normal: -0 -0.00748685 0.999972
UV: 0.715134 0.0386189

Position: -1.1643 0.359695 1.29822
Normal: -0 -0.00748685 0.999972
UV: 0.715744 0.0386189

Position: -1.1643 0.359695 2.12206
Normal: -0 0.0153355 -0.999882
UV: 0.715115 0.0376931

Position: -0.870614 0.359695 2.12206
Normal: -0 0.0153355 -0.999882
UV: 0.714505 0.0376931

Position: -1.1643 0.574465 2.12536
Normal: -0 0.0153355 -0.999882
UV: 0.715115 0.038178

Position: -0.870614 0.574465 2.12536
Normal: -0 0.0153355 -0.999882
UV: 0.714505 0.038178

Position: -0.870614 0.774448 1.45042
Normal: -0 -0.599427 0.800429
UV: 0.715134 0.0376775

Position: -1.1643 0.573353 1.29982
Normal: -0 -0.599427 0.800429
UV: 0.715744 0.0381364

Position: -1.1643 0.774448 1.45042
Normal: -0 -0.599427 0.800429
UV: 0.715744 0.0376775

Position: -0.870614 0.573353 1.29982
Normal: -0 -0.599427 0.800429
UV: 0.715134 0.0381364

Position: -1.1643 0.773935 1.97113
Normal: -0 -0.954143 -0.29935
UV: 0.716373 0.0376942

Position: -0.870614 0.773935 1.97113
Normal: -0 -0.954143 -0.29935
UV: 0.715763 0.0376919

Position: -0.870614 0.853416 1.7178
Normal: -0 -1 -0.000985537
UV: 0.715763 0.0381325

Position: -1.1643 0.853416 1.7178
Normal: -0 -1 -0.000985537
UV: 0.716373 0.0381348

Position: -0.870614 0.574465 2.12536
Normal: -0 -0.611669 -0.791113
UV: 0.714505 0.038178

Position: -1.1643 0.773935 1.97113
Normal: -0 -0.611669 -0.791113
UV: 0.715115 0.0386331

Position: -1.1643 0.574465 2.12536
Normal: -0 -0.611669 -0.791113
UV: 0.715115 0.038178

Position: -0.870614 0.773935 1.97113
Normal: -0 -0.611669 -0.791113
UV: 0.714505 0.0386331

Position: -1.16429 0.780847 -1.88976
Normal: -0 -0.666301 0.745683
UV: 0.716105 0.039991

Position: -0.870614 0.582325 -2.06715
Normal: -0 -0.666301 0.745683
UV: 0.715494 0.0403701

Position: -1.1643 0.582325 -2.06715
Normal: -0 -0.666301 0.745683
UV: 0.716104 0.0403702

Position: -0.870613 0.780847 -1.88976
Normal: -0 -0.666301 0.745683
UV: 0.715494 0.039991

Position: -1.16429 0.779585 -1.39455
Normal: 0.00143393 -0.958016 -0.286711
UV: 0.716105 0.0389581

Position: -0.870613 0.779585 -1.39455
Normal: 0.00143393 -0.958016 -0.286711
UV: 0.715494 0.038958

Position: -0.870613 0.853585 -1.64034
Normal: 2.22591e-005 -0.999991 -0.0043556
UV: 0.715494 0.0394707

Position: -1.16429 0.853584 -1.64328
Normal: 4.17525e-006 -1 -0.000738607
UV: 0.716105 0.0394769

Position: -0.870613 0.583179 -1.22864
Normal: -0 -0.645296 -0.763932
UV: 0.715494 0.0386038

Position: -1.16429 0.779585 -1.39455
Normal: -0 -0.645296 -0.763932
UV: 0.716105 0.0389581

Position: -1.16429 0.583179 -1.22864
Normal: -0 -0.645296 -0.763932
UV: 0.716104 0.0386038

Position: -0.870613 0.779585 -1.39455
Normal: -0 -0.645296 -0.763932
UV: 0.715494 0.038958

Position: -0.870614 0.359695 -1.22773
Normal: -0 -0.00408965 -0.999992
UV: 0.714487 0.0379935

Position: -1.16429 0.583179 -1.22864
Normal: -0 -0.00408965 -0.999992
UV: 0.714023 0.0386042

Position: -1.1643 0.359695 -1.22773
Normal: -0 -0.00408965 -0.999992
UV: 0.714487 0.0386043

Position: -0.870613 0.583179 -1.22864
Normal: -0 -0.00408965 -0.999992
UV: 0.714023 0.0379934

Position: -0.870614 0.582325 -2.06715
Normal: -0 -0.0194014 0.999812
UV: 0.714091 0.0373705

Position: -1.1643 0.359695 -2.07147
Normal: -0 -0.0194014 0.999812
UV: 0.713628 0.0379814

Position: -1.1643 0.582325 -2.06715
Normal: -0 -0.0194014 0.999812
UV: 0.714091 0.0379814

Position: -0.870614 0.359695 -2.07147
Normal: -0 -0.0194014 0.999812
UV: 0.713628 0.0373705

Position: -0.870614 0.359695 2.12206
Normal: -0 -1 0
UV: 0.931145 0.459828

Position: -1.1643 0.359695 2.12206
Normal: -0 -1 0
UV: 0.933722 0.459805

Position: -1.1643 0.359695 2.24367
Normal: -0 -1 0
UV: 0.933732 0.458759

Position: -0.711359 0.359695 2.68834
Normal: -0 -1 1.92483e-008
UV: 0.929744 0.454844

Position: -1.1643 0.359695 2.68834
Normal: -0 -1 1.92483e-008
UV: 0.933732 0.454844

Position: -0 0.359695 2.68834
Normal: -0 -1 0
UV: 0.923481 0.454844

Position: -1.1643 0.359695 1.29822
Normal: -0 -1 0
UV: 0.933723 0.467087

Position: -0.870614 0.359695 1.29822
Normal: -0 -1 0
UV: 0.931145 0.467084

Position: -1.1643 0.359695 0.320889
Normal: -0 -1 0
UV: 0.933732 0.475689

Position: -1.1643 0.359695 -1.22773
Normal: -0 -1 0
UV: 0.933729 0.489318

Position: -1.1643 0.359695 -1.14601
Normal: -0 -1 0
UV: 0.933732 0.488605

Position: -0.870614 0.359695 -1.22773
Normal: -0 -1 0
UV: 0.931146 0.489324

Position: -0.870614 0.359695 -2.07147
Normal: -0 -1 0
UV: 0.931146 0.496753

Position: -1.1643 0.359695 -2.18898
Normal: -0 -1 0
UV: 0.933732 0.497788

Position: -1.1643 0.359695 -2.07147
Normal: -0 -1 0
UV: 0.933731 0.496755

Position: -0.722378 0.359695 -2.18898
Normal: -0 -1 0
UV: 0.929841 0.497788

Position: -0 0.359695 -2.18898
Normal: -0 -1 0
UV: 0.923481 0.497788

Position: -0.870613 0.780847 -1.88976
Normal: -0.00140688 -0.959564 0.281486
UV: 0.715494 0.039991

Position: -1.16429 0.780847 -1.88976
Normal: -0.00140688 -0.959564 0.281486
UV: 0.716105 0.039991

Position: -1.1643 0.774448 1.45042
Normal: -0 -0.959047 0.283246
UV: 0.716373 0.0386042

Position: -0.870614 0.774448 1.45042
Normal: -0 -0.959047 0.283246
UV: 0.715763 0.038602

Position: 1.1643 0.549995 -2.68843
Normal: -7.08762e-007 0 -1
UV: 0.354073 0.338627

Position: 0.722378 0.549995 -2.68843
Normal: -2.04159e-014 0 -1
UV: 0.427908 0.338627

Position: 1.1643 0.359695 -2.68843
Normal: -7.08762e-007 0 -1
UV: 0.354077 0.370422

Position: 0.722378 0.359695 -2.68843
Normal: -0 0 -1
UV: 0.427908 0.370422

Position: 1.1643 2.36504 0.148676
Normal: 1 -3.10928e-008 0
UV: 0.0439042 0.0390904

Position: 1.1643 2.36504 -0.913835
Normal: 1 0 0
UV: 0.221426 0.0390904

Position: 1.1643 1.45664 0.140666
Normal: 1 3.26044e-008 0
UV: 0.0452426 0.190862

Position: 1.1643 1.45664 -0.993619
Normal: 1 8.66923e-008 0
UV: 0.234757 0.190862

Position: -1.05283 1.47844 -1.13892
Normal: -0.00136886 0.0907639 -0.995871
UV: 0.0523975 0.191702

Position: 1.05283 1.47844 -1.13892
Normal: 0.00136889 0.0907639 -0.995871
UV: 0.0523975 0.191702

Position: 1.05283 2.42072 -1.04962
Normal: 0.00135913 0.0968022 -0.995303
UV: 0.0523975 0.0335637

Position: -1.05283 2.42072 -1.04962
Normal: -0.0013591 0.0968022 -0.995303
UV: 0.0523975 0.0335637

Position: -0 1.37554 -2.58829
Normal: -0 1 0
UV: 0.842873 0.402031

Position: 1.1643 1.37554 -2.18898
Normal: -0 1 0
UV: 0.776156 0.596556

Position: -1.1643 1.37554 -2.18898
Normal: -0 1 0
UV: 0.776156 0.596556

Position: 1.1643 0.359695 -1.14601
Normal: 1 4.13544e-008 -3.14898e-007
UV: 0.649183 0.980806

Position: 1.1643 1.37554 -1.14601
Normal: 1 8.49992e-008 2.09521e-010
UV: 0.649215 0.811057

Position: 1.16429 0.583179 -1.22864
Normal: 1 9.88531e-008 -3.60118e-006
UV: 0.660944 0.937396

Position: 1.1643 0.359695 -1.22773
Normal: 1 2.91588e-007 -4.73933e-006
UV: 0.659704 0.975052

Position: 1.1643 1.37554 -1.14601
Normal: 0.00720645 0.0777915 -0.996944
UV: 0.609548 0.261962

Position: 1.05283 1.47844 -1.13892
Normal: 0.00136889 0.0907639 -0.995871
UV: 0.628174 0.244732

Position: 1.05283 2.42072 -1.04962
Normal: 0.00135913 0.0968022 -0.995303
UV: 0.628169 0.0865961

Position: 1.1643 2.51564 -1.03881
Normal: 0.00802578 0.105465 -0.994391
UV: 0.609543 0.0706346

Position: 1.1643 2.36504 -0.913835
Normal: 1 0 0
UV: 0.610113 0.645757

Position: 1.1643 1.45664 -0.993619
Normal: 1 8.66923e-008 0
UV: 0.623729 0.797523

Position: 1.1643 2.51564 -1.03881
Normal: 1 -2.00684e-008 0
UV: 0.630968 0.620556

Position: 1.1643 2.51564 0.3209
Normal: 1 -9.68483e-008 0
UV: 0.403798 0.620675

Position: 1.1643 2.36504 0.148676
Normal: 1 -3.10928e-008 0
UV: 0.432581 0.645769

Position: 1.1643 1.37554 -2.18898
Normal: 1 0 0
UV: 0.823483 0.811131

Position: 1.1643 1.09334 -2.18898
Normal: 1 0 0
UV: 0.823463 0.85828

Position: 0.722378 0.549995 -2.58829
Normal: -0 0 -1
UV: 0.115781 0.37728

Position: 0.722378 0.765314 -2.58829
Normal: -8.85736e-008 0 -1
UV: 0.115779 0.341303

Position: 1.1643 0.359695 -2.58829
Normal: 1 0 0
UV: 0.33735 0.370426

Position: 1.1643 0.549995 -2.58829
Normal: 1 0 0
UV: 0.337341 0.33863

Position: 1.1643 0.549995 -2.68843
Normal: 1 0 0
UV: 0.354073 0.338627

Position: 1.1643 0.359695 -2.68843
Normal: 1 0 0
UV: 0.354077 0.370422

Position: 1.1643 0.549995 -2.58829
Normal: -1.34877e-007 1 -6.73492e-007
UV: 0.457559 0.361053

Position: 0.722378 0.549995 -2.58829
Normal: 4.84998e-015 1 -5.11258e-007
UV: 0.383724 0.361053

Position: 0.722378 0.549995 -2.68843
Normal: 4.84998e-015 1 -5.11258e-007
UV: 0.383724 0.344323

Position: 1.1643 0.549995 -2.68843
Normal: -1.34877e-007 1 -6.73492e-007
UV: 0.457559 0.344323

Position: 0.722378 0.359695 -2.68843
Normal: -0 -1 0
UV: 0.917188 0.351849

Position: 0.722378 0.359695 -2.58829
Normal: -0 -1 0
UV: 0.917188 0.359729

Position: 1.1643 2.51564 0.3209
Normal: -0 1 0
UV: 0.355313 0.596943

Position: -1.1643 2.51564 0.3209
Normal: -0 1 0
UV: 0.355313 0.596943

Position: -1.1643 2.51564 -1.03881
Normal: -0 1 0
UV: 0.582487 0.596944

Position: 1.1643 2.51564 -1.03881
Normal: -0 1 0
UV: 0.582487 0.596944

Position: 1.1643 1.45664 0.320979
Normal: 1 -1.19823e-008 0
UV: 0.404063 0.798428

Position: 1.1643 1.45664 0.140666
Normal: 1 3.26044e-008 0
UV: 0.434193 0.797538

Position: 1.1643 0.765314 -2.18898
Normal: 1 -1.01153e-007 2.29445e-007
UV: 0.959194 0.304103

Position: 1.1643 1.09334 -2.18898
Normal: 1 0 0
UV: 0.90439 0.304086

Position: 1.1643 1.09334 -2.58829
Normal: 1 0 0
UV: 0.904419 0.237368

Position: 1.1643 0.765314 -2.58829
Normal: 1 0 0
UV: 0.959228 0.237386

Position: 1.1643 1.09334 -2.58829
Normal: 1.85967e-007 0 -1
UV: 0.0419451 0.286494

Position: 1.1643 1.37554 -2.58829
Normal: 2.47967e-007 0 -1
UV: 0.0419451 0.239339

Position: 0.722378 1.09334 -2.58829
Normal: -6.5475e-008 0 -1
UV: 0.115779 0.286492

Position: 1.1643 0.359695 0.320889
Normal: 1 -3.28793e-008 0
UV: 0.404098 0.980849

Position: 0.722378 0.765314 -2.58829
Normal: -8.85736e-008 0 -1
UV: 0.95925 0.163552

Position: 1.1643 0.765314 -2.58829
Normal: -0 0 -1
UV: 0.959228 0.237386

Position: 0.722378 1.09334 -2.58829
Normal: -6.5475e-008 0 -1
UV: 0.904439 0.163535

Position: 1.1643 1.09334 -2.58829
Normal: 1.85967e-007 0 -1
UV: 0.904419 0.237368

Position: 1.1643 0.765314 -2.18898
Normal: 1 -1.01153e-007 2.29445e-007
UV: 0.823446 0.913083

Position: 1.1643 0.765314 -2.58829
Normal: 1 0 0
UV: 0.890163 0.913117

Position: 1.1643 0.551422 -2.18898
Normal: 1 1.51933e-007 1.62892e-007
UV: 0.82344 0.948821

Position: 1.1643 0.549995 -2.58829
Normal: 1 0 0
UV: 0.890153 0.949096

Position: 0.722378 0.359695 -2.18898
Normal: -0 -1 0
UV: 0.917188 0.391153

Position: 1.1643 0.359695 -2.18898
Normal: -0 -1 0
UV: 0.88241 0.391153

Position: 1.1643 0.359695 -2.58829
Normal: -0 -1 0
UV: 0.88241 0.359729

Position: 1.1643 1.37554 -1.14601
Normal: -0 1 0
UV: 0.601901 0.596558

Position: -1.1643 1.37554 -1.14601
Normal: -0 1 0
UV: 0.601901 0.596558

Position: 1.1643 0.359695 -2.18898
Normal: 1 7.83527e-008 0
UV: 0.270637 0.370444

Position: 1.1643 0.551422 -2.18898
Normal: 1 1.51933e-007 1.62892e-007
UV: 0.270627 0.338406

Position: 1.1643 1.09334 -2.58829
Normal: 1 0 0
UV: 0.890182 0.858309

Position: 1.1643 1.37554 -2.58829
Normal: 1 0 0
UV: 0.8902 0.811161

Position: 1.1643 0.549995 -2.58829
Normal: -0 0 -1
UV: 0.0419461 0.37728

Position: 1.1643 0.765314 -2.58829
Normal: -0 0 -1
UV: 0.0419451 0.341304

Position: 1.1643 0.359695 -2.68843
Normal: -0 -1 0
UV: 0.88241 0.351848

Position: 1.1643 0.765314 2.24367
Normal: 1 -5.15344e-008 0
UV: 0.0851697 0.912711

Position: 1.1643 0.574465 2.12536
Normal: 1 1.13218e-007 0
UV: 0.104207 0.940595

Position: 1.1643 0.545437 2.24367
Normal: 1 1.17115e-007 0
UV: 0.0851696 0.949409

Position: 1.1643 0.359695 2.12206
Normal: 1 4.0217e-007 0
UV: 0.10489 0.973829

Position: 1.1643 0.359695 2.24367
Normal: 1 1.24544e-007 0
UV: 0.0851696 0.98041

Position: 1.1643 1.45664 0.320979
Normal: 1 -1.19823e-008 0
UV: 0.4068 0.798029

Position: 1.1643 1.09334 2.24367
Normal: 1 -6.50813e-009 0
UV: 0.0843228 0.856621

Position: 1.1643 1.45664 2.68843
Normal: 1 0 0
UV: 0.0109368 0.797327

Position: 1.1643 0.773935 1.97113
Normal: 1 -1.16265e-007 0
UV: 0.128766 0.905435

Position: 1.1643 1.09334 2.68834
Normal: 1 0 0
UV: 0.0109527 0.857962

Position: 1.1643 1.09334 2.68834
Normal: 1 0 0
UV: 0.950637 0.0580822

Position: 1.1643 0.765314 2.24367
Normal: 1 -5.15344e-008 0
UV: 0.906238 0.118269

Position: 1.1643 0.765314 2.68834
Normal: 1 0 0
UV: 0.906238 0.0580822

Position: 1.1643 1.09334 2.24367
Normal: 1 -6.50813e-009 0
UV: 0.950637 0.118269

Position: 1.1643 0.765314 2.68834
Normal: 1 0 0
UV: 0.0109528 0.912711

Position: 1.1643 0.545437 2.68834
Normal: 1 0 0
UV: 0.0109528 0.949409

Position: 1.1643 0.545437 2.68834
Normal: 1 0 0
UV: 0.37593 0.366395

Position: 1.1643 0.359695 2.24367
Normal: 1 1.24544e-007 0
UV: 0.313167 0.341113

Position: 1.1643 0.359695 2.68834
Normal: 1 0 0
UV: 0.37593 0.342049

Position: 1.1643 0.545437 2.24367
Normal: 1 1.17115e-007 0
UV: 0.313166 0.367329

Position: 1.1643 0.545437 2.68834
Normal: -0 0 1
UV: 0.37593 0.366395

Position: 0.711359 0.359695 2.68834
Normal: -0 0 1
UV: 0.430735 0.342985

Position: 0.710667 0.545437 2.68834
Normal: 1.44441e-005 -4.69591e-005 1
UV: 0.430819 0.365459

Position: 1.1643 0.359695 2.68834
Normal: -0 0 1
UV: 0.37593 0.342049

Position: 1.1643 1.45664 2.68843
Normal: -0 -0.000261191 1
UV: 0.852602 0.610354

Position: 0.710667 1.09334 2.68834
Normal: 2.52056e-005 -0.000163079 1
UV: 0.781568 0.667244

Position: 1.1643 1.09334 2.68834
Normal: -0 -0.000173397 1
UV: 0.852602 0.667244

Position: 0.710667 1.09334 2.68834
Normal: 2.52056e-005 -0.000163079 1
UV: 0.957809 0.18764

Position: 1.1643 1.09334 2.68834
Normal: -0 -0.000173397 1
UV: 0.957809 0.2705

Position: 1.1643 0.765314 2.68834
Normal: -0 0 1
UV: 0.897891 0.2705

Position: 0.710667 0.765314 2.68834
Normal: 2.57393e-005 -5.54246e-005 1
UV: 0.897891 0.18764

Position: 0.710667 0.765314 2.68834
Normal: 2.57393e-005 -5.54246e-005 1
UV: 0.781568 0.718611

Position: 1.1643 0.765314 2.68834
Normal: -0 0 1
UV: 0.852602 0.718611

Position: 1.1643 0.545437 2.68834
Normal: -0 0 1
UV: 0.852602 0.753042

Position: 0.710667 0.545437 2.68834
Normal: 1.44441e-005 -4.69591e-005 1
UV: 0.781568 0.753042

Position: -1.06297 2.42117 0.320905
Normal: 1.90287e-008 7.55732e-005 1
UV: 0.0405858 0.193214

Position: 1.06297 2.42117 0.320905
Normal: -1.90287e-008 7.55732e-005 1
UV: 0.0405858 0.193214

Position: 1.06297 1.55112 0.320974
Normal: -1.90287e-008 7.56605e-005 1
UV: 0.0405858 0.0342907

Position: -1.06297 1.55112 0.320974
Normal: 1.90287e-008 7.56605e-005 1
UV: 0.0405858 0.0342907

Position: 1.1643 2.51564 0.3209
Normal: -1.02691e-007 6.30567e-005 1
UV: 0.859298 0.621416

Position: 1.06297 1.55112 0.320974
Normal: -1.90287e-008 7.56605e-005 1
UV: 0.683118 0.602908

Position: 1.06297 2.42117 0.320905
Normal: -1.90287e-008 7.55732e-005 1
UV: 0.842041 0.602908

Position: 1.1643 1.45664 0.320979
Normal: -1.02691e-007 6.34751e-005 1
UV: 0.665861 0.621416

Position: 1.01807 1.45664 0.484201
Normal: -0 1 -3.00647e-007
UV: 0.326974 0.555651

Position: 1.1643 1.45664 2.68843
Normal: -0 1 3.17699e-007
UV: 0.0286295 0.575442

Position: 1.01807 1.45664 2.52521
Normal: -0 1 2.53589e-007
UV: 0.0507218 0.555651

Position: 1.1643 1.45664 0.320979
Normal: -0 1 -3.27797e-007
UV: 0.349067 0.575442

Position: -0 1.45664 2.68843
Normal: -0 1 6.6405e-008
UV: 0.0286295 0.417957

Position: -1.1643 1.45664 0.320979
Normal: -0 1 -3.27798e-007
UV: 0.529262 0.56221

Position: 1.1643 1.45664 0.320979
Normal: -0 1 -3.27797e-007
UV: 0.529262 0.56221

Position: 1.01807 1.45664 0.484201
Normal: -0 1 -3.00647e-007
UV: 0.517991 0.552113

Position: -1.01807 1.45664 0.484201
Normal: -0 1 -3.00647e-007
UV: 0.517991 0.552113

Position: 1.01807 0.901179 0.484201
Normal: -1 0 0
UV: 0.390878 0.638909

Position: 1.01807 1.45664 2.52521
Normal: -1 0 0
UV: 0.0180658 0.761216

Position: 1.01807 0.901179 2.52521
Normal: -1 0 0
UV: 0.0180658 0.638909

Position: 1.01807 1.45664 0.484201
Normal: -1 0 0
UV: 0.390878 0.761216

Position: 1.01807 1.45664 2.52521
Normal: -0 0 -1
UV: 0.11924 0.636256

Position: -1.01807 0.901179 2.52521
Normal: -0 0 -1
UV: 0.11924 0.758563

Position: 1.01807 0.901179 2.52521
Normal: -0 0 -1
UV: 0.11924 0.758563

Position: -1.01807 1.45664 2.52521
Normal: -0 0 -1
UV: 0.11924 0.636256

Position: 1.01807 0.901179 0.484201
Normal: -0 0 1
UV: 0.103836 0.635312

Position: -1.01807 1.45664 0.484201
Normal: -0 0 1
UV: 0.103836 0.757619

Position: 1.01807 1.45664 0.484201
Normal: -0 0 1
UV: 0.103836 0.757619

Position: -1.01807 0.901179 0.484201
Normal: -0 0 1
UV: 0.103836 0.635312

Position: 1.01807 0.901179 2.52521
Normal: -0 1 0
UV: 0.323329 0.855769

Position: -1.01807 0.901179 2.52521
Normal: -0 1 0
UV: 0.323329 0.855769

Position: -1.01807 0.901179 0.484201
Normal: -0 1 0
UV: 0.323329 0.714825

Position: 1.01807 0.901179 0.484201
Normal: -0 1 0
UV: 0.323329 0.714825

Position: 1.1643 0.359695 1.29822
Normal: 1 0 0
UV: 0.243014 0.980168

Position: 1.1643 0.573353 1.29982
Normal: 1 1.10354e-007 0
UV: 0.241806 0.94314

Position: 1.1643 0.359695 0.320889
Normal: 1 -3.28793e-008 0
UV: 0.406085 0.98041

Position: 0.870614 0.574465 2.12536
Normal: 1 -4.34706e-008 0
UV: 0.714042 0.0386131

Position: 0.870614 0.573353 1.29982
Normal: 1 0 0
UV: 0.714041 0.0403296

Position: 0.870614 0.359695 2.12206
Normal: 1 0 0
UV: 0.713629 0.0386201

Position: 0.870614 0.359695 1.29822
Normal: 1 0 0
UV: 0.713629 0.0403339

Position: 1.1643 0.774448 1.45042
Normal: 1 5.87397e-008 0
UV: 0.215701 0.908022

Position: 1.1643 0.853416 1.7178
Normal: 1 0 0
UV: 0.170997 0.893981

Position: 0.870614 0.774448 1.45042
Normal: 1 -4.50246e-008 0
UV: 0.714429 0.0400144

Position: 0.870614 0.853416 1.7178
Normal: 1 -3.36624e-007 0
UV: 0.714573 0.0394599

Position: 0.870614 0.773935 1.97113
Normal: 1 -1.55727e-006 0
UV: 0.714428 0.0389349

Position: 1.1643 0.359695 -2.07147
Normal: 1 3.19724e-007 0
UV: 0.800066 0.981162

Position: 1.1643 0.582325 -2.06715
Normal: 1 6.26715e-007 8.07754e-007
UV: 0.80166 0.944122

Position: 1.1643 0.359695 -2.18898
Normal: 1 7.83527e-008 0
UV: 0.823425 0.980858

Position: 0.870614 0.359695 -2.07147
Normal: 1 -6.1975e-008 0
UV: 0.714576 0.0403602

Position: 0.870614 0.359695 -1.22773
Normal: 1 1.20098e-006 3.37616e-007
UV: 0.714576 0.0386024

Position: 0.870614 0.582325 -2.06715
Normal: 1 1.1369e-006 2.45027e-007
UV: 0.714995 0.0403513

Position: 0.870613 0.780847 -1.88976
Normal: 1 1.95707e-006 3.16915e-007
UV: 0.715374 0.0399817

Position: 0.870613 0.853585 -1.64034
Normal: 1 6.4299e-007 -1.35203e-007
UV: 0.715497 0.039462

Position: 0.870613 0.779585 -1.39455
Normal: 1 1.06536e-006 5.07283e-007
UV: 0.715371 0.03895

Position: 0.870613 0.583179 -1.22864
Normal: 1 2.45467e-006 2.53823e-006
UV: 0.714996 0.0386043

Position: 1.16429 0.780847 -1.88976
Normal: 1 -1.63728e-006 1.24178e-006
UV: 0.772633 0.909741

Position: 1.16429 0.779585 -1.39455
Normal: 1 -5.53443e-007 -4.3118e-007
UV: 0.688702 0.902558

Position: 1.16429 0.853584 -1.64328
Normal: 1 -1.60243e-006 9.45481e-007
UV: 0.731054 0.895604

Position: 1.1643 0.573353 1.29982
Normal: -0 -0.00748685 0.999972
UV: 0.715744 0.0381364

Position: 0.870614 0.359695 1.29822
Normal: -0 -0.00748685 0.999972
UV: 0.715134 0.0386189

Position: 0.870614 0.573353 1.29982
Normal: -0 -0.00748685 0.999972
UV: 0.715134 0.0381364

Position: 1.1643 0.359695 1.29822
Normal: -0 -0.00748685 0.999972
UV: 0.715744 0.0386189

Position: 1.1643 0.359695 2.12206
Normal: -0 0.0153355 -0.999882
UV: 0.715115 0.0376931

Position: 1.1643 0.574465 2.12536
Normal: -0 0.0153355 -0.999882
UV: 0.715115 0.038178

Position: 0.870614 0.359695 2.12206
Normal: -0 0.0153355 -0.999882
UV: 0.714505 0.0376931

Position: 0.870614 0.574465 2.12536
Normal: -0 0.0153355 -0.999882
UV: 0.714505 0.038178

Position: 0.870614 0.774448 1.45042
Normal: -0 -0.599427 0.800429
UV: 0.715134 0.0376775

Position: 1.1643 0.774448 1.45042
Normal: -0 -0.599427 0.800429
UV: 0.715744 0.0376775

Position: 1.1643 0.573353 1.29982
Normal: -0 -0.599427 0.800429
UV: 0.715744 0.0381364

Position: 0.870614 0.573353 1.29982
Normal: -0 -0.599427 0.800429
UV: 0.715134 0.0381364

Position: 1.1643 0.773935 1.97113
Normal: -0 -0.954143 -0.29935
UV: 0.716373 0.0376942

Position: 0.870614 0.853416 1.7178
Normal: -0 -1 -0.000985537
UV: 0.715763 0.0381325

Position: 0.870614 0.773935 1.97113
Normal: -0 -0.954143 -0.29935
UV: 0.715763 0.0376919

Position: 1.1643 0.853416 1.7178
Normal: -0 -1 -0.000985537
UV: 0.716373 0.0381348

Position: 0.870614 0.574465 2.12536
Normal: -0 -0.611669 -0.791113
UV: 0.714505 0.038178

Position: 1.1643 0.574465 2.12536
Normal: -0 -0.611669 -0.791113
UV: 0.715115 0.038178

Position: 1.1643 0.773935 1.97113
Normal: -0 -0.611669 -0.791113
UV: 0.715115 0.0386331

Position: 0.870614 0.773935 1.97113
Normal: -0 -0.611669 -0.791113
UV: 0.714505 0.0386331

Position: 1.16429 0.780847 -1.88976
Normal: -0 -0.666301 0.745683
UV: 0.716105 0.039991

Position: 0.870614 0.582325 -2.06715
Normal: -0 -0.666301 0.745683
UV: 0.715494 0.0403701

Position: 0.870613 0.780847 -1.88976
Normal: -0 -0.666301 0.745683
UV: 0.715494 0.039991

Position: 1.1643 0.582325 -2.06715
Normal: -0 -0.666301 0.745683
UV: 0.716104 0.0403702

Position: 1.16429 0.779585 -1.39455
Normal: -0.00143388 -0.958016 -0.286711
UV: 0.716105 0.0389581

Position: 0.870613 0.853585 -1.64034
Normal: -2.22353e-005 -0.999991 -0.0043556
UV: 0.715494 0.0394707

Position: 0.870613 0.779585 -1.39455
Normal: -0.00143388 -0.958016 -0.286711
UV: 0.715494 0.038958

Position: 1.16429 0.853584 -1.64328
Normal: -4.15175e-006 -1 -0.000738607
UV: 0.716105 0.0394769

Position: 0.870613 0.583179 -1.22864
Normal: -0 -0.645296 -0.763932
UV: 0.715494 0.0386038

Position: 1.16429 0.583179 -1.22864
Normal: -0 -0.645296 -0.763932
UV: 0.716104 0.0386038

Position: 1.16429 0.779585 -1.39455
Normal: -0 -0.645296 -0.763932
UV: 0.716105 0.0389581

Position: 0.870613 0.779585 -1.39455
Normal: -0 -0.645296 -0.763932
UV: 0.715494 0.038958

Position: 0.870614 0.359695 -1.22773
Normal: -0 -0.00408965 -0.999992
UV: 0.714487 0.0379935

Position: 1.16429 0.583179 -1.22864
Normal: -0 -0.00408965 -0.999992
UV: 0.714023 0.0386042

Position: 0.870613 0.583179 -1.22864
Normal: -0 -0.00408965 -0.999992
UV: 0.714023 0.0379934

Position: 1.1643 0.359695 -1.22773
Normal: -0 -0.00408965 -0.999992
UV: 0.714487 0.0386043

Position: 0.870614 0.582325 -2.06715
Normal: -0 -0.0194014 0.999812
UV: 0.714091 0.0373705

Position: 1.1643 0.582325 -2.06715
Normal: -0 -0.0194014 0.999812
UV: 0.714091 0.0379814

Position: 1.1643 0.359695 -2.07147
Normal: -0 -0.0194014 0.999812
UV: 0.713628 0.0379814

Position: 0.870614 0.359695 -2.07147
Normal: -0 -0.0194014 0.999812
UV: 0.713628 0.0373705

Position: 0.870614 0.359695 2.12206
Normal: -0 -1 0
UV: 0.931145 0.459828

Position: 1.1643 0.359695 2.24367
Normal: -0 -1 0
UV: 0.933732 0.458759

Position: 1.1643 0.359695 2.12206
Normal: -0 -1 0
UV: 0.933722 0.459805

Position: 0.711359 0.359695 2.68834
Normal: -0 -1 0
UV: 0.929744 0.454844

Position: 1.1643 0.359695 2.68834
Normal: -0 -1 0
UV: 0.933732 0.454844

Position: 1.1643 0.359695 1.29822
Normal: -0 -1 0
UV: 0.933723 0.467087

Position: 1.1643 0.359695 0.320889
Normal: -0 -1 0
UV: 0.933732 0.475689

Position: 0.870614 0.359695 1.29822
Normal: -0 -1 0
UV: 0.931145 0.467084

Position: 1.1643 0.359695 -1.22773
Normal: -0 -1 0
UV: 0.933729 0.489318

Position: 0.870614 0.359695 -1.22773
Normal: -0 -1 0
UV: 0.931146 0.489324

Position: 1.1643 0.359695 -1.14601
Normal: -0 -1 0
UV: 0.933732 0.488605

Position: 1.1643 0.359695 -2.18898
Normal: -0 -1 0
UV: 0.933732 0.497788

Position: 0.870614 0.359695 -2.07147
Normal: -0 -1 0
UV: 0.931146 0.496753

Position: 1.1643 0.359695 -2.07147
Normal: -0 -1 0
UV: 0.933731 0.496755

Position: 0.722378 0.359695 -2.18898
Normal: -0 -1 0
UV: 0.929841 0.497788

Position: 0.870613 0.780847 -1.88976
Normal: 0.00140688 -0.959564 0.281486
UV: 0.715494 0.039991

Position: 1.16429 0.780847 -1.88976
Normal: 0.00140688 -0.959564 0.281486
UV: 0.716105 0.039991

Position: 1.1643 0.774448 1.45042
Normal: -0 -0.959047 0.283246
UV: 0.716373 0.0386042

Position: 0.870614 0.774448 1.45042
Normal: -0 -0.959047 0.283246
UV: 0.715763 0.038602

Position: 1.19744 1.55006 -0.997748
Normal: -0 0.938584 -0.345052
UV: 0.63914 0.488701

Position: 1.52156 1.50452 -1.12162
Normal: -0 0.938584 -0.345052
UV: 0.588442 0.468058

Position: 1.5797 1.55006 -0.997748
Normal: -0 0.938584 -0.345052
UV: 0.579348 0.488701

Position: 1.25558 1.50452 -1.12162
Normal: -0 0.938584 -0.345052
UV: 0.630045 0.468058

Position: 1.25558 1.29618 -1.12162
Normal: -0 0 -1
UV: 0.518609 0.717782

Position: 1.52156 1.29618 -1.12162
Normal: -0 0 -1
UV: 0.560213 0.717782

Position: 1.52156 1.50452 -1.12162
Normal: -0 0 -1
UV: 0.560213 0.685195

Position: 1.25558 1.50452 -1.12162
Normal: -0 0 -1
UV: 0.518609 0.685195

Position: 1.19744 1.25065 -0.997748
Normal: -0 -0.938583 -0.345054
UV: 0.681669 0.0443993

Position: 1.5797 1.25065 -0.997748
Normal: -0 -0.938583 -0.345054
UV: 0.741461 0.0443993

Position: 1.52156 1.29618 -1.12162
Normal: -0 -0.938583 -0.345054
UV: 0.732366 0.0237573

Position: 1.25558 1.29618 -1.12162
Normal: -0 -0.938583 -0.345054
UV: 0.690763 0.0237573

Position: 1.19744 1.55006 -0.997748
Normal: -0 0 1
UV: 0.549489 0.340527

Position: 1.5797 1.55006 -0.997748
Normal: -0 0 1
UV: 0.512522 0.340527

Position: 1.5797 1.25065 -0.997748
Normal: -0 0 1
UV: 0.512522 0.369482

Position: 1.19744 1.25065 -0.997748
Normal: -0 0 1
UV: 0.549489 0.369482

Position: 1.19744 1.55006 -0.997748
Normal: -0.905249 0 -0.424881
UV: 0.454881 0.725208

Position: 1.19744 1.25065 -0.997748
Normal: -0.905249 0 -0.424881
UV: 0.501714 0.725208

Position: 1.25558 1.29618 -1.12162
Normal: -0.905249 0 -0.424881
UV: 0.494591 0.703805

Position: 1.25558 1.50452 -1.12162
Normal: -0.905249 0 -0.424881
UV: 0.462004 0.703805

Position: 1.5797 1.55006 -0.997748
Normal: 0.905247 0 -0.424886
UV: 0.137232 0.274311

Position: 1.52156 1.29618 -1.12162
Normal: 0.905247 0 -0.424886
UV: 0.0975223 0.252908

Position: 1.5797 1.25065 -0.997748
Normal: 0.905247 0 -0.424886
UV: 0.0903994 0.27431

Position: 1.52156 1.50452 -1.12162
Normal: 0.905247 0 -0.424886
UV: 0.130109 0.252907

Position: -1.52156 1.50452 -1.12162
Normal: -0 0.938583 -0.345053
UV: 0.588442 0.468058

Position: -1.19744 1.55006 -0.997748
Normal: -0 0.938583 -0.345053
UV: 0.63914 0.488701

Position: -1.5797 1.55006 -0.997748
Normal: -0 0.938583 -0.345053
UV: 0.579348 0.488701

Position: -1.25558 1.50452 -1.12162
Normal: -0 0.938583 -0.345053
UV: 0.630045 0.468058

Position: -1.25558 1.29618 -1.12162
Normal: -0 0 -1
UV: 0.518609 0.717782

Position: -1.52156 1.50452 -1.12162
Normal: -0 0 -1
UV: 0.560213 0.685195

Position: -1.52156 1.29618 -1.12162
Normal: -0 0 -1
UV: 0.560213 0.717782

Position: -1.25558 1.50452 -1.12162
Normal: -0 0 -1
UV: 0.518609 0.685195

Position: -1.5797 1.25065 -0.997748
Normal: -0 -0.938583 -0.345054
UV: 0.741461 0.0443993

Position: -1.19744 1.25065 -0.997748
Normal: -0 -0.938583 -0.345054
UV: 0.681669 0.0443993

Position: -1.52156 1.29618 -1.12162
Normal: -0 -0.938583 -0.345054
UV: 0.732366 0.0237573

Position: -1.25558 1.29618 -1.12162
Normal: -0 -0.938583 -0.345054
UV: 0.690763 0.0237573

Position: -1.19744 1.55006 -0.997748
Normal: -0 0 1
UV: 0.549489 0.340527

Position: -1.5797 1.25065 -0.997748
Normal: -0 0 1
UV: 0.512522 0.369482

Position: -1.5797 1.55006 -0.997748
Normal: -0 0 1
UV: 0.512522 0.340527

Position: -1.19744 1.25065 -0.997748
Normal: -0 0 1
UV: 0.549489 0.369482

Position: -1.25558 1.50452 -1.12162
Normal: 0.905249 0 -0.424882
UV: 0.462004 0.703805

Position: -1.25558 1.29618 -1.12162
Normal: 0.905249 0 -0.424882
UV: 0.494591 0.703805

Position: -1.19744 1.55006 -0.997748
Normal: 0.905249 0 -0.424882
UV: 0.454881 0.725208

Position: -1.19744 1.25065 -0.997748
Normal: 0.905249 0 -0.424882
UV: 0.501714 0.725208

Position: -1.52156 1.29618 -1.12162
Normal: -0.905247 0 -0.424886
UV: 0.0975223 0.252908

Position: -1.5797 1.55006 -0.997748
Normal: -0.905247 0 -0.424886
UV: 0.137232 0.274311

Position: -1.5797 1.25065 -0.997748
Normal: -0.905247 0 -0.424886
UV: 0.0903994 0.27431

Position: -1.52156 1.50452 -1.12162
Normal: -0.905247 0 -0.424886
UV: 0.130109 0.252907

Position: -1.1643 1.37554 -2.58829
Normal: -0 1 0
UV: 0.842872 0.596558

Position: 1.1643 1.37554 -2.58829
Normal: -0 1 0
UV: 0.842872 0.596558


[INDEX_DATA]
0 2 1
0 3 2
4 6 5
6 7 5
8 10 9
8 11 10
12 14 13
13 14 15
16 18 17
17 19 16
20 22 21
20 23 22
24 26 25
26 27 25
28 30 29
28 31 30
32 34 33
33 34 35
36 38 37
37 39 36
40 42 41
40 43 42
44 46 45
45 47 44
48 50 49
48 51 50
52 54 53
53 54 55
56 58 57
57 59 56
60 62 61
61 63 60
64 66 65
65 66 67
68 70 69
69 71 68
72 74 73
73 75 72
76 78 77
76 79 78
80 82 81
81 83 80
84 86 85
85 86 87
88 90 89
89 91 88
92 94 93
94 95 93
96 98 97
96 99 98
100 102 101
100 103 102
104 106 105
104 107 106
108 110 109
108 111 110
112 114 113
112 115 114
116 118 117
116 119 118
120 122 121
120 123 122
124 126 125
124 127 126
128 130 129
128 131 130
132 134 133
132 135 134
136 138 137
137 138 139
140 142 141
143 141 142
144 146 145
145 147 144
143 149 148
148 150 143
151 150 152
143 154 153
155 157 156
158 160 159
161 159 160
162 164 163
165 163 164
166 168 167
169 167 168
170 171 142
150 148 152
142 171 149
149 143 142
172 174 173
173 175 172
176 178 177
142 179 170
180 182 181
182 183 181
184 186 185
185 187 184
188 189 169
189 190 169
191 192 161
161 160 191
193 153 154
154 194 193
186 143 153
195 133 134
134 196 195
156 157 197
198 197 157
163 165 199
200 199 165
167 169 201
190 201 169
178 202 177
155 156 177
177 202 155
203 188 169
169 168 203
204 206 205
207 204 208
204 207 206
209 211 210
212 207 208
208 211 212
211 213 210
214 216 215
214 217 216
218 219 204
219 208 204
220 222 221
222 223 221
224 226 225
225 227 224
228 230 229
229 231 228
232 234 233
233 235 232
236 238 237
237 239 236
227 225 240
240 241 227
236 231 229
236 239 242
242 231 236
243 245 244
244 246 243
247 249 248
247 250 249
251 253 252
253 251 254
255 257 256
258 260 259
260 258 261
257 262 209
209 256 257
212 211 263
258 259 264
264 259 265
265 259 266
267 268 184
184 269 267
270 272 271
272 273 271
273 274 271
274 275 271
271 275 276
268 277 186
186 184 268
278 141 143
279 278 143
280 282 281
280 283 282
284 286 285
285 286 287
288 290 289
289 291 288
292 294 293
292 295 294
296 298 297
297 299 296
300 302 301
301 303 300
304 306 305
304 307 306
308 310 309
309 311 308
312 314 313
313 315 312
316 318 317
317 319 316
320 322 321
323 324 322
322 320 323
320 325 323
326 328 327
329 331 330
327 328 331
328 330 331
332 334 333
333 335 332
332 335 331
320 327 325
325 327 331
325 331 335
335 336 325
171 170 152
151 152 170
307 338 337
337 306 307
294 295 339
339 340 294
209 263 211
209 262 263
186 277 143
277 279 143
341 343 342
344 342 343
345 347 346
347 348 346
349 351 350
349 352 351
353 355 354
356 358 357
356 359 358
146 361 360
146 144 361
147 363 362
147 145 363
363 360 361
361 362 363
364 365 357
357 366 364
367 368 366
357 370 369
155 372 371
373 375 374
373 376 375
377 379 378
377 380 379
381 382 168
168 166 381
383 385 384
383 386 385
387 356 388
366 368 364
356 357 365
365 388 356
389 391 390
389 392 391
393 395 394
356 387 396
397 399 398
398 399 400
401 403 402
403 404 402
405 382 406
406 382 407
408 355 409
408 354 355
410 373 374
374 411 410
370 412 369
369 412 413
401 370 357
195 342 344
195 196 342
371 415 414
371 372 415
199 200 378
378 379 199
382 416 407
382 381 416
394 395 202
155 395 372
155 202 395
203 382 405
203 168 382
417 419 418
418 419 420
421 420 419
422 424 423
425 423 417
417 418 425
423 424 426
427 429 428
428 430 427
431 432 419
419 417 431
433 435 434
434 436 433
437 439 438
438 440 437
441 231 442
442 443 441
444 446 445
444 447 446
448 450 449
448 451 450
439 241 240
240 438 439
448 442 231
448 231 242
242 451 448
452 454 453
452 455 454
456 458 457
457 459 456
244 459 457
244 245 459
243 458 456
243 246 458
460 462 461
463 460 461
250 464 462
465 467 466
465 468 467
469 471 470
470 472 469
473 475 474
474 476 473
477 479 478
478 480 477
481 483 482
481 484 483
485 487 486
488 490 489
490 491 489
422 492 486
486 487 422
425 493 423
489 494 488
494 495 488
488 495 496
403 498 497
497 499 403
500 502 501
502 503 501
503 504 501
504 505 501
506 501 505
401 507 498
498 403 401
508 357 358
509 357 508
510 512 511
511 513 510
514 516 515
516 517 515
518 520 519
518 521 520
522 524 523
523 525 522
526 528 527
526 529 528
530 532 531
531 533 530
534 536 535
535 537 534
538 540 539
538 541 540
542 544 543
543 545 542
546 548 547
546 549 548
550 552 551
553 550 551
551 554 553
550 553 325
555 557 556
558 560 559
559 556 557
556 559 560
561 563 562
562 564 561
562 559 564
550 325 557
559 557 325
564 559 325
564 325 336
368 367 387
387 388 368
537 535 565
565 566 537
523 567 525
523 568 567
422 423 493
493 492 422
357 507 401
357 509 507
569 571 570
570 572 569
573 575 574
573 576 575
577 579 578
577 580 579
581 583 582
581 584 583
585 587 586
585 588 587
589 591 590
590 592 589
593 595 594
594 596 593
597 599 598
598 600 597
601 603 602
603 604 602
605 607 606
606 608 605
609 611 610
612 610 611
613 615 614
614 616 613
353 617 355
353 354 618
464 461 462
250 247 464

[MESH_DATA]
VertexCount: 57
IndexCount: 138
BoneCount: 0
AnimationClips: 1

[VERTEX_DATA]
Position: 1.18709 0.540063 -1.96209
Normal: -0 0.499996 -0.866028
UV: 0.333261 0.0275757

Position: 0.954098 0.672438 -1.82972
Normal: -0 0.866026 -0.499998
UV: 0.321008 0.0385501

Position: 0.954098 0.540063 -1.96209
Normal: -0 0.499996 -0.866028
UV: 0.333261 0.0385501

Position: 1.18709 0.672438 -1.82972
Normal: -0 0.866026 -0.499998
UV: 0.321008 0.0275757

Position: 1.18709 0.359236 -2.01054
Normal: -0 -1.40728e-008 -1
UV: 0.345513 0.0275757

Position: 0.954098 0.359236 -2.01054
Normal: -0 -1.40728e-008 -1
UV: 0.345513 0.0385501

Position: 1.18709 0.178409 -1.96209
Normal: -0 -0.499996 -0.866028
UV: 0.357766 0.0275757

Position: 0.954098 0.178409 -1.96209
Normal: -0 -0.499996 -0.866028
UV: 0.357766 0.0385501

Position: 1.18709 0.0460345 -1.82972
Normal: -0 -0.866026 -0.5
UV: 0.370018 0.0275757

Position: 0.954098 0.0460345 -1.82972
Normal: -0 -0.866026 -0.5
UV: 0.370018 0.0385501

Position: 1.18709 -0.00241823 -1.64889
Normal: -0 -1 -1.40727e-008
UV: 0.353277 0.0417988

Position: 0.954098 0.0460345 -1.82972
Normal: -0 -0.866026 -0.5
UV: 0.36553 0.0308249

Position: 0.954098 -0.00241823 -1.64889
Normal: -0 -1 -1.40727e-008
UV: 0.353277 0.0308245

Position: 1.18709 0.0460345 -1.82972
Normal: -0 -0.866026 -0.5
UV: 0.36553 0.0417992

Position: 1.18709 0.0460345 -1.46806
Normal: -0 -0.866025 0.5
UV: 0.341025 0.0417987

Position: 0.954098 0.0460345 -1.46806
Normal: -0 -0.866025 0.5
UV: 0.341025 0.0308244

Position: 1.18709 0.178409 -1.33569
Normal: -0 -0.500007 0.866022
UV: 0.328772 0.0417988

Position: 0.954098 0.178409 -1.33569
Normal: -0 -0.500007 0.866022
UV: 0.328772 0.0308245

Position: 1.18709 0.359236 -1.28723
Normal: -0 -1.40728e-008 1
UV: 0.350646 0.038805

Position: 0.954098 0.178409 -1.33569
Normal: -0 -0.500007 0.866022
UV: 0.362899 0.0278307

Position: 0.954098 0.359236 -1.28723
Normal: -0 -1.40728e-008 1
UV: 0.350646 0.0278307

Position: 1.18709 0.178409 -1.33569
Normal: -0 -0.500007 0.866022
UV: 0.362899 0.0388051

Position: 1.18709 0.540063 -1.33569
Normal: -0 0.500006 0.866022
UV: 0.338394 0.038805

Position: 0.954098 0.540063 -1.33569
Normal: -0 0.500006 0.866022
UV: 0.338394 0.0278307

Position: 0.954098 0.672438 -1.46806
Normal: -0 0.866026 0.499999
UV: 0.326141 0.0278307

Position: 1.18709 0.672438 -1.46806
Normal: -0 0.866026 0.499999
UV: 0.326141 0.0388051

Position: 1.18709 0.672438 -1.46806
Normal: -0 0.866026 0.499999
UV: 0.336568 0.0273905

Position: 0.954098 0.672438 -1.46806
Normal: -0 0.866026 0.499999
UV: 0.336568 0.0383652

Position: 1.18709 0.72089 -1.64889
Normal: -0 1 1.40727e-008
UV: 0.348821 0.0273905

Position: 0.954098 0.72089 -1.64889
Normal: -0 1 1.40727e-008
UV: 0.348821 0.0383652

Position: 1.18709 0.672438 -1.82972
Normal: -0 0.866026 -0.499998
UV: 0.361074 0.0273905

Position: 0.954098 0.672438 -1.82972
Normal: -0 0.866026 -0.499998
UV: 0.361074 0.0383652

Position: 1.18709 0.672438 -1.82972
Normal: 1 0 0
UV: 0.496383 0.211728

Position: 1.18709 0.540063 -1.96209
Normal: 1 0 0
UV: 0.543234 0.199175

Position: 1.18709 0.359236 -1.64889
Normal: 1 -3.79765e-008 0
UV: 0.496383 0.118025

Position: 1.18709 0.359236 -2.01054
Normal: 1 0 0
UV: 0.577533 0.164875

Position: 1.18709 0.178409 -1.96209
Normal: 1 0 0
UV: 0.590086 0.118021

Position: 1.18709 0.0460345 -1.82972
Normal: 1 0 0
UV: 0.577533 0.071171

Position: 1.18709 -0.00241823 -1.64889
Normal: 1 0 0
UV: 0.543236 0.0368747

Position: 1.18709 0.0460345 -1.46806
Normal: 1 2.27858e-007 0
UV: 0.496383 0.0243185

Position: 1.18709 0.178409 -1.33569
Normal: 1 -2.2786e-007 0
UV: 0.449531 0.0368716

Position: 1.18709 0.359236 -1.28723
Normal: 1 4.15016e-014 0
UV: 0.415232 0.0711693

Position: 1.18709 0.540063 -1.33569
Normal: 1 4.48215e-012 0
UV: 0.402677 0.118021

Position: 1.18709 0.672438 -1.46806
Normal: 1 -4.55716e-007 0
UV: 0.415232 0.164875

Position: 1.18709 0.72089 -1.64889
Normal: 1 0 0
UV: 0.449531 0.199173

Position: 0.954098 0.672438 -1.82972
Normal: -1 1.70069e-006 0
UV: 0.321008 0.0385501

Position: 0.954098 0.72089 -1.64889
Normal: -1 2.07939e-012 0
UV: 0.348821 0.0383652

Position: 0.954098 0.540063 -1.96209
Normal: -1 2.16015e-007 0
UV: 0.333261 0.0385501

Position: 0.954098 0.359236 -2.01054
Normal: -1 -5.88891e-008 0
UV: 0.345513 0.0385501

Position: 0.954098 0.178409 -1.96209
Normal: -1 -2.21734e-007 0
UV: 0.357766 0.0385501

Position: 0.954098 0.0460345 -1.82972
Normal: -1 -9.63032e-008 0
UV: 0.36553 0.0308249

Position: 0.954098 -0.00241823 -1.64889
Normal: -1 0 0
UV: 0.353277 0.0308245

Position: 0.954098 0.0460345 -1.46806
Normal: -1 9.63044e-008 0
UV: 0.341025 0.0308244

Position: 0.954098 0.178409 -1.33569
Normal: -1 1.78814e-007 0
UV: 0.362899 0.0278307

Position: 0.954098 0.359236 -1.28723
Normal: -1 -5.88893e-008 0
UV: 0.350646 0.0278307

Position: 0.954098 0.540063 -1.33569
Normal: -1 8.30843e-008 0
UV: 0.338394 0.0278307

Position: 0.954098 0.672438 -1.46806
Normal: -1 -1.70078e-006 0
UV: 0.336568 0.0383652


[INDEX_DATA]
0 2 1
1 3 0
4 5 2
2 0 4
6 7 5
5 4 6
8 9 7
7 6 8
10 12 11
11 13 10
14 15 12
12 10 14
16 17 15
15 14 16
18 20 19
19 21 18
22 23 20
20 18 22
24 23 25
22 25 23
26 28 27
27 28 29
28 30 29
29 30 31
32 34 33
33 34 35
35 34 36
36 34 37
37 34 38
38 34 39
39 34 40
40 34 41
41 34 42
42 34 43
43 34 44
44 34 32
45 47 46
47 48 46
48 49 46
49 50 46
50 51 46
51 52 46
52 53 46
53 54 46
54 55 46
55 56 46

[MESH_DATA]
VertexCount: 57
IndexCount: 138
BoneCount: 0
AnimationClips: 1

[VERTEX_DATA]
Position: 1.18709 0.540063 1.39438
Normal: -0 0.499996 -0.866028
UV: 0.333261 0.0275757

Position: 0.954098 0.672438 1.52675
Normal: -0 0.866026 -0.499998
UV: 0.321008 0.0385501

Position: 0.954098 0.540063 1.39438
Normal: -0 0.499996 -0.866028
UV: 0.333261 0.0385501

Position: 1.18709 0.672438 1.52675
Normal: -0 0.866026 -0.499998
UV: 0.321008 0.0275757

Position: 1.18709 0.359236 1.34592
Normal: -0 -2.81455e-008 -1
UV: 0.345513 0.0275757

Position: 0.954098 0.359236 1.34592
Normal: -0 -2.81455e-008 -1
UV: 0.345513 0.0385501

Position: 1.18709 0.178409 1.39438
Normal: -0 -0.499996 -0.866028
UV: 0.357766 0.0275757

Position: 0.954098 0.178409 1.39438
Normal: -0 -0.499996 -0.866028
UV: 0.357766 0.0385501

Position: 1.18709 0.0460344 1.52675
Normal: -0 -0.866026 -0.5
UV: 0.370018 0.0275757

Position: 0.954098 0.0460344 1.52675
Normal: -0 -0.866026 -0.5
UV: 0.370018 0.0385501

Position: 1.18709 -0.00241825 1.70758
Normal: -0 -1 -1.40727e-008
UV: 0.353277 0.0417988

Position: 0.954098 0.0460344 1.52675
Normal: -0 -0.866026 -0.5
UV: 0.36553 0.0308249

Position: 0.954098 -0.00241825 1.70758
Normal: -0 -1 -1.40727e-008
UV: 0.353277 0.0308245

Position: 1.18709 0.0460344 1.52675
Normal: -0 -0.866026 -0.5
UV: 0.36553 0.0417992

Position: 1.18709 0.0460344 1.8884
Normal: -0 -0.866025 0.5
UV: 0.341025 0.0417987

Position: 0.954098 0.0460344 1.8884
Normal: -0 -0.866025 0.5
UV: 0.341025 0.0308244

Position: 1.18709 0.178409 2.02078
Normal: -0 -0.500007 0.866022
UV: 0.328772 0.0417988

Position: 0.954098 0.178409 2.02078
Normal: -0 -0.500007 0.866022
UV: 0.328772 0.0308245

Position: 1.18709 0.359236 2.06923
Normal: -0 -2.81455e-008 1
UV: 0.350646 0.038805

Position: 0.954098 0.178409 2.02078
Normal: -0 -0.500007 0.866022
UV: 0.362899 0.0278307

Position: 0.954098 0.359236 2.06923
Normal: -0 -2.81455e-008 1
UV: 0.350646 0.0278307

Position: 1.18709 0.178409 2.02078
Normal: -0 -0.500007 0.866022
UV: 0.362899 0.0388051

Position: 1.18709 0.540063 2.02078
Normal: -0 0.500006 0.866022
UV: 0.338394 0.038805

Position: 0.954098 0.540063 2.02078
Normal: -0 0.500006 0.866022
UV: 0.338394 0.0278307

Position: 0.954098 0.672438 1.8884
Normal: -0 0.866026 0.499999
UV: 0.326141 0.0278307

Position: 1.18709 0.672438 1.8884
Normal: -0 0.866026 0.499999
UV: 0.326141 0.0388051

Position: 1.18709 0.672438 1.8884
Normal: -0 0.866026 0.499999
UV: 0.336568 0.0273905

Position: 0.954098 0.672438 1.8884
Normal: -0 0.866026 0.499999
UV: 0.336568 0.0383652

Position: 1.18709 0.72089 1.70758
Normal: -0 1 1.40727e-008
UV: 0.348821 0.0273905

Position: 0.954098 0.72089 1.70758
Normal: -0 1 1.40727e-008
UV: 0.348821 0.0383652

Position: 1.18709 0.672438 1.52675
Normal: -0 0.866026 -0.499998
UV: 0.361074 0.0273905

Position: 0.954098 0.672438 1.52675
Normal: -0 0.866026 -0.499998
UV: 0.361074 0.0383652

Position: 1.18709 0.672438 1.52675
Normal: 1 0 0
UV: 0.496383 0.211728

Position: 1.18709 0.540063 1.39438
Normal: 1 0 0
UV: 0.543234 0.199175

Position: 1.18709 0.359236 1.70758
Normal: 1 -3.79765e-008 0
UV: 0.496383 0.118025

Position: 1.18709 0.359236 1.34592
Normal: 1 0 0
UV: 0.577533 0.164875

Position: 1.18709 0.178409 1.39438
Normal: 1 0 0
UV: 0.590086 0.118021

Position: 1.18709 0.0460344 1.52675
Normal: 1 0 0
UV: 0.577533 0.071171

Position: 1.18709 -0.00241825 1.70758
Normal: 1 0 0
UV: 0.543236 0.0368747

Position: 1.18709 0.0460344 1.8884
Normal: 1 2.27857e-007 0
UV: 0.496383 0.0243185

Position: 1.18709 0.178409 2.02078
Normal: 1 -2.2786e-007 0
UV: 0.449531 0.0368716

Position: 1.18709 0.359236 2.06923
Normal: 1 4.15015e-014 0
UV: 0.415232 0.0711693

Position: 1.18709 0.540063 2.02078
Normal: 1 4.89717e-012 0
UV: 0.402677 0.118021

Position: 1.18709 0.672438 1.8884
Normal: 1 -4.55716e-007 0
UV: 0.415232 0.164875

Position: 1.18709 0.72089 1.70758
Normal: 1 0 0
UV: 0.449531 0.199173

Position: 0.954098 0.672438 1.52675
Normal: -1 1.70069e-006 0
UV: 0.321008 0.0385501

Position: 0.954098 0.72089 1.70758
Normal: -1 2.07075e-012 0
UV: 0.348821 0.0383652

Position: 0.954098 0.540063 1.39438
Normal: -1 2.16016e-007 0
UV: 0.333261 0.0385501

Position: 0.954098 0.359236 1.34592
Normal: -1 -5.88892e-008 0
UV: 0.345513 0.0385501

Position: 0.954098 0.178409 1.39438
Normal: -1 -2.21734e-007 0
UV: 0.357766 0.0385501

Position: 0.954098 0.0460344 1.52675
Normal: -1 -9.63031e-008 0
UV: 0.36553 0.0308249

Position: 0.954098 -0.00241825 1.70758
Normal: -1 0 0
UV: 0.353277 0.0308245

Position: 0.954098 0.0460344 1.8884
Normal: -1 9.63043e-008 0
UV: 0.341025 0.0308244

Position: 0.954098 0.178409 2.02078
Normal: -1 1.78813e-007 0
UV: 0.362899 0.0278307

Position: 0.954098 0.359236 2.06923
Normal: -1 -5.88893e-008 0
UV: 0.350646 0.0278307

Position: 0.954098 0.540063 2.02078
Normal: -1 8.30843e-008 0
UV: 0.338394 0.0278307

Position: 0.954098 0.672438 1.8884
Normal: -1 -1.70078e-006 0
UV: 0.336568 0.0383652


[INDEX_DATA]
0 2 1
1 3 0
4 5 2
2 0 4
6 7 5
5 4 6
8 9 7
7 6 8
10 12 11
11 13 10
14 15 12
12 10 14
16 17 15
15 14 16
18 20 19
19 21 18
22 23 20
20 18 22
24 23 25
22 25 23
26 28 27
27 28 29
28 30 29
29 30 31
32 34 33
33 34 35
35 34 36
36 34 37
37 34 38
38 34 39
39 34 40
40 34 41
41 34 42
42 34 43
43 34 44
44 34 32
45 47 46
47 48 46
48 49 46
49 50 46
50 51 46
51 52 46
52 53 46
53 54 46
54 55 46
55 56 46

[MESH_DATA]
VertexCount: 57
IndexCount: 138
BoneCount: 0
AnimationClips: 1

[VERTEX_DATA]
Position: -1.18709 0.540063 1.39438
Normal: -0 0.499996 -0.866028
UV: 0.333261 0.0275757

Position: -0.954098 0.540063 1.39438
Normal: -0 0.499996 -0.866028
UV: 0.333261 0.0385501

Position: -0.954098 0.672438 1.52675
Normal: -0 0.866026 -0.499998
UV: 0.321008 0.0385501

Position: -1.18709 0.672438 1.52675
Normal: -0 0.866026 -0.499998
UV: 0.321008 0.0275757

Position: -1.18709 0.359236 1.34592
Normal: -0 -2.81455e-008 -1
UV: 0.345513 0.0275757

Position: -0.954098 0.359236 1.34592
Normal: -0 -2.81455e-008 -1
UV: 0.345513 0.0385501

Position: -1.18709 0.178409 1.39438
Normal: -0 -0.499996 -0.866028
UV: 0.357766 0.0275757

Position: -0.954098 0.178409 1.39438
Normal: -0 -0.499996 -0.866028
UV: 0.357766 0.0385501

Position: -1.18709 0.0460344 1.52675
Normal: -0 -0.866026 -0.5
UV: 0.370018 0.0275757

Position: -0.954098 0.0460344 1.52675
Normal: -0 -0.866026 -0.5
UV: 0.370018 0.0385501

Position: -1.18709 -0.00241825 1.70758
Normal: -0 -1 -1.40727e-008
UV: 0.353277 0.0417988

Position: -0.954098 -0.00241825 1.70758
Normal: -0 -1 -1.40727e-008
UV: 0.353277 0.0308245

Position: -0.954098 0.0460344 1.52675
Normal: -0 -0.866026 -0.5
UV: 0.36553 0.0308249

Position: -1.18709 0.0460344 1.52675
Normal: -0 -0.866026 -0.5
UV: 0.36553 0.0417992

Position: -1.18709 0.0460344 1.8884
Normal: -0 -0.866025 0.5
UV: 0.341025 0.0417987

Position: -0.954098 0.0460344 1.8884
Normal: -0 -0.866025 0.5
UV: 0.341025 0.0308244

Position: -1.18709 0.178409 2.02078
Normal: -0 -0.500007 0.866022
UV: 0.328772 0.0417988

Position: -0.954098 0.178409 2.02078
Normal: -0 -0.500007 0.866022
UV: 0.328772 0.0308245

Position: -1.18709 0.359236 2.06923
Normal: -0 -2.81455e-008 1
UV: 0.350646 0.038805

Position: -0.954098 0.359236 2.06923
Normal: -0 -2.81455e-008 1
UV: 0.350646 0.0278307

Position: -0.954098 0.178409 2.02078
Normal: -0 -0.500007 0.866022
UV: 0.362899 0.0278307

Position: -1.18709 0.178409 2.02078
Normal: -0 -0.500007 0.866022
UV: 0.362899 0.0388051

Position: -1.18709 0.540063 2.02078
Normal: -0 0.500006 0.866022
UV: 0.338394 0.038805

Position: -0.954098 0.540063 2.02078
Normal: -0 0.500006 0.866022
UV: 0.338394 0.0278307

Position: -1.18709 0.672438 1.8884
Normal: -0 0.866026 0.499999
UV: 0.326141 0.0388051

Position: -0.954098 0.672438 1.8884
Normal: -0 0.866026 0.499999
UV: 0.326141 0.0278307

Position: -1.18709 0.672438 1.8884
Normal: -0 0.866026 0.499999
UV: 0.336568 0.0273905

Position: -1.18709 0.72089 1.70758
Normal: -0 1 1.40727e-008
UV: 0.348821 0.0273905

Position: -0.954098 0.672438 1.8884
Normal: -0 0.866026 0.499999
UV: 0.336568 0.0383652

Position: -0.954098 0.72089 1.70758
Normal: -0 1 1.40727e-008
UV: 0.348821 0.0383652

Position: -1.18709 0.672438 1.52675
Normal: -0 0.866026 -0.499998
UV: 0.361074 0.0273905

Position: -0.954098 0.672438 1.52675
Normal: -0 0.866026 -0.499998
UV: 0.361074 0.0383652

Position: -1.18709 0.672438 1.52675
Normal: -1 0 0
UV: 0.496383 0.211728

Position: -1.18709 0.359236 1.70758
Normal: -1 3.45846e-014 0
UV: 0.496383 0.118025

Position: -1.18709 0.540063 1.39438
Normal: -1 -1.70893e-007 0
UV: 0.543234 0.199175

Position: -1.18709 0.359236 1.34592
Normal: -1 -1.03754e-014 0
UV: 0.577533 0.164875

Position: -1.18709 0.178409 1.39438
Normal: -1 1.70893e-007 0
UV: 0.590086 0.118021

Position: -1.18709 0.0460344 1.52675
Normal: -1 0 0
UV: 0.577533 0.071171

Position: -1.18709 -0.00241825 1.70758
Normal: -1 0 0
UV: 0.543236 0.0368747

Position: -1.18709 0.0460344 1.8884
Normal: -1 2.27857e-007 0
UV: 0.496383 0.0243185

Position: -1.18709 0.178409 2.02078
Normal: -1 -5.69667e-008 0
UV: 0.449531 0.0368716

Position: -1.18709 0.359236 2.06923
Normal: -1 2.07508e-014 0
UV: 0.415232 0.0711693

Position: -1.18709 0.540063 2.02078
Normal: -1 5.69668e-008 0
UV: 0.402677 0.118021

Position: -1.18709 0.672438 1.8884
Normal: -1 -2.27858e-007 0
UV: 0.415232 0.164875

Position: -1.18709 0.72089 1.70758
Normal: -1 0 0
UV: 0.449531 0.199173

Position: -0.954098 0.672438 1.52675
Normal: 1 1.70069e-006 0
UV: 0.321008 0.0385501

Position: -0.954098 0.540063 1.39438
Normal: 1 6.64685e-008 0
UV: 0.333261 0.0385501

Position: -0.954098 0.72089 1.70758
Normal: 1 2.46847e-012 0
UV: 0.348821 0.0383652

Position: -0.954098 0.359236 1.34592
Normal: 1 0 0
UV: 0.345513 0.0385501

Position: -0.954098 0.178409 1.39438
Normal: 1 -4.00552e-007 0
UV: 0.357766 0.0385501

Position: -0.954098 0.0460344 1.52675
Normal: 1 -1.92606e-007 0
UV: 0.36553 0.0308249

Position: -0.954098 -0.00241825 1.70758
Normal: 1 0 0
UV: 0.353277 0.0308245

Position: -0.954098 0.0460344 1.8884
Normal: 1 9.63044e-008 0
UV: 0.341025 0.0308244

Position: -0.954098 0.178409 2.02078
Normal: 1 2.00271e-007 0
UV: 0.362899 0.0278307

Position: -0.954098 0.359236 2.06923
Normal: 1 0 0
UV: 0.350646 0.0278307

Position: -0.954098 0.540063 2.02078
Normal: 1 0 0
UV: 0.338394 0.0278307

Position: -0.954098 0.672438 1.8884
Normal: 1 0 0
UV: 0.336568 0.0383652


[INDEX_DATA]
0 2 1
0 3 2
4 1 5
4 0 1
6 5 7
6 4 5
8 7 9
8 6 7
10 12 11
10 13 12
14 11 15
14 10 11
16 15 17
16 14 15
18 20 19
18 21 20
22 19 23
22 18 19
23 24 22
23 25 24
26 28 27
28 29 27
27 29 30
29 31 30
32 34 33
34 35 33
35 36 33
36 37 33
37 38 33
38 39 33
39 40 33
40 41 33
41 42 33
42 43 33
43 44 33
44 32 33
45 47 46
46 47 48
48 47 49
49 47 50
50 47 51
51 47 52
52 47 53
53 47 54
54 47 55
55 47 56

[MESH_DATA]
VertexCount: 57
IndexCount: 138
BoneCount: 0
AnimationClips: 1

[VERTEX_DATA]
Position: -1.18709 0.540063 -1.96209
Normal: -0 0.499996 -0.866028
UV: 0.333261 0.0275757

Position: -0.954098 0.540063 -1.96209
Normal: -0 0.499996 -0.866028
UV: 0.333261 0.0385501

Position: -0.954098 0.672438 -1.82972
Normal: -0 0.866026 -0.499998
UV: 0.321008 0.0385501

Position: -1.18709 0.672438 -1.82972
Normal: -0 0.866026 -0.499998
UV: 0.321008 0.0275757

Position: -1.18709 0.359236 -2.01054
Normal: -0 -1.40728e-008 -1
UV: 0.345513 0.0275757

Position: -0.954098 0.359236 -2.01054
Normal: -0 -1.40728e-008 -1
UV: 0.345513 0.0385501

Position: -1.18709 0.178409 -1.96209
Normal: -0 -0.499996 -0.866028
UV: 0.357766 0.0275757

Position: -0.954098 0.178409 -1.96209
Normal: -0 -0.499996 -0.866028
UV: 0.357766 0.0385501

Position: -1.18709 0.0460345 -1.82972
Normal: -0 -0.866026 -0.5
UV: 0.370018 0.0275757

Position: -0.954098 0.0460345 -1.82972
Normal: -0 -0.866026 -0.5
UV: 0.370018 0.0385501

Position: -1.18709 -0.00241823 -1.64889
Normal: -0 -1 -1.40727e-008
UV: 0.353277 0.0417988

Position: -0.954098 -0.00241823 -1.64889
Normal: -0 -1 -1.40727e-008
UV: 0.353277 0.0308245

Position: -0.954098 0.0460345 -1.82972
Normal: -0 -0.866026 -0.5
UV: 0.36553 0.0308249

Position: -1.18709 0.0460345 -1.82972
Normal: -0 -0.866026 -0.5
UV: 0.36553 0.0417992

Position: -1.18709 0.0460345 -1.46806
Normal: -0 -0.866025 0.5
UV: 0.341025 0.0417987

Position: -0.954098 0.0460345 -1.46806
Normal: -0 -0.866025 0.5
UV: 0.341025 0.0308244

Position: -1.18709 0.178409 -1.33569
Normal: -0 -0.500007 0.866022
UV: 0.328772 0.0417988

Position: -0.954098 0.178409 -1.33569
Normal: -0 -0.500007 0.866022
UV: 0.328772 0.0308245

Position: -1.18709 0.359236 -1.28723
Normal: -0 -1.40728e-008 1
UV: 0.350646 0.038805

Position: -0.954098 0.359236 -1.28723
Normal: -0 -1.40728e-008 1
UV: 0.350646 0.0278307

Position: -0.954098 0.178409 -1.33569
Normal: -0 -0.500007 0.866022
UV: 0.362899 0.0278307

Position: -1.18709 0.178409 -1.33569
Normal: -0 -0.500007 0.866022
UV: 0.362899 0.0388051

Position: -1.18709 0.540063 -1.33569
Normal: -0 0.500006 0.866022
UV: 0.338394 0.038805

Position: -0.954098 0.540063 -1.33569
Normal: -0 0.500006 0.866022
UV: 0.338394 0.0278307

Position: -1.18709 0.672438 -1.46806
Normal: -0 0.866026 0.499999
UV: 0.326141 0.0388051

Position: -0.954098 0.672438 -1.46806
Normal: -0 0.866026 0.499999
UV: 0.326141 0.0278307

Position: -1.18709 0.672438 -1.46806
Normal: -0 0.866026 0.499999
UV: 0.336568 0.0273905

Position: -1.18709 0.72089 -1.64889
Normal: -0 1 1.40727e-008
UV: 0.348821 0.0273905

Position: -0.954098 0.672438 -1.46806
Normal: -0 0.866026 0.499999
UV: 0.336568 0.0383652

Position: -0.954098 0.72089 -1.64889
Normal: -0 1 1.40727e-008
UV: 0.348821 0.0383652

Position: -1.18709 0.672438 -1.82972
Normal: -0 0.866026 -0.499998
UV: 0.361074 0.0273905

Position: -0.954098 0.672438 -1.82972
Normal: -0 0.866026 -0.499998
UV: 0.361074 0.0383652

Position: -1.18709 0.672438 -1.82972
Normal: -1 0 0
UV: 0.496383 0.211728

Position: -1.18709 0.359236 -1.64889
Normal: -1 -1.72923e-014 0
UV: 0.496383 0.118025

Position: -1.18709 0.540063 -1.96209
Normal: -1 -1.70893e-007 0
UV: 0.543234 0.199175

Position: -1.18709 0.359236 -2.01054
Normal: -1 0 0
UV: 0.577533 0.164875

Position: -1.18709 0.178409 -1.96209
Normal: -1 1.70893e-007 0
UV: 0.590086 0.118021

Position: -1.18709 0.0460345 -1.82972
Normal: -1 0 0
UV: 0.577533 0.071171

Position: -1.18709 -0.00241823 -1.64889
Normal: -1 0 0
UV: 0.543236 0.0368747

Position: -1.18709 0.0460345 -1.46806
Normal: -1 2.27858e-007 0
UV: 0.496383 0.0243185

Position: -1.18709 0.178409 -1.33569
Normal: -1 -5.69668e-008 0
UV: 0.449531 0.0368716

Position: -1.18709 0.359236 -1.28723
Normal: -1 2.07508e-014 0
UV: 0.415232 0.0711693

Position: -1.18709 0.540063 -1.33569
Normal: -1 5.69664e-008 0
UV: 0.402677 0.118021

Position: -1.18709 0.672438 -1.46806
Normal: -1 -2.27858e-007 0
UV: 0.415232 0.164875

Position: -1.18709 0.72089 -1.64889
Normal: -1 0 0
UV: 0.449531 0.199173

Position: -0.954098 0.672438 -1.82972
Normal: 1 1.70069e-006 0
UV: 0.321008 0.0385501

Position: -0.954098 0.540063 -1.96209
Normal: 1 6.64685e-008 0
UV: 0.333261 0.0385501

Position: -0.954098 0.72089 -1.64889
Normal: 1 2.45118e-012 0
UV: 0.348821 0.0383652

Position: -0.954098 0.359236 -2.01054
Normal: 1 0 0
UV: 0.345513 0.0385501

Position: -0.954098 0.178409 -1.96209
Normal: 1 -4.00551e-007 0
UV: 0.357766 0.0385501

Position: -0.954098 0.0460345 -1.82972
Normal: 1 -1.92606e-007 0
UV: 0.36553 0.0308249

Position: -0.954098 -0.00241823 -1.64889
Normal: 1 0 0
UV: 0.353277 0.0308245

Position: -0.954098 0.0460345 -1.46806
Normal: 1 9.63044e-008 0
UV: 0.341025 0.0308244

Position: -0.954098 0.178409 -1.33569
Normal: 1 2.00272e-007 0
UV: 0.362899 0.0278307

Position: -0.954098 0.359236 -1.28723
Normal: 1 0 0
UV: 0.350646 0.0278307

Position: -0.954098 0.540063 -1.33569
Normal: 1 0 0
UV: 0.338394 0.0278307

Position: -0.954098 0.672438 -1.46806
Normal: 1 0 0
UV: 0.336568 0.0383652


[INDEX_DATA]
0 2 1
0 3 2
4 1 5
4 0 1
6 5 7
6 4 5
8 7 9
8 6 7
10 12 11
10 13 12
14 11 15
14 10 11
16 15 17
16 14 15
18 20 19
18 21 20
22 19 23
22 18 19
23 24 22
23 25 24
26 28 27
28 29 27
27 29 30
29 31 30
32 34 33
34 35 33
35 36 33
36 37 33
37 38 33
38 39 33
39 40 33
40 41 33
41 42 33
42 43 33
43 44 33
44 32 33
45 47 46
46 47 48
48 47 49
49 47 50
50 47 51
51 47 52
52 47 53
53 47 54
54 47 55
55 47 56

