[FBX_META_DATA]
MeshCount: 1

[MESH_DATA]
VertexCount: 619
IndexCount: 1308
BoneCount: 0
AnimationClips: 1

[VERTEX_DATA]
Position: -1.24967 0.540063 1.39438
Normal: -0 0.707099 -0.707115
UV: 0.314237 0.225609

Position: -1.082 0.540063 1.39438
Normal: -0 0.707099 -0.707115
UV: 0.314237 0.253623

Position: -1.082 0.672438 1.52675
Normal: -0 0.707099 -0.707115
UV: 0.28296 0.253623

Position: -1.24967 0.672438 1.52675
Normal: -0 0.707099 -0.707115
UV: 0.28296 0.225609

Position: -1.24967 0.359236 1.34592
Normal: -0 0.258823 -0.965925
UV: 0.345514 0.225609

Position: -1.082 0.359236 1.34592
Normal: -0 0.258823 -0.965925
UV: 0.345514 0.253623

Position: -1.082 0.540063 1.39438
Normal: -0 0.258823 -0.965925
UV: 0.314237 0.253623

Position: -1.24967 0.540063 1.39438
Normal: -0 0.258823 -0.965925
UV: 0.314237 0.225609

Position: -1.24967 0.178409 1.39438
Normal: -0 -0.258823 -0.965925
UV: 0.37679 0.225609

Position: -1.082 0.178409 1.39438
Normal: -0 -0.258823 -0.965925
UV: 0.37679 0.253623

Position: -1.082 0.359236 1.34592
Normal: -0 -0.258823 -0.965925
UV: 0.345514 0.253623

Position: -1.24967 0.359236 1.34592
Normal: -0 -0.258823 -0.965925
UV: 0.345514 0.225609

Position: -1.24967 0.0460344 1.52675
Normal: -0 -0.707099 -0.707114
UV: 0.408067 0.225609

Position: -1.082 0.0460344 1.52675
Normal: -0 -0.707099 -0.707114
UV: 0.408067 0.253623

Position: -1.082 0.178409 1.39438
Normal: -0 -0.707099 -0.707114
UV: 0.37679 0.253623

Position: -1.24967 0.178409 1.39438
Normal: -0 -0.707099 -0.707114
UV: 0.37679 0.225609

Position: -1.24967 -0.00241825 1.70758
Normal: -0 -0.965927 -0.258816
UV: 0.365332 0.261916

Position: -1.082 -0.00241825 1.70758
Normal: -0 -0.965927 -0.258816
UV: 0.365332 0.233902

Position: -1.082 0.0460344 1.52675
Normal: -0 -0.965927 -0.258816
UV: 0.39661 0.233903

Position: -1.24967 0.0460344 1.52675
Normal: -0 -0.965927 -0.258816
UV: 0.39661 0.261917

Position: -1.24967 0.0460344 1.8884
Normal: -0 -0.965925 0.258823
UV: 0.334055 0.261916

Position: -1.082 0.0460344 1.8884
Normal: -0 -0.965925 0.258823
UV: 0.334055 0.233902

Position: -1.082 -0.00241825 1.70758
Normal: -0 -0.965925 0.258823
UV: 0.365332 0.233902

Position: -1.24967 -0.00241825 1.70758
Normal: -0 -0.965925 0.258823
UV: 0.365332 0.261916

Position: -1.24967 0.178409 2.02078
Normal: -0 -0.707113 0.7071
UV: 0.302777 0.261916

Position: -1.082 0.178409 2.02078
Normal: -0 -0.707113 0.7071
UV: 0.302777 0.233902

Position: -1.082 0.0460344 1.8884
Normal: -0 -0.707113 0.7071
UV: 0.334055 0.233902

Position: -1.24967 0.0460344 1.8884
Normal: -0 -0.707113 0.7071
UV: 0.334055 0.261916

Position: -1.24967 0.359236 2.06923
Normal: -0 -0.258823 0.965925
UV: 0.358616 0.254274

Position: -1.082 0.359236 2.06923
Normal: -0 -0.258823 0.965925
UV: 0.358616 0.22626

Position: -1.082 0.178409 2.02078
Normal: -0 -0.258823 0.965925
UV: 0.389894 0.22626

Position: -1.24967 0.178409 2.02078
Normal: -0 -0.258823 0.965925
UV: 0.389894 0.254274

Position: -1.24967 0.540063 2.02078
Normal: -0 0.258823 0.965925
UV: 0.32734 0.254274

Position: -1.082 0.540063 2.02078
Normal: -0 0.258823 0.965925
UV: 0.32734 0.22626

Position: -1.082 0.359236 2.06923
Normal: -0 0.258823 0.965925
UV: 0.358616 0.22626

Position: -1.24967 0.359236 2.06923
Normal: -0 0.258823 0.965925
UV: 0.358616 0.254274

Position: -1.24967 0.672438 1.8884
Normal: -0 0.707113 0.707101
UV: 0.296062 0.254274

Position: -1.082 0.540063 2.02078
Normal: -0 0.707113 0.707101
UV: 0.32734 0.22626

Position: -1.24967 0.540063 2.02078
Normal: -0 0.707113 0.707101
UV: 0.32734 0.254274

Position: -1.082 0.672438 1.8884
Normal: -0 0.707113 0.707101
UV: 0.296062 0.22626

Position: -1.24967 0.672438 1.8884
Normal: -0 0.965926 0.25882
UV: 0.322679 0.225136

Position: -1.24967 0.72089 1.70758
Normal: -0 0.965926 0.25882
UV: 0.353957 0.225136

Position: -1.082 0.672438 1.8884
Normal: -0 0.965926 0.25882
UV: 0.322679 0.253151

Position: -1.082 0.72089 1.70758
Normal: -0 0.965926 0.25882
UV: 0.353957 0.253151

Position: -1.24967 0.672438 1.52675
Normal: -0 0.965928 -0.258812
UV: 0.385235 0.225136

Position: -1.082 0.72089 1.70758
Normal: -0 0.965928 -0.258812
UV: 0.353957 0.253151

Position: -1.24967 0.72089 1.70758
Normal: -0 0.965928 -0.258812
UV: 0.353957 0.225136

Position: -1.082 0.672438 1.52675
Normal: -0 0.965928 -0.258812
UV: 0.385235 0.253151

Position: -1.24967 0.672438 1.52675
Normal: -1 2.27857e-007 0
UV: 0.494896 0.21636

Position: -1.24967 0.359236 1.70758
Normal: -1 -5.18769e-014 0
UV: 0.494896 0.122657

Position: -1.24967 0.540063 1.39438
Normal: -1 1.09979e-012 0
UV: 0.541747 0.203807

Position: -1.24967 0.359236 1.34592
Normal: -1 -2.07508e-014 0
UV: 0.576046 0.169508

Position: -1.24967 0.178409 1.39438
Normal: -1 -8.92281e-013 0
UV: 0.588599 0.122654

Position: -1.24967 0.0460344 1.52675
Normal: -1 -2.27857e-007 0
UV: 0.576046 0.0758036

Position: -1.24967 -0.00241825 1.70758
Normal: -1 0 0
UV: 0.541749 0.0415074

Position: -1.24967 0.0460344 1.8884
Normal: -1 -2.27857e-007 0
UV: 0.494896 0.0289512

Position: -1.24967 0.178409 2.02078
Normal: -1 2.34483e-012 0
UV: 0.448044 0.0415043

Position: -1.24967 0.359236 2.06923
Normal: -1 -2.07508e-014 0
UV: 0.413744 0.075802

Position: -1.24967 0.540063 2.02078
Normal: -1 -2.44859e-012 0
UV: 0.40119 0.122654

Position: -1.24967 0.672438 1.8884
Normal: -1 2.27858e-007 0
UV: 0.413744 0.169508

Position: -1.24967 0.72089 1.70758
Normal: -1 0 0
UV: 0.448044 0.203806

Position: 1.24967 0.540063 1.39438
Normal: -0 0.707099 -0.707115
UV: 0.314237 0.225609

Position: 1.082 0.672438 1.52675
Normal: -0 0.707099 -0.707115
UV: 0.28296 0.253623

Position: 1.082 0.540063 1.39438
Normal: -0 0.707099 -0.707115
UV: 0.314237 0.253623

Position: 1.24967 0.672438 1.52675
Normal: -0 0.707099 -0.707115
UV: 0.28296 0.225609

Position: 1.24967 0.359236 1.34592
Normal: -0 0.258823 -0.965925
UV: 0.345514 0.225609

Position: 1.082 0.540063 1.39438
Normal: -0 0.258823 -0.965925
UV: 0.314237 0.253623

Position: 1.082 0.359236 1.34592
Normal: -0 0.258823 -0.965925
UV: 0.345514 0.253623

Position: 1.24967 0.540063 1.39438
Normal: -0 0.258823 -0.965925
UV: 0.314237 0.225609

Position: 1.24967 0.178409 1.39438
Normal: -0 -0.258823 -0.965925
UV: 0.37679 0.225609

Position: 1.082 0.359236 1.34592
Normal: -0 -0.258823 -0.965925
UV: 0.345514 0.253623

Position: 1.082 0.178409 1.39438
Normal: -0 -0.258823 -0.965925
UV: 0.37679 0.253623

Position: 1.24967 0.359236 1.34592
Normal: -0 -0.258823 -0.965925
UV: 0.345514 0.225609

Position: 1.24967 0.0460344 1.52675
Normal: -0 -0.707099 -0.707114
UV: 0.408067 0.225609

Position: 1.082 0.178409 1.39438
Normal: -0 -0.707099 -0.707114
UV: 0.37679 0.253623

Position: 1.082 0.0460344 1.52675
Normal: -0 -0.707099 -0.707114
UV: 0.408067 0.253623

Position: 1.24967 0.178409 1.39438
Normal: -0 -0.707099 -0.707114
UV: 0.37679 0.225609

Position: 1.24967 -0.00241825 1.70758
Normal: -0 -0.965927 -0.258816
UV: 0.365332 0.261916

Position: 1.082 0.0460344 1.52675
Normal: -0 -0.965927 -0.258816
UV: 0.39661 0.233903

Position: 1.082 -0.00241825 1.70758
Normal: -0 -0.965927 -0.258816
UV: 0.365332 0.233902

Position: 1.24967 0.0460344 1.52675
Normal: -0 -0.965927 -0.258816
UV: 0.39661 0.261917

Position: 1.24967 0.0460344 1.8884
Normal: -0 -0.965925 0.258823
UV: 0.334055 0.261916

Position: 1.082 -0.00241825 1.70758
Normal: -0 -0.965925 0.258823
UV: 0.365332 0.233902

Position: 1.082 0.0460344 1.8884
Normal: -0 -0.965925 0.258823
UV: 0.334055 0.233902

Position: 1.24967 -0.00241825 1.70758
Normal: -0 -0.965925 0.258823
UV: 0.365332 0.261916

Position: 1.24967 0.178409 2.02078
Normal: -0 -0.707113 0.7071
UV: 0.302777 0.261916

Position: 1.082 0.0460344 1.8884
Normal: -0 -0.707113 0.7071
UV: 0.334055 0.233902

Position: 1.082 0.178409 2.02078
Normal: -0 -0.707113 0.7071
UV: 0.302777 0.233902

Position: 1.24967 0.0460344 1.8884
Normal: -0 -0.707113 0.7071
UV: 0.334055 0.261916

Position: 1.24967 0.359236 2.06923
Normal: -0 -0.258823 0.965925
UV: 0.358616 0.254274

Position: 1.082 0.178409 2.02078
Normal: -0 -0.258823 0.965925
UV: 0.389894 0.22626

Position: 1.082 0.359236 2.06923
Normal: -0 -0.258823 0.965925
UV: 0.358616 0.22626

Position: 1.24967 0.178409 2.02078
Normal: -0 -0.258823 0.965925
UV: 0.389894 0.254274

Position: 1.24967 0.540063 2.02078
Normal: -0 0.258823 0.965925
UV: 0.32734 0.254274

Position: 1.082 0.359236 2.06923
Normal: -0 0.258823 0.965925
UV: 0.358616 0.22626

Position: 1.082 0.540063 2.02078
Normal: -0 0.258823 0.965925
UV: 0.32734 0.22626

Position: 1.24967 0.359236 2.06923
Normal: -0 0.258823 0.965925
UV: 0.358616 0.254274

Position: 1.24967 0.540063 2.02078
Normal: -0 0.707113 0.707101
UV: 0.32734 0.254274

Position: 1.082 0.540063 2.02078
Normal: -0 0.707113 0.707101
UV: 0.32734 0.22626

Position: 1.24967 0.672438 1.8884
Normal: -0 0.707113 0.707101
UV: 0.296062 0.254274

Position: 1.082 0.672438 1.8884
Normal: -0 0.707113 0.707101
UV: 0.296062 0.22626

Position: 1.24967 0.672438 1.8884
Normal: -0 0.965926 0.25882
UV: 0.322679 0.225136

Position: 1.082 0.672438 1.8884
Normal: -0 0.965926 0.25882
UV: 0.322679 0.253151

Position: 1.24967 0.72089 1.70758
Normal: -0 0.965926 0.25882
UV: 0.353957 0.225136

Position: 1.082 0.72089 1.70758
Normal: -0 0.965926 0.25882
UV: 0.353957 0.253151

Position: 1.24967 0.72089 1.70758
Normal: -0 0.965928 -0.258812
UV: 0.353957 0.225136

Position: 1.082 0.72089 1.70758
Normal: -0 0.965928 -0.258812
UV: 0.353957 0.253151

Position: 1.24967 0.672438 1.52675
Normal: -0 0.965928 -0.258812
UV: 0.385235 0.225136

Position: 1.082 0.672438 1.52675
Normal: -0 0.965928 -0.258812
UV: 0.385235 0.253151

Position: 1.24967 0.672438 1.52675
Normal: 1 2.27857e-007 0
UV: 0.494896 0.21636

Position: 1.24967 0.540063 1.39438
Normal: 1 2.27858e-007 0
UV: 0.541747 0.203807

Position: 1.24967 0.359236 1.70758
Normal: 1 -8.99199e-013 0
UV: 0.494896 0.122657

Position: 1.24967 0.359236 1.34592
Normal: 1 0 0
UV: 0.576046 0.169508

Position: 1.24967 0.178409 1.39438
Normal: 1 0 0
UV: 0.588599 0.122654

Position: 1.24967 0.0460344 1.52675
Normal: 1 0 0
UV: 0.576046 0.0758036

Position: 1.24967 -0.00241825 1.70758
Normal: 1 0 0
UV: 0.541749 0.0415074

Position: 1.24967 0.0460344 1.8884
Normal: 1 -2.27857e-007 0
UV: 0.494896 0.0289512

Position: 1.24967 0.178409 2.02078
Normal: 1 -2.27855e-007 0
UV: 0.448044 0.0415043

Position: 1.24967 0.359236 2.06923
Normal: 1 0 0
UV: 0.413744 0.075802

Position: 1.24967 0.540063 2.02078
Normal: 1 0 0
UV: 0.40119 0.122654

Position: 1.24967 0.672438 1.8884
Normal: 1 0 0
UV: 0.413744 0.169508

Position: 1.24967 0.72089 1.70758
Normal: 1 0 0
UV: 0.448044 0.203806

Position: 1.19744 1.55006 -0.997748
Normal: -0 0.938584 -0.345052
UV: 0.736051 0.308724

Position: 1.52156 1.50452 -1.12162
Normal: -0 0.938584 -0.345052
UV: 0.685353 0.288081

Position: 1.5797 1.55006 -0.997748
Normal: -0 0.938584 -0.345052
UV: 0.676259 0.308724

Position: 1.25558 1.50452 -1.12162
Normal: -0 0.938584 -0.345052
UV: 0.726956 0.288081

Position: 1.25558 1.29618 -1.12162
Normal: -0 0 -1
UV: 0.518609 0.717782

Position: 1.52156 1.29618 -1.12162
Normal: -0 0 -1
UV: 0.560213 0.717782

Position: 1.52156 1.50452 -1.12162
Normal: -0 0 -1
UV: 0.560213 0.685195

Position: 1.25558 1.50452 -1.12162
Normal: -0 0 -1
UV: 0.518609 0.685195

Position: 1.19744 1.25065 -0.997748
Normal: -0 -0.938583 -0.345054
UV: 0.474003 0.74008

Position: 1.5797 1.25065 -0.997748
Normal: -0 -0.938583 -0.345054
UV: 0.533795 0.74008

Position: 1.52156 1.29618 -1.12162
Normal: -0 -0.938583 -0.345054
UV: 0.5247 0.719438

Position: 1.25558 1.29618 -1.12162
Normal: -0 -0.938583 -0.345054
UV: 0.483097 0.719438

Position: 1.19744 1.55006 -0.997748
Normal: -0 0 1
UV: 0.549489 0.340527

Position: 1.5797 1.55006 -0.997748
Normal: -0 0 1
UV: 0.512522 0.340527

Position: 1.5797 1.25065 -0.997748
Normal: -0 0 1
UV: 0.512522 0.369482

Position: 1.19744 1.25065 -0.997748
Normal: -0 0 1
UV: 0.549489 0.369482

Position: 1.19744 1.55006 -0.997748
Normal: -0.905249 0 -0.424881
UV: 0.454881 0.725208

Position: 1.19744 1.25065 -0.997748
Normal: -0.905249 0 -0.424881
UV: 0.501714 0.725208

Position: 1.25558 1.29618 -1.12162
Normal: -0.905249 0 -0.424881
UV: 0.494591 0.703805

Position: 1.25558 1.50452 -1.12162
Normal: -0.905249 0 -0.424881
UV: 0.462004 0.703805

Position: 1.5797 1.55006 -0.997748
Normal: 0.905247 0 -0.424886
UV: 0.533528 0.715601

Position: 1.52156 1.29618 -1.12162
Normal: 0.905247 0 -0.424886
UV: 0.493818 0.694198

Position: 1.5797 1.25065 -0.997748
Normal: 0.905247 0 -0.424886
UV: 0.486695 0.7156

Position: 1.52156 1.50452 -1.12162
Normal: 0.905247 0 -0.424886
UV: 0.526405 0.694197

Position: 1.1643 0.549995 -2.68843
Normal: -7.08762e-007 0 -1
UV: 0.354073 0.338627

Position: 0.722378 0.549995 -2.68843
Normal: -2.04159e-014 0 -1
UV: 0.427908 0.338627

Position: 1.1643 0.359695 -2.68843
Normal: -7.08762e-007 0 -1
UV: 0.354077 0.370422

Position: 0.722378 0.359695 -2.68843
Normal: -0 0 -1
UV: 0.427908 0.370422

Position: 1.1643 2.36504 0.148676
Normal: 1 -1.65697e-007 0
UV: 0.0439042 0.0390904

Position: 1.1643 2.36504 -0.913835
Normal: 1 0 0
UV: 0.221426 0.0390904

Position: 1.1643 1.45664 0.140666
Normal: 1 3.28619e-008 0
UV: 0.0452426 0.190862

Position: 1.1643 1.45664 -0.993619
Normal: 1 8.66923e-008 0
UV: 0.234757 0.190862

Position: -0 1.47844 -1.13892
Normal: -0 0.0917086 -0.995786
UV: 0.2283 0.191702

Position: 1.05283 1.47844 -1.13892
Normal: 0.00256246 0.0909674 -0.995851
UV: 0.0523975 0.191702

Position: 1.05283 2.42072 -1.04962
Normal: 0.00254536 0.0966201 -0.995318
UV: 0.0523975 0.0335637

Position: -0 2.42072 -1.04962
Normal: -0 0.0961572 -0.995366
UV: 0.2283 0.0335637

Position: 0.722378 0.359695 -1.14601
Normal: -0 -1 0
UV: 0.917188 0.473232

Position: 0.722378 0.359695 -2.18898
Normal: -0 -1 0
UV: 0.917188 0.391153

Position: -0 0.359695 -1.14601
Normal: -0 -1 0
UV: 0.974038 0.473232

Position: -0 0.359695 -2.18898
Normal: -0 -1 0
UV: 0.974038 0.391153

Position: 1.1643 1.37554 -2.18898
Normal: -0 1 0
UV: 0.776156 0.596556

Position: -0 1.37554 -2.18898
Normal: -0 1 0
UV: 0.776156 0.40203

Position: -0 1.37554 -2.58829
Normal: -0 1 0
UV: 0.842873 0.402031

Position: 1.1643 1.37554 -2.58829
Normal: -0 1 0
UV: 0.842872 0.596558

Position: 1.1643 0.359695 -1.14601
Normal: 1 5.06164e-008 0
UV: 0.649183 0.980806

Position: 1.1643 0.551422 -2.18898
Normal: 1 0 0
UV: 0.82344 0.948821

Position: 1.1643 0.359695 -2.18898
Normal: 1 0 0
UV: 0.823425 0.980858

Position: -0 1.37554 -1.14601
Normal: -0 0.0686942 -0.997638
UV: 0.804076 0.261967

Position: 1.1643 1.37554 -1.14601
Normal: 0.0105963 0.0820676 -0.99657
UV: 0.609548 0.261962

Position: 1.05283 1.47844 -1.13892
Normal: 0.00256246 0.0909674 -0.995851
UV: 0.628174 0.244732

Position: -0 1.47844 -1.13892
Normal: -0 0.0917086 -0.995786
UV: 0.804076 0.244733

Position: 1.1643 2.51564 -1.03881
Normal: 0.0114559 0.102164 -0.994702
UV: 0.609543 0.0706346

Position: -0 2.51564 -1.03881
Normal: -0 0.11318 -0.993575
UV: 0.804071 0.0706357

Position: 1.05283 2.42072 -1.04962
Normal: 0.00254536 0.0966201 -0.995318
UV: 0.628169 0.0865961

Position: -0 2.42072 -1.04962
Normal: -0 0.0961572 -0.995366
UV: 0.804071 0.0865982

Position: 1.1643 2.36504 -0.913835
Normal: 1 0 0
UV: 0.610113 0.645757

Position: 1.1643 1.37554 -1.14601
Normal: 1 1.05093e-007 0
UV: 0.649215 0.811057

Position: 1.1643 1.45664 -0.993619
Normal: 1 8.66923e-008 0
UV: 0.623729 0.797523

Position: 1.1643 2.51564 -1.03881
Normal: 1 -7.95784e-008 0
UV: 0.630968 0.620556

Position: 1.1643 2.36504 0.148676
Normal: 1 -1.65697e-007 0
UV: 0.432581 0.645769

Position: 1.1643 1.45664 0.320979
Normal: 1 5.51514e-008 0
UV: 0.404063 0.798428

Position: 1.1643 2.36504 0.320953
Normal: 1 -4.3263e-007 0
UV: 0.403805 0.645799

Position: 1.1643 1.45664 0.140666
Normal: 1 3.28619e-008 0
UV: 0.434193 0.797538

Position: 1.1643 1.37554 -2.18898
Normal: 1 0 0
UV: 0.823483 0.811131

Position: 1.1643 1.09334 -2.18898
Normal: 1 0 0
UV: 0.823463 0.85828

Position: -0 0.549995 -2.58829
Normal: -0 0 -1
UV: 0.236473 0.377272

Position: 0.722378 0.549995 -2.58829
Normal: -0 0 -1
UV: 0.115781 0.37728

Position: 0.722378 0.765314 -2.58829
Normal: -8.85736e-008 0 -1
UV: 0.115779 0.341303

Position: 1.1643 0.359695 -2.58829
Normal: 1 0 0
UV: 0.33735 0.370426

Position: 1.1643 0.549995 -2.58829
Normal: 1 0 0
UV: 0.337341 0.33863

Position: 1.1643 0.549995 -2.68843
Normal: 1 0 0
UV: 0.354073 0.338627

Position: 1.1643 0.359695 -2.68843
Normal: 1 0 0
UV: 0.354077 0.370422

Position: 1.1643 0.549995 -2.58829
Normal: -1.34877e-007 1 -6.73492e-007
UV: 0.457559 0.361053

Position: 0.722378 0.549995 -2.58829
Normal: 4.84998e-015 1 -5.11258e-007
UV: 0.383724 0.361053

Position: 0.722378 0.549995 -2.68843
Normal: 4.84998e-015 1 -5.11258e-007
UV: 0.383724 0.344323

Position: 1.1643 0.549995 -2.68843
Normal: -1.34877e-007 1 -6.73492e-007
UV: 0.457559 0.344323

Position: 0.722378 0.359695 -2.68843
Normal: -0 -1 0
UV: 0.917188 0.351849

Position: -0 0.359695 -2.58829
Normal: -0 -1 0
UV: 0.974038 0.359729

Position: 0.722378 0.359695 -2.58829
Normal: -0 -1 0
UV: 0.917188 0.359729

Position: -0 0.359695 -2.68843
Normal: -0 -1 0
UV: 0.974038 0.351848

Position: -0 2.51564 0.3209
Normal: -0 1 0
UV: 0.355313 0.402418

Position: 1.1643 2.51564 -1.03881
Normal: -0 1 0
UV: 0.582487 0.596944

Position: 1.1643 2.51564 0.3209
Normal: -0 1 0
UV: 0.355313 0.596943

Position: -0 2.51564 -1.03881
Normal: -0 1 0
UV: 0.582487 0.402416

Position: 1.1643 0.359695 0.320889
Normal: -0 -1 0
UV: 0.882375 0.588673

Position: 1.1643 0.359695 -1.14601
Normal: -0 -1 0
UV: 0.88241 0.473232

Position: 0.722378 0.359695 0.320884
Normal: -0 -1 0
UV: 0.917084 0.588673

Position: 1.1643 2.51564 0.3209
Normal: 1 -1.03335e-006 0
UV: 0.403798 0.620675

Position: 1.1643 0.765314 -2.18898
Normal: 1 0 0
UV: 0.959194 0.304103

Position: 1.1643 1.09334 -2.18898
Normal: 1 0 0
UV: 0.90439 0.304086

Position: 1.1643 1.09334 -2.58829
Normal: 1 0 0
UV: 0.904419 0.237368

Position: 1.1643 0.765314 -2.58829
Normal: 1 0 0
UV: 0.959228 0.237386

Position: 1.1643 1.09334 -2.58829
Normal: 1.85967e-007 0 -1
UV: 0.0419451 0.286494

Position: 1.1643 1.37554 -2.58829
Normal: 2.47967e-007 0 -1
UV: 0.0419451 0.239339

Position: 0.722378 1.09334 -2.58829
Normal: -6.5475e-008 0 -1
UV: 0.115779 0.286492

Position: 1.1643 0.359695 0.320889
Normal: 1 6.58487e-008 0
UV: 0.404098 0.980849

Position: 0.722378 0.765314 -2.58829
Normal: -8.85736e-008 0 -1
UV: 0.95925 0.163552

Position: 1.1643 0.765314 -2.58829
Normal: -0 0 -1
UV: 0.959228 0.237386

Position: 0.722378 1.09334 -2.58829
Normal: -6.5475e-008 0 -1
UV: 0.904439 0.163535

Position: 1.1643 1.09334 -2.58829
Normal: 1.85967e-007 0 -1
UV: 0.904419 0.237368

Position: 1.1643 0.765314 -2.18898
Normal: 1 0 0
UV: 0.823446 0.913083

Position: 1.1643 0.765314 -2.58829
Normal: 1 0 0
UV: 0.890163 0.913117

Position: 1.1643 0.549995 -2.58829
Normal: 1 0 0
UV: 0.890153 0.949096

Position: 1.1643 0.359695 -2.18898
Normal: -0 -1 0
UV: 0.88241 0.391153

Position: 1.1643 0.359695 -2.58829
Normal: -0 -1 0
UV: 0.88241 0.359729

Position: 1.1643 1.37554 -1.14601
Normal: -0 1 0
UV: 0.601901 0.596558

Position: -0 1.37554 -1.14601
Normal: -0 1 0
UV: 0.601899 0.402031

Position: 1.1643 0.359695 -2.18898
Normal: 1 0 0
UV: 0.270637 0.370444

Position: 1.1643 0.551422 -2.18898
Normal: 1 0 0
UV: 0.270627 0.338406

Position: 1.1643 1.09334 -2.58829
Normal: 1 0 0
UV: 0.890182 0.858309

Position: 1.1643 1.37554 -2.58829
Normal: 1 0 0
UV: 0.8902 0.811161

Position: -0 0.359695 -2.68843
Normal: 8.16992e-008 0 -1
UV: 0.548601 0.370422

Position: -0 0.549995 -2.68843
Normal: 8.16992e-008 0 -1
UV: 0.548601 0.338627

Position: 1.1643 0.549995 -2.58829
Normal: -0 0 -1
UV: 0.0419461 0.37728

Position: 1.1643 0.765314 -2.58829
Normal: -0 0 -1
UV: 0.0419451 0.341304

Position: -0 0.549995 -2.68843
Normal: -0 1 -4.12011e-007
UV: 0.263031 0.344323

Position: -0 0.549995 -2.58829
Normal: -0 1 -4.12011e-007
UV: 0.263031 0.361053

Position: 1.1643 0.359695 -2.68843
Normal: -0 -1 0
UV: 0.88241 0.351848

Position: -0 0.359695 0.320879
Normal: -0 -1 0
UV: 0.973999 0.588673

Position: -0 1.37554 -2.58829
Normal: -0 0 -1
UV: 0.236473 0.239351

Position: 1.24967 0.540063 -1.96209
Normal: -0 0.707099 -0.707115
UV: 0.314237 0.225609

Position: 1.082 0.672438 -1.82972
Normal: -0 0.707099 -0.707115
UV: 0.28296 0.253623

Position: 1.082 0.540063 -1.96209
Normal: -0 0.707099 -0.707115
UV: 0.314237 0.253623

Position: 1.24967 0.672438 -1.82972
Normal: -0 0.707099 -0.707115
UV: 0.28296 0.225609

Position: 1.24967 0.359236 -2.01054
Normal: -0 0.258823 -0.965925
UV: 0.345514 0.225609

Position: 1.082 0.540063 -1.96209
Normal: -0 0.258823 -0.965925
UV: 0.314237 0.253623

Position: 1.082 0.359236 -2.01054
Normal: -0 0.258823 -0.965925
UV: 0.345514 0.253623

Position: 1.24967 0.540063 -1.96209
Normal: -0 0.258823 -0.965925
UV: 0.314237 0.225609

Position: 1.24967 0.178409 -1.96209
Normal: -0 -0.258823 -0.965925
UV: 0.37679 0.225609

Position: 1.082 0.359236 -2.01054
Normal: -0 -0.258823 -0.965925
UV: 0.345514 0.253623

Position: 1.082 0.178409 -1.96209
Normal: -0 -0.258823 -0.965925
UV: 0.37679 0.253623

Position: 1.24967 0.359236 -2.01054
Normal: -0 -0.258823 -0.965925
UV: 0.345514 0.225609

Position: 1.24967 0.0460345 -1.82972
Normal: -0 -0.707099 -0.707114
UV: 0.408067 0.225609

Position: 1.082 0.178409 -1.96209
Normal: -0 -0.707099 -0.707114
UV: 0.37679 0.253623

Position: 1.082 0.0460345 -1.82972
Normal: -0 -0.707099 -0.707114
UV: 0.408067 0.253623

Position: 1.24967 0.178409 -1.96209
Normal: -0 -0.707099 -0.707114
UV: 0.37679 0.225609

Position: 1.24967 -0.00241823 -1.64889
Normal: -0 -0.965927 -0.258816
UV: 0.365332 0.261916

Position: 1.082 0.0460345 -1.82972
Normal: -0 -0.965927 -0.258816
UV: 0.39661 0.233903

Position: 1.082 -0.00241823 -1.64889
Normal: -0 -0.965927 -0.258816
UV: 0.365332 0.233902

Position: 1.24967 0.0460345 -1.82972
Normal: -0 -0.965927 -0.258816
UV: 0.39661 0.261917

Position: 1.24967 0.0460345 -1.46806
Normal: -0 -0.965925 0.258823
UV: 0.334055 0.261916

Position: 1.082 -0.00241823 -1.64889
Normal: -0 -0.965925 0.258823
UV: 0.365332 0.233902

Position: 1.082 0.0460345 -1.46806
Normal: -0 -0.965925 0.258823
UV: 0.334055 0.233902

Position: 1.24967 -0.00241823 -1.64889
Normal: -0 -0.965925 0.258823
UV: 0.365332 0.261916

Position: 1.24967 0.178409 -1.33569
Normal: -0 -0.707113 0.7071
UV: 0.302777 0.261916

Position: 1.082 0.0460345 -1.46806
Normal: -0 -0.707113 0.7071
UV: 0.334055 0.233902

Position: 1.082 0.178409 -1.33569
Normal: -0 -0.707113 0.7071
UV: 0.302777 0.233902

Position: 1.24967 0.0460345 -1.46806
Normal: -0 -0.707113 0.7071
UV: 0.334055 0.261916

Position: 1.24967 0.359236 -1.28723
Normal: -0 -0.258823 0.965925
UV: 0.358616 0.254274

Position: 1.082 0.178409 -1.33569
Normal: -0 -0.258823 0.965925
UV: 0.389894 0.22626

Position: 1.082 0.359236 -1.28723
Normal: -0 -0.258823 0.965925
UV: 0.358616 0.22626

Position: 1.24967 0.178409 -1.33569
Normal: -0 -0.258823 0.965925
UV: 0.389894 0.254274

Position: 1.24967 0.540063 -1.33569
Normal: -0 0.258823 0.965925
UV: 0.32734 0.254274

Position: 1.082 0.359236 -1.28723
Normal: -0 0.258823 0.965925
UV: 0.358616 0.22626

Position: 1.082 0.540063 -1.33569
Normal: -0 0.258823 0.965925
UV: 0.32734 0.22626

Position: 1.24967 0.359236 -1.28723
Normal: -0 0.258823 0.965925
UV: 0.358616 0.254274

Position: 1.24967 0.540063 -1.33569
Normal: -0 0.707113 0.707101
UV: 0.32734 0.254274

Position: 1.082 0.540063 -1.33569
Normal: -0 0.707113 0.707101
UV: 0.32734 0.22626

Position: 1.24967 0.672438 -1.46806
Normal: -0 0.707113 0.707101
UV: 0.296062 0.254274

Position: 1.082 0.672438 -1.46806
Normal: -0 0.707113 0.707101
UV: 0.296062 0.22626

Position: 1.24967 0.672438 -1.46806
Normal: -0 0.965926 0.25882
UV: 0.322679 0.225136

Position: 1.082 0.672438 -1.46806
Normal: -0 0.965926 0.25882
UV: 0.322679 0.253151

Position: 1.24967 0.72089 -1.64889
Normal: -0 0.965926 0.25882
UV: 0.353957 0.225136

Position: 1.082 0.72089 -1.64889
Normal: -0 0.965926 0.25882
UV: 0.353957 0.253151

Position: 1.24967 0.72089 -1.64889
Normal: -0 0.965928 -0.258812
UV: 0.353957 0.225136

Position: 1.082 0.72089 -1.64889
Normal: -0 0.965928 -0.258812
UV: 0.353957 0.253151

Position: 1.24967 0.672438 -1.82972
Normal: -0 0.965928 -0.258812
UV: 0.385235 0.225136

Position: 1.082 0.672438 -1.82972
Normal: -0 0.965928 -0.258812
UV: 0.385235 0.253151

Position: 1.24967 0.672438 -1.82972
Normal: 1 2.27858e-007 0
UV: 0.494896 0.21636

Position: 1.24967 0.540063 -1.96209
Normal: 1 2.27858e-007 0
UV: 0.541747 0.203807

Position: 1.24967 0.359236 -1.64889
Normal: 1 -8.99199e-013 0
UV: 0.494896 0.122657

Position: 1.24967 0.359236 -2.01054
Normal: 1 0 0
UV: 0.576046 0.169508

Position: 1.24967 0.178409 -1.96209
Normal: 1 0 0
UV: 0.588599 0.122654

Position: 1.24967 0.0460345 -1.82972
Normal: 1 0 0
UV: 0.576046 0.0758036

Position: 1.24967 -0.00241823 -1.64889
Normal: 1 0 0
UV: 0.541749 0.0415074

Position: 1.24967 0.0460345 -1.46806
Normal: 1 -2.27858e-007 0
UV: 0.494896 0.0289512

Position: 1.24967 0.178409 -1.33569
Normal: 1 -2.27855e-007 0
UV: 0.448044 0.0415043

Position: 1.24967 0.359236 -1.28723
Normal: 1 0 0
UV: 0.413744 0.075802

Position: 1.24967 0.540063 -1.33569
Normal: 1 0 0
UV: 0.40119 0.122654

Position: 1.24967 0.672438 -1.46806
Normal: 1 0 0
UV: 0.413744 0.169508

Position: 1.24967 0.72089 -1.64889
Normal: 1 0 0
UV: 0.448044 0.203806

Position: 1.1643 0.359695 0.320889
Normal: 1 6.58487e-008 0
UV: 0.406085 0.98041

Position: 1.1643 0.359695 2.24367
Normal: 1 0 0
UV: 0.0851696 0.98041

Position: 1.1643 0.545437 2.24367
Normal: 1 0 0
UV: 0.0851696 0.949409

Position: 1.1643 1.45664 0.320979
Normal: 1 5.51514e-008 0
UV: 0.40607 0.797327

Position: 1.1643 1.09334 2.24367
Normal: 1 -7.41079e-008 0
UV: 0.0851696 0.857962

Position: 1.1643 1.45664 2.68843
Normal: 1 -4.46067e-007 0
UV: 0.0109368 0.797327

Position: 1.1643 0.359695 2.24367
Normal: -0 -1 1.40461e-008
UV: 0.893625 0.670022

Position: 0.722378 0.359695 0.320884
Normal: -0 -1 0
UV: 0.951975 0.416143

Position: 0.71205 0.359695 2.24366
Normal: -0 -1 5.40804e-009
UV: 0.953338 0.670022

Position: 1.1643 0.359695 0.320889
Normal: -0 -1 0
UV: 0.893625 0.416144

Position: 1.1643 0.765314 2.24367
Normal: 1 8.77168e-008 0
UV: 0.0851697 0.912711

Position: 0.71205 0.359695 2.24366
Normal: -0 -1 5.40804e-009
UV: 0.882579 0.7046

Position: -0 0.359695 0.320879
Normal: -0 -1 0
UV: 0.977048 0.450722

Position: -0 0.359695 2.24365
Normal: -0 -1 0
UV: 0.976522 0.7046

Position: 0.722378 0.359695 0.320884
Normal: -0 -1 0
UV: 0.881215 0.450722

Position: 1.1643 1.09334 2.68834
Normal: 1 0 0
UV: 0.0109527 0.857962

Position: 1.1643 1.09334 2.68834
Normal: 1 0 0
UV: 0.950637 0.0580822

Position: 1.1643 0.765314 2.24367
Normal: 1 8.77168e-008 0
UV: 0.906238 0.118269

Position: 1.1643 0.765314 2.68834
Normal: 1 0 0
UV: 0.906238 0.0580822

Position: 1.1643 1.09334 2.24367
Normal: 1 -7.41079e-008 0
UV: 0.950637 0.118269

Position: 1.1643 0.765314 2.68834
Normal: 1 0 0
UV: 0.0109528 0.912711

Position: 1.1643 0.545437 2.68834
Normal: 1 0 0
UV: 0.0109528 0.949409

Position: 1.1643 0.545437 2.68834
Normal: 1 0 0
UV: 0.37593 0.366395

Position: 1.1643 0.359695 2.24367
Normal: 1 0 0
UV: 0.313167 0.341113

Position: 1.1643 0.359695 2.68834
Normal: 1 0 0
UV: 0.37593 0.342049

Position: 1.1643 0.545437 2.24367
Normal: 1 0 0
UV: 0.313166 0.367329

Position: 1.1643 0.359695 2.68834
Normal: -0 -1 7.40411e-008
UV: 0.893625 0.728736

Position: 0.711359 0.359695 2.68834
Normal: -0 -1 2.87466e-008
UV: 0.953429 0.728736

Position: 0.711359 0.359695 2.68834
Normal: -0 -1 2.87466e-008
UV: 0.901134 0.575536

Position: -0 0.359695 2.24365
Normal: -0 -1 0
UV: 0.967608 0.68179

Position: -0 0.359695 2.68834
Normal: -0 -1 0
UV: 0.901135 0.68179

Position: 0.71205 0.359695 2.24366
Normal: -0 -1 5.40804e-009
UV: 0.967607 0.575433

Position: 1.1643 0.545437 2.68834
Normal: -0 0 1
UV: 0.37593 0.366395

Position: 0.711359 0.359695 2.68834
Normal: -0 0 1
UV: 0.430735 0.342985

Position: 0.710667 0.545437 2.68834
Normal: 1.44441e-005 -4.69591e-005 1
UV: 0.430819 0.365459

Position: 1.1643 0.359695 2.68834
Normal: -0 0 1
UV: 0.37593 0.342049

Position: 1.1643 1.45664 2.68843
Normal: -0 -0.000261191 1
UV: 0.852602 0.610354

Position: 0.710667 1.09334 2.68834
Normal: 2.52056e-005 -0.000163079 1
UV: 0.781568 0.667244

Position: -0 1.45664 2.68843
Normal: -9.62448e-008 -0.000127737 1
UV: 0.670403 0.610354

Position: 1.1643 1.09334 2.68834
Normal: -0 -0.000173397 1
UV: 0.852602 0.667244

Position: 0.710667 1.09334 2.68834
Normal: 2.52056e-005 -0.000163079 1
UV: 0.957809 0.18764

Position: 1.1643 1.09334 2.68834
Normal: -0 -0.000173397 1
UV: 0.957809 0.2705

Position: 1.1643 0.765314 2.68834
Normal: -0 0 1
UV: 0.897891 0.2705

Position: 0.710667 0.765314 2.68834
Normal: 2.57393e-005 -5.54246e-005 1
UV: 0.897891 0.18764

Position: 0.710667 0.765314 2.68834
Normal: 2.57393e-005 -5.54246e-005 1
UV: 0.781568 0.718611

Position: 1.1643 0.765314 2.68834
Normal: -0 0 1
UV: 0.852602 0.718611

Position: 1.1643 0.545437 2.68834
Normal: -0 0 1
UV: 0.852602 0.753042

Position: 0.710667 0.545437 2.68834
Normal: 1.44441e-005 -4.69591e-005 1
UV: 0.781568 0.753042

Position: -0 0.359695 2.68834
Normal: -0 0 1
UV: 0.516722 0.342985

Position: -0 0.545437 2.68834
Normal: -1.11625e-007 -6.31447e-005 1
UV: 0.516718 0.365459

Position: -0 0.545437 2.68834
Normal: -1.11625e-007 -6.31447e-005 1
UV: 0.670403 0.753042

Position: -0 2.29743 0.320953
Normal: -0 7.8852e-005 1
UV: 0.234602 0.170613

Position: 1.06297 2.29743 0.320953
Normal: -4.66908e-006 7.57197e-005 1
UV: 0.0405858 0.170613

Position: 1.06297 1.55112 0.320974
Normal: -2.57532e-006 3.24669e-005 1
UV: 0.0405858 0.0342907

Position: -0 1.55112 0.320974
Normal: -0 3.15367e-005 1
UV: 0.234602 0.0342907

Position: -0 2.42117 0.320905
Normal: -0 0.000238257 1
UV: 0.234602 0.193214

Position: 1.06297 2.42117 0.320905
Normal: -1.75259e-005 0.000214589 1
UV: 0.0405858 0.193214

Position: 1.1643 2.36504 0.320953
Normal: -8.75685e-005 0.000118698 1
UV: 0.831789 0.621416

Position: 1.06297 1.55112 0.320974
Normal: -2.57532e-006 3.24669e-005 1
UV: 0.683118 0.602908

Position: 1.06297 2.29743 0.320953
Normal: -4.66908e-006 7.57197e-005 1
UV: 0.81944 0.602908

Position: 1.1643 1.45664 0.320979
Normal: -1.04265e-005 4.33752e-005 1
UV: 0.665861 0.621416

Position: -0 1.45664 0.320979
Normal: -0 5.61501e-005 1
UV: 0.665861 0.408644

Position: -0 1.55112 0.320974
Normal: -0 3.15367e-005 1
UV: 0.683118 0.408892

Position: 1.06297 2.42117 0.320905
Normal: -1.75259e-005 0.000214589 1
UV: 0.842041 0.602908

Position: 1.1643 2.51564 0.3209
Normal: -3.36202e-005 9.52075e-005 1
UV: 0.859298 0.621416

Position: -0 2.51564 0.3209
Normal: -0 5.61503e-005 1
UV: 0.859298 0.408644

Position: -0 2.42117 0.320905
Normal: -0 0.000238257 1
UV: 0.842041 0.408892

Position: 1.01807 1.45664 0.484201
Normal: -0 1 -2.31122e-007
UV: 0.326974 0.555651

Position: 1.1643 1.45664 2.68843
Normal: -0 1 2.60104e-007
UV: 0.0286295 0.575442

Position: 1.01807 1.45664 2.52521
Normal: -0 1 2.31122e-007
UV: 0.0507218 0.555651

Position: 1.1643 1.45664 0.320979
Normal: -0 1 -2.60105e-007
UV: 0.349067 0.575442

Position: -0 1.45664 2.52521
Normal: -0 1 6.6932e-007
UV: 0.0507218 0.418028

Position: -0 1.45664 2.68843
Normal: -0 1 6.6932e-007
UV: 0.0286295 0.417957

Position: -0 1.45664 0.320979
Normal: -0 1 -5.85655e-007
UV: 0.349067 0.417778

Position: -0 1.45664 0.484201
Normal: -0 1 -5.85655e-007
UV: 0.326974 0.417894

Position: 1.01807 0.787057 0.484201
Normal: -1 0 0
UV: 0.390878 0.638909

Position: 1.01807 1.45664 2.52521
Normal: -1 0 0
UV: 0.0180658 0.761216

Position: 1.01807 0.787057 2.52521
Normal: -1 0 0
UV: 0.0180658 0.638909

Position: 1.01807 1.45664 0.484201
Normal: -1 0 0
UV: 0.390878 0.761216

Position: 1.01807 0.787057 2.52521
Normal: -0 0 -1
UV: 0.11924 0.758563

Position: -0 1.45664 2.52521
Normal: -0 0 -1
UV: 0.304966 0.636256

Position: -0 0.787057 2.52521
Normal: -0 0 -1
UV: 0.305438 0.758563

Position: 1.01807 1.45664 2.52521
Normal: -0 0 -1
UV: 0.11924 0.636256

Position: -0 1.45664 0.484201
Normal: -0 0 1
UV: 0.289743 0.757619

Position: 1.01807 1.45664 0.484201
Normal: -0 0 1
UV: 0.103836 0.757619

Position: -0 0.787057 0.484201
Normal: -0 0 1
UV: 0.289743 0.635312

Position: 1.01807 0.787057 0.484201
Normal: -0 0 1
UV: 0.103836 0.635312

Position: -0 0.787057 2.52521
Normal: -0 1 0
UV: 0.028771 0.416069

Position: 1.01807 0.787057 0.484201
Normal: -0 1 0
UV: 0.327685 0.56536

Position: 1.01807 0.787057 2.52521
Normal: -0 1 0
UV: 0.028771 0.56536

Position: -0 0.787057 0.484201
Normal: -0 1 0
UV: 0.327685 0.416303

Position: -1.52156 1.50452 -1.12162
Normal: -0 0.938583 -0.345053
UV: 0.685353 0.288081

Position: -1.19744 1.55006 -0.997748
Normal: -0 0.938583 -0.345053
UV: 0.736051 0.308724

Position: -1.5797 1.55006 -0.997748
Normal: -0 0.938583 -0.345053
UV: 0.676259 0.308724

Position: -1.25558 1.50452 -1.12162
Normal: -0 0.938583 -0.345053
UV: 0.726956 0.288081

Position: -1.25558 1.29618 -1.12162
Normal: -0 0 -1
UV: 0.518609 0.717782

Position: -1.52156 1.50452 -1.12162
Normal: -0 0 -1
UV: 0.560213 0.685195

Position: -1.52156 1.29618 -1.12162
Normal: -0 0 -1
UV: 0.560213 0.717782

Position: -1.25558 1.50452 -1.12162
Normal: -0 0 -1
UV: 0.518609 0.685195

Position: -1.5797 1.25065 -0.997748
Normal: -0 -0.938583 -0.345054
UV: 0.533795 0.74008

Position: -1.19744 1.25065 -0.997748
Normal: -0 -0.938583 -0.345054
UV: 0.474003 0.74008

Position: -1.52156 1.29618 -1.12162
Normal: -0 -0.938583 -0.345054
UV: 0.5247 0.719438

Position: -1.25558 1.29618 -1.12162
Normal: -0 -0.938583 -0.345054
UV: 0.483097 0.719438

Position: -1.19744 1.55006 -0.997748
Normal: -0 0 1
UV: 0.549489 0.340527

Position: -1.5797 1.25065 -0.997748
Normal: -0 0 1
UV: 0.512522 0.369482

Position: -1.5797 1.55006 -0.997748
Normal: -0 0 1
UV: 0.512522 0.340527

Position: -1.19744 1.25065 -0.997748
Normal: -0 0 1
UV: 0.549489 0.369482

Position: -1.25558 1.50452 -1.12162
Normal: 0.905249 0 -0.424882
UV: 0.462004 0.703805

Position: -1.25558 1.29618 -1.12162
Normal: 0.905249 0 -0.424882
UV: 0.494591 0.703805

Position: -1.19744 1.55006 -0.997748
Normal: 0.905249 0 -0.424882
UV: 0.454881 0.725208

Position: -1.19744 1.25065 -0.997748
Normal: 0.905249 0 -0.424882
UV: 0.501714 0.725208

Position: -1.52156 1.29618 -1.12162
Normal: -0.905247 0 -0.424886
UV: 0.493818 0.694198

Position: -1.5797 1.55006 -0.997748
Normal: -0.905247 0 -0.424886
UV: 0.533528 0.715601

Position: -1.5797 1.25065 -0.997748
Normal: -0.905247 0 -0.424886
UV: 0.486695 0.7156

Position: -1.52156 1.50452 -1.12162
Normal: -0.905247 0 -0.424886
UV: 0.526405 0.694197

Position: -1.1643 0.359695 -2.68843
Normal: 7.08762e-007 0 -1
UV: 0.354077 0.370422

Position: -0.722378 0.359695 -2.68843
Normal: 1.01379e-007 0 -1
UV: 0.427908 0.370422

Position: -0.722378 0.549995 -2.68843
Normal: 1.01379e-007 0 -1
UV: 0.427908 0.338627

Position: -1.1643 0.549995 -2.68843
Normal: 7.08762e-007 0 -1
UV: 0.354073 0.338627

Position: -1.1643 2.36504 0.148676
Normal: -1 -1.78802e-007 0
UV: 0.0439042 0.0390904

Position: -1.1643 1.45664 0.140666
Normal: -1 -8.16657e-009 0
UV: 0.0452426 0.190862

Position: -1.1643 2.36504 -0.913835
Normal: -1 1.6782e-008 0
UV: 0.221426 0.0390904

Position: -1.1643 1.45664 -0.993619
Normal: -1 7.9118e-008 0
UV: 0.234757 0.190862

Position: -1.05283 2.42072 -1.04962
Normal: -0.0025453 0.0966201 -0.995318
UV: 0.0523975 0.0335637

Position: -1.05283 1.47844 -1.13892
Normal: -0.0025624 0.0909674 -0.995851
UV: 0.0523975 0.191702

Position: -0.722378 0.359695 -1.14601
Normal: -0 -1 0
UV: 0.917188 0.473232

Position: -0.722378 0.359695 -2.18898
Normal: -0 -1 0
UV: 0.917188 0.391153

Position: -1.1643 1.37554 -2.18898
Normal: -0 1 0
UV: 0.776156 0.596556

Position: -1.1643 1.37554 -2.58829
Normal: -0 1 0
UV: 0.842872 0.596558

Position: -1.1643 0.359695 -1.14601
Normal: -1 4.96813e-008 0
UV: 0.649183 0.980806

Position: -1.1643 0.359695 -2.18898
Normal: -1 0 0
UV: 0.823425 0.980858

Position: -1.1643 0.551422 -2.18898
Normal: -1 0 0
UV: 0.82344 0.948821

Position: -1.05283 1.47844 -1.13892
Normal: -0.0025624 0.0909674 -0.995851
UV: 0.628174 0.244732

Position: -1.1643 1.37554 -1.14601
Normal: -0.0105961 0.0820676 -0.99657
UV: 0.609548 0.261962

Position: -1.05283 2.42072 -1.04962
Normal: -0.0025453 0.0966201 -0.995318
UV: 0.628169 0.0865961

Position: -1.1643 2.51564 -1.03881
Normal: -0.0114557 0.102164 -0.994702
UV: 0.609543 0.0706346

Position: -1.1643 1.37554 -1.14601
Normal: -1 1.05093e-007 0
UV: 0.649215 0.811057

Position: -1.1643 2.36504 -0.913835
Normal: -1 1.6782e-008 0
UV: 0.610113 0.645757

Position: -1.1643 1.45664 -0.993619
Normal: -1 7.9118e-008 0
UV: 0.623729 0.797523

Position: -1.1643 2.51564 -1.03881
Normal: -1 3.90108e-008 0
UV: 0.630968 0.620556

Position: -1.1643 1.45664 0.140666
Normal: -1 -8.16657e-009 0
UV: 0.434193 0.797538

Position: -1.1643 2.36504 0.148676
Normal: -1 -1.78802e-007 0
UV: 0.432581 0.645769

Position: -1.1643 1.45664 0.320979
Normal: -1 8.66371e-008 0
UV: 0.404063 0.798428

Position: -1.1643 2.36504 0.320953
Normal: -1 -4.39748e-007 0
UV: 0.403805 0.645799

Position: -1.1643 1.09334 -2.18898
Normal: -1 0 0
UV: 0.823463 0.85828

Position: -1.1643 1.37554 -2.18898
Normal: -1 0 0
UV: 0.823483 0.811131

Position: -0.722378 0.765314 -2.58829
Normal: 8.85736e-008 0 -1
UV: 0.115779 0.341303

Position: -0.722378 0.549995 -2.58829
Normal: -0 0 -1
UV: 0.115781 0.37728

Position: -1.1643 0.359695 -2.68843
Normal: -1 0 0
UV: 0.354077 0.370422

Position: -1.1643 0.549995 -2.68843
Normal: -1 0 0
UV: 0.354073 0.338627

Position: -1.1643 0.359695 -2.58829
Normal: -1 0 0
UV: 0.33735 0.370426

Position: -1.1643 0.549995 -2.58829
Normal: -1 0 0
UV: 0.337341 0.33863

Position: -1.1643 0.549995 -2.68843
Normal: 1.34877e-007 1 -6.73492e-007
UV: 0.457559 0.344323

Position: -0.722378 0.549995 -2.68843
Normal: -4.84998e-015 1 -5.11258e-007
UV: 0.383724 0.344323

Position: -1.1643 0.549995 -2.58829
Normal: 1.34877e-007 1 -6.73492e-007
UV: 0.457559 0.361053

Position: -0.722378 0.549995 -2.58829
Normal: -4.84998e-015 1 -5.11258e-007
UV: 0.383724 0.361053

Position: -0.722378 0.359695 -2.68843
Normal: -0 -1 0
UV: 0.917188 0.351849

Position: -0.722378 0.359695 -2.58829
Normal: -0 -1 0
UV: 0.917188 0.359729

Position: -1.1643 2.51564 0.3209
Normal: -0 1 0
UV: 0.355313 0.596943

Position: -1.1643 2.51564 -1.03881
Normal: -0 1 0
UV: 0.582487 0.596944

Position: -0.722378 0.359695 0.320884
Normal: -0 -1 -1.30292e-009
UV: 0.917084 0.588673

Position: -1.1643 0.359695 -1.14601
Normal: -0 -1 0
UV: 0.88241 0.473232

Position: -1.1643 0.359695 0.320889
Normal: -0 -1 -3.39702e-009
UV: 0.882375 0.588673

Position: -1.1643 2.51564 0.3209
Normal: -1 -1.03335e-006 0
UV: 0.403798 0.620675

Position: -1.1643 0.765314 -2.18898
Normal: -1 0 0
UV: 0.959194 0.304103

Position: -1.1643 1.09334 -2.58829
Normal: -1 0 0
UV: 0.904419 0.237368

Position: -1.1643 1.09334 -2.18898
Normal: -1 0 0
UV: 0.90439 0.304086

Position: -1.1643 0.765314 -2.58829
Normal: -1 0 0
UV: 0.959228 0.237386

Position: -1.1643 1.09334 -2.58829
Normal: -2.87507e-007 0 -1
UV: 0.0419451 0.286494

Position: -0.722378 1.09334 -2.58829
Normal: 5.71346e-008 0 -1
UV: 0.115779 0.286492

Position: -1.1643 1.37554 -2.58829
Normal: -3.83359e-007 0 -1
UV: 0.0419451 0.239339

Position: -1.1643 0.359695 0.320889
Normal: -1 1.02447e-007 0
UV: 0.404098 0.980849

Position: -0.722378 0.765314 -2.58829
Normal: 8.85736e-008 0 -1
UV: 0.95925 0.163552

Position: -0.722378 1.09334 -2.58829
Normal: 5.71346e-008 0 -1
UV: 0.904439 0.163535

Position: -1.1643 0.765314 -2.58829
Normal: -0 0 -1
UV: 0.959228 0.237386

Position: -1.1643 1.09334 -2.58829
Normal: -2.87507e-007 0 -1
UV: 0.904419 0.237368

Position: -1.1643 0.765314 -2.58829
Normal: -1 0 0
UV: 0.890163 0.913117

Position: -1.1643 0.765314 -2.18898
Normal: -1 0 0
UV: 0.823446 0.913083

Position: -1.1643 0.549995 -2.58829
Normal: -1 0 0
UV: 0.890153 0.949096

Position: -1.1643 0.359695 -2.18898
Normal: -0 -1 0
UV: 0.88241 0.391153

Position: -1.1643 0.359695 -2.58829
Normal: -0 -1 0
UV: 0.88241 0.359729

Position: -1.1643 1.37554 -1.14601
Normal: -0 1 0
UV: 0.601901 0.596558

Position: -1.1643 0.359695 -2.18898
Normal: -1 0 0
UV: 0.270637 0.370444

Position: -1.1643 0.551422 -2.18898
Normal: -1 0 0
UV: 0.270627 0.338406

Position: -1.1643 1.09334 -2.58829
Normal: -1 0 0
UV: 0.890182 0.858309

Position: -1.1643 1.37554 -2.58829
Normal: -1 0 0
UV: 0.8902 0.811161

Position: -1.1643 0.765314 -2.58829
Normal: -0 0 -1
UV: 0.0419451 0.341304

Position: -1.1643 0.549995 -2.58829
Normal: -0 0 -1
UV: 0.0419461 0.37728

Position: -1.1643 0.359695 -2.68843
Normal: -0 -1 0
UV: 0.88241 0.351848

Position: -1.24967 0.540063 -1.96209
Normal: -0 0.707099 -0.707115
UV: 0.314237 0.225609

Position: -1.082 0.540063 -1.96209
Normal: -0 0.707099 -0.707115
UV: 0.314237 0.253623

Position: -1.082 0.672438 -1.82972
Normal: -0 0.707099 -0.707115
UV: 0.28296 0.253623

Position: -1.24967 0.672438 -1.82972
Normal: -0 0.707099 -0.707115
UV: 0.28296 0.225609

Position: -1.24967 0.359236 -2.01054
Normal: -0 0.258823 -0.965925
UV: 0.345514 0.225609

Position: -1.082 0.359236 -2.01054
Normal: -0 0.258823 -0.965925
UV: 0.345514 0.253623

Position: -1.082 0.540063 -1.96209
Normal: -0 0.258823 -0.965925
UV: 0.314237 0.253623

Position: -1.24967 0.540063 -1.96209
Normal: -0 0.258823 -0.965925
UV: 0.314237 0.225609

Position: -1.24967 0.178409 -1.96209
Normal: -0 -0.258823 -0.965925
UV: 0.37679 0.225609

Position: -1.082 0.178409 -1.96209
Normal: -0 -0.258823 -0.965925
UV: 0.37679 0.253623

Position: -1.082 0.359236 -2.01054
Normal: -0 -0.258823 -0.965925
UV: 0.345514 0.253623

Position: -1.24967 0.359236 -2.01054
Normal: -0 -0.258823 -0.965925
UV: 0.345514 0.225609

Position: -1.24967 0.0460345 -1.82972
Normal: -0 -0.707099 -0.707114
UV: 0.408067 0.225609

Position: -1.082 0.0460345 -1.82972
Normal: -0 -0.707099 -0.707114
UV: 0.408067 0.253623

Position: -1.082 0.178409 -1.96209
Normal: -0 -0.707099 -0.707114
UV: 0.37679 0.253623

Position: -1.24967 0.178409 -1.96209
Normal: -0 -0.707099 -0.707114
UV: 0.37679 0.225609

Position: -1.24967 -0.00241823 -1.64889
Normal: -0 -0.965927 -0.258816
UV: 0.365332 0.261916

Position: -1.082 -0.00241823 -1.64889
Normal: -0 -0.965927 -0.258816
UV: 0.365332 0.233902

Position: -1.082 0.0460345 -1.82972
Normal: -0 -0.965927 -0.258816
UV: 0.39661 0.233903

Position: -1.24967 0.0460345 -1.82972
Normal: -0 -0.965927 -0.258816
UV: 0.39661 0.261917

Position: -1.24967 0.0460345 -1.46806
Normal: -0 -0.965925 0.258823
UV: 0.334055 0.261916

Position: -1.082 0.0460345 -1.46806
Normal: -0 -0.965925 0.258823
UV: 0.334055 0.233902

Position: -1.082 -0.00241823 -1.64889
Normal: -0 -0.965925 0.258823
UV: 0.365332 0.233902

Position: -1.24967 -0.00241823 -1.64889
Normal: -0 -0.965925 0.258823
UV: 0.365332 0.261916

Position: -1.24967 0.178409 -1.33569
Normal: -0 -0.707113 0.7071
UV: 0.302777 0.261916

Position: -1.082 0.178409 -1.33569
Normal: -0 -0.707113 0.7071
UV: 0.302777 0.233902

Position: -1.082 0.0460345 -1.46806
Normal: -0 -0.707113 0.7071
UV: 0.334055 0.233902

Position: -1.24967 0.0460345 -1.46806
Normal: -0 -0.707113 0.7071
UV: 0.334055 0.261916

Position: -1.24967 0.359236 -1.28723
Normal: -0 -0.258823 0.965925
UV: 0.358616 0.254274

Position: -1.082 0.359236 -1.28723
Normal: -0 -0.258823 0.965925
UV: 0.358616 0.22626

Position: -1.082 0.178409 -1.33569
Normal: -0 -0.258823 0.965925
UV: 0.389894 0.22626

Position: -1.24967 0.178409 -1.33569
Normal: -0 -0.258823 0.965925
UV: 0.389894 0.254274

Position: -1.24967 0.540063 -1.33569
Normal: -0 0.258823 0.965925
UV: 0.32734 0.254274

Position: -1.082 0.540063 -1.33569
Normal: -0 0.258823 0.965925
UV: 0.32734 0.22626

Position: -1.082 0.359236 -1.28723
Normal: -0 0.258823 0.965925
UV: 0.358616 0.22626

Position: -1.24967 0.359236 -1.28723
Normal: -0 0.258823 0.965925
UV: 0.358616 0.254274

Position: -1.24967 0.672438 -1.46806
Normal: -0 0.707113 0.707101
UV: 0.296062 0.254274

Position: -1.082 0.540063 -1.33569
Normal: -0 0.707113 0.707101
UV: 0.32734 0.22626

Position: -1.24967 0.540063 -1.33569
Normal: -0 0.707113 0.707101
UV: 0.32734 0.254274

Position: -1.082 0.672438 -1.46806
Normal: -0 0.707113 0.707101
UV: 0.296062 0.22626

Position: -1.24967 0.672438 -1.46806
Normal: -0 0.965926 0.25882
UV: 0.322679 0.225136

Position: -1.24967 0.72089 -1.64889
Normal: -0 0.965926 0.25882
UV: 0.353957 0.225136

Position: -1.082 0.672438 -1.46806
Normal: -0 0.965926 0.25882
UV: 0.322679 0.253151

Position: -1.082 0.72089 -1.64889
Normal: -0 0.965926 0.25882
UV: 0.353957 0.253151

Position: -1.24967 0.672438 -1.82972
Normal: -0 0.965928 -0.258812
UV: 0.385235 0.225136

Position: -1.082 0.72089 -1.64889
Normal: -0 0.965928 -0.258812
UV: 0.353957 0.253151

Position: -1.24967 0.72089 -1.64889
Normal: -0 0.965928 -0.258812
UV: 0.353957 0.225136

Position: -1.082 0.672438 -1.82972
Normal: -0 0.965928 -0.258812
UV: 0.385235 0.253151

Position: -1.24967 0.672438 -1.82972
Normal: -1 2.27857e-007 0
UV: 0.494896 0.21636

Position: -1.24967 0.359236 -1.64889
Normal: -1 -2.16154e-014 0
UV: 0.494896 0.122657

Position: -1.24967 0.540063 -1.96209
Normal: -1 1.09979e-012 0
UV: 0.541747 0.203807

Position: -1.24967 0.359236 -2.01054
Normal: -1 -2.07508e-014 0
UV: 0.576046 0.169508

Position: -1.24967 0.178409 -1.96209
Normal: -1 -9.54533e-013 0
UV: 0.588599 0.122654

Position: -1.24967 0.0460345 -1.82972
Normal: -1 -2.27857e-007 0
UV: 0.576046 0.0758036

Position: -1.24967 -0.00241823 -1.64889
Normal: -1 0 0
UV: 0.541749 0.0415074

Position: -1.24967 0.0460345 -1.46806
Normal: -1 -2.27858e-007 0
UV: 0.494896 0.0289512

Position: -1.24967 0.178409 -1.33569
Normal: -1 2.38633e-012 0
UV: 0.448044 0.0415043

Position: -1.24967 0.359236 -1.28723
Normal: -1 -2.07508e-014 0
UV: 0.413744 0.075802

Position: -1.24967 0.540063 -1.33569
Normal: -1 -2.13732e-012 0
UV: 0.40119 0.122654

Position: -1.24967 0.672438 -1.46806
Normal: -1 2.27858e-007 0
UV: 0.413744 0.169508

Position: -1.24967 0.72089 -1.64889
Normal: -1 0 0
UV: 0.448044 0.203806

Position: -1.1643 0.359695 0.320889
Normal: -1 1.02447e-007 0
UV: 0.406085 0.98041

Position: -1.1643 0.545437 2.24367
Normal: -1 0 0
UV: 0.0851696 0.949409

Position: -1.1643 0.359695 2.24367
Normal: -1 0 0
UV: 0.0851696 0.98041

Position: -1.1643 1.45664 0.320979
Normal: -1 8.66371e-008 0
UV: 0.40607 0.797327

Position: -1.1643 1.45664 2.68843
Normal: -1 -4.46067e-007 0
UV: 0.0109368 0.797327

Position: -1.1643 1.09334 2.24367
Normal: -1 -3.33007e-008 0
UV: 0.0851696 0.857962

Position: -0.71205 0.359695 2.24366
Normal: -0 -1 1.62423e-009
UV: 0.953338 0.670022

Position: -0.722378 0.359695 0.320884
Normal: -0 -1 -1.30292e-009
UV: 0.951975 0.416143

Position: -1.1643 0.359695 2.24367
Normal: -0 -1 4.19744e-009
UV: 0.893625 0.670022

Position: -1.1643 0.359695 0.320889
Normal: -0 -1 -3.39702e-009
UV: 0.893625 0.416144

Position: -1.1643 0.765314 2.24367
Normal: -1 1.36469e-007 0
UV: 0.0851697 0.912711

Position: -0.71205 0.359695 2.24366
Normal: -0 -1 1.62423e-009
UV: 0.882579 0.7046

Position: -0.722378 0.359695 0.320884
Normal: -0 -1 -1.30292e-009
UV: 0.881215 0.450722

Position: -1.1643 1.09334 2.68834
Normal: -1 0 0
UV: 0.0109527 0.857962

Position: -1.1643 1.09334 2.68834
Normal: -1 0 0
UV: 0.950637 0.0580822

Position: -1.1643 0.765314 2.68834
Normal: -1 0 0
UV: 0.906238 0.0580822

Position: -1.1643 0.765314 2.24367
Normal: -1 1.36469e-007 0
UV: 0.906238 0.118269

Position: -1.1643 1.09334 2.24367
Normal: -1 -3.33007e-008 0
UV: 0.950637 0.118269

Position: -1.1643 0.545437 2.68834
Normal: -1 0 0
UV: 0.0109528 0.949409

Position: -1.1643 0.765314 2.68834
Normal: -1 0 0
UV: 0.0109528 0.912711

Position: -1.1643 0.359695 2.68834
Normal: -1 0 0
UV: 0.37593 0.342049

Position: -1.1643 0.359695 2.24367
Normal: -1 0 0
UV: 0.313167 0.341113

Position: -1.1643 0.545437 2.68834
Normal: -1 0 0
UV: 0.37593 0.366395

Position: -1.1643 0.545437 2.24367
Normal: -1 0 0
UV: 0.313166 0.367329

Position: -1.1643 0.359695 2.68834
Normal: -0 -1 4.75772e-008
UV: 0.893625 0.728736

Position: -0.711359 0.359695 2.68834
Normal: -0 -1 1.8472e-008
UV: 0.953429 0.728736

Position: -0.711359 0.359695 2.68834
Normal: -0 -1 1.8472e-008
UV: 0.901134 0.575536

Position: -0.71205 0.359695 2.24366
Normal: -0 -1 1.62423e-009
UV: 0.967607 0.575433

Position: -1.1643 0.545437 2.68834
Normal: -0 0 1
UV: 0.37593 0.366395

Position: -0.711359 0.359695 2.68834
Normal: -0 0 1
UV: 0.430735 0.342985

Position: -1.1643 0.359695 2.68834
Normal: -0 0 1
UV: 0.37593 0.342049

Position: -0.710667 0.545437 2.68834
Normal: -1.46101e-005 -4.69591e-005 1
UV: 0.430819 0.365459

Position: -1.1643 1.45664 2.68843
Normal: -0 -0.000261191 1
UV: 0.852602 0.610354

Position: -0.710667 1.09334 2.68834
Normal: -2.52056e-005 -0.000163079 1
UV: 0.781568 0.667244

Position: -1.1643 1.09334 2.68834
Normal: -0 -0.000173397 1
UV: 0.852602 0.667244

Position: -0.710667 1.09334 2.68834
Normal: -2.52056e-005 -0.000163079 1
UV: 0.957809 0.18764

Position: -1.1643 0.765314 2.68834
Normal: -0 0 1
UV: 0.897891 0.2705

Position: -1.1643 1.09334 2.68834
Normal: -0 -0.000173397 1
UV: 0.957809 0.2705

Position: -0.710667 0.765314 2.68834
Normal: -2.59352e-005 -5.54246e-005 1
UV: 0.897891 0.18764

Position: -0.710667 0.765314 2.68834
Normal: -2.59352e-005 -5.54246e-005 1
UV: 0.781568 0.718611

Position: -1.1643 0.545437 2.68834
Normal: -0 0 1
UV: 0.852602 0.753042

Position: -1.1643 0.765314 2.68834
Normal: -0 0 1
UV: 0.852602 0.718611

Position: -0.710667 0.545437 2.68834
Normal: -1.46101e-005 -4.69591e-005 1
UV: 0.781568 0.753042

Position: -1.06297 1.55112 0.320974
Normal: 2.58043e-006 3.24669e-005 1
UV: 0.0405858 0.0342907

Position: -1.06297 2.29743 0.320953
Normal: 4.67508e-006 7.57197e-005 1
UV: 0.0405858 0.170613

Position: -1.06297 2.42117 0.320905
Normal: 1.75347e-005 0.000214589 1
UV: 0.0405858 0.193214

Position: -1.1643 2.36504 0.320953
Normal: 8.76368e-005 0.000118698 1
UV: 0.831789 0.621416

Position: -1.06297 1.55112 0.320974
Normal: 2.58043e-006 3.24669e-005 1
UV: 0.683118 0.602908

Position: -1.1643 1.45664 0.320979
Normal: 1.04472e-005 4.33752e-005 1
UV: 0.665861 0.621416

Position: -1.06297 2.29743 0.320953
Normal: 4.67508e-006 7.57197e-005 1
UV: 0.81944 0.602908

Position: -1.06297 2.42117 0.320905
Normal: 1.75347e-005 0.000214589 1
UV: 0.842041 0.602908

Position: -1.1643 2.51564 0.3209
Normal: 3.36371e-005 9.52075e-005 1
UV: 0.859298 0.621416

Position: -1.1643 1.45664 2.68843
Normal: -0 1 2.60104e-007
UV: 0.0286295 0.575442

Position: -1.1643 1.45664 0.320979
Normal: -0 1 -1.95078e-007
UV: 0.349067 0.575442

Position: -1.01807 1.45664 0.484201
Normal: -0 1 -1.73341e-007
UV: 0.326974 0.555651

Position: -1.01807 1.45664 2.52521
Normal: -0 1 2.31122e-007
UV: 0.0507218 0.555651

Position: -1.01807 0.787057 0.484201
Normal: 1 0 0
UV: 0.390878 0.638909

Position: -1.01807 0.787057 2.52521
Normal: 1 0 0
UV: 0.0180658 0.638909

Position: -1.01807 1.45664 2.52521
Normal: 1 0 0
UV: 0.0180658 0.761216

Position: -1.01807 1.45664 0.484201
Normal: 1 0 0
UV: 0.390878 0.761216

Position: -1.01807 0.787057 2.52521
Normal: -0 0 -1
UV: 0.11924 0.758563

Position: -1.01807 1.45664 2.52521
Normal: -0 0 -1
UV: 0.11924 0.636256

Position: -1.01807 1.45664 0.484201
Normal: -0 0 1
UV: 0.103836 0.757619

Position: -1.01807 0.787057 0.484201
Normal: -0 0 1
UV: 0.103836 0.635312

Position: -1.01807 0.787057 2.52521
Normal: -0 1 0
UV: 0.028771 0.56536

Position: -1.01807 0.787057 0.484201
Normal: -0 1 0
UV: 0.327685 0.56536


[INDEX_DATA]
0 2 1
0 3 2
4 6 5
4 7 6
8 10 9
8 11 10
12 14 13
12 15 14
16 18 17
16 19 18
20 22 21
20 23 22
24 26 25
24 27 26
28 30 29
28 31 30
32 34 33
32 35 34
36 38 37
37 39 36
40 42 41
42 43 41
44 46 45
45 47 44
48 50 49
50 51 49
51 52 49
52 53 49
53 54 49
54 55 49
55 56 49
56 57 49
57 58 49
58 59 49
59 60 49
60 48 49
61 63 62
62 64 61
65 67 66
66 68 65
69 71 70
70 72 69
73 75 74
74 76 73
77 79 78
78 80 77
81 83 82
82 84 81
85 87 86
86 88 85
89 91 90
90 92 89
93 95 94
94 96 93
97 99 98
98 99 100
101 103 102
102 103 104
105 107 106
106 107 108
109 111 110
110 111 112
112 111 113
113 111 114
114 111 115
115 111 116
116 111 117
117 111 118
118 111 119
119 111 120
120 111 121
121 111 109
122 124 123
123 125 122
126 128 127
126 129 128
130 132 131
130 133 132
134 136 135
134 137 136
138 140 139
138 141 140
142 144 143
143 145 142
146 148 147
149 147 148
150 152 151
152 153 151
154 156 155
154 157 156
158 160 159
160 161 159
162 164 163
162 165 164
166 168 167
169 171 170
169 172 171
173 175 174
176 174 175
173 170 171
171 175 173
177 179 178
178 180 177
181 183 182
182 184 181
178 186 185
187 189 188
190 192 191
190 193 192
194 196 195
194 197 196
198 200 199
199 201 198
202 204 203
203 205 202
206 208 207
208 158 207
182 166 184
180 181 177
209 183 181
209 181 180
166 178 179
179 184 166
210 212 211
210 213 212
214 216 215
166 182 217
218 220 219
219 220 221
222 167 223
167 224 223
159 200 225
225 200 226
227 162 228
228 162 163
229 190 191
191 230 229
186 231 185
185 231 232
222 186 178
166 167 222
222 178 166
233 147 149
233 234 147
207 158 225
158 159 225
188 236 235
188 189 236
237 238 195
195 196 237
200 239 226
200 198 239
208 240 158
240 160 158
215 216 241
187 216 189
187 241 216
161 200 159
161 199 200
242 244 243
243 245 242
246 248 247
247 249 246
250 252 251
251 253 250
254 256 255
255 257 254
258 260 259
259 261 258
262 264 263
263 265 262
266 268 267
267 269 266
270 272 271
271 273 270
274 276 275
275 277 274
278 280 279
279 280 281
282 284 283
283 284 285
286 288 287
287 288 289
290 292 291
291 292 293
293 292 294
294 292 295
295 292 296
296 292 297
297 292 298
298 292 299
299 292 300
300 292 301
301 292 302
302 292 290
303 305 304
306 308 307
309 311 310
310 312 309
306 307 313
313 303 306
303 313 305
314 316 315
315 317 314
307 308 318
319 321 320
320 322 319
323 324 305
305 313 323
325 327 326
326 328 325
329 330 311
311 309 329
331 333 332
332 334 331
335 337 336
336 338 335
339 341 340
340 342 339
343 345 344
343 346 345
347 349 348
347 350 349
337 352 351
351 336 337
347 340 341
347 341 353
353 350 347
354 356 355
354 357 356
358 355 359
358 354 355
360 362 361
361 363 360
361 365 364
364 363 361
366 362 360
366 360 367
366 367 368
368 369 366
370 372 371
373 370 371
374 375 372
371 372 375
376 377 370
370 373 376
378 380 379
379 381 378
382 384 383
383 385 382
386 388 387
387 388 389
390 392 391
391 393 390
394 396 395
395 397 394
398 400 399
399 401 398
402 404 403
404 405 403
406 408 407
407 409 406
410 412 411
413 411 412
414 416 415
415 417 414
418 420 419
418 421 420
422 424 423
423 424 425
154 427 426
426 157 154
428 429 160
160 429 161
430 163 164
164 431 430
432 434 433
172 169 435
436 435 169
437 174 176
437 438 174
435 436 438
438 437 435
439 441 440
440 442 439
443 445 444
446 444 445
439 448 447
187 450 449
451 453 452
454 452 453
455 457 456
458 456 457
201 199 459
460 459 199
202 462 461
202 205 462
463 465 464
464 428 463
445 443 432
442 440 444
466 442 444
444 446 466
432 443 441
441 439 432
467 469 468
468 470 467
471 473 472
432 474 445
475 477 476
477 478 476
434 480 479
479 481 434
429 482 460
482 483 460
484 228 430
228 163 430
485 486 454
454 453 485
487 447 448
448 488 487
480 439 447
432 439 480
480 434 432
233 419 420
420 234 233
482 428 464
428 482 429
449 450 489
490 489 450
456 458 237
238 237 458
459 460 491
483 491 460
240 463 428
428 160 240
473 241 472
187 449 472
472 241 187
161 429 460
460 199 161
492 494 493
492 495 494
496 498 497
496 499 498
500 502 501
500 503 502
504 506 505
504 507 506
508 510 509
508 511 510
512 514 513
512 515 514
516 518 517
516 519 518
520 522 521
520 523 522
524 526 525
524 527 526
528 530 529
529 531 528
532 534 533
534 535 533
536 538 537
537 539 536
540 542 541
542 543 541
543 544 541
544 545 541
545 546 541
546 547 541
547 548 541
548 549 541
549 550 541
550 551 541
551 552 541
552 540 541
553 555 554
556 558 557
559 561 560
561 562 560
563 558 556
556 553 563
553 554 563
316 564 315
564 565 315
558 566 557
567 569 568
567 570 569
571 572 554
572 563 554
573 575 574
575 576 574
577 559 578
577 561 559
579 332 333
579 580 332
581 583 582
582 584 581
585 587 586
586 341 585
588 590 589
589 591 588
592 594 593
593 595 592
584 582 351
351 352 584
592 341 586
592 595 353
353 341 592
354 597 596
596 357 354
358 598 597
597 354 358
599 601 600
600 602 599
600 364 365
364 600 601
603 599 602
599 603 604
368 604 603
603 369 368
605 607 606
605 608 607
375 608 605
375 374 608
607 377 376
376 606 607
609 611 610
611 609 612
613 383 384
613 614 383
386 615 388
615 616 388
617 390 618
390 393 618

