[FBX_META_DATA]
MeshCount: 1

[MESH_DATA]
VertexCount: 739
IndexCount: 1488
BoneCount: 0
AnimationClips: 1

[VERTEX_DATA]
Position: -1.24967 0.540063 1.39438
Normal: -0 0.707099 -0.707115
UV: 0.314237 0.225609

Position: -1.082 0.540063 1.39438
Normal: -0 0.707099 -0.707115
UV: 0.314237 0.253623

Position: -1.082 0.672438 1.52675
Normal: -0 0.707099 -0.707115
UV: 0.28296 0.253623

Position: -1.24967 0.672438 1.52675
Normal: -0 0.707099 -0.707115
UV: 0.28296 0.225609

Position: -1.24967 0.359236 1.34592
Normal: -0 0.258823 -0.965925
UV: 0.345514 0.225609

Position: -1.082 0.359236 1.34592
Normal: -0 0.258823 -0.965925
UV: 0.345514 0.253623

Position: -1.082 0.540063 1.39438
Normal: -0 0.258823 -0.965925
UV: 0.314237 0.253623

Position: -1.24967 0.540063 1.39438
Normal: -0 0.258823 -0.965925
UV: 0.314237 0.225609

Position: -1.24967 0.178409 1.39438
Normal: -0 -0.258823 -0.965925
UV: 0.37679 0.225609

Position: -1.082 0.178409 1.39438
Normal: -0 -0.258823 -0.965925
UV: 0.37679 0.253623

Position: -1.082 0.359236 1.34592
Normal: -0 -0.258823 -0.965925
UV: 0.345514 0.253623

Position: -1.24967 0.359236 1.34592
Normal: -0 -0.258823 -0.965925
UV: 0.345514 0.225609

Position: -1.24967 0.0460344 1.52675
Normal: -0 -0.707099 -0.707114
UV: 0.408067 0.225609

Position: -1.082 0.0460344 1.52675
Normal: -0 -0.707099 -0.707114
UV: 0.408067 0.253623

Position: -1.082 0.178409 1.39438
Normal: -0 -0.707099 -0.707114
UV: 0.37679 0.253623

Position: -1.24967 0.178409 1.39438
Normal: -0 -0.707099 -0.707114
UV: 0.37679 0.225609

Position: -1.24967 -0.00241825 1.70758
Normal: -0 -0.965927 -0.258816
UV: 0.365332 0.261916

Position: -1.082 -0.00241825 1.70758
Normal: -0 -0.965927 -0.258816
UV: 0.365332 0.233902

Position: -1.082 0.0460344 1.52675
Normal: -0 -0.965927 -0.258816
UV: 0.39661 0.233903

Position: -1.24967 0.0460344 1.52675
Normal: -0 -0.965927 -0.258816
UV: 0.39661 0.261917

Position: -1.24967 0.0460344 1.8884
Normal: -0 -0.965925 0.258823
UV: 0.334055 0.261916

Position: -1.082 0.0460344 1.8884
Normal: -0 -0.965925 0.258823
UV: 0.334055 0.233902

Position: -1.082 -0.00241825 1.70758
Normal: -0 -0.965925 0.258823
UV: 0.365332 0.233902

Position: -1.24967 -0.00241825 1.70758
Normal: -0 -0.965925 0.258823
UV: 0.365332 0.261916

Position: -1.24967 0.178409 2.02078
Normal: -0 -0.707113 0.7071
UV: 0.302777 0.261916

Position: -1.082 0.178409 2.02078
Normal: -0 -0.707113 0.7071
UV: 0.302777 0.233902

Position: -1.082 0.0460344 1.8884
Normal: -0 -0.707113 0.7071
UV: 0.334055 0.233902

Position: -1.24967 0.0460344 1.8884
Normal: -0 -0.707113 0.7071
UV: 0.334055 0.261916

Position: -1.24967 0.359236 2.06923
Normal: -0 -0.258823 0.965925
UV: 0.358616 0.254274

Position: -1.082 0.359236 2.06923
Normal: -0 -0.258823 0.965925
UV: 0.358616 0.22626

Position: -1.082 0.178409 2.02078
Normal: -0 -0.258823 0.965925
UV: 0.389894 0.22626

Position: -1.24967 0.178409 2.02078
Normal: -0 -0.258823 0.965925
UV: 0.389894 0.254274

Position: -1.24967 0.540063 2.02078
Normal: -0 0.258823 0.965925
UV: 0.32734 0.254274

Position: -1.082 0.540063 2.02078
Normal: -0 0.258823 0.965925
UV: 0.32734 0.22626

Position: -1.082 0.359236 2.06923
Normal: -0 0.258823 0.965925
UV: 0.358616 0.22626

Position: -1.24967 0.359236 2.06923
Normal: -0 0.258823 0.965925
UV: 0.358616 0.254274

Position: -1.24967 0.672438 1.8884
Normal: -0 0.707113 0.707101
UV: 0.296062 0.254274

Position: -1.082 0.540063 2.02078
Normal: -0 0.707113 0.707101
UV: 0.32734 0.22626

Position: -1.24967 0.540063 2.02078
Normal: -0 0.707113 0.707101
UV: 0.32734 0.254274

Position: -1.082 0.672438 1.8884
Normal: -0 0.707113 0.707101
UV: 0.296062 0.22626

Position: -1.24967 0.672438 1.8884
Normal: -0 0.965926 0.25882
UV: 0.322679 0.225136

Position: -1.24967 0.72089 1.70758
Normal: -0 0.965926 0.25882
UV: 0.353957 0.225136

Position: -1.082 0.672438 1.8884
Normal: -0 0.965926 0.25882
UV: 0.322679 0.253151

Position: -1.082 0.72089 1.70758
Normal: -0 0.965926 0.25882
UV: 0.353957 0.253151

Position: -1.24967 0.672438 1.52675
Normal: -0 0.965928 -0.258812
UV: 0.385235 0.225136

Position: -1.082 0.72089 1.70758
Normal: -0 0.965928 -0.258812
UV: 0.353957 0.253151

Position: -1.24967 0.72089 1.70758
Normal: -0 0.965928 -0.258812
UV: 0.353957 0.225136

Position: -1.082 0.672438 1.52675
Normal: -0 0.965928 -0.258812
UV: 0.385235 0.253151

Position: -1.24967 0.672438 1.52675
Normal: -1 2.27857e-007 0
UV: 0.494896 0.21636

Position: -1.24967 0.359236 1.70758
Normal: -1 -5.18769e-014 0
UV: 0.494896 0.122657

Position: -1.24967 0.540063 1.39438
Normal: -1 1.09979e-012 0
UV: 0.541747 0.203807

Position: -1.24967 0.359236 1.34592
Normal: -1 -2.07508e-014 0
UV: 0.576046 0.169508

Position: -1.24967 0.178409 1.39438
Normal: -1 -8.92281e-013 0
UV: 0.588599 0.122654

Position: -1.24967 0.0460344 1.52675
Normal: -1 -2.27857e-007 0
UV: 0.576046 0.0758036

Position: -1.24967 -0.00241825 1.70758
Normal: -1 0 0
UV: 0.541749 0.0415074

Position: -1.24967 0.0460344 1.8884
Normal: -1 -2.27857e-007 0
UV: 0.494896 0.0289512

Position: -1.24967 0.178409 2.02078
Normal: -1 2.34483e-012 0
UV: 0.448044 0.0415043

Position: -1.24967 0.359236 2.06923
Normal: -1 -2.07508e-014 0
UV: 0.413744 0.075802

Position: -1.24967 0.540063 2.02078
Normal: -1 -2.44859e-012 0
UV: 0.40119 0.122654

Position: -1.24967 0.672438 1.8884
Normal: -1 2.27858e-007 0
UV: 0.413744 0.169508

Position: -1.24967 0.72089 1.70758
Normal: -1 0 0
UV: 0.448044 0.203806

Position: 1.24967 0.540063 1.39438
Normal: -0 0.707099 -0.707115
UV: 0.314237 0.225609

Position: 1.082 0.672438 1.52675
Normal: -0 0.707099 -0.707115
UV: 0.28296 0.253623

Position: 1.082 0.540063 1.39438
Normal: -0 0.707099 -0.707115
UV: 0.314237 0.253623

Position: 1.24967 0.672438 1.52675
Normal: -0 0.707099 -0.707115
UV: 0.28296 0.225609

Position: 1.24967 0.359236 1.34592
Normal: -0 0.258823 -0.965925
UV: 0.345514 0.225609

Position: 1.082 0.540063 1.39438
Normal: -0 0.258823 -0.965925
UV: 0.314237 0.253623

Position: 1.082 0.359236 1.34592
Normal: -0 0.258823 -0.965925
UV: 0.345514 0.253623

Position: 1.24967 0.540063 1.39438
Normal: -0 0.258823 -0.965925
UV: 0.314237 0.225609

Position: 1.24967 0.178409 1.39438
Normal: -0 -0.258823 -0.965925
UV: 0.37679 0.225609

Position: 1.082 0.359236 1.34592
Normal: -0 -0.258823 -0.965925
UV: 0.345514 0.253623

Position: 1.082 0.178409 1.39438
Normal: -0 -0.258823 -0.965925
UV: 0.37679 0.253623

Position: 1.24967 0.359236 1.34592
Normal: -0 -0.258823 -0.965925
UV: 0.345514 0.225609

Position: 1.24967 0.0460344 1.52675
Normal: -0 -0.707099 -0.707114
UV: 0.408067 0.225609

Position: 1.082 0.178409 1.39438
Normal: -0 -0.707099 -0.707114
UV: 0.37679 0.253623

Position: 1.082 0.0460344 1.52675
Normal: -0 -0.707099 -0.707114
UV: 0.408067 0.253623

Position: 1.24967 0.178409 1.39438
Normal: -0 -0.707099 -0.707114
UV: 0.37679 0.225609

Position: 1.24967 -0.00241825 1.70758
Normal: -0 -0.965927 -0.258816
UV: 0.365332 0.261916

Position: 1.082 0.0460344 1.52675
Normal: -0 -0.965927 -0.258816
UV: 0.39661 0.233903

Position: 1.082 -0.00241825 1.70758
Normal: -0 -0.965927 -0.258816
UV: 0.365332 0.233902

Position: 1.24967 0.0460344 1.52675
Normal: -0 -0.965927 -0.258816
UV: 0.39661 0.261917

Position: 1.24967 0.0460344 1.8884
Normal: -0 -0.965925 0.258823
UV: 0.334055 0.261916

Position: 1.082 -0.00241825 1.70758
Normal: -0 -0.965925 0.258823
UV: 0.365332 0.233902

Position: 1.082 0.0460344 1.8884
Normal: -0 -0.965925 0.258823
UV: 0.334055 0.233902

Position: 1.24967 -0.00241825 1.70758
Normal: -0 -0.965925 0.258823
UV: 0.365332 0.261916

Position: 1.24967 0.178409 2.02078
Normal: -0 -0.707113 0.7071
UV: 0.302777 0.261916

Position: 1.082 0.0460344 1.8884
Normal: -0 -0.707113 0.7071
UV: 0.334055 0.233902

Position: 1.082 0.178409 2.02078
Normal: -0 -0.707113 0.7071
UV: 0.302777 0.233902

Position: 1.24967 0.0460344 1.8884
Normal: -0 -0.707113 0.7071
UV: 0.334055 0.261916

Position: 1.24967 0.359236 2.06923
Normal: -0 -0.258823 0.965925
UV: 0.358616 0.254274

Position: 1.082 0.178409 2.02078
Normal: -0 -0.258823 0.965925
UV: 0.389894 0.22626

Position: 1.082 0.359236 2.06923
Normal: -0 -0.258823 0.965925
UV: 0.358616 0.22626

Position: 1.24967 0.178409 2.02078
Normal: -0 -0.258823 0.965925
UV: 0.389894 0.254274

Position: 1.24967 0.540063 2.02078
Normal: -0 0.258823 0.965925
UV: 0.32734 0.254274

Position: 1.082 0.359236 2.06923
Normal: -0 0.258823 0.965925
UV: 0.358616 0.22626

Position: 1.082 0.540063 2.02078
Normal: -0 0.258823 0.965925
UV: 0.32734 0.22626

Position: 1.24967 0.359236 2.06923
Normal: -0 0.258823 0.965925
UV: 0.358616 0.254274

Position: 1.24967 0.540063 2.02078
Normal: -0 0.707113 0.707101
UV: 0.32734 0.254274

Position: 1.082 0.540063 2.02078
Normal: -0 0.707113 0.707101
UV: 0.32734 0.22626

Position: 1.24967 0.672438 1.8884
Normal: -0 0.707113 0.707101
UV: 0.296062 0.254274

Position: 1.082 0.672438 1.8884
Normal: -0 0.707113 0.707101
UV: 0.296062 0.22626

Position: 1.24967 0.672438 1.8884
Normal: -0 0.965926 0.25882
UV: 0.322679 0.225136

Position: 1.082 0.672438 1.8884
Normal: -0 0.965926 0.25882
UV: 0.322679 0.253151

Position: 1.24967 0.72089 1.70758
Normal: -0 0.965926 0.25882
UV: 0.353957 0.225136

Position: 1.082 0.72089 1.70758
Normal: -0 0.965926 0.25882
UV: 0.353957 0.253151

Position: 1.24967 0.72089 1.70758
Normal: -0 0.965928 -0.258812
UV: 0.353957 0.225136

Position: 1.082 0.72089 1.70758
Normal: -0 0.965928 -0.258812
UV: 0.353957 0.253151

Position: 1.24967 0.672438 1.52675
Normal: -0 0.965928 -0.258812
UV: 0.385235 0.225136

Position: 1.082 0.672438 1.52675
Normal: -0 0.965928 -0.258812
UV: 0.385235 0.253151

Position: 1.24967 0.672438 1.52675
Normal: 1 2.27857e-007 0
UV: 0.494896 0.21636

Position: 1.24967 0.540063 1.39438
Normal: 1 2.27858e-007 0
UV: 0.541747 0.203807

Position: 1.24967 0.359236 1.70758
Normal: 1 -8.99199e-013 0
UV: 0.494896 0.122657

Position: 1.24967 0.359236 1.34592
Normal: 1 0 0
UV: 0.576046 0.169508

Position: 1.24967 0.178409 1.39438
Normal: 1 0 0
UV: 0.588599 0.122654

Position: 1.24967 0.0460344 1.52675
Normal: 1 0 0
UV: 0.576046 0.0758036

Position: 1.24967 -0.00241825 1.70758
Normal: 1 0 0
UV: 0.541749 0.0415074

Position: 1.24967 0.0460344 1.8884
Normal: 1 -2.27857e-007 0
UV: 0.494896 0.0289512

Position: 1.24967 0.178409 2.02078
Normal: 1 -2.27855e-007 0
UV: 0.448044 0.0415043

Position: 1.24967 0.359236 2.06923
Normal: 1 0 0
UV: 0.413744 0.075802

Position: 1.24967 0.540063 2.02078
Normal: 1 0 0
UV: 0.40119 0.122654

Position: 1.24967 0.672438 1.8884
Normal: 1 0 0
UV: 0.413744 0.169508

Position: 1.24967 0.72089 1.70758
Normal: 1 0 0
UV: 0.448044 0.203806

Position: -0.433914 2.35781 1.94925
Normal: -0 0 1
UV: 0.952938 0.908539

Position: 0.449653 2.35781 1.94925
Normal: -0 0 1
UV: 0.939595 0.908539

Position: 0.449653 1.61352 1.94925
Normal: -0 0 1
UV: 0.939595 0.924047

Position: -0.433914 1.61352 1.94925
Normal: -0 0 1
UV: 0.952938 0.924047

Position: -0.433914 2.35781 1.94925
Normal: -0 1 0
UV: 0.949674 0.983821

Position: -0.433914 2.35781 1.08697
Normal: -0 1 0
UV: 0.972551 0.983821

Position: 0.449653 2.35781 1.94925
Normal: -0 1 0
UV: 0.949674 0.960379

Position: 0.449653 2.35781 1.08697
Normal: -0 1 0
UV: 0.972551 0.960379

Position: -0.433914 1.61352 1.08697
Normal: -0 0 -1
UV: 0.966557 0.908539

Position: 0.449653 1.61352 1.08697
Normal: -0 0 -1
UV: 0.953213 0.908539

Position: 0.449653 2.35781 1.08697
Normal: -0 0 -1
UV: 0.953213 0.924047

Position: -0.433914 2.35781 1.08697
Normal: -0 0 -1
UV: 0.966557 0.924047

Position: -0.433914 1.61352 1.94925
Normal: -0 -1 0
UV: 0.966629 0.852194

Position: 0.449653 1.61352 1.94925
Normal: -0 -1 0
UV: 0.966629 0.828752

Position: 0.449653 1.61352 1.08697
Normal: -0 -1 0
UV: 0.943752 0.828752

Position: -0.433914 1.61352 1.08697
Normal: -0 -1 0
UV: 0.943752 0.852194

Position: -0.433914 2.35781 1.94925
Normal: -1 0 0
UV: 0.96678 0.908539

Position: -0.433914 1.61352 1.94925
Normal: -1 0 0
UV: 0.96678 0.924047

Position: -0.433914 2.35781 1.08697
Normal: -1 0 0
UV: 0.979802 0.908539

Position: -0.433914 1.61352 1.08697
Normal: -1 0 0
UV: 0.979802 0.924047

Position: 0.449653 2.35781 1.94925
Normal: 1 0 0
UV: 0.971179 0.893369

Position: 0.449653 1.61352 1.08697
Normal: 1 0 0
UV: 0.967518 0.897729

Position: 0.449653 1.61352 1.94925
Normal: 1 0 0
UV: 0.971179 0.897729

Position: 0.449653 2.35781 1.08697
Normal: 1 0 0
UV: 0.967518 0.893369

Position: -0.966029 1.59419 1.44924
Normal: -0 0 1
UV: 0.95381 0.829327

Position: -0.0824617 1.59419 1.44924
Normal: -0 0 1
UV: 0.937679 0.829327

Position: -0.0824617 0.849901 1.44924
Normal: -0 0 1
UV: 0.937679 0.848074

Position: -0.966029 0.849901 1.44924
Normal: -0 0 1
UV: 0.95381 0.848074

Position: -0.966029 1.59419 1.44924
Normal: -0 1 0
UV: 0.922911 0.219198

Position: -0.966029 1.59419 0.586963
Normal: -0 1 0
UV: 0.945788 0.219198

Position: -0.0824617 1.59419 1.44924
Normal: -0 1 0
UV: 0.922911 0.195757

Position: -0.0824617 1.59419 0.586963
Normal: -0 1 0
UV: 0.945788 0.195757

Position: -0.966029 0.849901 0.586963
Normal: -0 0 -1
UV: 0.944984 0.294153

Position: -0.0824617 0.849901 0.586963
Normal: -0 0 -1
UV: 0.921543 0.294153

Position: -0.0824617 1.59419 0.586963
Normal: -0 0 -1
UV: 0.921543 0.321396

Position: -0.966029 1.59419 0.586963
Normal: -0 0 -1
UV: 0.944984 0.321396

Position: -0.966029 0.849901 1.44924
Normal: -0 -1 0
UV: 0.938064 0.189617

Position: -0.0824617 0.849901 1.44924
Normal: -0 -1 0
UV: 0.938064 0.166175

Position: -0.0824617 0.849901 0.586963
Normal: -0 -1 0
UV: 0.915187 0.166175

Position: -0.966029 0.849901 0.586963
Normal: -0 -1 0
UV: 0.915187 0.189617

Position: -0.966029 1.59419 1.44924
Normal: -1 0 0
UV: 0.945377 0.294153

Position: -0.966029 0.849901 1.44924
Normal: -1 0 0
UV: 0.945377 0.321396

Position: -0.966029 1.59419 0.586963
Normal: -1 0 0
UV: 0.968254 0.294153

Position: -0.966029 0.849901 0.586963
Normal: -1 0 0
UV: 0.968254 0.321396

Position: -0.0824617 1.59419 1.44924
Normal: 1 0 0
UV: 0.953105 0.267501

Position: -0.0824617 0.849901 0.586963
Normal: 1 0 0
UV: 0.946674 0.27516

Position: -0.0824617 0.849901 1.44924
Normal: 1 0 0
UV: 0.953105 0.27516

Position: -0.0824617 1.59419 0.586963
Normal: 1 0 0
UV: 0.946674 0.267501

Position: 0.0840608 1.59419 1.47651
Normal: -0 0 1
UV: 0.95381 0.829327

Position: 0.967628 1.59419 1.47651
Normal: -0 0 1
UV: 0.937679 0.829327

Position: 0.967628 0.849901 1.47651
Normal: -0 0 1
UV: 0.937679 0.848074

Position: 0.0840608 0.849901 1.47651
Normal: -0 0 1
UV: 0.95381 0.848074

Position: 0.0840608 1.59419 1.47651
Normal: -0 1 0
UV: 0.922911 0.219198

Position: 0.0840608 1.59419 0.614223
Normal: -0 1 0
UV: 0.945788 0.219198

Position: 0.967628 1.59419 1.47651
Normal: -0 1 0
UV: 0.922911 0.195757

Position: 0.967628 1.59419 0.614223
Normal: -0 1 0
UV: 0.945788 0.195757

Position: 0.0840608 0.849901 0.614223
Normal: -0 0 -1
UV: 0.944984 0.294153

Position: 0.967628 0.849901 0.614223
Normal: -0 0 -1
UV: 0.921543 0.294153

Position: 0.967628 1.59419 0.614223
Normal: -0 0 -1
UV: 0.921543 0.321396

Position: 0.0840608 1.59419 0.614223
Normal: -0 0 -1
UV: 0.944984 0.321396

Position: 0.0840608 0.849901 1.47651
Normal: -0 -1 0
UV: 0.938064 0.189617

Position: 0.967628 0.849901 1.47651
Normal: -0 -1 0
UV: 0.938064 0.166175

Position: 0.967628 0.849901 0.614223
Normal: -0 -1 0
UV: 0.915187 0.166175

Position: 0.0840608 0.849901 0.614223
Normal: -0 -1 0
UV: 0.915187 0.189617

Position: 0.0840608 1.59419 1.47651
Normal: -1 0 0
UV: 0.970544 0.829327

Position: 0.0840608 0.849901 1.47651
Normal: -1 0 0
UV: 0.970544 0.848074

Position: 0.0840608 1.59419 0.614223
Normal: -1 0 0
UV: 0.986287 0.829327

Position: 0.0840608 0.849901 0.614223
Normal: -1 0 0
UV: 0.986287 0.848074

Position: 0.967628 1.59419 1.47651
Normal: 1 0 0
UV: 0.953105 0.267501

Position: 0.967628 0.849901 0.614223
Normal: 1 0 0
UV: 0.946674 0.27516

Position: 0.967628 0.849901 1.47651
Normal: 1 0 0
UV: 0.953105 0.27516

Position: 0.967628 1.59419 0.614223
Normal: 1 0 0
UV: 0.946674 0.267501

Position: -0.966029 1.59419 2.41227
Normal: -0 0 1
UV: 0.921059 0.294153

Position: -0.0824617 1.59419 2.41227
Normal: -0 0 1
UV: 0.897617 0.294153

Position: -0.0824617 0.849901 2.41227
Normal: -0 0 1
UV: 0.897617 0.321396

Position: -0.966029 0.849901 2.41227
Normal: -0 0 1
UV: 0.921059 0.321396

Position: -0.966029 1.59419 1.54998
Normal: -0 1 0
UV: 0.945788 0.219198

Position: -0.0824617 1.59419 2.41227
Normal: -0 1 0
UV: 0.922911 0.195757

Position: -0.966029 1.59419 2.41227
Normal: -0 1 0
UV: 0.922911 0.219198

Position: -0.0824617 1.59419 1.54998
Normal: -0 1 0
UV: 0.945788 0.195757

Position: -0.966029 0.849901 1.54998
Normal: -0 0 -1
UV: 0.970274 0.829327

Position: -0.0824617 0.849901 1.54998
Normal: -0 0 -1
UV: 0.954143 0.829327

Position: -0.0824617 1.59419 1.54998
Normal: -0 0 -1
UV: 0.954143 0.848074

Position: -0.966029 1.59419 1.54998
Normal: -0 0 -1
UV: 0.970274 0.848074

Position: -0.966029 0.849901 2.41227
Normal: -0 -1 0
UV: 0.938064 0.189617

Position: -0.0824617 0.849901 2.41227
Normal: -0 -1 0
UV: 0.938064 0.166175

Position: -0.0824617 0.849901 1.54998
Normal: -0 -1 0
UV: 0.915187 0.166175

Position: -0.966029 0.849901 1.54998
Normal: -0 -1 0
UV: 0.915187 0.189617

Position: -0.966029 1.59419 2.41227
Normal: -1 0 0
UV: 0.945377 0.294153

Position: -0.966029 0.849901 2.41227
Normal: -1 0 0
UV: 0.945377 0.321396

Position: -0.966029 1.59419 1.54998
Normal: -1 0 0
UV: 0.968254 0.294153

Position: -0.966029 0.849901 1.54998
Normal: -1 0 0
UV: 0.968254 0.321396

Position: -0.0824617 1.59419 2.41227
Normal: 1 0 0
UV: 0.953105 0.267501

Position: -0.0824617 0.849901 1.54998
Normal: 1 0 0
UV: 0.946674 0.27516

Position: -0.0824617 0.849901 2.41227
Normal: 1 0 0
UV: 0.953105 0.27516

Position: -0.0824617 1.59419 1.54998
Normal: 1 0 0
UV: 0.946674 0.267501

Position: 0.0840608 1.59419 2.43953
Normal: -0 0 1
UV: 0.921059 0.294153

Position: 0.967628 1.59419 2.43953
Normal: -0 0 1
UV: 0.897617 0.294153

Position: 0.967628 0.849901 2.43953
Normal: -0 0 1
UV: 0.897617 0.321396

Position: 0.0840608 0.849901 2.43953
Normal: -0 0 1
UV: 0.921059 0.321396

Position: 0.0840608 1.59419 2.43953
Normal: -0 1 0
UV: 0.922911 0.219198

Position: 0.0840608 1.59419 1.57725
Normal: -0 1 0
UV: 0.945788 0.219198

Position: 0.967628 1.59419 2.43953
Normal: -0 1 0
UV: 0.922911 0.195757

Position: 0.967628 1.59419 1.57725
Normal: -0 1 0
UV: 0.945788 0.195757

Position: 0.0840608 0.849901 1.57725
Normal: -0 0 -1
UV: 0.970274 0.829327

Position: 0.967628 0.849901 1.57725
Normal: -0 0 -1
UV: 0.954143 0.829327

Position: 0.967628 1.59419 1.57725
Normal: -0 0 -1
UV: 0.954143 0.848074

Position: 0.0840608 1.59419 1.57725
Normal: -0 0 -1
UV: 0.970274 0.848074

Position: 0.0840608 0.849901 2.43953
Normal: -0 -1 0
UV: 0.938064 0.189617

Position: 0.967628 0.849901 2.43953
Normal: -0 -1 0
UV: 0.938064 0.166175

Position: 0.967628 0.849901 1.57725
Normal: -0 -1 0
UV: 0.915187 0.166175

Position: 0.0840608 0.849901 1.57725
Normal: -0 -1 0
UV: 0.915187 0.189617

Position: 0.0840608 1.59419 2.43953
Normal: -1 0 0
UV: 0.970544 0.829327

Position: 0.0840608 0.849901 2.43953
Normal: -1 0 0
UV: 0.970544 0.848074

Position: 0.0840608 1.59419 1.57725
Normal: -1 0 0
UV: 0.986287 0.829327

Position: 0.0840608 0.849901 1.57725
Normal: -1 0 0
UV: 0.986287 0.848074

Position: 0.967628 1.59419 2.43953
Normal: 1 0 0
UV: 0.953105 0.267501

Position: 0.967628 0.849901 1.57725
Normal: 1 0 0
UV: 0.946674 0.27516

Position: 0.967628 0.849901 2.43953
Normal: 1 0 0
UV: 0.953105 0.27516

Position: 0.967628 1.59419 1.57725
Normal: 1 0 0
UV: 0.946674 0.267501

Position: 1.19744 1.55006 -0.997748
Normal: -0 0.938584 -0.345052
UV: 0.736051 0.308724

Position: 1.52156 1.50452 -1.12162
Normal: -0 0.938584 -0.345052
UV: 0.685353 0.288081

Position: 1.5797 1.55006 -0.997748
Normal: -0 0.938584 -0.345052
UV: 0.676259 0.308724

Position: 1.25558 1.50452 -1.12162
Normal: -0 0.938584 -0.345052
UV: 0.726956 0.288081

Position: 1.25558 1.29618 -1.12162
Normal: -0 0 -1
UV: 0.518609 0.717782

Position: 1.52156 1.29618 -1.12162
Normal: -0 0 -1
UV: 0.560213 0.717782

Position: 1.52156 1.50452 -1.12162
Normal: -0 0 -1
UV: 0.560213 0.685195

Position: 1.25558 1.50452 -1.12162
Normal: -0 0 -1
UV: 0.518609 0.685195

Position: 1.19744 1.25065 -0.997748
Normal: -0 -0.938583 -0.345054
UV: 0.474003 0.74008

Position: 1.5797 1.25065 -0.997748
Normal: -0 -0.938583 -0.345054
UV: 0.533795 0.74008

Position: 1.52156 1.29618 -1.12162
Normal: -0 -0.938583 -0.345054
UV: 0.5247 0.719438

Position: 1.25558 1.29618 -1.12162
Normal: -0 -0.938583 -0.345054
UV: 0.483097 0.719438

Position: 1.19744 1.55006 -0.997748
Normal: -0 0 1
UV: 0.549489 0.340527

Position: 1.5797 1.55006 -0.997748
Normal: -0 0 1
UV: 0.512522 0.340527

Position: 1.5797 1.25065 -0.997748
Normal: -0 0 1
UV: 0.512522 0.369482

Position: 1.19744 1.25065 -0.997748
Normal: -0 0 1
UV: 0.549489 0.369482

Position: 1.19744 1.55006 -0.997748
Normal: -0.905249 0 -0.424881
UV: 0.454881 0.725208

Position: 1.19744 1.25065 -0.997748
Normal: -0.905249 0 -0.424881
UV: 0.501714 0.725208

Position: 1.25558 1.29618 -1.12162
Normal: -0.905249 0 -0.424881
UV: 0.494591 0.703805

Position: 1.25558 1.50452 -1.12162
Normal: -0.905249 0 -0.424881
UV: 0.462004 0.703805

Position: 1.5797 1.55006 -0.997748
Normal: 0.905247 0 -0.424886
UV: 0.533528 0.715601

Position: 1.52156 1.29618 -1.12162
Normal: 0.905247 0 -0.424886
UV: 0.493818 0.694198

Position: 1.5797 1.25065 -0.997748
Normal: 0.905247 0 -0.424886
UV: 0.486695 0.7156

Position: 1.52156 1.50452 -1.12162
Normal: 0.905247 0 -0.424886
UV: 0.526405 0.694197

Position: 1.1643 0.549995 -2.68843
Normal: -7.08762e-007 0 -1
UV: 0.354073 0.338627

Position: 0.722378 0.549995 -2.68843
Normal: -2.04159e-014 0 -1
UV: 0.427908 0.338627

Position: 1.1643 0.359695 -2.68843
Normal: -7.08762e-007 0 -1
UV: 0.354077 0.370422

Position: 0.722378 0.359695 -2.68843
Normal: -0 0 -1
UV: 0.427908 0.370422

Position: 1.1643 2.36504 0.148676
Normal: 1 -1.65697e-007 0
UV: 0.0439042 0.0390904

Position: 1.1643 2.36504 -0.913835
Normal: 1 0 0
UV: 0.221426 0.0390904

Position: 1.1643 1.45664 0.140666
Normal: 1 3.28619e-008 0
UV: 0.0452426 0.190862

Position: 1.1643 1.45664 -0.993619
Normal: 1 8.66923e-008 0
UV: 0.234757 0.190862

Position: -0 1.47844 -1.13892
Normal: -0 0.0917086 -0.995786
UV: 0.2283 0.191702

Position: 1.05283 1.47844 -1.13892
Normal: 0.00256246 0.0909674 -0.995851
UV: 0.0523975 0.191702

Position: 1.05283 2.42072 -1.04962
Normal: 0.00254536 0.0966201 -0.995318
UV: 0.0523975 0.0335637

Position: -0 2.42072 -1.04962
Normal: -0 0.0961572 -0.995366
UV: 0.2283 0.0335637

Position: 0.722378 0.359695 -1.14601
Normal: -0 -1 0
UV: 0.917188 0.473232

Position: 0.722378 0.359695 -2.18898
Normal: -0 -1 0
UV: 0.917188 0.391153

Position: -0 0.359695 -1.14601
Normal: -0 -1 0
UV: 0.974038 0.473232

Position: -0 0.359695 -2.18898
Normal: -0 -1 0
UV: 0.974038 0.391153

Position: 1.1643 1.37554 -2.18898
Normal: -0 1 0
UV: 0.776156 0.596556

Position: -0 1.37554 -2.18898
Normal: -0 1 0
UV: 0.776156 0.40203

Position: -0 1.37554 -2.58829
Normal: -0 1 0
UV: 0.842873 0.402031

Position: 1.1643 1.37554 -2.58829
Normal: -0 1 0
UV: 0.842872 0.596558

Position: 1.1643 0.359695 -1.14601
Normal: 1 5.06164e-008 0
UV: 0.649183 0.980806

Position: 1.1643 0.551422 -2.18898
Normal: 1 0 0
UV: 0.82344 0.948821

Position: 1.1643 0.359695 -2.18898
Normal: 1 0 0
UV: 0.823425 0.980858

Position: -0 1.37554 -1.14601
Normal: -0 0.0686942 -0.997638
UV: 0.804076 0.261967

Position: 1.1643 1.37554 -1.14601
Normal: 0.0105963 0.0820676 -0.99657
UV: 0.609548 0.261962

Position: 1.05283 1.47844 -1.13892
Normal: 0.00256246 0.0909674 -0.995851
UV: 0.628174 0.244732

Position: -0 1.47844 -1.13892
Normal: -0 0.0917086 -0.995786
UV: 0.804076 0.244733

Position: 1.1643 2.51564 -1.03881
Normal: 0.0114559 0.102164 -0.994702
UV: 0.609543 0.0706346

Position: -0 2.51564 -1.03881
Normal: -0 0.11318 -0.993575
UV: 0.804071 0.0706357

Position: 1.05283 2.42072 -1.04962
Normal: 0.00254536 0.0966201 -0.995318
UV: 0.628169 0.0865961

Position: -0 2.42072 -1.04962
Normal: -0 0.0961572 -0.995366
UV: 0.804071 0.0865982

Position: 1.1643 2.36504 -0.913835
Normal: 1 0 0
UV: 0.610113 0.645757

Position: 1.1643 1.37554 -1.14601
Normal: 1 1.05093e-007 0
UV: 0.649215 0.811057

Position: 1.1643 1.45664 -0.993619
Normal: 1 8.66923e-008 0
UV: 0.623729 0.797523

Position: 1.1643 2.51564 -1.03881
Normal: 1 -7.95784e-008 0
UV: 0.630968 0.620556

Position: 1.1643 2.36504 0.148676
Normal: 1 -1.65697e-007 0
UV: 0.432581 0.645769

Position: 1.1643 1.45664 0.320979
Normal: 1 5.51514e-008 0
UV: 0.404063 0.798428

Position: 1.1643 2.36504 0.320953
Normal: 1 -4.3263e-007 0
UV: 0.403805 0.645799

Position: 1.1643 1.45664 0.140666
Normal: 1 3.28619e-008 0
UV: 0.434193 0.797538

Position: 1.1643 1.37554 -2.18898
Normal: 1 0 0
UV: 0.823483 0.811131

Position: 1.1643 1.09334 -2.18898
Normal: 1 0 0
UV: 0.823463 0.85828

Position: -0 0.549995 -2.58829
Normal: -0 0 -1
UV: 0.236473 0.377272

Position: 0.722378 0.549995 -2.58829
Normal: -0 0 -1
UV: 0.115781 0.37728

Position: 0.722378 0.765314 -2.58829
Normal: -8.85736e-008 0 -1
UV: 0.115779 0.341303

Position: 1.1643 0.359695 -2.58829
Normal: 1 0 0
UV: 0.33735 0.370426

Position: 1.1643 0.549995 -2.58829
Normal: 1 0 0
UV: 0.337341 0.33863

Position: 1.1643 0.549995 -2.68843
Normal: 1 0 0
UV: 0.354073 0.338627

Position: 1.1643 0.359695 -2.68843
Normal: 1 0 0
UV: 0.354077 0.370422

Position: 1.1643 0.549995 -2.58829
Normal: -1.34877e-007 1 -6.73492e-007
UV: 0.457559 0.361053

Position: 0.722378 0.549995 -2.58829
Normal: 4.84998e-015 1 -5.11258e-007
UV: 0.383724 0.361053

Position: 0.722378 0.549995 -2.68843
Normal: 4.84998e-015 1 -5.11258e-007
UV: 0.383724 0.344323

Position: 1.1643 0.549995 -2.68843
Normal: -1.34877e-007 1 -6.73492e-007
UV: 0.457559 0.344323

Position: 0.722378 0.359695 -2.68843
Normal: -0 -1 0
UV: 0.917188 0.351849

Position: -0 0.359695 -2.58829
Normal: -0 -1 0
UV: 0.974038 0.359729

Position: 0.722378 0.359695 -2.58829
Normal: -0 -1 0
UV: 0.917188 0.359729

Position: -0 0.359695 -2.68843
Normal: -0 -1 0
UV: 0.974038 0.351848

Position: -0 2.51564 0.3209
Normal: -0 1 0
UV: 0.355313 0.402418

Position: 1.1643 2.51564 -1.03881
Normal: -0 1 0
UV: 0.582487 0.596944

Position: 1.1643 2.51564 0.3209
Normal: -0 1 0
UV: 0.355313 0.596943

Position: -0 2.51564 -1.03881
Normal: -0 1 0
UV: 0.582487 0.402416

Position: 1.1643 0.359695 0.320889
Normal: -0 -1 0
UV: 0.882375 0.588673

Position: 1.1643 0.359695 -1.14601
Normal: -0 -1 0
UV: 0.88241 0.473232

Position: 0.722378 0.359695 0.320884
Normal: -0 -1 0
UV: 0.917084 0.588673

Position: 1.1643 2.51564 0.3209
Normal: 1 -1.03335e-006 0
UV: 0.403798 0.620675

Position: 1.1643 0.765314 -2.18898
Normal: 1 0 0
UV: 0.959194 0.304103

Position: 1.1643 1.09334 -2.18898
Normal: 1 0 0
UV: 0.90439 0.304086

Position: 1.1643 1.09334 -2.58829
Normal: 1 0 0
UV: 0.904419 0.237368

Position: 1.1643 0.765314 -2.58829
Normal: 1 0 0
UV: 0.959228 0.237386

Position: 1.1643 1.09334 -2.58829
Normal: 1.85967e-007 0 -1
UV: 0.0419451 0.286494

Position: 1.1643 1.37554 -2.58829
Normal: 2.47967e-007 0 -1
UV: 0.0419451 0.239339

Position: 0.722378 1.09334 -2.58829
Normal: -6.5475e-008 0 -1
UV: 0.115779 0.286492

Position: 1.1643 0.359695 0.320889
Normal: 1 6.58487e-008 0
UV: 0.404098 0.980849

Position: 0.722378 0.765314 -2.58829
Normal: -8.85736e-008 0 -1
UV: 0.95925 0.163552

Position: 1.1643 0.765314 -2.58829
Normal: -0 0 -1
UV: 0.959228 0.237386

Position: 0.722378 1.09334 -2.58829
Normal: -6.5475e-008 0 -1
UV: 0.904439 0.163535

Position: 1.1643 1.09334 -2.58829
Normal: 1.85967e-007 0 -1
UV: 0.904419 0.237368

Position: 1.1643 0.765314 -2.18898
Normal: 1 0 0
UV: 0.823446 0.913083

Position: 1.1643 0.765314 -2.58829
Normal: 1 0 0
UV: 0.890163 0.913117

Position: 1.1643 0.549995 -2.58829
Normal: 1 0 0
UV: 0.890153 0.949096

Position: 1.1643 0.359695 -2.18898
Normal: -0 -1 0
UV: 0.88241 0.391153

Position: 1.1643 0.359695 -2.58829
Normal: -0 -1 0
UV: 0.88241 0.359729

Position: 1.1643 1.37554 -1.14601
Normal: -0 1 0
UV: 0.601901 0.596558

Position: -0 1.37554 -1.14601
Normal: -0 1 0
UV: 0.601899 0.402031

Position: 1.1643 0.359695 -2.18898
Normal: 1 0 0
UV: 0.270637 0.370444

Position: 1.1643 0.551422 -2.18898
Normal: 1 0 0
UV: 0.270627 0.338406

Position: 1.1643 1.09334 -2.58829
Normal: 1 0 0
UV: 0.890182 0.858309

Position: 1.1643 1.37554 -2.58829
Normal: 1 0 0
UV: 0.8902 0.811161

Position: -0 0.359695 -2.68843
Normal: 8.16992e-008 0 -1
UV: 0.548601 0.370422

Position: -0 0.549995 -2.68843
Normal: 8.16992e-008 0 -1
UV: 0.548601 0.338627

Position: 1.1643 0.549995 -2.58829
Normal: -0 0 -1
UV: 0.0419461 0.37728

Position: 1.1643 0.765314 -2.58829
Normal: -0 0 -1
UV: 0.0419451 0.341304

Position: -0 0.549995 -2.68843
Normal: -0 1 -4.12011e-007
UV: 0.263031 0.344323

Position: -0 0.549995 -2.58829
Normal: -0 1 -4.12011e-007
UV: 0.263031 0.361053

Position: 1.1643 0.359695 -2.68843
Normal: -0 -1 0
UV: 0.88241 0.351848

Position: -0 0.359695 0.320879
Normal: -0 -1 0
UV: 0.973999 0.588673

Position: -0 1.37554 -2.58829
Normal: -0 0 -1
UV: 0.236473 0.239351

Position: 1.24967 0.540063 -1.96209
Normal: -0 0.707099 -0.707115
UV: 0.314237 0.225609

Position: 1.082 0.672438 -1.82972
Normal: -0 0.707099 -0.707115
UV: 0.28296 0.253623

Position: 1.082 0.540063 -1.96209
Normal: -0 0.707099 -0.707115
UV: 0.314237 0.253623

Position: 1.24967 0.672438 -1.82972
Normal: -0 0.707099 -0.707115
UV: 0.28296 0.225609

Position: 1.24967 0.359236 -2.01054
Normal: -0 0.258823 -0.965925
UV: 0.345514 0.225609

Position: 1.082 0.540063 -1.96209
Normal: -0 0.258823 -0.965925
UV: 0.314237 0.253623

Position: 1.082 0.359236 -2.01054
Normal: -0 0.258823 -0.965925
UV: 0.345514 0.253623

Position: 1.24967 0.540063 -1.96209
Normal: -0 0.258823 -0.965925
UV: 0.314237 0.225609

Position: 1.24967 0.178409 -1.96209
Normal: -0 -0.258823 -0.965925
UV: 0.37679 0.225609

Position: 1.082 0.359236 -2.01054
Normal: -0 -0.258823 -0.965925
UV: 0.345514 0.253623

Position: 1.082 0.178409 -1.96209
Normal: -0 -0.258823 -0.965925
UV: 0.37679 0.253623

Position: 1.24967 0.359236 -2.01054
Normal: -0 -0.258823 -0.965925
UV: 0.345514 0.225609

Position: 1.24967 0.0460345 -1.82972
Normal: -0 -0.707099 -0.707114
UV: 0.408067 0.225609

Position: 1.082 0.178409 -1.96209
Normal: -0 -0.707099 -0.707114
UV: 0.37679 0.253623

Position: 1.082 0.0460345 -1.82972
Normal: -0 -0.707099 -0.707114
UV: 0.408067 0.253623

Position: 1.24967 0.178409 -1.96209
Normal: -0 -0.707099 -0.707114
UV: 0.37679 0.225609

Position: 1.24967 -0.00241823 -1.64889
Normal: -0 -0.965927 -0.258816
UV: 0.365332 0.261916

Position: 1.082 0.0460345 -1.82972
Normal: -0 -0.965927 -0.258816
UV: 0.39661 0.233903

Position: 1.082 -0.00241823 -1.64889
Normal: -0 -0.965927 -0.258816
UV: 0.365332 0.233902

Position: 1.24967 0.0460345 -1.82972
Normal: -0 -0.965927 -0.258816
UV: 0.39661 0.261917

Position: 1.24967 0.0460345 -1.46806
Normal: -0 -0.965925 0.258823
UV: 0.334055 0.261916

Position: 1.082 -0.00241823 -1.64889
Normal: -0 -0.965925 0.258823
UV: 0.365332 0.233902

Position: 1.082 0.0460345 -1.46806
Normal: -0 -0.965925 0.258823
UV: 0.334055 0.233902

Position: 1.24967 -0.00241823 -1.64889
Normal: -0 -0.965925 0.258823
UV: 0.365332 0.261916

Position: 1.24967 0.178409 -1.33569
Normal: -0 -0.707113 0.7071
UV: 0.302777 0.261916

Position: 1.082 0.0460345 -1.46806
Normal: -0 -0.707113 0.7071
UV: 0.334055 0.233902

Position: 1.082 0.178409 -1.33569
Normal: -0 -0.707113 0.7071
UV: 0.302777 0.233902

Position: 1.24967 0.0460345 -1.46806
Normal: -0 -0.707113 0.7071
UV: 0.334055 0.261916

Position: 1.24967 0.359236 -1.28723
Normal: -0 -0.258823 0.965925
UV: 0.358616 0.254274

Position: 1.082 0.178409 -1.33569
Normal: -0 -0.258823 0.965925
UV: 0.389894 0.22626

Position: 1.082 0.359236 -1.28723
Normal: -0 -0.258823 0.965925
UV: 0.358616 0.22626

Position: 1.24967 0.178409 -1.33569
Normal: -0 -0.258823 0.965925
UV: 0.389894 0.254274

Position: 1.24967 0.540063 -1.33569
Normal: -0 0.258823 0.965925
UV: 0.32734 0.254274

Position: 1.082 0.359236 -1.28723
Normal: -0 0.258823 0.965925
UV: 0.358616 0.22626

Position: 1.082 0.540063 -1.33569
Normal: -0 0.258823 0.965925
UV: 0.32734 0.22626

Position: 1.24967 0.359236 -1.28723
Normal: -0 0.258823 0.965925
UV: 0.358616 0.254274

Position: 1.24967 0.540063 -1.33569
Normal: -0 0.707113 0.707101
UV: 0.32734 0.254274

Position: 1.082 0.540063 -1.33569
Normal: -0 0.707113 0.707101
UV: 0.32734 0.22626

Position: 1.24967 0.672438 -1.46806
Normal: -0 0.707113 0.707101
UV: 0.296062 0.254274

Position: 1.082 0.672438 -1.46806
Normal: -0 0.707113 0.707101
UV: 0.296062 0.22626

Position: 1.24967 0.672438 -1.46806
Normal: -0 0.965926 0.25882
UV: 0.322679 0.225136

Position: 1.082 0.672438 -1.46806
Normal: -0 0.965926 0.25882
UV: 0.322679 0.253151

Position: 1.24967 0.72089 -1.64889
Normal: -0 0.965926 0.25882
UV: 0.353957 0.225136

Position: 1.082 0.72089 -1.64889
Normal: -0 0.965926 0.25882
UV: 0.353957 0.253151

Position: 1.24967 0.72089 -1.64889
Normal: -0 0.965928 -0.258812
UV: 0.353957 0.225136

Position: 1.082 0.72089 -1.64889
Normal: -0 0.965928 -0.258812
UV: 0.353957 0.253151

Position: 1.24967 0.672438 -1.82972
Normal: -0 0.965928 -0.258812
UV: 0.385235 0.225136

Position: 1.082 0.672438 -1.82972
Normal: -0 0.965928 -0.258812
UV: 0.385235 0.253151

Position: 1.24967 0.672438 -1.82972
Normal: 1 2.27858e-007 0
UV: 0.494896 0.21636

Position: 1.24967 0.540063 -1.96209
Normal: 1 2.27858e-007 0
UV: 0.541747 0.203807

Position: 1.24967 0.359236 -1.64889
Normal: 1 -8.99199e-013 0
UV: 0.494896 0.122657

Position: 1.24967 0.359236 -2.01054
Normal: 1 0 0
UV: 0.576046 0.169508

Position: 1.24967 0.178409 -1.96209
Normal: 1 0 0
UV: 0.588599 0.122654

Position: 1.24967 0.0460345 -1.82972
Normal: 1 0 0
UV: 0.576046 0.0758036

Position: 1.24967 -0.00241823 -1.64889
Normal: 1 0 0
UV: 0.541749 0.0415074

Position: 1.24967 0.0460345 -1.46806
Normal: 1 -2.27858e-007 0
UV: 0.494896 0.0289512

Position: 1.24967 0.178409 -1.33569
Normal: 1 -2.27855e-007 0
UV: 0.448044 0.0415043

Position: 1.24967 0.359236 -1.28723
Normal: 1 0 0
UV: 0.413744 0.075802

Position: 1.24967 0.540063 -1.33569
Normal: 1 0 0
UV: 0.40119 0.122654

Position: 1.24967 0.672438 -1.46806
Normal: 1 0 0
UV: 0.413744 0.169508

Position: 1.24967 0.72089 -1.64889
Normal: 1 0 0
UV: 0.448044 0.203806

Position: 1.1643 0.359695 0.320889
Normal: 1 6.58487e-008 0
UV: 0.406085 0.98041

Position: 1.1643 0.359695 2.24367
Normal: 1 0 0
UV: 0.0851696 0.98041

Position: 1.1643 0.545437 2.24367
Normal: 1 0 0
UV: 0.0851696 0.949409

Position: 1.1643 1.45664 0.320979
Normal: 1 5.51514e-008 0
UV: 0.40607 0.797327

Position: 1.1643 1.09334 2.24367
Normal: 1 -7.41079e-008 0
UV: 0.0851696 0.857962

Position: 1.1643 1.45664 2.68843
Normal: 1 -4.46067e-007 0
UV: 0.0109368 0.797327

Position: 1.1643 0.359695 2.24367
Normal: -0 -1 1.40461e-008
UV: 0.893625 0.670022

Position: 0.722378 0.359695 0.320884
Normal: -0 -1 0
UV: 0.951975 0.416143

Position: 0.71205 0.359695 2.24366
Normal: -0 -1 5.40804e-009
UV: 0.953338 0.670022

Position: 1.1643 0.359695 0.320889
Normal: -0 -1 0
UV: 0.893625 0.416144

Position: 1.1643 0.765314 2.24367
Normal: 1 8.77168e-008 0
UV: 0.0851697 0.912711

Position: 0.71205 0.359695 2.24366
Normal: -0 -1 5.40804e-009
UV: 0.882579 0.7046

Position: -0 0.359695 0.320879
Normal: -0 -1 0
UV: 0.977048 0.450722

Position: -0 0.359695 2.24365
Normal: -0 -1 0
UV: 0.976522 0.7046

Position: 0.722378 0.359695 0.320884
Normal: -0 -1 0
UV: 0.881215 0.450722

Position: 1.1643 1.09334 2.68834
Normal: 1 0 0
UV: 0.0109527 0.857962

Position: 1.1643 1.09334 2.68834
Normal: 1 0 0
UV: 0.950637 0.0580822

Position: 1.1643 0.765314 2.24367
Normal: 1 8.77168e-008 0
UV: 0.906238 0.118269

Position: 1.1643 0.765314 2.68834
Normal: 1 0 0
UV: 0.906238 0.0580822

Position: 1.1643 1.09334 2.24367
Normal: 1 -7.41079e-008 0
UV: 0.950637 0.118269

Position: 1.1643 0.765314 2.68834
Normal: 1 0 0
UV: 0.0109528 0.912711

Position: 1.1643 0.545437 2.68834
Normal: 1 0 0
UV: 0.0109528 0.949409

Position: 1.1643 0.545437 2.68834
Normal: 1 0 0
UV: 0.37593 0.366395

Position: 1.1643 0.359695 2.24367
Normal: 1 0 0
UV: 0.313167 0.341113

Position: 1.1643 0.359695 2.68834
Normal: 1 0 0
UV: 0.37593 0.342049

Position: 1.1643 0.545437 2.24367
Normal: 1 0 0
UV: 0.313166 0.367329

Position: 1.1643 0.359695 2.68834
Normal: -0 -1 7.40411e-008
UV: 0.893625 0.728736

Position: 0.711359 0.359695 2.68834
Normal: -0 -1 2.87466e-008
UV: 0.953429 0.728736

Position: 0.711359 0.359695 2.68834
Normal: -0 -1 2.87466e-008
UV: 0.901134 0.575536

Position: -0 0.359695 2.24365
Normal: -0 -1 0
UV: 0.967608 0.68179

Position: -0 0.359695 2.68834
Normal: -0 -1 0
UV: 0.901135 0.68179

Position: 0.71205 0.359695 2.24366
Normal: -0 -1 5.40804e-009
UV: 0.967607 0.575433

Position: 1.1643 0.545437 2.68834
Normal: -0 0 1
UV: 0.37593 0.366395

Position: 0.711359 0.359695 2.68834
Normal: -0 0 1
UV: 0.430735 0.342985

Position: 0.710667 0.545437 2.68834
Normal: 1.44441e-005 -4.69591e-005 1
UV: 0.430819 0.365459

Position: 1.1643 0.359695 2.68834
Normal: -0 0 1
UV: 0.37593 0.342049

Position: 1.1643 1.45664 2.68843
Normal: -0 -0.000261191 1
UV: 0.852602 0.610354

Position: 0.710667 1.09334 2.68834
Normal: 2.52056e-005 -0.000163079 1
UV: 0.781568 0.667244

Position: -0 1.45664 2.68843
Normal: -9.62448e-008 -0.000127737 1
UV: 0.670403 0.610354

Position: 1.1643 1.09334 2.68834
Normal: -0 -0.000173397 1
UV: 0.852602 0.667244

Position: 0.710667 1.09334 2.68834
Normal: 2.52056e-005 -0.000163079 1
UV: 0.957809 0.18764

Position: 1.1643 1.09334 2.68834
Normal: -0 -0.000173397 1
UV: 0.957809 0.2705

Position: 1.1643 0.765314 2.68834
Normal: -0 0 1
UV: 0.897891 0.2705

Position: 0.710667 0.765314 2.68834
Normal: 2.57393e-005 -5.54246e-005 1
UV: 0.897891 0.18764

Position: 0.710667 0.765314 2.68834
Normal: 2.57393e-005 -5.54246e-005 1
UV: 0.781568 0.718611

Position: 1.1643 0.765314 2.68834
Normal: -0 0 1
UV: 0.852602 0.718611

Position: 1.1643 0.545437 2.68834
Normal: -0 0 1
UV: 0.852602 0.753042

Position: 0.710667 0.545437 2.68834
Normal: 1.44441e-005 -4.69591e-005 1
UV: 0.781568 0.753042

Position: -0 0.359695 2.68834
Normal: -0 0 1
UV: 0.516722 0.342985

Position: -0 0.545437 2.68834
Normal: -1.11625e-007 -6.31447e-005 1
UV: 0.516718 0.365459

Position: -0 0.545437 2.68834
Normal: -1.11625e-007 -6.31447e-005 1
UV: 0.670403 0.753042

Position: -0 2.29743 0.320953
Normal: -0 7.8852e-005 1
UV: 0.234602 0.170613

Position: 1.06297 2.29743 0.320953
Normal: -4.66908e-006 7.57197e-005 1
UV: 0.0405858 0.170613

Position: 1.06297 1.55112 0.320974
Normal: -2.57532e-006 3.24669e-005 1
UV: 0.0405858 0.0342907

Position: -0 1.55112 0.320974
Normal: -0 3.15367e-005 1
UV: 0.234602 0.0342907

Position: -0 2.42117 0.320905
Normal: -0 0.000238257 1
UV: 0.234602 0.193214

Position: 1.06297 2.42117 0.320905
Normal: -1.75259e-005 0.000214589 1
UV: 0.0405858 0.193214

Position: 1.1643 2.36504 0.320953
Normal: -8.75685e-005 0.000118698 1
UV: 0.831789 0.621416

Position: 1.06297 1.55112 0.320974
Normal: -2.57532e-006 3.24669e-005 1
UV: 0.683118 0.602908

Position: 1.06297 2.29743 0.320953
Normal: -4.66908e-006 7.57197e-005 1
UV: 0.81944 0.602908

Position: 1.1643 1.45664 0.320979
Normal: -1.04265e-005 4.33752e-005 1
UV: 0.665861 0.621416

Position: -0 1.45664 0.320979
Normal: -0 5.61501e-005 1
UV: 0.665861 0.408644

Position: -0 1.55112 0.320974
Normal: -0 3.15367e-005 1
UV: 0.683118 0.408892

Position: 1.06297 2.42117 0.320905
Normal: -1.75259e-005 0.000214589 1
UV: 0.842041 0.602908

Position: 1.1643 2.51564 0.3209
Normal: -3.36202e-005 9.52075e-005 1
UV: 0.859298 0.621416

Position: -0 2.51564 0.3209
Normal: -0 5.61503e-005 1
UV: 0.859298 0.408644

Position: -0 2.42117 0.320905
Normal: -0 0.000238257 1
UV: 0.842041 0.408892

Position: 1.01807 1.45664 0.484201
Normal: -0 1 -2.31122e-007
UV: 0.326974 0.555651

Position: 1.1643 1.45664 2.68843
Normal: -0 1 2.60104e-007
UV: 0.0286295 0.575442

Position: 1.01807 1.45664 2.52521
Normal: -0 1 2.31122e-007
UV: 0.0507218 0.555651

Position: 1.1643 1.45664 0.320979
Normal: -0 1 -2.60105e-007
UV: 0.349067 0.575442

Position: -0 1.45664 2.52521
Normal: -0 1 6.6932e-007
UV: 0.0507218 0.418028

Position: -0 1.45664 2.68843
Normal: -0 1 6.6932e-007
UV: 0.0286295 0.417957

Position: -0 1.45664 0.320979
Normal: -0 1 -5.85655e-007
UV: 0.349067 0.417778

Position: -0 1.45664 0.484201
Normal: -0 1 -5.85655e-007
UV: 0.326974 0.417894

Position: 1.01807 0.787057 0.484201
Normal: -1 0 0
UV: 0.390878 0.638909

Position: 1.01807 1.45664 2.52521
Normal: -1 0 0
UV: 0.0180658 0.761216

Position: 1.01807 0.787057 2.52521
Normal: -1 0 0
UV: 0.0180658 0.638909

Position: 1.01807 1.45664 0.484201
Normal: -1 0 0
UV: 0.390878 0.761216

Position: 1.01807 0.787057 2.52521
Normal: -0 0 -1
UV: 0.11924 0.758563

Position: -0 1.45664 2.52521
Normal: -0 0 -1
UV: 0.304966 0.636256

Position: -0 0.787057 2.52521
Normal: -0 0 -1
UV: 0.305438 0.758563

Position: 1.01807 1.45664 2.52521
Normal: -0 0 -1
UV: 0.11924 0.636256

Position: -0 1.45664 0.484201
Normal: -0 0 1
UV: 0.289743 0.757619

Position: 1.01807 1.45664 0.484201
Normal: -0 0 1
UV: 0.103836 0.757619

Position: -0 0.787057 0.484201
Normal: -0 0 1
UV: 0.289743 0.635312

Position: 1.01807 0.787057 0.484201
Normal: -0 0 1
UV: 0.103836 0.635312

Position: -0 0.787057 2.52521
Normal: -0 1 0
UV: 0.028771 0.416069

Position: 1.01807 0.787057 0.484201
Normal: -0 1 0
UV: 0.327685 0.56536

Position: 1.01807 0.787057 2.52521
Normal: -0 1 0
UV: 0.028771 0.56536

Position: -0 0.787057 0.484201
Normal: -0 1 0
UV: 0.327685 0.416303

Position: -1.52156 1.50452 -1.12162
Normal: -0 0.938583 -0.345053
UV: 0.685353 0.288081

Position: -1.19744 1.55006 -0.997748
Normal: -0 0.938583 -0.345053
UV: 0.736051 0.308724

Position: -1.5797 1.55006 -0.997748
Normal: -0 0.938583 -0.345053
UV: 0.676259 0.308724

Position: -1.25558 1.50452 -1.12162
Normal: -0 0.938583 -0.345053
UV: 0.726956 0.288081

Position: -1.25558 1.29618 -1.12162
Normal: -0 0 -1
UV: 0.518609 0.717782

Position: -1.52156 1.50452 -1.12162
Normal: -0 0 -1
UV: 0.560213 0.685195

Position: -1.52156 1.29618 -1.12162
Normal: -0 0 -1
UV: 0.560213 0.717782

Position: -1.25558 1.50452 -1.12162
Normal: -0 0 -1
UV: 0.518609 0.685195

Position: -1.5797 1.25065 -0.997748
Normal: -0 -0.938583 -0.345054
UV: 0.533795 0.74008

Position: -1.19744 1.25065 -0.997748
Normal: -0 -0.938583 -0.345054
UV: 0.474003 0.74008

Position: -1.52156 1.29618 -1.12162
Normal: -0 -0.938583 -0.345054
UV: 0.5247 0.719438

Position: -1.25558 1.29618 -1.12162
Normal: -0 -0.938583 -0.345054
UV: 0.483097 0.719438

Position: -1.19744 1.55006 -0.997748
Normal: -0 0 1
UV: 0.549489 0.340527

Position: -1.5797 1.25065 -0.997748
Normal: -0 0 1
UV: 0.512522 0.369482

Position: -1.5797 1.55006 -0.997748
Normal: -0 0 1
UV: 0.512522 0.340527

Position: -1.19744 1.25065 -0.997748
Normal: -0 0 1
UV: 0.549489 0.369482

Position: -1.25558 1.50452 -1.12162
Normal: 0.905249 0 -0.424882
UV: 0.462004 0.703805

Position: -1.25558 1.29618 -1.12162
Normal: 0.905249 0 -0.424882
UV: 0.494591 0.703805

Position: -1.19744 1.55006 -0.997748
Normal: 0.905249 0 -0.424882
UV: 0.454881 0.725208

Position: -1.19744 1.25065 -0.997748
Normal: 0.905249 0 -0.424882
UV: 0.501714 0.725208

Position: -1.52156 1.29618 -1.12162
Normal: -0.905247 0 -0.424886
UV: 0.493818 0.694198

Position: -1.5797 1.55006 -0.997748
Normal: -0.905247 0 -0.424886
UV: 0.533528 0.715601

Position: -1.5797 1.25065 -0.997748
Normal: -0.905247 0 -0.424886
UV: 0.486695 0.7156

Position: -1.52156 1.50452 -1.12162
Normal: -0.905247 0 -0.424886
UV: 0.526405 0.694197

Position: -1.1643 0.359695 -2.68843
Normal: 7.08762e-007 0 -1
UV: 0.354077 0.370422

Position: -0.722378 0.359695 -2.68843
Normal: 1.01379e-007 0 -1
UV: 0.427908 0.370422

Position: -0.722378 0.549995 -2.68843
Normal: 1.01379e-007 0 -1
UV: 0.427908 0.338627

Position: -1.1643 0.549995 -2.68843
Normal: 7.08762e-007 0 -1
UV: 0.354073 0.338627

Position: -1.1643 2.36504 0.148676
Normal: -1 -1.78802e-007 0
UV: 0.0439042 0.0390904

Position: -1.1643 1.45664 0.140666
Normal: -1 -8.16657e-009 0
UV: 0.0452426 0.190862

Position: -1.1643 2.36504 -0.913835
Normal: -1 1.6782e-008 0
UV: 0.221426 0.0390904

Position: -1.1643 1.45664 -0.993619
Normal: -1 7.9118e-008 0
UV: 0.234757 0.190862

Position: -1.05283 2.42072 -1.04962
Normal: -0.0025453 0.0966201 -0.995318
UV: 0.0523975 0.0335637

Position: -1.05283 1.47844 -1.13892
Normal: -0.0025624 0.0909674 -0.995851
UV: 0.0523975 0.191702

Position: -0.722378 0.359695 -1.14601
Normal: -0 -1 0
UV: 0.917188 0.473232

Position: -0.722378 0.359695 -2.18898
Normal: -0 -1 0
UV: 0.917188 0.391153

Position: -1.1643 1.37554 -2.18898
Normal: -0 1 0
UV: 0.776156 0.596556

Position: -1.1643 1.37554 -2.58829
Normal: -0 1 0
UV: 0.842872 0.596558

Position: -1.1643 0.359695 -1.14601
Normal: -1 4.96813e-008 0
UV: 0.649183 0.980806

Position: -1.1643 0.359695 -2.18898
Normal: -1 0 0
UV: 0.823425 0.980858

Position: -1.1643 0.551422 -2.18898
Normal: -1 0 0
UV: 0.82344 0.948821

Position: -1.05283 1.47844 -1.13892
Normal: -0.0025624 0.0909674 -0.995851
UV: 0.628174 0.244732

Position: -1.1643 1.37554 -1.14601
Normal: -0.0105961 0.0820676 -0.99657
UV: 0.609548 0.261962

Position: -1.05283 2.42072 -1.04962
Normal: -0.0025453 0.0966201 -0.995318
UV: 0.628169 0.0865961

Position: -1.1643 2.51564 -1.03881
Normal: -0.0114557 0.102164 -0.994702
UV: 0.609543 0.0706346

Position: -1.1643 1.37554 -1.14601
Normal: -1 1.05093e-007 0
UV: 0.649215 0.811057

Position: -1.1643 2.36504 -0.913835
Normal: -1 1.6782e-008 0
UV: 0.610113 0.645757

Position: -1.1643 1.45664 -0.993619
Normal: -1 7.9118e-008 0
UV: 0.623729 0.797523

Position: -1.1643 2.51564 -1.03881
Normal: -1 3.90108e-008 0
UV: 0.630968 0.620556

Position: -1.1643 1.45664 0.140666
Normal: -1 -8.16657e-009 0
UV: 0.434193 0.797538

Position: -1.1643 2.36504 0.148676
Normal: -1 -1.78802e-007 0
UV: 0.432581 0.645769

Position: -1.1643 1.45664 0.320979
Normal: -1 8.66371e-008 0
UV: 0.404063 0.798428

Position: -1.1643 2.36504 0.320953
Normal: -1 -4.39748e-007 0
UV: 0.403805 0.645799

Position: -1.1643 1.09334 -2.18898
Normal: -1 0 0
UV: 0.823463 0.85828

Position: -1.1643 1.37554 -2.18898
Normal: -1 0 0
UV: 0.823483 0.811131

Position: -0.722378 0.765314 -2.58829
Normal: 8.85736e-008 0 -1
UV: 0.115779 0.341303

Position: -0.722378 0.549995 -2.58829
Normal: -0 0 -1
UV: 0.115781 0.37728

Position: -1.1643 0.359695 -2.68843
Normal: -1 0 0
UV: 0.354077 0.370422

Position: -1.1643 0.549995 -2.68843
Normal: -1 0 0
UV: 0.354073 0.338627

Position: -1.1643 0.359695 -2.58829
Normal: -1 0 0
UV: 0.33735 0.370426

Position: -1.1643 0.549995 -2.58829
Normal: -1 0 0
UV: 0.337341 0.33863

Position: -1.1643 0.549995 -2.68843
Normal: 1.34877e-007 1 -6.73492e-007
UV: 0.457559 0.344323

Position: -0.722378 0.549995 -2.68843
Normal: -4.84998e-015 1 -5.11258e-007
UV: 0.383724 0.344323

Position: -1.1643 0.549995 -2.58829
Normal: 1.34877e-007 1 -6.73492e-007
UV: 0.457559 0.361053

Position: -0.722378 0.549995 -2.58829
Normal: -4.84998e-015 1 -5.11258e-007
UV: 0.383724 0.361053

Position: -0.722378 0.359695 -2.68843
Normal: -0 -1 0
UV: 0.917188 0.351849

Position: -0.722378 0.359695 -2.58829
Normal: -0 -1 0
UV: 0.917188 0.359729

Position: -1.1643 2.51564 0.3209
Normal: -0 1 0
UV: 0.355313 0.596943

Position: -1.1643 2.51564 -1.03881
Normal: -0 1 0
UV: 0.582487 0.596944

Position: -0.722378 0.359695 0.320884
Normal: -0 -1 -1.30292e-009
UV: 0.917084 0.588673

Position: -1.1643 0.359695 -1.14601
Normal: -0 -1 0
UV: 0.88241 0.473232

Position: -1.1643 0.359695 0.320889
Normal: -0 -1 -3.39702e-009
UV: 0.882375 0.588673

Position: -1.1643 2.51564 0.3209
Normal: -1 -1.03335e-006 0
UV: 0.403798 0.620675

Position: -1.1643 0.765314 -2.18898
Normal: -1 0 0
UV: 0.959194 0.304103

Position: -1.1643 1.09334 -2.58829
Normal: -1 0 0
UV: 0.904419 0.237368

Position: -1.1643 1.09334 -2.18898
Normal: -1 0 0
UV: 0.90439 0.304086

Position: -1.1643 0.765314 -2.58829
Normal: -1 0 0
UV: 0.959228 0.237386

Position: -1.1643 1.09334 -2.58829
Normal: -2.87507e-007 0 -1
UV: 0.0419451 0.286494

Position: -0.722378 1.09334 -2.58829
Normal: 5.71346e-008 0 -1
UV: 0.115779 0.286492

Position: -1.1643 1.37554 -2.58829
Normal: -3.83359e-007 0 -1
UV: 0.0419451 0.239339

Position: -1.1643 0.359695 0.320889
Normal: -1 1.02447e-007 0
UV: 0.404098 0.980849

Position: -0.722378 0.765314 -2.58829
Normal: 8.85736e-008 0 -1
UV: 0.95925 0.163552

Position: -0.722378 1.09334 -2.58829
Normal: 5.71346e-008 0 -1
UV: 0.904439 0.163535

Position: -1.1643 0.765314 -2.58829
Normal: -0 0 -1
UV: 0.959228 0.237386

Position: -1.1643 1.09334 -2.58829
Normal: -2.87507e-007 0 -1
UV: 0.904419 0.237368

Position: -1.1643 0.765314 -2.58829
Normal: -1 0 0
UV: 0.890163 0.913117

Position: -1.1643 0.765314 -2.18898
Normal: -1 0 0
UV: 0.823446 0.913083

Position: -1.1643 0.549995 -2.58829
Normal: -1 0 0
UV: 0.890153 0.949096

Position: -1.1643 0.359695 -2.18898
Normal: -0 -1 0
UV: 0.88241 0.391153

Position: -1.1643 0.359695 -2.58829
Normal: -0 -1 0
UV: 0.88241 0.359729

Position: -1.1643 1.37554 -1.14601
Normal: -0 1 0
UV: 0.601901 0.596558

Position: -1.1643 0.359695 -2.18898
Normal: -1 0 0
UV: 0.270637 0.370444

Position: -1.1643 0.551422 -2.18898
Normal: -1 0 0
UV: 0.270627 0.338406

Position: -1.1643 1.09334 -2.58829
Normal: -1 0 0
UV: 0.890182 0.858309

Position: -1.1643 1.37554 -2.58829
Normal: -1 0 0
UV: 0.8902 0.811161

Position: -1.1643 0.765314 -2.58829
Normal: -0 0 -1
UV: 0.0419451 0.341304

Position: -1.1643 0.549995 -2.58829
Normal: -0 0 -1
UV: 0.0419461 0.37728

Position: -1.1643 0.359695 -2.68843
Normal: -0 -1 0
UV: 0.88241 0.351848

Position: -1.24967 0.540063 -1.96209
Normal: -0 0.707099 -0.707115
UV: 0.314237 0.225609

Position: -1.082 0.540063 -1.96209
Normal: -0 0.707099 -0.707115
UV: 0.314237 0.253623

Position: -1.082 0.672438 -1.82972
Normal: -0 0.707099 -0.707115
UV: 0.28296 0.253623

Position: -1.24967 0.672438 -1.82972
Normal: -0 0.707099 -0.707115
UV: 0.28296 0.225609

Position: -1.24967 0.359236 -2.01054
Normal: -0 0.258823 -0.965925
UV: 0.345514 0.225609

Position: -1.082 0.359236 -2.01054
Normal: -0 0.258823 -0.965925
UV: 0.345514 0.253623

Position: -1.082 0.540063 -1.96209
Normal: -0 0.258823 -0.965925
UV: 0.314237 0.253623

Position: -1.24967 0.540063 -1.96209
Normal: -0 0.258823 -0.965925
UV: 0.314237 0.225609

Position: -1.24967 0.178409 -1.96209
Normal: -0 -0.258823 -0.965925
UV: 0.37679 0.225609

Position: -1.082 0.178409 -1.96209
Normal: -0 -0.258823 -0.965925
UV: 0.37679 0.253623

Position: -1.082 0.359236 -2.01054
Normal: -0 -0.258823 -0.965925
UV: 0.345514 0.253623

Position: -1.24967 0.359236 -2.01054
Normal: -0 -0.258823 -0.965925
UV: 0.345514 0.225609

Position: -1.24967 0.0460345 -1.82972
Normal: -0 -0.707099 -0.707114
UV: 0.408067 0.225609

Position: -1.082 0.0460345 -1.82972
Normal: -0 -0.707099 -0.707114
UV: 0.408067 0.253623

Position: -1.082 0.178409 -1.96209
Normal: -0 -0.707099 -0.707114
UV: 0.37679 0.253623

Position: -1.24967 0.178409 -1.96209
Normal: -0 -0.707099 -0.707114
UV: 0.37679 0.225609

Position: -1.24967 -0.00241823 -1.64889
Normal: -0 -0.965927 -0.258816
UV: 0.365332 0.261916

Position: -1.082 -0.00241823 -1.64889
Normal: -0 -0.965927 -0.258816
UV: 0.365332 0.233902

Position: -1.082 0.0460345 -1.82972
Normal: -0 -0.965927 -0.258816
UV: 0.39661 0.233903

Position: -1.24967 0.0460345 -1.82972
Normal: -0 -0.965927 -0.258816
UV: 0.39661 0.261917

Position: -1.24967 0.0460345 -1.46806
Normal: -0 -0.965925 0.258823
UV: 0.334055 0.261916

Position: -1.082 0.0460345 -1.46806
Normal: -0 -0.965925 0.258823
UV: 0.334055 0.233902

Position: -1.082 -0.00241823 -1.64889
Normal: -0 -0.965925 0.258823
UV: 0.365332 0.233902

Position: -1.24967 -0.00241823 -1.64889
Normal: -0 -0.965925 0.258823
UV: 0.365332 0.261916

Position: -1.24967 0.178409 -1.33569
Normal: -0 -0.707113 0.7071
UV: 0.302777 0.261916

Position: -1.082 0.178409 -1.33569
Normal: -0 -0.707113 0.7071
UV: 0.302777 0.233902

Position: -1.082 0.0460345 -1.46806
Normal: -0 -0.707113 0.7071
UV: 0.334055 0.233902

Position: -1.24967 0.0460345 -1.46806
Normal: -0 -0.707113 0.7071
UV: 0.334055 0.261916

Position: -1.24967 0.359236 -1.28723
Normal: -0 -0.258823 0.965925
UV: 0.358616 0.254274

Position: -1.082 0.359236 -1.28723
Normal: -0 -0.258823 0.965925
UV: 0.358616 0.22626

Position: -1.082 0.178409 -1.33569
Normal: -0 -0.258823 0.965925
UV: 0.389894 0.22626

Position: -1.24967 0.178409 -1.33569
Normal: -0 -0.258823 0.965925
UV: 0.389894 0.254274

Position: -1.24967 0.540063 -1.33569
Normal: -0 0.258823 0.965925
UV: 0.32734 0.254274

Position: -1.082 0.540063 -1.33569
Normal: -0 0.258823 0.965925
UV: 0.32734 0.22626

Position: -1.082 0.359236 -1.28723
Normal: -0 0.258823 0.965925
UV: 0.358616 0.22626

Position: -1.24967 0.359236 -1.28723
Normal: -0 0.258823 0.965925
UV: 0.358616 0.254274

Position: -1.24967 0.672438 -1.46806
Normal: -0 0.707113 0.707101
UV: 0.296062 0.254274

Position: -1.082 0.540063 -1.33569
Normal: -0 0.707113 0.707101
UV: 0.32734 0.22626

Position: -1.24967 0.540063 -1.33569
Normal: -0 0.707113 0.707101
UV: 0.32734 0.254274

Position: -1.082 0.672438 -1.46806
Normal: -0 0.707113 0.707101
UV: 0.296062 0.22626

Position: -1.24967 0.672438 -1.46806
Normal: -0 0.965926 0.25882
UV: 0.322679 0.225136

Position: -1.24967 0.72089 -1.64889
Normal: -0 0.965926 0.25882
UV: 0.353957 0.225136

Position: -1.082 0.672438 -1.46806
Normal: -0 0.965926 0.25882
UV: 0.322679 0.253151

Position: -1.082 0.72089 -1.64889
Normal: -0 0.965926 0.25882
UV: 0.353957 0.253151

Position: -1.24967 0.672438 -1.82972
Normal: -0 0.965928 -0.258812
UV: 0.385235 0.225136

Position: -1.082 0.72089 -1.64889
Normal: -0 0.965928 -0.258812
UV: 0.353957 0.253151

Position: -1.24967 0.72089 -1.64889
Normal: -0 0.965928 -0.258812
UV: 0.353957 0.225136

Position: -1.082 0.672438 -1.82972
Normal: -0 0.965928 -0.258812
UV: 0.385235 0.253151

Position: -1.24967 0.672438 -1.82972
Normal: -1 2.27857e-007 0
UV: 0.494896 0.21636

Position: -1.24967 0.359236 -1.64889
Normal: -1 -2.16154e-014 0
UV: 0.494896 0.122657

Position: -1.24967 0.540063 -1.96209
Normal: -1 1.09979e-012 0
UV: 0.541747 0.203807

Position: -1.24967 0.359236 -2.01054
Normal: -1 -2.07508e-014 0
UV: 0.576046 0.169508

Position: -1.24967 0.178409 -1.96209
Normal: -1 -9.54533e-013 0
UV: 0.588599 0.122654

Position: -1.24967 0.0460345 -1.82972
Normal: -1 -2.27857e-007 0
UV: 0.576046 0.0758036

Position: -1.24967 -0.00241823 -1.64889
Normal: -1 0 0
UV: 0.541749 0.0415074

Position: -1.24967 0.0460345 -1.46806
Normal: -1 -2.27858e-007 0
UV: 0.494896 0.0289512

Position: -1.24967 0.178409 -1.33569
Normal: -1 2.38633e-012 0
UV: 0.448044 0.0415043

Position: -1.24967 0.359236 -1.28723
Normal: -1 -2.07508e-014 0
UV: 0.413744 0.075802

Position: -1.24967 0.540063 -1.33569
Normal: -1 -2.13732e-012 0
UV: 0.40119 0.122654

Position: -1.24967 0.672438 -1.46806
Normal: -1 2.27858e-007 0
UV: 0.413744 0.169508

Position: -1.24967 0.72089 -1.64889
Normal: -1 0 0
UV: 0.448044 0.203806

Position: -1.1643 0.359695 0.320889
Normal: -1 1.02447e-007 0
UV: 0.406085 0.98041

Position: -1.1643 0.545437 2.24367
Normal: -1 0 0
UV: 0.0851696 0.949409

Position: -1.1643 0.359695 2.24367
Normal: -1 0 0
UV: 0.0851696 0.98041

Position: -1.1643 1.45664 0.320979
Normal: -1 8.66371e-008 0
UV: 0.40607 0.797327

Position: -1.1643 1.45664 2.68843
Normal: -1 -4.46067e-007 0
UV: 0.0109368 0.797327

Position: -1.1643 1.09334 2.24367
Normal: -1 -3.33007e-008 0
UV: 0.0851696 0.857962

Position: -0.71205 0.359695 2.24366
Normal: -0 -1 1.62423e-009
UV: 0.953338 0.670022

Position: -0.722378 0.359695 0.320884
Normal: -0 -1 -1.30292e-009
UV: 0.951975 0.416143

Position: -1.1643 0.359695 2.24367
Normal: -0 -1 4.19744e-009
UV: 0.893625 0.670022

Position: -1.1643 0.359695 0.320889
Normal: -0 -1 -3.39702e-009
UV: 0.893625 0.416144

Position: -1.1643 0.765314 2.24367
Normal: -1 1.36469e-007 0
UV: 0.0851697 0.912711

Position: -0.71205 0.359695 2.24366
Normal: -0 -1 1.62423e-009
UV: 0.882579 0.7046

Position: -0.722378 0.359695 0.320884
Normal: -0 -1 -1.30292e-009
UV: 0.881215 0.450722

Position: -1.1643 1.09334 2.68834
Normal: -1 0 0
UV: 0.0109527 0.857962

Position: -1.1643 1.09334 2.68834
Normal: -1 0 0
UV: 0.950637 0.0580822

Position: -1.1643 0.765314 2.68834
Normal: -1 0 0
UV: 0.906238 0.0580822

Position: -1.1643 0.765314 2.24367
Normal: -1 1.36469e-007 0
UV: 0.906238 0.118269

Position: -1.1643 1.09334 2.24367
Normal: -1 -3.33007e-008 0
UV: 0.950637 0.118269

Position: -1.1643 0.545437 2.68834
Normal: -1 0 0
UV: 0.0109528 0.949409

Position: -1.1643 0.765314 2.68834
Normal: -1 0 0
UV: 0.0109528 0.912711

Position: -1.1643 0.359695 2.68834
Normal: -1 0 0
UV: 0.37593 0.342049

Position: -1.1643 0.359695 2.24367
Normal: -1 0 0
UV: 0.313167 0.341113

Position: -1.1643 0.545437 2.68834
Normal: -1 0 0
UV: 0.37593 0.366395

Position: -1.1643 0.545437 2.24367
Normal: -1 0 0
UV: 0.313166 0.367329

Position: -1.1643 0.359695 2.68834
Normal: -0 -1 4.75772e-008
UV: 0.893625 0.728736

Position: -0.711359 0.359695 2.68834
Normal: -0 -1 1.8472e-008
UV: 0.953429 0.728736

Position: -0.711359 0.359695 2.68834
Normal: -0 -1 1.8472e-008
UV: 0.901134 0.575536

Position: -0.71205 0.359695 2.24366
Normal: -0 -1 1.62423e-009
UV: 0.967607 0.575433

Position: -1.1643 0.545437 2.68834
Normal: -0 0 1
UV: 0.37593 0.366395

Position: -0.711359 0.359695 2.68834
Normal: -0 0 1
UV: 0.430735 0.342985

Position: -1.1643 0.359695 2.68834
Normal: -0 0 1
UV: 0.37593 0.342049

Position: -0.710667 0.545437 2.68834
Normal: -1.46101e-005 -4.69591e-005 1
UV: 0.430819 0.365459

Position: -1.1643 1.45664 2.68843
Normal: -0 -0.000261191 1
UV: 0.852602 0.610354

Position: -0.710667 1.09334 2.68834
Normal: -2.52056e-005 -0.000163079 1
UV: 0.781568 0.667244

Position: -1.1643 1.09334 2.68834
Normal: -0 -0.000173397 1
UV: 0.852602 0.667244

Position: -0.710667 1.09334 2.68834
Normal: -2.52056e-005 -0.000163079 1
UV: 0.957809 0.18764

Position: -1.1643 0.765314 2.68834
Normal: -0 0 1
UV: 0.897891 0.2705

Position: -1.1643 1.09334 2.68834
Normal: -0 -0.000173397 1
UV: 0.957809 0.2705

Position: -0.710667 0.765314 2.68834
Normal: -2.59352e-005 -5.54246e-005 1
UV: 0.897891 0.18764

Position: -0.710667 0.765314 2.68834
Normal: -2.59352e-005 -5.54246e-005 1
UV: 0.781568 0.718611

Position: -1.1643 0.545437 2.68834
Normal: -0 0 1
UV: 0.852602 0.753042

Position: -1.1643 0.765314 2.68834
Normal: -0 0 1
UV: 0.852602 0.718611

Position: -0.710667 0.545437 2.68834
Normal: -1.46101e-005 -4.69591e-005 1
UV: 0.781568 0.753042

Position: -1.06297 1.55112 0.320974
Normal: 2.58043e-006 3.24669e-005 1
UV: 0.0405858 0.0342907

Position: -1.06297 2.29743 0.320953
Normal: 4.67508e-006 7.57197e-005 1
UV: 0.0405858 0.170613

Position: -1.06297 2.42117 0.320905
Normal: 1.75347e-005 0.000214589 1
UV: 0.0405858 0.193214

Position: -1.1643 2.36504 0.320953
Normal: 8.76368e-005 0.000118698 1
UV: 0.831789 0.621416

Position: -1.06297 1.55112 0.320974
Normal: 2.58043e-006 3.24669e-005 1
UV: 0.683118 0.602908

Position: -1.1643 1.45664 0.320979
Normal: 1.04472e-005 4.33752e-005 1
UV: 0.665861 0.621416

Position: -1.06297 2.29743 0.320953
Normal: 4.67508e-006 7.57197e-005 1
UV: 0.81944 0.602908

Position: -1.06297 2.42117 0.320905
Normal: 1.75347e-005 0.000214589 1
UV: 0.842041 0.602908

Position: -1.1643 2.51564 0.3209
Normal: 3.36371e-005 9.52075e-005 1
UV: 0.859298 0.621416

Position: -1.1643 1.45664 2.68843
Normal: -0 1 2.60104e-007
UV: 0.0286295 0.575442

Position: -1.1643 1.45664 0.320979
Normal: -0 1 -1.95078e-007
UV: 0.349067 0.575442

Position: -1.01807 1.45664 0.484201
Normal: -0 1 -1.73341e-007
UV: 0.326974 0.555651

Position: -1.01807 1.45664 2.52521
Normal: -0 1 2.31122e-007
UV: 0.0507218 0.555651

Position: -1.01807 0.787057 0.484201
Normal: 1 0 0
UV: 0.390878 0.638909

Position: -1.01807 0.787057 2.52521
Normal: 1 0 0
UV: 0.0180658 0.638909

Position: -1.01807 1.45664 2.52521
Normal: 1 0 0
UV: 0.0180658 0.761216

Position: -1.01807 1.45664 0.484201
Normal: 1 0 0
UV: 0.390878 0.761216

Position: -1.01807 0.787057 2.52521
Normal: -0 0 -1
UV: 0.11924 0.758563

Position: -1.01807 1.45664 2.52521
Normal: -0 0 -1
UV: 0.11924 0.636256

Position: -1.01807 1.45664 0.484201
Normal: -0 0 1
UV: 0.103836 0.757619

Position: -1.01807 0.787057 0.484201
Normal: -0 0 1
UV: 0.103836 0.635312

Position: -1.01807 0.787057 2.52521
Normal: -0 1 0
UV: 0.028771 0.56536

Position: -1.01807 0.787057 0.484201
Normal: -0 1 0
UV: 0.327685 0.56536


[INDEX_DATA]
0 2 1
0 3 2
4 6 5
4 7 6
8 10 9
8 11 10
12 14 13
12 15 14
16 18 17
16 19 18
20 22 21
20 23 22
24 26 25
24 27 26
28 30 29
28 31 30
32 34 33
32 35 34
36 38 37
37 39 36
40 42 41
42 43 41
44 46 45
45 47 44
48 50 49
50 51 49
51 52 49
52 53 49
53 54 49
54 55 49
55 56 49
56 57 49
57 58 49
58 59 49
59 60 49
60 48 49
61 63 62
62 64 61
65 67 66
66 68 65
69 71 70
70 72 69
73 75 74
74 76 73
77 79 78
78 80 77
81 83 82
82 84 81
85 87 86
86 88 85
89 91 90
90 92 89
93 95 94
94 96 93
97 99 98
98 99 100
101 103 102
102 103 104
105 107 106
106 107 108
109 111 110
110 111 112
112 111 113
113 111 114
114 111 115
115 111 116
116 111 117
117 111 118
118 111 119
119 111 120
120 111 121
121 111 109
122 124 123
122 125 124
126 128 127
128 129 127
130 132 131
130 133 132
134 136 135
134 137 136
138 140 139
139 140 141
142 144 143
143 145 142
146 148 147
146 149 148
150 152 151
152 153 151
154 156 155
154 157 156
158 160 159
158 161 160
162 164 163
163 164 165
166 168 167
167 169 166
170 172 171
170 173 172
174 176 175
176 177 175
178 180 179
178 181 180
182 184 183
182 185 184
186 188 187
187 188 189
190 192 191
191 193 190
194 196 195
194 197 196
198 200 199
199 201 198
202 204 203
202 205 204
206 208 207
206 209 208
210 212 211
211 212 213
214 216 215
215 217 214
218 220 219
218 221 220
222 224 223
224 225 223
226 228 227
226 229 228
230 232 231
230 233 232
234 236 235
235 236 237
238 240 239
239 241 238
242 244 243
243 245 242
246 248 247
246 249 248
250 252 251
250 253 252
254 256 255
254 257 256
258 260 259
258 261 260
262 264 263
263 265 262
266 268 267
269 267 268
270 272 271
272 273 271
274 276 275
274 277 276
278 280 279
280 281 279
282 284 283
282 285 284
286 288 287
289 291 290
289 292 291
293 295 294
296 294 295
293 290 291
291 295 293
297 299 298
298 300 297
301 303 302
302 304 301
298 306 305
307 309 308
310 312 311
310 313 312
314 316 315
314 317 316
318 320 319
319 321 318
322 324 323
323 325 322
326 328 327
328 278 327
302 286 304
300 301 297
329 303 301
329 301 300
286 298 299
299 304 286
330 332 331
330 333 332
334 336 335
286 302 337
338 340 339
339 340 341
342 287 343
287 344 343
279 320 345
345 320 346
347 282 348
348 282 283
349 310 311
311 350 349
306 351 305
305 351 352
342 306 298
286 287 342
342 298 286
353 267 269
353 354 267
327 278 345
278 279 345
308 356 355
308 309 356
357 358 315
315 316 357
320 359 346
320 318 359
328 360 278
360 280 278
335 336 361
307 336 309
307 361 336
281 320 279
281 319 320
362 364 363
363 365 362
366 368 367
367 369 366
370 372 371
371 373 370
374 376 375
375 377 374
378 380 379
379 381 378
382 384 383
383 385 382
386 388 387
387 389 386
390 392 391
391 393 390
394 396 395
395 397 394
398 400 399
399 400 401
402 404 403
403 404 405
406 408 407
407 408 409
410 412 411
411 412 413
413 412 414
414 412 415
415 412 416
416 412 417
417 412 418
418 412 419
419 412 420
420 412 421
421 412 422
422 412 410
423 425 424
426 428 427
429 431 430
430 432 429
426 427 433
433 423 426
423 433 425
434 436 435
435 437 434
427 428 438
439 441 440
440 442 439
443 444 425
425 433 443
445 447 446
446 448 445
449 450 431
431 429 449
451 453 452
452 454 451
455 457 456
456 458 455
459 461 460
460 462 459
463 465 464
463 466 465
467 469 468
467 470 469
457 472 471
471 456 457
467 460 461
467 461 473
473 470 467
474 476 475
474 477 476
478 475 479
478 474 475
480 482 481
481 483 480
481 485 484
484 483 481
486 482 480
486 480 487
486 487 488
488 489 486
490 492 491
493 490 491
494 495 492
491 492 495
496 497 490
490 493 496
498 500 499
499 501 498
502 504 503
503 505 502
506 508 507
507 508 509
510 512 511
511 513 510
514 516 515
515 517 514
518 520 519
519 521 518
522 524 523
524 525 523
526 528 527
527 529 526
530 532 531
533 531 532
534 536 535
535 537 534
538 540 539
538 541 540
542 544 543
543 544 545
274 547 546
546 277 274
548 549 280
280 549 281
550 283 284
284 551 550
552 554 553
292 289 555
556 555 289
557 294 296
557 558 294
555 556 558
558 557 555
559 561 560
560 562 559
563 565 564
566 564 565
559 568 567
307 570 569
571 573 572
574 572 573
575 577 576
578 576 577
321 319 579
580 579 319
322 582 581
322 325 582
583 585 584
584 548 583
565 563 552
562 560 564
586 562 564
564 566 586
552 563 561
561 559 552
587 589 588
588 590 587
591 593 592
552 594 565
595 597 596
597 598 596
554 600 599
599 601 554
549 602 580
602 603 580
604 348 550
348 283 550
605 606 574
574 573 605
607 567 568
568 608 607
600 559 567
552 559 600
600 554 552
353 539 540
540 354 353
602 548 584
548 602 549
569 570 609
610 609 570
576 578 357
358 357 578
579 580 611
603 611 580
360 583 548
548 280 360
593 361 592
307 569 592
592 361 307
281 549 580
580 319 281
612 614 613
612 615 614
616 618 617
616 619 618
620 622 621
620 623 622
624 626 625
624 627 626
628 630 629
628 631 630
632 634 633
632 635 634
636 638 637
636 639 638
640 642 641
640 643 642
644 646 645
644 647 646
648 650 649
649 651 648
652 654 653
654 655 653
656 658 657
657 659 656
660 662 661
662 663 661
663 664 661
664 665 661
665 666 661
666 667 661
667 668 661
668 669 661
669 670 661
670 671 661
671 672 661
672 660 661
673 675 674
676 678 677
679 681 680
681 682 680
683 678 676
676 673 683
673 674 683
436 684 435
684 685 435
678 686 677
687 689 688
687 690 689
691 692 674
692 683 674
693 695 694
695 696 694
697 679 698
697 681 679
699 452 453
699 700 452
701 703 702
702 704 701
705 707 706
706 461 705
708 710 709
709 711 708
712 714 713
713 715 712
704 702 471
471 472 704
712 461 706
712 715 473
473 461 712
474 717 716
716 477 474
478 718 717
717 474 478
719 721 720
720 722 719
720 484 485
484 720 721
723 719 722
719 723 724
488 724 723
723 489 488
725 727 726
725 728 727
495 728 725
495 494 728
727 497 496
496 726 727
729 731 730
731 729 732
733 503 504
733 734 503
506 735 508
735 736 508
737 510 738
510 513 738

