[FBX_META_DATA]
MeshCount: 5

[MESH_DATA]
VertexCount: 428
IndexCount: 840
BoneCount: 0
AnimationClips: 1

[VERTEX_DATA]
Position: 1.45498 1.87046 -2.65655
Normal: -0 0.813085 -0.582145
UV: 0.704686 0.355103

Position: 1.71845 1.95917 -2.53264
Normal: -0 0.813085 -0.582145
UV: 0.667907 0.376378

Position: 1.40772 1.95917 -2.53264
Normal: -0 0.813085 -0.582145
UV: 0.711283 0.376378

Position: 1.67119 1.87046 -2.65655
Normal: -0 0.813085 -0.582145
UV: 0.674504 0.355103

Position: 1.67119 1.46458 -2.65655
Normal: -0 0 -1
UV: 0.65635 0.248456

Position: 1.67119 1.87046 -2.65655
Normal: -0 0 -1
UV: 0.71301 0.248456

Position: 1.45498 1.46458 -2.65655
Normal: -0 0 -1
UV: 0.65635 0.218274

Position: 1.45498 1.87046 -2.65655
Normal: -0 0 -1
UV: 0.71301 0.218274

Position: 1.40772 1.37587 -2.53264
Normal: -0 -0.813085 -0.582145
UV: 0.661471 0.313294

Position: 1.71845 1.37587 -2.53264
Normal: -0 -0.813085 -0.582145
UV: 0.704845 0.313292

Position: 1.67119 1.46458 -2.65655
Normal: -0 -0.813085 -0.582145
UV: 0.698248 0.292019

Position: 1.45498 1.46458 -2.65655
Normal: -0 -0.813085 -0.582145
UV: 0.668066 0.292019

Position: 1.71845 1.95917 -2.53264
Normal: -0 0 1
UV: 0.944324 0.0490045

Position: 1.71845 1.37587 -2.53264
Normal: -0 0 1
UV: 0.862895 0.0490045

Position: 1.40772 1.95917 -2.53264
Normal: -0 0 1
UV: 0.944324 0.0923805

Position: 1.40772 1.37587 -2.53264
Normal: -0 0 1
UV: 0.862895 0.0923805

Position: 1.45498 1.46458 -2.65655
Normal: -0.93435 0 -0.356356
UV: 0.750109 0.2036

Position: 1.40772 1.95917 -2.53264
Normal: -0.93435 0 -0.356356
UV: 0.819153 0.185087

Position: 1.40772 1.37587 -2.53264
Normal: -0.93435 0 -0.356356
UV: 0.737723 0.185087

Position: 1.45498 1.87046 -2.65655
Normal: -0.93435 0 -0.356356
UV: 0.806767 0.2036

Position: 1.67119 1.87046 -2.65655
Normal: 0.93435 0 -0.356356
UV: 0.749991 0.203605

Position: 1.71845 1.37587 -2.53264
Normal: 0.93435 0 -0.356356
UV: 0.819035 0.185091

Position: 1.71845 1.95917 -2.53264
Normal: 0.93435 0 -0.356356
UV: 0.737606 0.185092

Position: 1.67119 1.46458 -2.65655
Normal: 0.93435 0 -0.356356
UV: 0.806649 0.203605

Position: 1.35413 1.10753 2.55907
Normal: 1 9.0717e-009 0
UV: 0.0636334 0.874683

Position: 1.35413 1.10753 2.80891
Normal: 1 0 0
UV: 0.0302908 0.87464

Position: 1.35413 2.85702 2.80891
Normal: 1 -1.51827e-008 0
UV: 0.0305339 0.641193

Position: 1.35413 0.358701 2.80891
Normal: 1 0 0
UV: 0.731073 0.067502

Position: 1.35413 0.558435 2.80891
Normal: 1 0 0
UV: 0.731072 0.095382

Position: 1.35413 0.558435 2.63871
Normal: 1 -4.03782e-007 -1.71584e-007
UV: 0.707314 0.0953798

Position: 1.35413 0.358701 2.63871
Normal: 1 0 0
UV: 0.707321 0.0675151

Position: 1.35413 0.358701 -2.67763
Normal: 1 0 0
UV: 0.727756 0.079473

Position: 1.35413 0.558435 -2.67763
Normal: 1 7.67854e-008 6.43606e-008
UV: 0.727881 0.051597

Position: 1.35413 0.358701 -2.80434
Normal: 1 0 0
UV: 0.745582 0.079469

Position: 1.35413 0.558435 -2.80434
Normal: 1 0 0
UV: 0.745567 0.051582

Position: 1.35413 1.10753 -2.6822
Normal: -0 0 -1
UV: 0.79176 0.493368

Position: 1.35413 1.48961 -2.6822
Normal: -0 0 -1
UV: 0.79176 0.441027

Position: 0.827204 1.10753 -2.6822
Normal: 2.15684e-007 0 -1
UV: 0.867239 0.494099

Position: -0 1.48961 -2.6822
Normal: 3.73095e-007 0 -1
UV: 0.984322 0.441027

Position: -0 0.558435 -2.6822
Normal: -0 1 0
UV: 0.776341 0.09909

Position: 1.35413 0.558435 -2.80434
Normal: -0 1 0
UV: 0.586844 0.116847

Position: 1.35413 0.558435 -2.67763
Normal: -0 1 0
UV: 0.586842 0.099153

Position: -0 0.558435 -2.80891
Normal: -0 1 0
UV: 0.776344 0.11678

Position: -0 0.358701 -2.80891
Normal: 0.00337285 0 -0.999994
UV: 0.935091 0.079326

Position: 1.35413 0.358701 -2.80434
Normal: 0.00337285 0 -0.999994
UV: 0.745582 0.079469

Position: 1.35413 0.558435 -2.80434
Normal: 0.00337285 0 -0.999994
UV: 0.745567 0.051582

Position: -0 0.558435 -2.80891
Normal: 0.00337285 0 -0.999994
UV: 0.935068 0.051441

Position: -0 0.358701 -2.6822
Normal: -0 -1 0
UV: 0.735942 0.149465

Position: 1.35413 0.358701 -2.67763
Normal: -0 -1 0
UV: 0.575579 0.149474

Position: 1.35413 0.358701 -2.80434
Normal: -0 -1 0
UV: 0.575629 0.134505

Position: -0 0.358701 -2.80891
Normal: -0 -1 0
UV: 0.735991 0.134496

Position: 1.35413 0.358701 2.80891
Normal: -0 -1 0
UV: 0.436316 0.396661

Position: 1.35413 0.358701 2.63871
Normal: -0 -1 0
UV: 0.423408 0.396653

Position: -0 0.358701 2.80891
Normal: -0 -1 0
UV: 0.436351 0.293808

Position: -0 0.558435 2.80891
Normal: 2.03195e-007 0 1
UV: 0.920572 0.095399

Position: 1.35413 0.558435 2.80891
Normal: -0 0 1
UV: 0.731072 0.095382

Position: 1.35413 0.358701 2.80891
Normal: -0 0 1
UV: 0.731073 0.067502

Position: -0 0.358701 2.80891
Normal: -0 0 1
UV: 0.920574 0.067517

Position: 1.35413 0.558435 2.80891
Normal: -0 0 1
UV: 0.992764 0.971389

Position: -0 0.558435 2.80891
Normal: 2.03195e-007 0 1
UV: 0.794444 0.971389

Position: 0.827204 0.824024 2.80891
Normal: 1.90003e-007 0 1
UV: 0.915978 0.932078

Position: 1.35413 0.824024 2.80891
Normal: -0 0 1
UV: 0.992764 0.931654

Position: 1.35413 1.48961 -2.6822
Normal: -0 0.421893 -0.906646
UV: 0.48278 0.424951

Position: 1.35413 2.85702 -2.04589
Normal: -0 0.421889 -0.906648
UV: 0.660928 0.424834

Position: 1.26733 1.57025 -2.64468
Normal: -0 0.421897 -0.906644
UV: 0.493274 0.435217

Position: 1.26733 2.77638 -2.08342
Normal: -0 0.421896 -0.906644
UV: 0.650446 0.435113

Position: 1.35413 0.558435 -2.09437
Normal: 1 0 1.56942e-007
UV: 0.64135 0.0516461

Position: 1.35413 0.358701 -2.09437
Normal: 1 0 0
UV: 0.643167 0.0795315

Position: 1.35413 1.5603 -1.07783
Normal: 1 -9.85253e-008 0
UV: 0.0237379 0.258833

Position: 1.35413 2.77461 -1.99368
Normal: 1 1.20996e-007 0
UV: 0.132141 0.11523

Position: 1.35413 1.5603 -2.55874
Normal: 1 -1.92549e-007 0
UV: 0.199095 0.258589

Position: 1.35413 2.77461 -1.07667
Normal: 1 5.81515e-008 0
UV: 0.0242293 0.11538

Position: 1.35413 1.5603 -2.55874
Normal: 1 -1.92549e-007 0
UV: 0.746578 0.814925

Position: 1.35413 2.85702 -2.04589
Normal: 1 5.9014e-007 0
UV: 0.678329 0.64184

Position: 1.35413 1.48961 -2.6822
Normal: 1 -2.48869e-007 0
UV: 0.763041 0.824375

Position: 1.35413 2.77461 -1.99368
Normal: 1 1.20996e-007 0
UV: 0.67135 0.652829

Position: 1.35413 2.77461 -1.07667
Normal: 1 5.81515e-008 0
UV: 0.549458 0.652705

Position: 1.35413 0.824024 2.80891
Normal: 1 0 0
UV: 0.032262 0.0686291

Position: 1.35413 1.10753 2.80891
Normal: 1 0 0
UV: 0.032287 0.0129501

Position: 1.35413 1.10753 2.55907
Normal: 1 9.0717e-009 0
UV: 0.067166 0.0129631

Position: 1.35413 0.824024 2.55907
Normal: 1 -3.91246e-007 -1.66257e-007
UV: 0.067139 0.0686411

Position: 1.35413 0.824024 2.80891
Normal: 1 0 0
UV: 0.0302647 0.91258

Position: 1.35413 0.558435 2.63871
Normal: 1 -4.03782e-007 -1.71584e-007
UV: 0.052952 0.948039

Position: 1.35413 0.558435 2.80891
Normal: 1 0 0
UV: 0.0302417 0.948018

Position: 1.35413 0.824024 2.55907
Normal: 1 -3.91246e-007 -1.66257e-007
UV: 0.0636013 0.912585

Position: 0.827204 0.824024 -2.6822
Normal: 0.000909613 -0.00463651 -0.999989
UV: 0.180913 0.0701771

Position: 1.35413 0.824024 -2.6822
Normal: 0.00151852 -0.00774227 -0.999969
UV: 0.107352 0.0701811

Position: 1.35413 1.10753 -2.6822
Normal: -0 0 -1
UV: 0.107343 0.0144721

Position: 0.827204 1.10753 -2.6822
Normal: 2.15684e-007 0 -1
UV: 0.180903 0.0144681

Position: 1.35413 0.824024 2.80891
Normal: -0 0 1
UV: 0.22643 0.0695481

Position: 0.827204 0.824024 2.80891
Normal: 1.90003e-007 0 1
UV: 0.152869 0.0695481

Position: 1.35413 1.10753 2.80891
Normal: -0 0 1
UV: 0.226429 0.0138221

Position: 0.827204 1.10753 2.80891
Normal: 1.25149e-007 0 1
UV: 0.152868 0.0138351

Position: 1.35413 1.10753 -2.36253
Normal: 1 -2.07569e-007 0
UV: 0.720336 0.875293

Position: 1.35413 1.10753 -2.6822
Normal: 1 -7.98652e-008 0
UV: 0.762986 0.875353

Position: 1.35413 0.736533 -1.95329
Normal: 1 0 1.66266e-007
UV: 0.665692 0.924675

Position: 1.35413 0.824024 -1.68045
Normal: 1 2.96561e-007 -8.17531e-011
UV: 0.629294 0.912986

Position: 1.35413 0.824024 -2.36253
Normal: 1 3.48986e-008 1.18085e-007
UV: 0.720307 0.91305

Position: 1.35413 0.824024 -2.36253
Normal: 1 3.48986e-008 1.18085e-007
UV: 0.241136 0.068832

Position: 1.35413 1.10753 -2.36253
Normal: 1 -2.07569e-007 0
UV: 0.241154 0.013122

Position: 1.35413 1.10753 -2.6822
Normal: 1 -7.98652e-008 0
UV: 0.28578 0.013135

Position: 1.35413 0.824024 -2.6822
Normal: 1 2.22277e-007 0
UV: 0.285759 0.068833

Position: 1.12586 0.558435 2.5673
Normal: 1 2.71181e-007 0
UV: 0.678374 0.300052

Position: 1.12586 0.824024 2.1603
Normal: 1 6.25086e-007 0
UV: 0.683329 0.307713

Position: 1.12586 0.558435 1.75859
Normal: 1 2.7418e-007 0
UV: 0.678374 0.315982

Position: 1.12586 0.741565 2.42039
Normal: 1 6.25086e-007 0
UV: 0.681192 0.302074

Position: 1.12586 0.741174 1.90034
Normal: 1 6.25086e-007 0
UV: 0.681398 0.312612

Position: 1.35413 1.5603 -1.07783
Normal: 1 -9.85253e-008 0
UV: 0.548516 0.814728

Position: -0 0.558435 -2.6822
Normal: 0.000265424 -0.00135112 -0.999999
UV: 0.984322 0.573106

Position: 0.827204 0.824024 -2.6822
Normal: 0.000909613 -0.00463651 -0.999989
UV: 0.866857 0.534333

Position: 1.35413 0.558435 -2.67763
Normal: 0.00242653 -0.0123718 -0.999921
UV: 0.79176 0.571337

Position: 1.35413 0.824024 -2.6822
Normal: 0.00151852 -0.00774227 -0.999969
UV: 0.79176 0.533657

Position: 1.35413 2.85702 2.80891
Normal: -0 0 1
UV: 0.992764 0.637435

Position: 0.827204 1.10753 2.80891
Normal: 1.25149e-007 0 1
UV: 0.91572 0.89087

Position: -0 2.85702 2.80891
Normal: 5.65026e-008 0 1
UV: 0.794444 0.637435

Position: 1.35413 1.10753 2.80891
Normal: -0 0 1
UV: 0.992764 0.890385

Position: 1.12586 0.358701 1.75615
Normal: 1 9.61462e-008 0
UV: 0.674647 0.31603

Position: 1.12586 0.358701 2.57208
Normal: 1 9.61462e-008 0
UV: 0.674647 0.299958

Position: 1.35413 0.358701 1.75615
Normal: 1 -2.10549e-007 -1.97901e-008
UV: 0.173737 0.974773

Position: 1.35413 0.558435 -1.25286
Normal: 1 5.76031e-007 -7.15349e-009
UV: 0.572214 0.948358

Position: 1.35413 0.358701 -1.25608
Normal: 1 -2.10549e-007 -1.97901e-008
UV: 0.572632 0.974989

Position: 1.35413 0.558435 1.75859
Normal: 1 5.74821e-007 -7.17292e-009
UV: 0.173407 0.948113

Position: 1.35413 0.750029 -1.41713
Normal: 1 -1.64397e-006 -1.61477e-009
UV: 0.596112 0.925574

Position: 1.35413 0.824024 2.1603
Normal: 1 2.71043e-007 -3.07242e-009
UV: 0.114294 0.912621

Position: 1.35413 0.741174 1.90034
Normal: 1 -1.56232e-006 -1.51486e-009
UV: 0.149317 0.926457

Position: 1.35413 0.558435 2.5673
Normal: 1 -1.37543e-006 -5.84477e-007
UV: 0.0594793 0.948043

Position: 1.35413 0.741565 2.42039
Normal: 1 -1.6676e-006 -7.08632e-007
UV: 0.0739521 0.927886

Position: 1.35413 0.358701 2.57208
Normal: 1 0 0
UV: 0.0587919 0.974711

Position: 1.35413 0.358701 2.63871
Normal: 1 0 0
UV: 0.0529377 0.974707

Position: 1.12586 0.558435 -1.25286
Normal: 1 2.63989e-007 4.75467e-008
UV: 0.691737 0.300329

Position: 1.12586 0.824024 -1.68045
Normal: 1 7.99949e-007 0
UV: 0.696693 0.308307

Position: 1.12586 0.558435 -2.09437
Normal: 1 2.69988e-007 4.70145e-008
UV: 0.691737 0.31603

Position: 1.12586 0.750029 -1.41713
Normal: 1 7.99949e-007 0
UV: 0.694928 0.303669

Position: 1.12586 0.736533 -1.95329
Normal: 1 7.99949e-007 0
UV: 0.69506 0.313398

Position: 1.12586 0.358701 -1.25608
Normal: 1 0 7.0966e-008
UV: 0.688011 0.300389

Position: 1.12586 0.358701 -2.09437
Normal: 1 0 7.0966e-008
UV: 0.688011 0.31603

Position: 1.35413 0.741174 1.90034
Normal: -0 -0.612903 0.790158
UV: 0.6878 0.31266

Position: 1.12586 0.558435 1.75859
Normal: -0 -0.612903 0.790158
UV: 0.683541 0.31603

Position: 1.12586 0.741174 1.90034
Normal: -0 -0.612903 0.790158
UV: 0.683541 0.31266

Position: 1.35413 0.558435 1.75859
Normal: -0 -0.612903 0.790158
UV: 0.6878 0.31603

Position: 1.12586 0.824024 2.1603
Normal: -0 -0.952784 0.30365
UV: 0.683541 0.307761

Position: 1.35413 0.824024 2.1603
Normal: -0 -0.952784 0.30365
UV: 0.6878 0.307761

Position: 1.35413 0.741174 1.90034
Normal: -0 -0.952784 0.30365
UV: 0.6878 0.31266

Position: 1.12586 0.741174 1.90034
Normal: -0 -0.952784 0.30365
UV: 0.683541 0.31266

Position: 1.35413 0.741565 2.42039
Normal: -0 -0.953241 -0.302212
UV: 0.6878 0.302122

Position: 1.12586 0.824024 2.1603
Normal: -0 -0.953241 -0.302212
UV: 0.683541 0.307761

Position: 1.12586 0.741565 2.42039
Normal: -0 -0.953241 -0.302212
UV: 0.683541 0.302122

Position: 1.35413 0.824024 2.1603
Normal: -0 -0.953241 -0.302212
UV: 0.6878 0.307761

Position: 1.12586 0.558435 2.5673
Normal: -0 -0.625759 -0.780016
UV: 0.683541 0.3001

Position: 1.35413 0.558435 2.5673
Normal: -0 -0.625759 -0.780016
UV: 0.6878 0.3001

Position: 1.35413 0.741565 2.42039
Normal: -0 -0.625759 -0.780016
UV: 0.6878 0.302122

Position: 1.12586 0.741565 2.42039
Normal: -0 -0.625759 -0.780016
UV: 0.683541 0.302122

Position: 1.12586 0.558435 1.75859
Normal: -0 -0.0122235 0.999925
UV: 0.688175 0.295735

Position: 1.35413 0.558435 1.75859
Normal: -0 -0.0122235 0.999925
UV: 0.688175 0.299994

Position: 1.35413 0.358701 1.75615
Normal: -0 -0.0122235 0.999925
UV: 0.684448 0.299994

Position: 1.12586 0.358701 1.75615
Normal: -0 -0.0122235 0.999925
UV: 0.684448 0.295735

Position: 1.12586 0.358701 2.57208
Normal: -0 -0.0239192 -0.999714
UV: 0.692063 0.295965

Position: 1.35413 0.358701 2.57208
Normal: -0 -0.0239192 -0.999714
UV: 0.692063 0.300224

Position: 1.35413 0.558435 2.5673
Normal: -0 -0.0239192 -0.999714
UV: 0.688336 0.300224

Position: 1.12586 0.558435 2.5673
Normal: -0 -0.0239192 -0.999714
UV: 0.688336 0.295965

Position: 1.35413 0.358701 -1.25608
Normal: -0 0.016137 -0.99987
UV: 0.696484 0.293307

Position: 1.12586 0.558435 -1.25286
Normal: -0 0.016137 -0.99987
UV: 0.692225 0.297033

Position: 1.12586 0.358701 -1.25608
Normal: -0 0.016137 -0.99987
UV: 0.692225 0.293307

Position: 1.35413 0.558435 -1.25286
Normal: -0 0.016137 -0.99987
UV: 0.696484 0.297033

Position: 1.12586 0.824024 -1.68045
Normal: -0 -0.952241 0.305349
UV: 0.696645 0.292501

Position: 1.35413 0.824024 -1.68045
Normal: -0 -0.952241 0.305349
UV: 0.700905 0.292501

Position: 1.35413 0.736533 -1.95329
Normal: -0 -0.952241 0.305349
UV: 0.700905 0.297592

Position: 1.12586 0.736533 -1.95329
Normal: -0 -0.952241 0.305349
UV: 0.696645 0.297592

Position: 1.35413 0.750029 -1.41713
Normal: -0 -0.962713 -0.270524
UV: 0.700905 0.287863

Position: 1.12586 0.824024 -1.68045
Normal: -0 -0.962713 -0.270524
UV: 0.696645 0.292501

Position: 1.12586 0.750029 -1.41713
Normal: -0 -0.962713 -0.270524
UV: 0.696645 0.287863

Position: 1.35413 0.824024 -1.68045
Normal: -0 -0.962713 -0.270524
UV: 0.700905 0.292501

Position: 1.12586 0.558435 -1.25286
Normal: -0 -0.650894 -0.759168
UV: 0.692225 0.297033

Position: 1.35413 0.558435 -1.25286
Normal: -0 -0.650894 -0.759168
UV: 0.696484 0.297033

Position: 1.35413 0.750029 -1.41713
Normal: -0 -0.650894 -0.759168
UV: 0.696484 0.300224

Position: 1.12586 0.750029 -1.41713
Normal: -0 -0.650894 -0.759168
UV: 0.692225 0.300224

Position: 1.35413 0.736533 -1.95329
Normal: -0 -0.620937 0.78386
UV: 0.700905 0.297592

Position: 1.12586 0.558435 -2.09437
Normal: -0 -0.620937 0.78386
UV: 0.696645 0.300224

Position: 1.12586 0.736533 -1.95329
Normal: -0 -0.620937 0.78386
UV: 0.696645 0.297592

Position: 1.35413 0.558435 -2.09437
Normal: -0 -0.620937 0.78386
UV: 0.700905 0.300224

Position: 1.35413 0.558435 -2.09437
Normal: -0 0 1
UV: 0.684286 0.299852

Position: 1.35413 0.358701 -2.09437
Normal: -0 0 1
UV: 0.68056 0.299852

Position: 1.12586 0.558435 -2.09437
Normal: -0 0 1
UV: 0.684286 0.295593

Position: 1.12586 0.358701 -2.09437
Normal: -0 0 1
UV: 0.68056 0.295593

Position: 1.35413 0.824024 -2.6822
Normal: 1 2.22277e-007 0
UV: 0.762962 0.913072

Position: 1.35413 0.558435 -2.67763
Normal: 1 7.67854e-008 6.43606e-008
UV: 0.762324 0.94851

Position: 1.35413 0.558435 -2.09437
Normal: 1 0 1.56942e-007
UV: 0.680035 0.948437

Position: -0 0.358701 2.80891
Normal: -0 -1 0
UV: 0.0939802 0.141511

Position: 1.35413 0.358701 2.63871
Normal: -0 -1 0
UV: 0.123774 0.145246

Position: 1.12586 0.358701 2.57208
Normal: -0 -1 0
UV: 0.118763 0.146209

Position: 1.35413 0.358701 2.57208
Normal: -0 -1 0
UV: 0.123774 0.146209

Position: 1.12586 0.358701 1.75615
Normal: -0 -1 0
UV: 0.118763 0.165116

Position: 1.35413 0.358701 -1.25608
Normal: -0 -1 0
UV: 0.123774 0.230729

Position: 1.12586 0.358701 -1.25608
Normal: -0 -1 0
UV: 0.118763 0.230729

Position: 1.35413 0.358701 1.75615
Normal: -0 -1 0
UV: 0.123774 0.165116

Position: 1.35413 0.358701 -2.67763
Normal: -0 -1 0
UV: 0.123774 0.26193

Position: 1.12586 0.358701 -2.09437
Normal: -0 -1 0
UV: 0.118763 0.249128

Position: 1.35413 0.358701 -2.09437
Normal: -0 -1 0
UV: 0.123774 0.249128

Position: -0 0.358701 -2.6822
Normal: -0 -1 0
UV: 0.0939802 0.26203

Position: -1.19799 0.457611 2.17565
Normal: -0 0.707107 0.707107
UV: 0.481887 0.345815

Position: 1.19799 0.457611 2.17565
Normal: -0 0.707107 0.707107
UV: 0.483162 0.345815

Position: 1.19799 0.356283 2.27698
Normal: -0 0.707107 0.707107
UV: 0.483162 0.34454

Position: -1.19799 0.356283 2.27698
Normal: -0 0.707107 0.707107
UV: 0.481887 0.34454

Position: -1.19799 0.356283 2.07432
Normal: -0 0.707107 -0.707107
UV: 0.481887 0.34709

Position: 1.19799 0.356283 2.07432
Normal: -0 0.707107 -0.707107
UV: 0.483162 0.34709

Position: 1.19799 0.457611 2.17565
Normal: -0 0.707107 -0.707107
UV: 0.483162 0.345815

Position: -1.19799 0.457611 2.17565
Normal: -0 0.707107 -0.707107
UV: 0.481887 0.345815

Position: -1.19799 0.254954 2.17565
Normal: -0 -0.707107 -0.707107
UV: 0.481887 0.348365

Position: 1.19799 0.254954 2.17565
Normal: -0 -0.707107 -0.707107
UV: 0.483162 0.348365

Position: 1.19799 0.356283 2.07432
Normal: -0 -0.707107 -0.707107
UV: 0.483162 0.34709

Position: -1.19799 0.356283 2.07432
Normal: -0 -0.707107 -0.707107
UV: 0.481887 0.34709

Position: -1.19799 0.356283 2.27698
Normal: -0 -0.707107 0.707107
UV: 0.481887 0.34964

Position: 1.19799 0.356283 2.27698
Normal: -0 -0.707107 0.707107
UV: 0.483162 0.34964

Position: 1.19799 0.254954 2.17565
Normal: -0 -0.707107 0.707107
UV: 0.483162 0.348365

Position: -1.19799 0.254954 2.17565
Normal: -0 -0.707107 0.707107
UV: 0.481887 0.348365

Position: -1.19799 0.457611 -1.68063
Normal: -0 0.707107 0.707107
UV: 0.481887 0.345815

Position: 1.19799 0.457611 -1.68063
Normal: -0 0.707107 0.707107
UV: 0.483162 0.345815

Position: 1.19799 0.356283 -1.5793
Normal: -0 0.707107 0.707107
UV: 0.483162 0.34454

Position: -1.19799 0.356283 -1.5793
Normal: -0 0.707107 0.707107
UV: 0.481887 0.34454

Position: -1.19799 0.356283 -1.78196
Normal: -0 0.707107 -0.707107
UV: 0.481887 0.34709

Position: 1.19799 0.356283 -1.78196
Normal: -0 0.707107 -0.707107
UV: 0.483162 0.34709

Position: 1.19799 0.457611 -1.68063
Normal: -0 0.707107 -0.707107
UV: 0.483162 0.345815

Position: -1.19799 0.457611 -1.68063
Normal: -0 0.707107 -0.707107
UV: 0.481887 0.345815

Position: -1.19799 0.254954 -1.68063
Normal: -0 -0.707107 -0.707107
UV: 0.481887 0.348365

Position: 1.19799 0.254954 -1.68063
Normal: -0 -0.707107 -0.707107
UV: 0.483162 0.348365

Position: 1.19799 0.356283 -1.78196
Normal: -0 -0.707107 -0.707107
UV: 0.483162 0.34709

Position: -1.19799 0.356283 -1.78196
Normal: -0 -0.707107 -0.707107
UV: 0.481887 0.34709

Position: -1.19799 0.356283 -1.5793
Normal: -0 -0.707107 0.707107
UV: 0.481887 0.34964

Position: 1.19799 0.356283 -1.5793
Normal: -0 -0.707107 0.707107
UV: 0.483162 0.34964

Position: 1.19799 0.254954 -1.68063
Normal: -0 -0.707107 0.707107
UV: 0.483162 0.348365

Position: -1.19799 0.254954 -1.68063
Normal: -0 -0.707107 0.707107
UV: 0.481887 0.348365

Position: -1.67119 1.87046 -2.65655
Normal: -0 0.813085 -0.582146
UV: 0.674504 0.355103

Position: -1.45498 1.87046 -2.65655
Normal: -0 0.813085 -0.582146
UV: 0.704686 0.355103

Position: -1.71845 1.95917 -2.53264
Normal: -0 0.813085 -0.582145
UV: 0.667907 0.376378

Position: -1.40772 1.95917 -2.53264
Normal: -0 0.813085 -0.582145
UV: 0.711283 0.376378

Position: -1.45498 1.46458 -2.65655
Normal: -0 0 -1
UV: 0.65635 0.218274

Position: -1.67119 1.87046 -2.65655
Normal: -0 0 -1
UV: 0.71301 0.248456

Position: -1.67119 1.46458 -2.65655
Normal: -0 0 -1
UV: 0.65635 0.248456

Position: -1.45498 1.87046 -2.65655
Normal: -0 0 -1
UV: 0.71301 0.218274

Position: -1.40772 1.37587 -2.53264
Normal: -0 -0.813085 -0.582145
UV: 0.661471 0.313294

Position: -1.67119 1.46458 -2.65655
Normal: -0 -0.813085 -0.582145
UV: 0.698248 0.292019

Position: -1.71845 1.37587 -2.53264
Normal: -0 -0.813085 -0.582145
UV: 0.704845 0.313292

Position: -1.45498 1.46458 -2.65655
Normal: -0 -0.813085 -0.582145
UV: 0.668066 0.292019

Position: -1.40772 1.95917 -2.53264
Normal: -0 0 1
UV: 0.944324 0.0923805

Position: -1.71845 1.37587 -2.53264
Normal: -0 0 1
UV: 0.862895 0.0490045

Position: -1.71845 1.95917 -2.53264
Normal: -0 0 1
UV: 0.944324 0.0490045

Position: -1.40772 1.37587 -2.53264
Normal: -0 0 1
UV: 0.862895 0.0923805

Position: -1.45498 1.46458 -2.65655
Normal: 0.93435 0 -0.356356
UV: 0.750109 0.2036

Position: -1.40772 1.95917 -2.53264
Normal: 0.93435 0 -0.356356
UV: 0.819153 0.185087

Position: -1.45498 1.87046 -2.65655
Normal: 0.93435 0 -0.356356
UV: 0.806767 0.2036

Position: -1.40772 1.37587 -2.53264
Normal: 0.93435 0 -0.356356
UV: 0.737723 0.185087

Position: -1.67119 1.87046 -2.65655
Normal: -0.93435 0 -0.356356
UV: 0.749991 0.203605

Position: -1.71845 1.37587 -2.53264
Normal: -0.93435 0 -0.356356
UV: 0.819035 0.185091

Position: -1.67119 1.46458 -2.65655
Normal: -0.93435 0 -0.356356
UV: 0.806649 0.203605

Position: -1.71845 1.95917 -2.53264
Normal: -0.93435 0 -0.356356
UV: 0.737606 0.185092

Position: -1.35413 1.10753 2.55907
Normal: -1 1.49906e-008 0
UV: 0.0636334 0.874683

Position: -1.35413 2.85702 2.80891
Normal: -1 1.27749e-009 0
UV: 0.0305339 0.641193

Position: -1.35413 1.10753 2.80891
Normal: -1 0 0
UV: 0.0302908 0.87464

Position: -1.35413 0.358701 2.80891
Normal: -1 0 0
UV: 0.731073 0.067502

Position: -1.35413 0.558435 2.63871
Normal: -1 -3.23026e-007 -1.71584e-007
UV: 0.707314 0.0953798

Position: -1.35413 0.558435 2.80891
Normal: -1 0 0
UV: 0.731072 0.095382

Position: -1.35413 0.358701 2.63871
Normal: -1 0 0
UV: 0.707321 0.0675151

Position: -1.35413 0.358701 -2.80434
Normal: -1 0 0
UV: 0.745582 0.079469

Position: -1.35413 0.558435 -2.67763
Normal: -1 1.07077e-007 6.43606e-008
UV: 0.727881 0.051597

Position: -1.35413 0.358701 -2.67763
Normal: -1 0 0
UV: 0.727756 0.079473

Position: -1.35413 0.558435 -2.80434
Normal: -1 0 0
UV: 0.745567 0.051582

Position: -1.26733 1.57025 -2.64468
Normal: 6.15554e-009 0.421897 -0.906644
UV: 0.266255 0.262173

Position: 1.26733 1.57025 -2.64468
Normal: -0 0.421897 -0.906644
UV: 0.266255 0.262173

Position: 1.26733 2.77638 -2.08342
Normal: -0 0.421896 -0.906644
UV: 0.266228 0.105016

Position: -1.26733 2.77638 -2.08342
Normal: 5.75251e-009 0.421896 -0.906644
UV: 0.266228 0.105016

Position: -1.35413 1.10753 -2.6822
Normal: -0 0 -1
UV: 0.79176 0.493368

Position: -0.827204 1.10753 -2.6822
Normal: -1.07842e-007 0 -1
UV: 0.867239 0.494099

Position: -1.35413 1.48961 -2.6822
Normal: -0 0 -1
UV: 0.79176 0.441027

Position: -1.35413 0.558435 -2.80434
Normal: -0 1 0
UV: 0.586844 0.116847

Position: -1.35413 0.558435 -2.67763
Normal: -0 1 0
UV: 0.586842 0.099153

Position: -0 0.558435 -2.80891
Normal: -0.00337285 0 -0.999994
UV: 0.935068 0.051441

Position: -1.35413 0.558435 -2.80434
Normal: -0.00337285 0 -0.999994
UV: 0.745567 0.051582

Position: -0 0.358701 -2.80891
Normal: -0.00337285 0 -0.999994
UV: 0.935091 0.079326

Position: -1.35413 0.358701 -2.80434
Normal: -0.00337285 0 -0.999994
UV: 0.745582 0.079469

Position: -1.35413 0.358701 -2.80434
Normal: -0 -1 0
UV: 0.575629 0.134505

Position: -1.35413 0.358701 -2.67763
Normal: -0 -1 0
UV: 0.575579 0.149474

Position: -1.35413 0.358701 2.80891
Normal: -0 -1 0
UV: 0.436316 0.396661

Position: -1.35413 0.358701 2.63871
Normal: -0 -1 0
UV: 0.423408 0.396653

Position: -1.35413 0.358701 2.80891
Normal: -0 0 1
UV: 0.731073 0.067502

Position: -1.35413 0.558435 2.80891
Normal: -0 0 1
UV: 0.731072 0.095382

Position: -1.35413 0.558435 2.80891
Normal: -0 0 1
UV: 0.992764 0.971389

Position: -0.827204 0.824024 2.80891
Normal: -2.28003e-007 0 1
UV: 0.915978 0.932078

Position: -1.35413 0.824024 2.80891
Normal: -0 0 1
UV: 0.992764 0.931654

Position: -1.35413 2.85702 -2.04589
Normal: 4.0975e-008 0.421889 -0.906648
UV: 0.660928 0.424834

Position: -1.26733 2.77638 -2.08342
Normal: 5.75251e-009 0.421896 -0.906644
UV: 0.650446 0.435113

Position: -1.35413 1.48961 -2.6822
Normal: 8.04143e-008 0.421893 -0.906646
UV: 0.48278 0.424951

Position: -1.26733 1.57025 -2.64468
Normal: 6.15554e-009 0.421897 -0.906644
UV: 0.493274 0.435217

Position: -0 1.48961 -2.6822
Normal: -0 0.421884 -0.90665
UV: 0.482311 0.585302

Position: -0 2.85702 2.80891
Normal: -0 1 0
UV: 0.0500632 0.426212

Position: -1.35413 2.85702 2.80891
Normal: -0 1 0
UV: 0.0501072 0.586573

Position: -1.35413 2.85702 -2.04589
Normal: -0 1 0
UV: 0.623627 0.586414

Position: -1.35413 0.558435 -2.09437
Normal: -1 7.38651e-008 1.56942e-007
UV: 0.64135 0.0516461

Position: -1.35413 0.358701 -2.09437
Normal: -1 0 0
UV: 0.643167 0.0795315

Position: -1.35413 1.5603 -1.07783
Normal: -1 -4.45722e-008 0
UV: 0.0237379 0.258833

Position: -1.35413 2.77461 -1.99368
Normal: -1 2.50756e-007 0
UV: 0.132141 0.11523

Position: -1.35413 2.77461 -1.07667
Normal: -1 1.2458e-007 0
UV: 0.0242293 0.11538

Position: -1.35413 1.5603 -2.55874
Normal: -1 -1.03371e-007 0
UV: 0.199095 0.258589

Position: -1.35413 2.85702 -2.04589
Normal: -1 1.22117e-006 0
UV: 0.678329 0.64184

Position: -1.35413 1.5603 -2.55874
Normal: -1 -1.03371e-007 0
UV: 0.746578 0.814925

Position: -1.35413 1.48961 -2.6822
Normal: -1 -1.00919e-007 0
UV: 0.763041 0.824375

Position: -1.35413 2.77461 -1.99368
Normal: -1 2.50756e-007 0
UV: 0.67135 0.652829

Position: -1.35413 2.77461 -1.07667
Normal: -1 1.2458e-007 0
UV: 0.549458 0.652705

Position: -1.35413 0.824024 2.80891
Normal: -1 0 0
UV: 0.032262 0.0686291

Position: -1.35413 1.10753 2.55907
Normal: -1 1.49906e-008 0
UV: 0.067166 0.0129631

Position: -1.35413 1.10753 2.80891
Normal: -1 0 0
UV: 0.032287 0.0129501

Position: -1.35413 0.824024 2.55907
Normal: -1 -3.12997e-007 -1.66257e-007
UV: 0.067139 0.0686411

Position: -1.35413 0.824024 2.80891
Normal: -1 0 0
UV: 0.0302647 0.91258

Position: -1.35413 0.558435 2.63871
Normal: -1 -3.23026e-007 -1.71584e-007
UV: 0.052952 0.948039

Position: -1.35413 0.824024 2.55907
Normal: -1 -3.12997e-007 -1.66257e-007
UV: 0.0636013 0.912585

Position: -1.35413 0.558435 2.80891
Normal: -1 0 0
UV: 0.0302417 0.948018

Position: -0.827204 1.10753 -2.6822
Normal: -1.07842e-007 0 -1
UV: 0.180903 0.0144681

Position: -1.35413 1.10753 -2.6822
Normal: -0 0 -1
UV: 0.107343 0.0144721

Position: -0.827204 0.824024 -2.6822
Normal: -0.000909495 -0.00463651 -0.999989
UV: 0.180913 0.0701771

Position: -1.35413 0.824024 -2.6822
Normal: -0.00151852 -0.00774227 -0.999969
UV: 0.107352 0.0701811

Position: -1.35413 1.10753 2.80891
Normal: -0 0 1
UV: 0.226429 0.0138221

Position: -0.827204 1.10753 2.80891
Normal: -1.50179e-007 0 1
UV: 0.152868 0.0138351

Position: -0.827204 0.824024 2.80891
Normal: -2.28003e-007 0 1
UV: 0.152869 0.0695481

Position: -1.35413 0.824024 2.80891
Normal: -0 0 1
UV: 0.22643 0.0695481

Position: -1.35413 1.10753 -2.36253
Normal: -1 -9.51606e-008 0
UV: 0.720336 0.875293

Position: -1.35413 1.10753 -2.6822
Normal: -1 0 0
UV: 0.762986 0.875353

Position: -1.35413 0.736533 -1.95329
Normal: -1 -2.90765e-007 1.66266e-007
UV: 0.665692 0.924675

Position: -1.35413 0.824024 -2.36253
Normal: -1 7.99807e-008 1.18085e-007
UV: 0.720307 0.91305

Position: -1.35413 0.824024 -1.68045
Normal: -1 1.64271e-007 -8.17531e-011
UV: 0.629294 0.912986

Position: -1.35413 0.824024 -2.36253
Normal: -1 7.99807e-008 1.18085e-007
UV: 0.241136 0.068832

Position: -1.35413 1.10753 -2.6822
Normal: -1 0 0
UV: 0.28578 0.013135

Position: -1.35413 1.10753 -2.36253
Normal: -1 -9.51606e-008 0
UV: 0.241154 0.013122

Position: -1.35413 0.824024 -2.6822
Normal: -1 2.22277e-007 0
UV: 0.285759 0.068833

Position: -1.12586 0.824024 2.1603
Normal: -1 8.33448e-007 0
UV: 0.683329 0.307713

Position: -1.12586 0.558435 2.5673
Normal: -1 2.75802e-007 0
UV: 0.678374 0.300052

Position: -1.12586 0.558435 1.75859
Normal: -1 2.80528e-007 0
UV: 0.678374 0.315982

Position: -1.12586 0.741174 1.90034
Normal: -1 8.33448e-007 0
UV: 0.681398 0.312612

Position: -1.12586 0.741565 2.42039
Normal: -1 8.33448e-007 0
UV: 0.681192 0.302074

Position: -1.35413 1.5603 -1.07783
Normal: -1 -4.45722e-008 0
UV: 0.548516 0.814728

Position: -0 0.558435 -2.6822
Normal: -0.000265212 -0.00135112 -0.999999
UV: 0.984322 0.573106

Position: -0.827204 0.824024 -2.6822
Normal: -0.000909495 -0.00463651 -0.999989
UV: 0.866857 0.534333

Position: -1.35413 0.558435 -2.67763
Normal: -0.00242653 -0.0123718 -0.999921
UV: 0.79176 0.571337

Position: -1.35413 0.824024 -2.6822
Normal: -0.00151852 -0.00774227 -0.999969
UV: 0.79176 0.533657

Position: -1.35413 2.85702 2.80891
Normal: -0 0 1
UV: 0.992764 0.637435

Position: -0.827204 1.10753 2.80891
Normal: -1.50179e-007 0 1
UV: 0.91572 0.89087

Position: -1.35413 1.10753 2.80891
Normal: -0 0 1
UV: 0.992764 0.890385

Position: -1.12586 0.358701 2.57208
Normal: -1 0 0
UV: 0.674647 0.299958

Position: -1.12586 0.358701 1.75615
Normal: -1 0 0
UV: 0.674647 0.31603

Position: -1.35413 0.358701 1.75615
Normal: -1 0 -1.97901e-008
UV: 0.173737 0.974773

Position: -1.35413 0.558435 -1.25286
Normal: -1 4.71641e-007 -7.15349e-009
UV: 0.572214 0.948358

Position: -1.35413 0.558435 1.75859
Normal: -1 4.70916e-007 -7.17292e-009
UV: 0.173407 0.948113

Position: -1.35413 0.358701 -1.25608
Normal: -1 0 -1.97901e-008
UV: 0.572632 0.974989

Position: -1.35413 0.824024 2.1603
Normal: -1 1.45681e-007 -3.07242e-009
UV: 0.114294 0.912621

Position: -1.35413 0.750029 -1.41713
Normal: -1 -1.51032e-006 -1.61477e-009
UV: 0.596112 0.925574

Position: -1.35413 0.741174 1.90034
Normal: -1 -1.44222e-006 -1.51486e-009
UV: 0.149317 0.926457

Position: -1.35413 0.558435 2.5673
Normal: -1 -1.10035e-006 -5.84478e-007
UV: 0.0594793 0.948043

Position: -1.35413 0.741565 2.42039
Normal: -1 -1.33408e-006 -7.08632e-007
UV: 0.0739521 0.927886

Position: -1.35413 0.358701 2.57208
Normal: -1 0 0
UV: 0.0587919 0.974711

Position: -1.35413 0.358701 2.63871
Normal: -1 0 0
UV: 0.0529377 0.974707

Position: -1.12586 0.824024 -1.68045
Normal: -1 7.99949e-007 0
UV: 0.696693 0.308307

Position: -1.12586 0.558435 -1.25286
Normal: -1 2.63989e-007 4.75467e-008
UV: 0.691737 0.300329

Position: -1.12586 0.558435 -2.09437
Normal: -1 2.69988e-007 4.70145e-008
UV: 0.691737 0.31603

Position: -1.12586 0.736533 -1.95329
Normal: -1 7.99949e-007 0
UV: 0.69506 0.313398

Position: -1.12586 0.750029 -1.41713
Normal: -1 7.99949e-007 0
UV: 0.694928 0.303669

Position: -1.12586 0.358701 -1.25608
Normal: -1 0 7.0966e-008
UV: 0.688011 0.300389

Position: -1.12586 0.358701 -2.09437
Normal: -1 0 7.0966e-008
UV: 0.688011 0.31603

Position: -1.35413 0.741174 1.90034
Normal: -0 -0.612903 0.790158
UV: 0.6878 0.31266

Position: -1.12586 0.558435 1.75859
Normal: -0 -0.612903 0.790158
UV: 0.683541 0.31603

Position: -1.35413 0.558435 1.75859
Normal: -0 -0.612903 0.790158
UV: 0.6878 0.31603

Position: -1.12586 0.741174 1.90034
Normal: -0 -0.612903 0.790158
UV: 0.683541 0.31266

Position: -1.12586 0.824024 2.1603
Normal: -0 -0.952784 0.30365
UV: 0.683541 0.307761

Position: -1.35413 0.741174 1.90034
Normal: -0 -0.952784 0.30365
UV: 0.6878 0.31266

Position: -1.35413 0.824024 2.1603
Normal: -0 -0.952784 0.30365
UV: 0.6878 0.307761

Position: -1.12586 0.741174 1.90034
Normal: -0 -0.952784 0.30365
UV: 0.683541 0.31266

Position: -1.35413 0.741565 2.42039
Normal: -0 -0.953241 -0.302212
UV: 0.6878 0.302122

Position: -1.12586 0.824024 2.1603
Normal: -0 -0.953241 -0.302212
UV: 0.683541 0.307761

Position: -1.35413 0.824024 2.1603
Normal: -0 -0.953241 -0.302212
UV: 0.6878 0.307761

Position: -1.12586 0.741565 2.42039
Normal: -0 -0.953241 -0.302212
UV: 0.683541 0.302122

Position: -1.12586 0.558435 2.5673
Normal: -0 -0.625759 -0.780016
UV: 0.683541 0.3001

Position: -1.35413 0.741565 2.42039
Normal: -0 -0.625759 -0.780016
UV: 0.6878 0.302122

Position: -1.35413 0.558435 2.5673
Normal: -0 -0.625759 -0.780016
UV: 0.6878 0.3001

Position: -1.12586 0.741565 2.42039
Normal: -0 -0.625759 -0.780016
UV: 0.683541 0.302122

Position: -1.12586 0.558435 1.75859
Normal: -0 -0.0122235 0.999925
UV: 0.688175 0.295735

Position: -1.35413 0.358701 1.75615
Normal: -0 -0.0122235 0.999925
UV: 0.684448 0.299994

Position: -1.35413 0.558435 1.75859
Normal: -0 -0.0122235 0.999925
UV: 0.688175 0.299994

Position: -1.12586 0.358701 1.75615
Normal: -0 -0.0122235 0.999925
UV: 0.684448 0.295735

Position: -1.12586 0.358701 2.57208
Normal: -0 -0.0239192 -0.999714
UV: 0.692063 0.295965

Position: -1.35413 0.558435 2.5673
Normal: -0 -0.0239192 -0.999714
UV: 0.688336 0.300224

Position: -1.35413 0.358701 2.57208
Normal: -0 -0.0239192 -0.999714
UV: 0.692063 0.300224

Position: -1.12586 0.558435 2.5673
Normal: -0 -0.0239192 -0.999714
UV: 0.688336 0.295965

Position: -1.35413 0.358701 -1.25608
Normal: -0 0.016137 -0.99987
UV: 0.696484 0.293307

Position: -1.12586 0.558435 -1.25286
Normal: -0 0.016137 -0.99987
UV: 0.692225 0.297033

Position: -1.35413 0.558435 -1.25286
Normal: -0 0.016137 -0.99987
UV: 0.696484 0.297033

Position: -1.12586 0.358701 -1.25608
Normal: -0 0.016137 -0.99987
UV: 0.692225 0.293307

Position: -1.12586 0.824024 -1.68045
Normal: -0 -0.952241 0.305349
UV: 0.696645 0.292501

Position: -1.35413 0.736533 -1.95329
Normal: -0 -0.952241 0.305349
UV: 0.700905 0.297592

Position: -1.35413 0.824024 -1.68045
Normal: -0 -0.952241 0.305349
UV: 0.700905 0.292501

Position: -1.12586 0.736533 -1.95329
Normal: -0 -0.952241 0.305349
UV: 0.696645 0.297592

Position: -1.35413 0.750029 -1.41713
Normal: -0 -0.962713 -0.270524
UV: 0.700905 0.287863

Position: -1.12586 0.824024 -1.68045
Normal: -0 -0.962713 -0.270524
UV: 0.696645 0.292501

Position: -1.35413 0.824024 -1.68045
Normal: -0 -0.962713 -0.270524
UV: 0.700905 0.292501

Position: -1.12586 0.750029 -1.41713
Normal: -0 -0.962713 -0.270524
UV: 0.696645 0.287863

Position: -1.12586 0.558435 -1.25286
Normal: -0 -0.650894 -0.759168
UV: 0.692225 0.297033

Position: -1.35413 0.750029 -1.41713
Normal: -0 -0.650894 -0.759168
UV: 0.696484 0.300224

Position: -1.35413 0.558435 -1.25286
Normal: -0 -0.650895 -0.759168
UV: 0.696484 0.297033

Position: -1.12586 0.750029 -1.41713
Normal: -0 -0.650895 -0.759168
UV: 0.692225 0.300224

Position: -1.35413 0.736533 -1.95329
Normal: -0 -0.620937 0.78386
UV: 0.700905 0.297592

Position: -1.12586 0.558435 -2.09437
Normal: -0 -0.620937 0.78386
UV: 0.696645 0.300224

Position: -1.35413 0.558435 -2.09437
Normal: -0 -0.620937 0.78386
UV: 0.700905 0.300224

Position: -1.12586 0.736533 -1.95329
Normal: -0 -0.620937 0.78386
UV: 0.696645 0.297592

Position: -1.35413 0.558435 -2.09437
Normal: -0 0 1
UV: 0.684286 0.299852

Position: -1.12586 0.558435 -2.09437
Normal: -0 0 1
UV: 0.684286 0.295593

Position: -1.35413 0.358701 -2.09437
Normal: -0 0 1
UV: 0.68056 0.299852

Position: -1.12586 0.358701 -2.09437
Normal: -0 0 1
UV: 0.68056 0.295593

Position: -1.35413 0.558435 -2.67763
Normal: -1 1.07077e-007 6.43606e-008
UV: 0.762324 0.94851

Position: -1.35413 0.824024 -2.6822
Normal: -1 2.22277e-007 0
UV: 0.762962 0.913072

Position: -1.35413 0.558435 -2.09437
Normal: -1 7.38651e-008 1.56942e-007
UV: 0.680035 0.948437

Position: -1.35413 0.358701 2.63871
Normal: -0 -1 0
UV: 0.123774 0.145246

Position: -1.12586 0.358701 2.57208
Normal: -0 -1 0
UV: 0.118763 0.146209

Position: -1.35413 0.358701 2.57208
Normal: -0 -1 0
UV: 0.123774 0.146209

Position: -1.12586 0.358701 1.75615
Normal: -0 -1 0
UV: 0.118763 0.165116

Position: -1.35413 0.358701 -1.25608
Normal: -0 -1 2.82582e-009
UV: 0.123774 0.230729

Position: -1.35413 0.358701 1.75615
Normal: -0 -1 2.82582e-009
UV: 0.123774 0.165116

Position: -1.12586 0.358701 -1.25608
Normal: -0 -1 2.82582e-009
UV: 0.118763 0.230729

Position: -1.35413 0.358701 -2.67763
Normal: -0 -1 0
UV: 0.123774 0.26193

Position: -1.12586 0.358701 -2.09437
Normal: -0 -1 0
UV: 0.118763 0.249128

Position: -1.35413 0.358701 -2.09437
Normal: -0 -1 0
UV: 0.123774 0.249128

Position: 1.35413 2.85702 -2.04589
Normal: -0 1 0
UV: 0.623627 0.586414

Position: 1.35413 2.85702 2.80891
Normal: -0 1 0
UV: 0.0501072 0.586573


[INDEX_DATA]
0 2 1
1 3 0
4 6 5
6 7 5
8 10 9
8 11 10
12 14 13
14 15 13
16 18 17
17 19 16
20 22 21
21 23 20
24 26 25
27 29 28
27 30 29
31 33 32
32 33 34
35 37 36
36 37 38
39 41 40
40 42 39
43 45 44
43 46 45
47 49 48
47 50 49
51 53 52
54 56 55
54 57 56
58 60 59
60 58 61
62 64 63
64 65 63
66 67 32
67 31 32
68 70 69
69 71 68
72 74 73
73 75 72
26 76 73
76 75 73
77 79 78
77 80 79
81 83 82
82 84 81
85 87 86
85 88 87
89 91 90
92 90 91
93 74 72
93 94 74
95 97 96
98 100 99
98 101 100
102 104 103
103 105 102
104 106 103
93 96 97
93 107 24
107 93 72
37 109 108
38 37 108
110 108 109
109 111 110
24 107 76
76 26 24
112 114 113
113 115 112
59 60 113
113 114 59
102 117 116
116 104 102
118 120 119
119 121 118
122 96 123
123 124 122
84 82 125
125 126 84
84 126 123
82 128 127
127 125 82
129 131 130
130 132 129
131 133 130
129 134 131
134 135 131
136 138 137
137 139 136
140 142 141
140 143 142
144 146 145
145 147 144
148 150 149
148 151 150
152 154 153
152 155 154
156 158 157
156 159 158
160 162 161
161 163 160
164 166 165
164 167 166
168 170 169
169 171 168
172 174 173
172 175 174
176 178 177
177 179 176
180 182 181
182 183 181
123 24 84
24 123 96
96 93 24
124 121 119
124 119 122
97 185 184
95 186 97
185 97 186
187 189 188
189 190 188
191 189 187
191 193 192
192 194 191
195 197 196
196 198 195
196 193 198
187 198 193
193 191 187
199 201 200
199 202 201
203 205 204
203 206 205
207 209 208
207 210 209
211 213 212
211 214 213
215 217 216
215 218 217
219 221 220
219 222 221
223 225 224
223 226 225
227 229 228
227 230 229
231 233 232
234 232 233
235 237 236
236 238 235
239 241 240
240 242 239
243 245 244
244 246 243
247 249 248
250 247 248
251 253 252
254 251 252
255 257 256
258 260 259
259 261 258
262 264 263
263 265 262
266 268 267
266 269 268
270 272 271
271 272 38
39 42 273
273 274 39
275 277 276
278 276 277
50 47 279
280 279 47
281 282 53
57 54 283
284 283 54
59 286 285
287 285 286
63 289 288
63 65 289
288 291 290
288 289 291
64 292 291
293 295 294
263 297 296
297 263 264
298 300 299
299 301 298
302 304 303
303 305 302
302 305 306
302 306 256
307 309 308
308 310 307
311 313 312
312 314 311
315 317 316
318 316 317
319 321 320
319 322 321
303 304 323
304 324 323
325 327 326
328 330 329
329 331 328
332 334 333
332 335 334
333 336 332
323 326 327
255 337 323
303 323 337
38 338 271
339 271 338
340 339 338
340 341 339
255 256 306
306 337 255
342 344 343
343 114 342
343 286 59
59 114 343
345 333 346
333 334 346
347 349 348
348 350 347
351 327 352
352 353 351
313 355 354
313 354 312
351 355 313
356 357 312
312 354 356
358 360 359
358 361 360
359 362 358
363 359 360
360 364 363
365 367 366
366 368 365
369 371 370
370 372 369
373 375 374
374 376 373
377 379 378
378 380 377
381 383 382
382 384 381
385 387 386
386 388 385
389 391 390
390 392 389
393 395 394
394 396 393
397 399 398
398 400 397
401 403 402
402 404 401
405 407 406
406 408 405
409 411 410
410 411 412
351 313 255
255 323 327
327 351 255
349 353 348
353 352 348
326 414 413
415 326 413
415 325 326
416 417 187
416 418 417
419 187 417
419 421 420
420 422 419
423 198 424
424 425 423
424 198 422
187 419 422
422 198 187
292 290 291
64 62 292
293 427 426
293 426 295

[MESH_DATA]
VertexCount: 53
IndexCount: 138
BoneCount: 0
AnimationClips: 1

[VERTEX_DATA]
Position: -1.3992 0.540707 1.86081
Normal: -0 0.500004 -0.866023
UV: 0.841018 0.302293

Position: -1.16158 0.540707 1.86081
Normal: -0 0.500004 -0.866023
UV: 0.841017 0.286346

Position: -1.3992 0.673123 1.99323
Normal: -0 0.866025 -0.500001
UV: 0.823214 0.302293

Position: -1.16158 0.673123 1.99323
Normal: -0 0.866025 -0.500001
UV: 0.823214 0.286347

Position: -1.16158 0.359823 1.81234
Normal: -0 -1.37941e-008 -1
UV: 0.858819 0.286345

Position: -1.3992 0.359823 1.81234
Normal: -0 -1.37941e-008 -1
UV: 0.858821 0.302292

Position: -1.16158 0.178939 1.86081
Normal: -0 -0.500004 -0.866023
UV: 0.876622 0.286342

Position: -1.3992 0.178939 1.86081
Normal: -0 -0.500004 -0.866023
UV: 0.876624 0.302289

Position: -1.16158 0.0465229 1.99323
Normal: -0 -0.866025 -0.500001
UV: 0.894422 0.286341

Position: -1.3992 0.0465229 1.99323
Normal: -0 -0.866025 -0.500001
UV: 0.894423 0.302288

Position: -1.16158 -0.00194479 2.17411
Normal: -0 -1 0
UV: 0.912224 0.286343

Position: -1.3992 -0.00194479 2.17411
Normal: -0 -1 0
UV: 0.912223 0.302287

Position: -1.16158 0.0465229 2.35499
Normal: -0 -0.866025 0.500001
UV: 0.930022 0.286345

Position: -1.3992 0.0465229 2.35499
Normal: -0 -0.866025 0.500001
UV: 0.930023 0.302289

Position: -1.16158 0.178939 2.48741
Normal: -0 -0.500004 0.866023
UV: 0.841083 0.2868

Position: -1.3992 0.0465229 2.35499
Normal: -0 -0.866025 0.500001
UV: 0.823284 0.302746

Position: -1.3992 0.178939 2.48741
Normal: -0 -0.500004 0.866023
UV: 0.841085 0.302745

Position: -1.16158 0.0465229 2.35499
Normal: -0 -0.866025 0.500001
UV: 0.823283 0.286801

Position: -1.16158 0.359823 2.53588
Normal: -0 -1.37941e-008 1
UV: 0.858882 0.286797

Position: -1.3992 0.359823 2.53588
Normal: -0 -1.37941e-008 1
UV: 0.858885 0.302742

Position: -1.16158 0.540707 2.48741
Normal: -0 0.500004 0.866023
UV: 0.876683 0.286795

Position: -1.3992 0.540707 2.48741
Normal: -0 0.500004 0.866023
UV: 0.876685 0.302741

Position: -1.3992 0.673123 2.35499
Normal: -0 0.866025 0.5
UV: 0.894487 0.302742

Position: -1.16158 0.673123 2.35499
Normal: -0 0.866025 0.5
UV: 0.894486 0.286795

Position: -1.16158 0.721591 2.17411
Normal: -0 1 1.37942e-008
UV: 0.912287 0.286793

Position: -1.3992 0.721591 2.17411
Normal: -0 1 1.37942e-008
UV: 0.912288 0.302738

Position: -1.16158 0.673123 1.99323
Normal: -0 0.866025 -0.500001
UV: 0.930091 0.286792

Position: -1.3992 0.673123 1.99323
Normal: -0 0.866025 -0.500001
UV: 0.930092 0.302739

Position: -1.3992 0.540707 1.86081
Normal: -1 4.55427e-007 0
UV: 0.570843 0.34448

Position: -1.3992 0.673123 1.99323
Normal: -1 4.55429e-007 0
UV: 0.59949 0.315823

Position: -1.3992 0.359823 2.17411
Normal: -1 -3.45629e-014 0
UV: 0.531701 0.276705

Position: -1.3992 0.359823 1.81234
Normal: -1 0 0
UV: 0.531706 0.35497

Position: -1.3992 0.178939 1.86081
Normal: -1 -4.55427e-007 0
UV: 0.492562 0.344478

Position: -1.3992 0.0465229 1.99323
Normal: -1 -4.55429e-007 0
UV: 0.463915 0.315826

Position: -1.3992 -0.00194479 2.17411
Normal: -1 0 0
UV: 0.453434 0.276684

Position: -1.3992 0.0465229 2.35499
Normal: -1 0 0
UV: 0.463928 0.237563

Position: -1.3992 0.178939 2.48741
Normal: -1 0 0
UV: 0.492573 0.208923

Position: -1.3992 0.359823 2.53588
Normal: -1 0 0
UV: 0.531703 0.198438

Position: -1.3992 0.540707 2.48741
Normal: -1 0 0
UV: 0.570831 0.208923

Position: -1.3992 0.673123 2.35499
Normal: -1 0 0
UV: 0.599474 0.237563

Position: -1.3992 0.721591 2.17411
Normal: -1 0 0
UV: 0.609968 0.276686

Position: -1.16158 0.673123 1.99323
Normal: 1 0 0
UV: 0.485954 0.328009

Position: -1.16158 0.540707 1.86081
Normal: 1 0 0
UV: 0.503756 0.328008

Position: -1.16158 0.721591 2.17411
Normal: 1 0 0
UV: 0.575026 0.328455

Position: -1.16158 0.359823 1.81234
Normal: 1 0 0
UV: 0.521558 0.328007

Position: -1.16158 0.178939 1.86081
Normal: 1 0 0
UV: 0.539361 0.328004

Position: -1.16158 0.0465229 1.99323
Normal: 1 0 0
UV: 0.557161 0.328003

Position: -1.16158 -0.00194479 2.17411
Normal: 1 0 0
UV: 0.574963 0.328005

Position: -1.16158 0.0465229 2.35499
Normal: 1 0 0
UV: 0.486022 0.328463

Position: -1.16158 0.178939 2.48741
Normal: 1 0 0
UV: 0.503822 0.328462

Position: -1.16158 0.359823 2.53588
Normal: 1 0 0
UV: 0.521621 0.328459

Position: -1.16158 0.540707 2.48741
Normal: 1 0 0
UV: 0.539422 0.328457

Position: -1.16158 0.673123 2.35499
Normal: 1 0 0
UV: 0.557225 0.328457


[INDEX_DATA]
0 2 1
3 1 2
4 5 0
0 1 4
6 7 5
5 4 6
8 9 7
7 6 8
10 11 9
9 8 10
12 13 11
11 10 12
14 16 15
15 17 14
18 19 16
16 14 18
20 21 19
19 18 20
22 21 23
20 23 21
23 24 22
22 24 25
24 26 25
25 26 27
28 30 29
31 30 28
32 30 31
33 30 32
34 30 33
35 30 34
36 30 35
37 30 36
38 30 37
39 30 38
40 30 39
29 30 40
41 43 42
42 43 44
44 43 45
45 43 46
46 43 47
47 43 48
48 43 49
49 43 50
50 43 51
51 43 52

[MESH_DATA]
VertexCount: 53
IndexCount: 138
BoneCount: 0
AnimationClips: 1

[VERTEX_DATA]
Position: -1.3992 0.540707 -1.98722
Normal: -0 0.500004 -0.866023
UV: 0.841018 0.302293

Position: -1.16158 0.540707 -1.98722
Normal: -0 0.500004 -0.866023
UV: 0.841017 0.286346

Position: -1.3992 0.673123 -1.8548
Normal: -0 0.866025 -0.500001
UV: 0.823214 0.302293

Position: -1.16158 0.673123 -1.8548
Normal: -0 0.866025 -0.500001
UV: 0.823214 0.286347

Position: -1.16158 0.359823 -2.03569
Normal: -0 -2.62088e-007 -1
UV: 0.858819 0.286345

Position: -1.3992 0.359823 -2.03569
Normal: -0 -2.62088e-007 -1
UV: 0.858821 0.302292

Position: -1.16158 0.178939 -1.98722
Normal: -0 -0.500003 -0.866024
UV: 0.876622 0.286342

Position: -1.3992 0.178939 -1.98722
Normal: -0 -0.500003 -0.866024
UV: 0.876624 0.302289

Position: -1.16158 0.0465229 -1.8548
Normal: -0 -0.866025 -0.500001
UV: 0.894422 0.286341

Position: -1.3992 0.0465229 -1.8548
Normal: -0 -0.866025 -0.500001
UV: 0.894423 0.302288

Position: -1.16158 -0.00194477 -1.67392
Normal: -0 -1 -1.6553e-007
UV: 0.912224 0.286343

Position: -1.3992 -0.00194477 -1.67392
Normal: -0 -1 -1.6553e-007
UV: 0.912223 0.302287

Position: -1.16158 0.0465229 -1.49303
Normal: -0 -0.866025 0.500001
UV: 0.930022 0.286345

Position: -1.3992 0.0465229 -1.49303
Normal: -0 -0.866025 0.500001
UV: 0.930023 0.302289

Position: -1.16158 0.178939 -1.36062
Normal: -0 -0.500003 0.866024
UV: 0.841083 0.2868

Position: -1.3992 0.0465229 -1.49303
Normal: -0 -0.866025 0.500001
UV: 0.823284 0.302746

Position: -1.3992 0.178939 -1.36062
Normal: -0 -0.500003 0.866024
UV: 0.841085 0.302745

Position: -1.16158 0.0465229 -1.49303
Normal: -0 -0.866025 0.500001
UV: 0.823283 0.286801

Position: -1.16158 0.359823 -1.31215
Normal: -0 3.0347e-007 1
UV: 0.858882 0.286797

Position: -1.3992 0.359823 -1.31215
Normal: -0 3.0347e-007 1
UV: 0.858885 0.302742

Position: -1.16158 0.540707 -1.36062
Normal: -0 0.500004 0.866023
UV: 0.876683 0.286795

Position: -1.3992 0.540707 -1.36062
Normal: -0 0.500004 0.866023
UV: 0.876685 0.302741

Position: -1.3992 0.673123 -1.49303
Normal: -0 0.866026 0.5
UV: 0.894487 0.302742

Position: -1.16158 0.673123 -1.49303
Normal: -0 0.866026 0.5
UV: 0.894486 0.286795

Position: -1.16158 0.721591 -1.67392
Normal: -0 1 1.6553e-007
UV: 0.912287 0.286793

Position: -1.3992 0.721591 -1.67392
Normal: -0 1 1.6553e-007
UV: 0.912288 0.302738

Position: -1.16158 0.673123 -1.8548
Normal: -0 0.866025 -0.500001
UV: 0.930091 0.286792

Position: -1.3992 0.673123 -1.8548
Normal: -0 0.866025 -0.500001
UV: 0.930092 0.302739

Position: -1.3992 0.540707 -1.98722
Normal: -1 0 0
UV: 0.570843 0.34448

Position: -1.3992 0.673123 -1.8548
Normal: -1 0 0
UV: 0.59949 0.315823

Position: -1.3992 0.359823 -1.67392
Normal: -1 3.06055e-008 0
UV: 0.531701 0.276705

Position: -1.3992 0.359823 -2.03569
Normal: -1 0 0
UV: 0.531706 0.35497

Position: -1.3992 0.178939 -1.98722
Normal: -1 0 0
UV: 0.492562 0.344478

Position: -1.3992 0.0465229 -1.8548
Normal: -1 1.83634e-007 0
UV: 0.463915 0.315826

Position: -1.3992 -0.00194477 -1.67392
Normal: -1 1.83634e-007 0
UV: 0.453434 0.276684

Position: -1.3992 0.0465229 -1.49303
Normal: -1 0 0
UV: 0.463928 0.237563

Position: -1.3992 0.178939 -1.36062
Normal: -1 0 0
UV: 0.492573 0.208923

Position: -1.3992 0.359823 -1.31215
Normal: -1 0 0
UV: 0.531703 0.198438

Position: -1.3992 0.540707 -1.36062
Normal: -1 0 0
UV: 0.570831 0.208923

Position: -1.3992 0.673123 -1.49303
Normal: -1 0 0
UV: 0.599474 0.237563

Position: -1.3992 0.721591 -1.67392
Normal: -1 0 0
UV: 0.609968 0.276686

Position: -1.16158 0.673123 -1.8548
Normal: 1 1.6997e-006 0
UV: 0.485954 0.328009

Position: -1.16158 0.540707 -1.98722
Normal: 1 6.64237e-008 0
UV: 0.503756 0.328008

Position: -1.16158 0.721591 -1.67392
Normal: 1 2.68466e-008 0
UV: 0.575026 0.328455

Position: -1.16158 0.359823 -2.03569
Normal: 1 -6.2776e-007 0
UV: 0.521558 0.328007

Position: -1.16158 0.178939 -1.98722
Normal: 1 2.28739e-007 0
UV: 0.539361 0.328004

Position: -1.16158 0.0465229 -1.8548
Normal: 1 1.92487e-007 0
UV: 0.557161 0.328003

Position: -1.16158 -0.00194477 -1.67392
Normal: 1 -3.3315e-008 0
UV: 0.574963 0.328005

Position: -1.16158 0.0465229 -1.49303
Normal: 1 -4.22417e-008 0
UV: 0.486022 0.328463

Position: -1.16158 0.178939 -1.36062
Normal: 1 0 0
UV: 0.503822 0.328462

Position: -1.16158 0.359823 -1.31215
Normal: 1 -1.56938e-007 0
UV: 0.521621 0.328459

Position: -1.16158 0.540707 -1.36062
Normal: 1 -1.06279e-006 0
UV: 0.539422 0.328457

Position: -1.16158 0.673123 -1.49303
Normal: 1 3.39942e-006 0
UV: 0.557225 0.328457


[INDEX_DATA]
0 2 1
3 1 2
4 5 0
0 1 4
6 7 5
5 4 6
8 9 7
7 6 8
10 11 9
9 8 10
12 13 11
11 10 12
14 16 15
15 17 14
18 19 16
16 14 18
20 21 19
19 18 20
22 21 23
20 23 21
23 24 22
22 24 25
24 26 25
25 26 27
28 30 29
31 30 28
32 30 31
33 30 32
34 30 33
35 30 34
36 30 35
37 30 36
38 30 37
39 30 38
40 30 39
29 30 40
41 43 42
42 43 44
44 43 45
45 43 46
46 43 47
47 43 48
48 43 49
49 43 50
50 43 51
51 43 52

[MESH_DATA]
VertexCount: 53
IndexCount: 138
BoneCount: 0
AnimationClips: 1

[VERTEX_DATA]
Position: 1.16158 0.540707 1.86081
Normal: -0 0.500004 -0.866023
UV: 0.841017 0.286346

Position: 1.3992 0.673123 1.99323
Normal: -0 0.866025 -0.500001
UV: 0.823214 0.302293

Position: 1.16158 0.673123 1.99323
Normal: -0 0.866025 -0.500001
UV: 0.823214 0.286347

Position: 1.3992 0.540707 1.86081
Normal: -0 0.500004 -0.866023
UV: 0.841018 0.302293

Position: 1.16158 0.359823 1.81234
Normal: -0 -1.37941e-008 -1
UV: 0.858819 0.286345

Position: 1.3992 0.359823 1.81234
Normal: -0 -1.37941e-008 -1
UV: 0.858821 0.302292

Position: 1.16158 0.178939 1.86081
Normal: -0 -0.500004 -0.866023
UV: 0.876622 0.286342

Position: 1.3992 0.178939 1.86081
Normal: -0 -0.500004 -0.866023
UV: 0.876624 0.302289

Position: 1.16158 0.0465229 1.99323
Normal: -0 -0.866025 -0.500001
UV: 0.894422 0.286341

Position: 1.3992 0.0465229 1.99323
Normal: -0 -0.866025 -0.500001
UV: 0.894423 0.302288

Position: 1.16158 -0.00194479 2.17411
Normal: -0 -1 0
UV: 0.912224 0.286343

Position: 1.3992 -0.00194479 2.17411
Normal: -0 -1 0
UV: 0.912223 0.302287

Position: 1.16158 0.0465229 2.35499
Normal: -0 -0.866025 0.500001
UV: 0.930022 0.286345

Position: 1.3992 0.0465229 2.35499
Normal: -0 -0.866025 0.500001
UV: 0.930023 0.302289

Position: 1.16158 0.178939 2.48741
Normal: -0 -0.500004 0.866023
UV: 0.841083 0.2868

Position: 1.3992 0.178939 2.48741
Normal: -0 -0.500004 0.866023
UV: 0.841085 0.302745

Position: 1.3992 0.0465229 2.35499
Normal: -0 -0.866025 0.500001
UV: 0.823284 0.302746

Position: 1.16158 0.0465229 2.35499
Normal: -0 -0.866025 0.500001
UV: 0.823283 0.286801

Position: 1.16158 0.359823 2.53588
Normal: -0 -1.37941e-008 1
UV: 0.858882 0.286797

Position: 1.3992 0.359823 2.53588
Normal: -0 -1.37941e-008 1
UV: 0.858885 0.302742

Position: 1.16158 0.540707 2.48741
Normal: -0 0.500004 0.866023
UV: 0.876683 0.286795

Position: 1.3992 0.540707 2.48741
Normal: -0 0.500004 0.866023
UV: 0.876685 0.302741

Position: 1.16158 0.673123 2.35499
Normal: -0 0.866025 0.5
UV: 0.894486 0.286795

Position: 1.3992 0.673123 2.35499
Normal: -0 0.866025 0.5
UV: 0.894487 0.302742

Position: 1.16158 0.721591 2.17411
Normal: -0 1 1.37942e-008
UV: 0.912287 0.286793

Position: 1.3992 0.721591 2.17411
Normal: -0 1 1.37942e-008
UV: 0.912288 0.302738

Position: 1.16158 0.673123 1.99323
Normal: -0 0.866025 -0.500001
UV: 0.930091 0.286792

Position: 1.3992 0.673123 1.99323
Normal: -0 0.866025 -0.500001
UV: 0.930092 0.302739

Position: 1.3992 0.540707 1.86081
Normal: 1 4.55427e-007 0
UV: 0.570843 0.34448

Position: 1.3992 0.359823 2.17411
Normal: 1 -3.45629e-014 0
UV: 0.531701 0.276705

Position: 1.3992 0.673123 1.99323
Normal: 1 4.55429e-007 0
UV: 0.59949 0.315823

Position: 1.3992 0.359823 1.81234
Normal: 1 0 0
UV: 0.531706 0.35497

Position: 1.3992 0.178939 1.86081
Normal: 1 -4.55427e-007 0
UV: 0.492562 0.344478

Position: 1.3992 0.0465229 1.99323
Normal: 1 -4.55429e-007 0
UV: 0.463915 0.315826

Position: 1.3992 -0.00194479 2.17411
Normal: 1 0 0
UV: 0.453434 0.276684

Position: 1.3992 0.0465229 2.35499
Normal: 1 0 0
UV: 0.463928 0.237563

Position: 1.3992 0.178939 2.48741
Normal: 1 0 0
UV: 0.492573 0.208923

Position: 1.3992 0.359823 2.53588
Normal: 1 0 0
UV: 0.531703 0.198438

Position: 1.3992 0.540707 2.48741
Normal: 1 0 0
UV: 0.570831 0.208923

Position: 1.3992 0.673123 2.35499
Normal: 1 0 0
UV: 0.599474 0.237563

Position: 1.3992 0.721591 2.17411
Normal: 1 0 0
UV: 0.609968 0.276686

Position: 1.16158 0.673123 1.99323
Normal: -1 0 0
UV: 0.485954 0.328009

Position: 1.16158 0.721591 2.17411
Normal: -1 3.88833e-013 0
UV: 0.575026 0.328455

Position: 1.16158 0.540707 1.86081
Normal: -1 -1.49455e-007 0
UV: 0.503756 0.328008

Position: 1.16158 0.359823 1.81234
Normal: -1 5.88525e-008 0
UV: 0.521558 0.328007

Position: 1.16158 0.178939 1.86081
Normal: -1 2.14445e-008 0
UV: 0.539361 0.328004

Position: 1.16158 0.0465229 1.99323
Normal: -1 0 0
UV: 0.557161 0.328003

Position: 1.16158 -0.00194479 2.17411
Normal: -1 0 0
UV: 0.574963 0.328005

Position: 1.16158 0.0465229 2.35499
Normal: -1 0 0
UV: 0.486022 0.328463

Position: 1.16158 0.178939 2.48741
Normal: -1 2.14446e-008 0
UV: 0.503822 0.328462

Position: 1.16158 0.359823 2.53588
Normal: -1 5.88523e-008 0
UV: 0.521621 0.328459

Position: 1.16158 0.540707 2.48741
Normal: -1 -1.49455e-007 0
UV: 0.539422 0.328457

Position: 1.16158 0.673123 2.35499
Normal: -1 0 0
UV: 0.557225 0.328457


[INDEX_DATA]
0 2 1
1 3 0
4 3 5
4 0 3
6 5 7
6 4 5
8 7 9
8 6 7
10 9 11
10 8 9
12 11 13
12 10 11
14 16 15
14 17 16
18 15 19
18 14 15
20 19 21
20 18 19
21 22 20
21 23 22
24 22 23
23 25 24
24 25 26
25 27 26
28 30 29
31 28 29
32 31 29
33 32 29
34 33 29
35 34 29
36 35 29
37 36 29
38 37 29
39 38 29
40 39 29
30 40 29
41 43 42
43 44 42
44 45 42
45 46 42
46 47 42
47 48 42
48 49 42
49 50 42
50 51 42
51 52 42

[MESH_DATA]
VertexCount: 53
IndexCount: 138
BoneCount: 0
AnimationClips: 1

[VERTEX_DATA]
Position: 1.16158 0.540707 -1.98722
Normal: -0 0.500003 -0.866023
UV: 0.841017 0.286346

Position: 1.3992 0.673123 -1.8548
Normal: -0 0.866025 -0.5
UV: 0.823214 0.302293

Position: 1.16158 0.673123 -1.8548
Normal: -0 0.866025 -0.5
UV: 0.823214 0.286347

Position: 1.3992 0.540707 -1.98722
Normal: -0 0.500003 -0.866023
UV: 0.841018 0.302293

Position: 1.16158 0.359823 -2.03569
Normal: -0 1.37941e-008 -1
UV: 0.858819 0.286345

Position: 1.3992 0.359823 -2.03569
Normal: -0 1.37941e-008 -1
UV: 0.858821 0.302292

Position: 1.16158 0.178939 -1.98722
Normal: -0 -0.500003 -0.866023
UV: 0.876622 0.286342

Position: 1.3992 0.178939 -1.98722
Normal: -0 -0.500003 -0.866023
UV: 0.876624 0.302289

Position: 1.16158 0.0465229 -1.8548
Normal: -0 -0.866025 -0.500001
UV: 0.894422 0.286341

Position: 1.3992 0.0465229 -1.8548
Normal: -0 -0.866025 -0.500001
UV: 0.894423 0.302288

Position: 1.16158 -0.00194479 -1.67392
Normal: -0 -1 0
UV: 0.912224 0.286343

Position: 1.3992 -0.00194479 -1.67392
Normal: -0 -1 0
UV: 0.912223 0.302287

Position: 1.16158 0.0465229 -1.49303
Normal: -0 -0.866025 0.500001
UV: 0.930022 0.286345

Position: 1.3992 0.0465229 -1.49303
Normal: -0 -0.866025 0.500001
UV: 0.930023 0.302289

Position: 1.16158 0.178939 -1.36062
Normal: -0 -0.500004 0.866023
UV: 0.841083 0.2868

Position: 1.3992 0.178939 -1.36062
Normal: -0 -0.500004 0.866023
UV: 0.841085 0.302745

Position: 1.3992 0.0465229 -1.49303
Normal: -0 -0.866025 0.500001
UV: 0.823284 0.302746

Position: 1.16158 0.0465229 -1.49303
Normal: -0 -0.866025 0.500001
UV: 0.823283 0.286801

Position: 1.16158 0.359823 -1.31215
Normal: -0 -1.37941e-008 1
UV: 0.858882 0.286797

Position: 1.3992 0.359823 -1.31215
Normal: -0 -1.37941e-008 1
UV: 0.858885 0.302742

Position: 1.16158 0.540707 -1.36062
Normal: -0 0.500004 0.866023
UV: 0.876683 0.286795

Position: 1.3992 0.540707 -1.36062
Normal: -0 0.500004 0.866023
UV: 0.876685 0.302741

Position: 1.16158 0.673123 -1.49303
Normal: -0 0.866025 0.5
UV: 0.894486 0.286795

Position: 1.3992 0.673123 -1.49303
Normal: -0 0.866025 0.5
UV: 0.894487 0.302742

Position: 1.16158 0.721591 -1.67392
Normal: -0 1 0
UV: 0.912287 0.286793

Position: 1.3992 0.721591 -1.67392
Normal: -0 1 0
UV: 0.912288 0.302738

Position: 1.16158 0.673123 -1.8548
Normal: -0 0.866025 -0.5
UV: 0.930091 0.286792

Position: 1.3992 0.673123 -1.8548
Normal: -0 0.866025 -0.5
UV: 0.930092 0.302739

Position: 1.3992 0.540707 -1.98722
Normal: 1 2.27715e-007 0
UV: 0.570843 0.34448

Position: 1.3992 0.359823 -1.67392
Normal: 1 -8.64073e-015 0
UV: 0.531701 0.276705

Position: 1.3992 0.673123 -1.8548
Normal: 1 0 0
UV: 0.59949 0.315823

Position: 1.3992 0.359823 -2.03569
Normal: 1 -4.14756e-014 0
UV: 0.531706 0.35497

Position: 1.3992 0.178939 -1.98722
Normal: 1 -2.27714e-007 0
UV: 0.492562 0.344478

Position: 1.3992 0.0465229 -1.8548
Normal: 1 0 0
UV: 0.463915 0.315826

Position: 1.3992 -0.00194479 -1.67392
Normal: 1 0 0
UV: 0.453434 0.276684

Position: 1.3992 0.0465229 -1.49303
Normal: 1 0 0
UV: 0.463928 0.237563

Position: 1.3992 0.178939 -1.36062
Normal: 1 3.41572e-007 0
UV: 0.492573 0.208923

Position: 1.3992 0.359823 -1.31215
Normal: 1 2.07378e-014 0
UV: 0.531703 0.198438

Position: 1.3992 0.540707 -1.36062
Normal: 1 -3.41572e-007 0
UV: 0.570831 0.208923

Position: 1.3992 0.673123 -1.49303
Normal: 1 0 0
UV: 0.599474 0.237563

Position: 1.3992 0.721591 -1.67392
Normal: 1 0 0
UV: 0.609968 0.276686

Position: 1.16158 0.673123 -1.8548
Normal: -1 1.6997e-006 0
UV: 0.485954 0.328009

Position: 1.16158 0.721591 -1.67392
Normal: -1 7.43104e-013 0
UV: 0.575026 0.328455

Position: 1.16158 0.540707 -1.98722
Normal: -1 -6.8085e-007 0
UV: 0.503756 0.328008

Position: 1.16158 0.359823 -2.03569
Normal: -1 2.94262e-007 0
UV: 0.521558 0.328007

Position: 1.16158 0.178939 -1.98722
Normal: -1 -9.29244e-008 0
UV: 0.539361 0.328004

Position: 1.16158 0.0465229 -1.8548
Normal: -1 -9.62437e-008 0
UV: 0.557161 0.328003

Position: 1.16158 -0.00194479 -1.67392
Normal: -1 0 0
UV: 0.574963 0.328005

Position: 1.16158 0.0465229 -1.49303
Normal: -1 -9.62435e-008 0
UV: 0.486022 0.328463

Position: 1.16158 0.178939 -1.36062
Normal: -1 -1.35813e-007 0
UV: 0.503822 0.328462

Position: 1.16158 0.359823 -1.31215
Normal: -1 1.76557e-007 0
UV: 0.521621 0.328459

Position: 1.16158 0.540707 -1.36062
Normal: -1 -3.81941e-007 0
UV: 0.539422 0.328457

Position: 1.16158 0.673123 -1.49303
Normal: -1 1.69969e-006 0
UV: 0.557225 0.328457


[INDEX_DATA]
0 2 1
1 3 0
4 3 5
4 0 3
6 5 7
6 4 5
8 7 9
8 6 7
10 9 11
10 8 9
12 11 13
12 10 11
14 16 15
14 17 16
18 15 19
18 14 15
20 19 21
20 18 19
22 20 21
21 23 22
22 23 24
23 25 24
24 25 26
25 27 26
28 30 29
31 28 29
32 31 29
33 32 29
34 33 29
35 34 29
36 35 29
37 36 29
38 37 29
39 38 29
40 39 29
30 40 29
41 43 42
43 44 42
44 45 42
45 46 42
46 47 42
47 48 42
48 49 42
49 50 42
50 51 42
51 52 42

