[FBX_META_DATA]
MeshCount: 1

[MESH_DATA]
VertexCount: 483
IndexCount: 930
BoneCount: 0
AnimationClips: 1

[VERTEX_DATA]
Position: -1.27562 0.673123 -1.8548
Normal: -0 0.707108 -0.707106
UV: 0.451919 0.369075

Position: -1.45356 0.673123 -1.8548
Normal: -0 0.707108 -0.707106
UV: 0.451919 0.392489

Position: -1.27562 0.540707 -1.98722
Normal: -0 0.707108 -0.707106
UV: 0.478059 0.369074

Position: -1.45356 0.540707 -1.98722
Normal: -0 0.707108 -0.707106
UV: 0.47806 0.39249

Position: -1.27562 0.359823 -2.03569
Normal: -0 0.258826 -0.965924
UV: 0.504199 0.369072

Position: -1.45356 0.540707 -1.98722
Normal: -0 0.258826 -0.965924
UV: 0.47806 0.39249

Position: -1.45356 0.359823 -2.03569
Normal: -0 0.258826 -0.965924
UV: 0.504202 0.392487

Position: -1.27562 0.540707 -1.98722
Normal: -0 0.258826 -0.965924
UV: 0.478059 0.369074

Position: -1.27562 0.178939 -1.98722
Normal: -0 -0.258826 -0.965924
UV: 0.530339 0.369068

Position: -1.45356 0.359823 -2.03569
Normal: -0 -0.258826 -0.965924
UV: 0.504202 0.392487

Position: -1.45356 0.178939 -1.98722
Normal: -0 -0.258826 -0.965924
UV: 0.530342 0.392484

Position: -1.27562 0.359823 -2.03569
Normal: -0 -0.258826 -0.965924
UV: 0.504199 0.369072

Position: -1.27562 0.0465229 -1.8548
Normal: -0 -0.707108 -0.707106
UV: 0.556476 0.369066

Position: -1.45356 0.178939 -1.98722
Normal: -0 -0.707108 -0.707106
UV: 0.530342 0.392484

Position: -1.45356 0.0465229 -1.8548
Normal: -0 -0.707108 -0.707106
UV: 0.556478 0.392483

Position: -1.27562 0.178939 -1.98722
Normal: -0 -0.707108 -0.707106
UV: 0.530339 0.369068

Position: -1.27562 -0.00194479 -1.67392
Normal: -0 -0.965925 -0.25882
UV: 0.582615 0.369069

Position: -1.45356 0.0465229 -1.8548
Normal: -0 -0.965925 -0.25882
UV: 0.556478 0.392483

Position: -1.45356 -0.00194479 -1.67392
Normal: -0 -0.965925 -0.25882
UV: 0.582614 0.392481

Position: -1.27562 0.0465229 -1.8548
Normal: -0 -0.965925 -0.25882
UV: 0.556476 0.369066

Position: -1.27562 0.0465229 -1.49303
Normal: -0 -0.965925 0.25882
UV: 0.60875 0.369072

Position: -1.45356 -0.00194479 -1.67392
Normal: -0 -0.965925 0.25882
UV: 0.582614 0.392481

Position: -1.45356 0.0465229 -1.49303
Normal: -0 -0.965925 0.25882
UV: 0.608751 0.392484

Position: -1.27562 -0.00194479 -1.67392
Normal: -0 -0.965925 0.25882
UV: 0.582615 0.369069

Position: -1.27562 0.178939 -1.36062
Normal: -0 -0.707108 0.707106
UV: 0.478156 0.369741

Position: -1.45356 0.0465229 -1.49303
Normal: -0 -0.707108 0.707106
UV: 0.452021 0.393154

Position: -1.45356 0.178939 -1.36062
Normal: -0 -0.707108 0.707106
UV: 0.478159 0.393153

Position: -1.27562 0.0465229 -1.49303
Normal: -0 -0.707108 0.707106
UV: 0.452019 0.369742

Position: -1.27562 0.359823 -1.31215
Normal: -0 -0.258827 0.965924
UV: 0.504291 0.369736

Position: -1.45356 0.178939 -1.36062
Normal: -0 -0.258827 0.965924
UV: 0.478159 0.393153

Position: -1.45356 0.359823 -1.31215
Normal: -0 -0.258827 0.965924
UV: 0.504295 0.393148

Position: -1.27562 0.178939 -1.36062
Normal: -0 -0.258827 0.965924
UV: 0.478156 0.369741

Position: -1.27562 0.540707 -1.36062
Normal: -0 0.258827 0.965924
UV: 0.530429 0.369733

Position: -1.45356 0.359823 -1.31215
Normal: -0 0.258827 0.965924
UV: 0.504295 0.393148

Position: -1.45356 0.540707 -1.36062
Normal: -0 0.258827 0.965924
UV: 0.530432 0.393147

Position: -1.27562 0.359823 -1.31215
Normal: -0 0.258827 0.965924
UV: 0.504291 0.369736

Position: -1.27562 0.540707 -1.36062
Normal: -0 0.707108 0.707106
UV: 0.530429 0.369733

Position: -1.45356 0.540707 -1.36062
Normal: -0 0.707108 0.707106
UV: 0.530432 0.393147

Position: -1.27562 0.673123 -1.49303
Normal: -0 0.707108 0.707106
UV: 0.55657 0.369733

Position: -1.45356 0.673123 -1.49303
Normal: -0 0.707108 0.707106
UV: 0.556571 0.393148

Position: -1.27562 0.673123 -1.49303
Normal: -0 0.965925 0.25882
UV: 0.55657 0.369733

Position: -1.45356 0.673123 -1.49303
Normal: -0 0.965925 0.25882
UV: 0.556571 0.393148

Position: -1.27562 0.721591 -1.67392
Normal: -0 0.965925 0.25882
UV: 0.582708 0.36973

Position: -1.45356 0.721591 -1.67392
Normal: -0 0.965925 0.25882
UV: 0.58271 0.393142

Position: -1.27562 0.721591 -1.67392
Normal: -0 0.965925 -0.25882
UV: 0.582708 0.36973

Position: -1.45356 0.721591 -1.67392
Normal: -0 0.965925 -0.25882
UV: 0.58271 0.393142

Position: -1.27562 0.673123 -1.8548
Normal: -0 0.965925 -0.25882
UV: 0.60885 0.369729

Position: -1.45356 0.673123 -1.8548
Normal: -0 0.965925 -0.25882
UV: 0.608852 0.393144

Position: -1.45356 0.540707 -1.98722
Normal: -1 0 0
UV: 0.570843 0.342224

Position: -1.45356 0.673123 -1.8548
Normal: -1 0 0
UV: 0.59949 0.313567

Position: -1.45356 0.359823 -1.67392
Normal: -1 0 0
UV: 0.531701 0.274449

Position: -1.45356 0.359823 -2.03569
Normal: -1 0 0
UV: 0.531706 0.352713

Position: -1.45356 0.178939 -1.98722
Normal: -1 0 0
UV: 0.492562 0.342221

Position: -1.45356 0.0465229 -1.8548
Normal: -1 0 0
UV: 0.463915 0.313569

Position: -1.45356 -0.00194479 -1.67392
Normal: -1 0 0
UV: 0.453434 0.274428

Position: -1.45356 0.0465229 -1.49303
Normal: -1 0 0
UV: 0.463928 0.235307

Position: -1.45356 0.178939 -1.36062
Normal: -1 0 0
UV: 0.492573 0.206667

Position: -1.45356 0.359823 -1.31215
Normal: -1 0 0
UV: 0.531703 0.196182

Position: -1.45356 0.540707 -1.36062
Normal: -1 0 0
UV: 0.570831 0.206667

Position: -1.45356 0.673123 -1.49303
Normal: -1 0 0
UV: 0.599474 0.235307

Position: -1.45356 0.721591 -1.67392
Normal: -1 0 0
UV: 0.609968 0.27443

Position: -1.35413 1.10753 2.55907
Normal: -1 -2.52668e-009 0
UV: 0.0636334 0.874683

Position: -1.35413 2.85702 2.80891
Normal: -1 1.27749e-009 0
UV: 0.0305339 0.641193

Position: -1.35413 1.10753 2.80891
Normal: -1 0 0
UV: 0.0302908 0.87464

Position: -1.35413 0.358701 2.80891
Normal: -1 0 0
UV: 0.731073 0.067502

Position: -1.35413 0.558435 2.63871
Normal: -1 9.88672e-008 0
UV: 0.707314 0.0953798

Position: -1.35413 0.558435 2.80891
Normal: -1 0 0
UV: 0.731072 0.095382

Position: -1.35413 0.358701 2.63871
Normal: -1 0 0
UV: 0.707321 0.0675151

Position: -1.35413 0.358701 -2.80434
Normal: -1 0 0
UV: 0.745582 0.079469

Position: -1.35413 0.558435 -2.67763
Normal: -1 -2.43033e-007 0
UV: 0.727881 0.051597

Position: -1.35413 0.358701 -2.67763
Normal: -1 0 0
UV: 0.727756 0.079473

Position: -1.35413 0.558435 -2.80434
Normal: -1 0 0
UV: 0.745567 0.051582

Position: 0.00331708 1.57025 -2.64468
Normal: -0 0.421896 -0.906644
UV: 0.416362 0.262147

Position: 0.00331708 2.77638 -2.08342
Normal: -0 0.421896 -0.906644
UV: 0.416335 0.10499

Position: -1.26733 1.57025 -2.64468
Normal: 1.09567e-008 0.421896 -0.906644
UV: 0.266255 0.262173

Position: -1.26733 2.77638 -2.08342
Normal: 1.09567e-008 0.421896 -0.906644
UV: 0.266228 0.105016

Position: -1.35413 1.10753 -2.6822
Normal: -0 0 -1
UV: 0.79176 0.493368

Position: -0.827204 1.10753 -2.6822
Normal: -1.07492e-007 0 -1
UV: 0.867239 0.494099

Position: -1.35413 1.48961 -2.6822
Normal: -0 0 -1
UV: 0.79176 0.441027

Position: 0.00331708 1.48961 -2.6822
Normal: -1.86084e-007 0 -1
UV: 0.984322 0.441027

Position: 0.00331708 0.558435 -2.6822
Normal: -0 1 0
UV: 0.776341 0.09909

Position: -1.35413 0.558435 -2.80434
Normal: -0 1 0
UV: 0.586844 0.116847

Position: 0.00331708 0.558435 -2.80891
Normal: -0 1 0
UV: 0.776344 0.11678

Position: -1.35413 0.558435 -2.67763
Normal: -0 1 0
UV: 0.586842 0.099153

Position: 0.00331708 0.558435 -2.80891
Normal: -0.00336461 0 -0.999994
UV: 0.935068 0.051441

Position: -1.35413 0.558435 -2.80434
Normal: -0.00336461 0 -0.999994
UV: 0.745567 0.051582

Position: 0.00331708 0.358701 -2.80891
Normal: -0.00336461 0 -0.999994
UV: 0.935091 0.079326

Position: -1.35413 0.358701 -2.80434
Normal: -0.00336461 0 -0.999994
UV: 0.745582 0.079469

Position: 0.00331708 0.358701 -2.80891
Normal: -0 -1 0
UV: 0.735991 0.134496

Position: -1.35413 0.358701 -2.80434
Normal: -0 -1 0
UV: 0.575629 0.134505

Position: 0.00331708 0.358701 -2.6822
Normal: -0 -1 0
UV: 0.735942 0.149465

Position: -1.35413 0.358701 -2.67763
Normal: -0 -1 0
UV: 0.575579 0.149474

Position: -1.35413 0.358701 2.80891
Normal: -0 -1 0
UV: 0.436316 0.396661

Position: 0.00331708 0.358701 2.80891
Normal: -0 -1 0
UV: 0.436351 0.293808

Position: -1.35413 0.358701 2.63871
Normal: -0 -1 0
UV: 0.423408 0.396653

Position: 0.00331708 0.358701 2.80891
Normal: -0 0 1
UV: 0.920574 0.067517

Position: -1.35413 0.358701 2.80891
Normal: -0 0 1
UV: 0.731073 0.067502

Position: 0.00331708 0.558435 2.80891
Normal: -2.43069e-007 0 1
UV: 0.920572 0.095399

Position: -1.35413 0.558435 2.80891
Normal: -0 0 1
UV: 0.731072 0.095382

Position: 0.00331708 0.558435 2.80891
Normal: -2.43069e-007 0 1
UV: 0.794444 0.971389

Position: -1.35413 0.558435 2.80891
Normal: -0 0 1
UV: 0.992764 0.971389

Position: -0.827204 0.824024 2.80891
Normal: -2.27219e-007 0 1
UV: 0.915978 0.932078

Position: -1.35413 0.824024 2.80891
Normal: -0 0 1
UV: 0.992764 0.931654

Position: 0.00331708 2.85702 -2.04589
Normal: -0 0.421885 -0.906649
UV: 0.661578 0.585185

Position: -1.26733 2.77638 -2.08342
Normal: 1.09567e-008 0.421896 -0.906644
UV: 0.650446 0.435113

Position: 0.00331708 2.77638 -2.08342
Normal: -0 0.421896 -0.906644
UV: 0.651071 0.585228

Position: -1.35413 2.85702 -2.04589
Normal: 6.11367e-008 0.421891 -0.906647
UV: 0.660928 0.424834

Position: -1.35413 1.48961 -2.6822
Normal: 6.11367e-008 0.421891 -0.906647
UV: 0.48278 0.424951

Position: -1.26733 1.57025 -2.64468
Normal: 1.09567e-008 0.421896 -0.906644
UV: 0.493274 0.435217

Position: 0.00331708 1.57025 -2.64468
Normal: -0 0.421896 -0.906644
UV: 0.492818 0.585333

Position: 0.00331708 1.48961 -2.6822
Normal: -0 0.421885 -0.906649
UV: 0.482311 0.585302

Position: -1.35413 2.85702 2.80891
Normal: -0 1 0
UV: 0.0501072 0.586573

Position: -1.35413 2.85702 -2.04589
Normal: -0 1 0
UV: 0.623627 0.586414

Position: 0.00331708 2.85702 2.80891
Normal: -0 1 0
UV: 0.0500632 0.426212

Position: 0.00331708 2.85702 -2.04589
Normal: -0 1 0
UV: 0.623583 0.426053

Position: -1.35413 0.558435 -1.68661
Normal: -1 1.27166e-007 0
UV: 0.588832 0.051676

Position: -1.35413 0.358701 -1.68661
Normal: -1 0 0
UV: 0.58889 0.079569

Position: -1.35413 1.5603 -1.07783
Normal: -1 -4.45722e-008 0
UV: 0.0237379 0.258833

Position: -1.35413 2.77461 -1.99368
Normal: -1 2.50756e-007 0
UV: 0.132141 0.11523

Position: -1.35413 2.77461 -1.07667
Normal: -1 1.2458e-007 0
UV: 0.0242293 0.11538

Position: -1.35413 1.5603 -2.55874
Normal: -1 -1.03371e-007 0
UV: 0.199095 0.258589

Position: -1.35413 2.85702 -2.04589
Normal: -1 1.22117e-006 0
UV: 0.678329 0.64184

Position: -1.35413 1.5603 -2.55874
Normal: -1 -1.03371e-007 0
UV: 0.746578 0.814925

Position: -1.35413 1.48961 -2.6822
Normal: -1 -1.00919e-007 0
UV: 0.763041 0.824375

Position: -1.35413 2.77461 -1.99368
Normal: -1 2.50756e-007 0
UV: 0.67135 0.652829

Position: -1.35413 2.77461 -1.07667
Normal: -1 1.2458e-007 0
UV: 0.549458 0.652705

Position: -1.35413 0.824024 2.80891
Normal: -1 0 0
UV: 0.032262 0.0686291

Position: -1.35413 1.10753 2.55907
Normal: -1 -2.52668e-009 0
UV: 0.067166 0.0129631

Position: -1.35413 1.10753 2.80891
Normal: -1 0 0
UV: 0.032287 0.0129501

Position: -1.35413 0.824024 2.55907
Normal: -1 9.52538e-008 0
UV: 0.067139 0.0686411

Position: -1.35413 0.824024 2.80891
Normal: -1 0 0
UV: 0.0302647 0.91258

Position: -1.35413 0.558435 2.63871
Normal: -1 9.88672e-008 0
UV: 0.052952 0.948039

Position: -1.35413 0.824024 2.55907
Normal: -1 9.52538e-008 0
UV: 0.0636013 0.912585

Position: -1.35413 0.558435 2.80891
Normal: -1 0 0
UV: 0.0302417 0.948018

Position: -0.827204 1.10753 -2.6822
Normal: -1.07492e-007 0 -1
UV: 0.180903 0.0144681

Position: -1.35413 1.10753 -2.6822
Normal: -0 0 -1
UV: 0.107343 0.0144721

Position: -0.827204 0.824024 -2.6822
Normal: -0.000907588 -0.00463812 -0.999989
UV: 0.180913 0.0701771

Position: -1.35413 0.824024 -2.6822
Normal: -0.00151685 -0.00775268 -0.999969
UV: 0.107352 0.0701811

Position: -1.35413 1.10753 2.80891
Normal: -0 0 1
UV: 0.226429 0.0138221

Position: -0.827204 1.10753 2.80891
Normal: -1.49667e-007 0 1
UV: 0.152868 0.0138351

Position: -0.827204 0.824024 2.80891
Normal: -2.27219e-007 0 1
UV: 0.152869 0.0695481

Position: -1.35413 0.824024 2.80891
Normal: -0 0 1
UV: 0.22643 0.0695481

Position: -1.35413 1.10753 -2.36253
Normal: -1 -8.8805e-008 0
UV: 0.720336 0.875293

Position: -1.35413 1.10753 -2.6822
Normal: -1 0 0
UV: 0.762986 0.875353

Position: -1.35413 0.558435 -1.68661
Normal: -1 1.27166e-007 0
UV: 0.630091 0.948393

Position: -1.35413 0.558435 -2.67763
Normal: -1 -2.43033e-007 0
UV: 0.762324 0.94851

Position: -1.35413 0.824024 -2.36253
Normal: -1 -3.37262e-008 0
UV: 0.720307 0.91305

Position: -1.35413 0.824024 -2.6822
Normal: -1 -2.71671e-007 0
UV: 0.762962 0.913072

Position: -1.35413 0.824024 -2.36253
Normal: -1 -3.37262e-008 0
UV: 0.241136 0.068832

Position: -1.35413 1.10753 -2.6822
Normal: -1 0 0
UV: 0.28578 0.013135

Position: -1.35413 1.10753 -2.36253
Normal: -1 -8.8805e-008 0
UV: 0.241154 0.013122

Position: -1.35413 0.824024 -2.6822
Normal: -1 -2.71671e-007 0
UV: 0.285759 0.068833

Position: -1.35413 0.358701 -1.68661
Normal: -0 -1 0
UV: 0.095702 0.396403

Position: 0.00331708 0.358701 -2.6822
Normal: -0 -1 0
UV: 0.020275 0.293556

Position: -1.35413 0.358701 -2.67763
Normal: -0 -1 0
UV: 0.020408 0.396412

Position: -1.35413 1.5603 -1.07783
Normal: -1 -4.45722e-008 0
UV: 0.548516 0.814728

Position: 0.00331708 0.558435 -2.6822
Normal: -0.000263121 -0.00134375 -0.999999
UV: 0.984322 0.573106

Position: -0.827204 0.824024 -2.6822
Normal: -0.000907588 -0.00463812 -0.999989
UV: 0.866857 0.534333

Position: -1.35413 0.558435 -2.67763
Normal: -0.00242226 -0.0123803 -0.99992
UV: 0.79176 0.571337

Position: -1.35413 0.824024 -2.6822
Normal: -0.00151685 -0.00775268 -0.999969
UV: 0.79176 0.533657

Position: -1.35413 2.85702 2.80891
Normal: -0 0 1
UV: 0.992764 0.637435

Position: -0.827204 1.10753 2.80891
Normal: -1.49667e-007 0 1
UV: 0.91572 0.89087

Position: -1.35413 1.10753 2.80891
Normal: -0 0 1
UV: 0.992764 0.890385

Position: 0.00331708 2.85702 2.80891
Normal: -6.79162e-008 0 1
UV: 0.794444 0.637435

Position: -1.35413 0.358701 2.63871
Normal: -1 0 0
UV: 0.0529377 0.974707

Position: -1.35413 0.358701 -1.68661
Normal: -1 0 0
UV: 0.630078 0.975021

Position: 1.45498 1.87046 -2.65655
Normal: -0 0.813085 -0.582144
UV: 0.674504 0.355103

Position: 1.67119 1.87046 -2.65655
Normal: -0 0.813085 -0.582144
UV: 0.704686 0.355103

Position: 1.40772 1.95917 -2.53264
Normal: -0 0.813085 -0.582144
UV: 0.667907 0.376378

Position: 1.71845 1.95917 -2.53264
Normal: -0 0.813085 -0.582144
UV: 0.711283 0.376378

Position: 1.67119 1.46458 -2.65655
Normal: -0 0 -1
UV: 0.65635 0.218274

Position: 1.45498 1.87046 -2.65655
Normal: -0 0 -1
UV: 0.71301 0.248456

Position: 1.45498 1.46458 -2.65655
Normal: -0 0 -1
UV: 0.65635 0.248456

Position: 1.67119 1.87046 -2.65655
Normal: -0 0 -1
UV: 0.71301 0.218274

Position: 1.40772 1.37587 -2.53264
Normal: -0 -0.813085 -0.582145
UV: 0.704845 0.313292

Position: 1.67119 1.46458 -2.65655
Normal: -0 -0.813085 -0.582145
UV: 0.668066 0.292019

Position: 1.45498 1.46458 -2.65655
Normal: -0 -0.813085 -0.582145
UV: 0.698248 0.292019

Position: 1.71845 1.37587 -2.53264
Normal: -0 -0.813085 -0.582145
UV: 0.661471 0.313294

Position: 1.71845 1.95917 -2.53264
Normal: -0 0 1
UV: 0.944324 0.0923805

Position: 1.40772 1.37587 -2.53264
Normal: -0 0 1
UV: 0.862895 0.0490045

Position: 1.40772 1.95917 -2.53264
Normal: -0 0 1
UV: 0.944324 0.0490045

Position: 1.71845 1.37587 -2.53264
Normal: -0 0 1
UV: 0.862895 0.0923805

Position: 1.67119 1.46458 -2.65655
Normal: 0.93435 0 -0.356356
UV: 0.750109 0.2036

Position: 1.71845 1.95917 -2.53264
Normal: 0.93435 0 -0.356356
UV: 0.819153 0.185087

Position: 1.67119 1.87046 -2.65655
Normal: 0.93435 0 -0.356356
UV: 0.806767 0.2036

Position: 1.71845 1.37587 -2.53264
Normal: 0.93435 0 -0.356356
UV: 0.737723 0.185087

Position: 1.45498 1.87046 -2.65655
Normal: -0.934354 0 -0.356347
UV: 0.749991 0.203605

Position: 1.40772 1.37587 -2.53264
Normal: -0.934354 0 -0.356347
UV: 0.819035 0.185091

Position: 1.45498 1.46458 -2.65655
Normal: -0.934354 0 -0.356347
UV: 0.806649 0.203605

Position: 1.40772 1.95917 -2.53264
Normal: -0.934354 0 -0.356347
UV: 0.737606 0.185092

Position: 1.36077 1.10753 2.55907
Normal: 1 -1.31561e-008 0
UV: 0.0636334 0.874683

Position: 1.36077 1.10753 2.80891
Normal: 1 0 0
UV: 0.0302908 0.87464

Position: 1.36077 2.85702 2.80891
Normal: 1 -1.0521e-008 0
UV: 0.0305339 0.641193

Position: 1.36077 0.358701 2.80891
Normal: 1 0 0
UV: 0.731073 0.067502

Position: 1.36077 0.558435 2.80891
Normal: 1 0 0
UV: 0.731072 0.095382

Position: 1.36077 0.558435 2.63871
Normal: 1 1.97734e-007 0
UV: 0.707314 0.0953798

Position: 1.36077 0.358701 2.63871
Normal: 1 0 0
UV: 0.707321 0.0675151

Position: 1.36077 0.358701 -2.67763
Normal: 1 0 0
UV: 0.727756 0.079473

Position: 1.36077 0.558435 -2.67763
Normal: 1 -2.00698e-007 0
UV: 0.727881 0.051597

Position: 1.36077 0.358701 -2.80434
Normal: 1 0 0
UV: 0.745582 0.079469

Position: 1.36077 0.558435 -2.80434
Normal: 1 0 0
UV: 0.745567 0.051582

Position: 1.27396 1.57025 -2.64468
Normal: -0 0.421896 -0.906644
UV: 0.266255 0.262173

Position: 1.27396 2.77638 -2.08342
Normal: -0 0.421896 -0.906644
UV: 0.266228 0.105016

Position: 1.36077 1.10753 -2.6822
Normal: -0 0 -1
UV: 0.79176 0.493368

Position: 1.36077 1.48961 -2.6822
Normal: -0 0 -1
UV: 0.79176 0.441027

Position: 0.833838 1.10753 -2.6822
Normal: 2.14984e-007 0 -1
UV: 0.867239 0.494099

Position: 1.36077 0.558435 -2.80434
Normal: -0 1 0
UV: 0.586844 0.116847

Position: 1.36077 0.558435 -2.67763
Normal: -0 1 0
UV: 0.586842 0.099153

Position: 0.00331708 0.358701 -2.80891
Normal: 0.00336461 0 -0.999994
UV: 0.935091 0.079326

Position: 1.36077 0.358701 -2.80434
Normal: 0.00336461 0 -0.999994
UV: 0.745582 0.079469

Position: 1.36077 0.558435 -2.80434
Normal: 0.00336461 0 -0.999994
UV: 0.745567 0.051582

Position: 0.00331708 0.558435 -2.80891
Normal: 0.00336461 0 -0.999994
UV: 0.935068 0.051441

Position: 1.36077 0.358701 -2.67763
Normal: -0 -1 0
UV: 0.575579 0.149474

Position: 1.36077 0.358701 -2.80434
Normal: -0 -1 0
UV: 0.575629 0.134505

Position: 1.36077 0.358701 2.80891
Normal: -0 -1 0
UV: 0.436316 0.396661

Position: 1.36077 0.358701 2.63871
Normal: -0 -1 0
UV: 0.423408 0.396653

Position: 1.36077 0.558435 2.80891
Normal: -0 0 1
UV: 0.731072 0.095382

Position: 1.36077 0.358701 2.80891
Normal: -0 0 1
UV: 0.731073 0.067502

Position: 1.36077 0.558435 2.80891
Normal: -0 0 1
UV: 0.992764 0.971389

Position: 0.833838 0.824024 2.80891
Normal: 1.8935e-007 0 1
UV: 0.915978 0.932078

Position: 1.36077 0.824024 2.80891
Normal: -0 0 1
UV: 0.992764 0.931654

Position: 1.27396 2.77638 -2.08342
Normal: -0 0.421896 -0.906644
UV: 0.650446 0.435113

Position: 1.36077 2.85702 -2.04589
Normal: -0 0.42189 -0.906647
UV: 0.660928 0.424834

Position: 1.36077 1.48961 -2.6822
Normal: -0 0.42189 -0.906647
UV: 0.48278 0.424951

Position: 1.27396 1.57025 -2.64468
Normal: -0 0.421896 -0.906644
UV: 0.493274 0.435217

Position: 1.36077 2.85702 -2.04589
Normal: -0 1 0
UV: 0.623627 0.586414

Position: 1.36077 2.85702 2.80891
Normal: -0 1 0
UV: 0.0501072 0.586573

Position: 1.36077 0.558435 -1.68661
Normal: 1 2.60709e-007 0
UV: 0.588832 0.051676

Position: 1.36077 0.358701 -1.68661
Normal: 1 0 0
UV: 0.58889 0.079569

Position: 1.36077 1.5603 -1.07783
Normal: 1 -7.21834e-008 0
UV: 0.0237379 0.258833

Position: 1.36077 2.77461 -1.99368
Normal: 1 1.4731e-007 0
UV: 0.132141 0.11523

Position: 1.36077 1.5603 -2.55874
Normal: 1 -7.51153e-008 0
UV: 0.199095 0.258589

Position: 1.36077 2.77461 -1.07667
Normal: 1 3.1174e-008 0
UV: 0.0242293 0.11538

Position: 1.36077 1.5603 -2.55874
Normal: 1 -7.51153e-008 0
UV: 0.746578 0.814925

Position: 1.36077 2.85702 -2.04589
Normal: 1 8.41696e-008 0
UV: 0.678329 0.64184

Position: 1.36077 1.48961 -2.6822
Normal: 1 0 0
UV: 0.763041 0.824375

Position: 1.36077 2.77461 -1.99368
Normal: 1 1.4731e-007 0
UV: 0.67135 0.652829

Position: 1.36077 2.77461 -1.07667
Normal: 1 3.1174e-008 0
UV: 0.549458 0.652705

Position: 1.36077 0.824024 2.80891
Normal: 1 0 0
UV: 0.032262 0.0686291

Position: 1.36077 1.10753 2.80891
Normal: 1 0 0
UV: 0.032287 0.0129501

Position: 1.36077 1.10753 2.55907
Normal: 1 -1.31561e-008 0
UV: 0.067166 0.0129631

Position: 1.36077 0.824024 2.55907
Normal: 1 1.90508e-007 0
UV: 0.067139 0.0686411

Position: 1.36077 0.824024 2.80891
Normal: 1 0 0
UV: 0.0302647 0.91258

Position: 1.36077 0.558435 2.63871
Normal: 1 1.97734e-007 0
UV: 0.052952 0.948039

Position: 1.36077 0.558435 2.80891
Normal: 1 0 0
UV: 0.0302417 0.948018

Position: 1.36077 0.824024 2.55907
Normal: 1 1.90508e-007 0
UV: 0.0636013 0.912585

Position: 0.833838 0.824024 -2.6822
Normal: 0.000907706 -0.00463812 -0.999989
UV: 0.180913 0.0701771

Position: 1.36077 0.824024 -2.6822
Normal: 0.00151685 -0.00775268 -0.999969
UV: 0.107352 0.0701811

Position: 1.36077 1.10753 -2.6822
Normal: -0 0 -1
UV: 0.107343 0.0144721

Position: 0.833838 1.10753 -2.6822
Normal: 2.14984e-007 0 -1
UV: 0.180903 0.0144681

Position: 1.36077 0.824024 2.80891
Normal: -0 0 1
UV: 0.22643 0.0695481

Position: 0.833838 0.824024 2.80891
Normal: 1.8935e-007 0 1
UV: 0.152869 0.0695481

Position: 1.36077 1.10753 2.80891
Normal: -0 0 1
UV: 0.226429 0.0138221

Position: 0.833838 1.10753 2.80891
Normal: 1.24722e-007 0 1
UV: 0.152868 0.0138351

Position: 1.36077 1.10753 -2.36253
Normal: 1 -1.7761e-007 0
UV: 0.720336 0.875293

Position: 1.36077 1.10753 -2.6822
Normal: 1 0 0
UV: 0.762986 0.875353

Position: 1.36077 0.558435 -2.67763
Normal: 1 -2.00698e-007 0
UV: 0.762324 0.94851

Position: 1.36077 0.824024 -2.36253
Normal: 1 4.1479e-009 0
UV: 0.720307 0.91305

Position: 1.36077 0.824024 -2.6822
Normal: 1 -2.24347e-007 0
UV: 0.762962 0.913072

Position: 1.36077 0.558435 -1.68661
Normal: 1 2.60709e-007 0
UV: 0.630091 0.948393

Position: 1.36077 0.824024 -2.36253
Normal: 1 4.1479e-009 0
UV: 0.241136 0.068832

Position: 1.36077 1.10753 -2.36253
Normal: 1 -1.7761e-007 0
UV: 0.241154 0.013122

Position: 1.36077 1.10753 -2.6822
Normal: 1 0 0
UV: 0.28578 0.013135

Position: 1.36077 0.824024 -2.6822
Normal: 1 -2.24347e-007 0
UV: 0.285759 0.068833

Position: 1.36077 0.358701 -1.68661
Normal: -0 -1 0
UV: 0.095702 0.396403

Position: 1.36077 0.358701 -2.67763
Normal: -0 -1 0
UV: 0.020408 0.396412

Position: 1.36077 1.5603 -1.07783
Normal: 1 -7.21834e-008 0
UV: 0.548516 0.814728

Position: 0.00331708 0.558435 -2.6822
Normal: 0.000263331 -0.00134375 -0.999999
UV: 0.984322 0.573106

Position: 0.833838 0.824024 -2.6822
Normal: 0.000907706 -0.00463812 -0.999989
UV: 0.866857 0.534333

Position: 1.36077 0.558435 -2.67763
Normal: 0.00242225 -0.0123803 -0.99992
UV: 0.79176 0.571337

Position: 1.36077 0.824024 -2.6822
Normal: 0.00151685 -0.00775268 -0.999969
UV: 0.79176 0.533657

Position: 1.36077 2.85702 2.80891
Normal: -0 0 1
UV: 0.992764 0.637435

Position: 0.833838 1.10753 2.80891
Normal: 1.24722e-007 0 1
UV: 0.91572 0.89087

Position: 1.36077 1.10753 2.80891
Normal: -0 0 1
UV: 0.992764 0.890385

Position: 1.36077 0.358701 2.63871
Normal: 1 0 0
UV: 0.0529377 0.974707

Position: 1.36077 0.358701 -1.68661
Normal: 1 0 0
UV: 0.630078 0.975021

Position: -1.67119 1.87046 -2.65655
Normal: -0 0.813085 -0.582146
UV: 0.674504 0.355103

Position: -1.45498 1.87046 -2.65655
Normal: -0 0.813085 -0.582146
UV: 0.704686 0.355103

Position: -1.71845 1.95917 -2.53264
Normal: -0 0.813085 -0.582145
UV: 0.667907 0.376378

Position: -1.40772 1.95917 -2.53264
Normal: -0 0.813085 -0.582145
UV: 0.711283 0.376378

Position: -1.45498 1.46458 -2.65655
Normal: -0 0 -1
UV: 0.65635 0.218274

Position: -1.67119 1.87046 -2.65655
Normal: -0 0 -1
UV: 0.71301 0.248456

Position: -1.67119 1.46458 -2.65655
Normal: -0 0 -1
UV: 0.65635 0.248456

Position: -1.45498 1.87046 -2.65655
Normal: -0 0 -1
UV: 0.71301 0.218274

Position: -1.40772 1.37587 -2.53264
Normal: -0 -0.813085 -0.582145
UV: 0.661471 0.313294

Position: -1.67119 1.46458 -2.65655
Normal: -0 -0.813085 -0.582145
UV: 0.698248 0.292019

Position: -1.71845 1.37587 -2.53264
Normal: -0 -0.813085 -0.582145
UV: 0.704845 0.313292

Position: -1.45498 1.46458 -2.65655
Normal: -0 -0.813085 -0.582145
UV: 0.668066 0.292019

Position: -1.40772 1.95917 -2.53264
Normal: -0 0 1
UV: 0.944324 0.0923805

Position: -1.71845 1.37587 -2.53264
Normal: -0 0 1
UV: 0.862895 0.0490045

Position: -1.71845 1.95917 -2.53264
Normal: -0 0 1
UV: 0.944324 0.0490045

Position: -1.40772 1.37587 -2.53264
Normal: -0 0 1
UV: 0.862895 0.0923805

Position: -1.45498 1.46458 -2.65655
Normal: 0.93435 0 -0.356356
UV: 0.750109 0.2036

Position: -1.40772 1.95917 -2.53264
Normal: 0.93435 0 -0.356356
UV: 0.819153 0.185087

Position: -1.45498 1.87046 -2.65655
Normal: 0.93435 0 -0.356356
UV: 0.806767 0.2036

Position: -1.40772 1.37587 -2.53264
Normal: 0.93435 0 -0.356356
UV: 0.737723 0.185087

Position: -1.67119 1.87046 -2.65655
Normal: -0.93435 0 -0.356356
UV: 0.749991 0.203605

Position: -1.71845 1.37587 -2.53264
Normal: -0.93435 0 -0.356356
UV: 0.819035 0.185091

Position: -1.67119 1.46458 -2.65655
Normal: -0.93435 0 -0.356356
UV: 0.806649 0.203605

Position: -1.71845 1.95917 -2.53264
Normal: -0.93435 0 -0.356356
UV: 0.737606 0.185092

Position: -1.27562 0.673123 1.99323
Normal: -0 0.707108 -0.707106
UV: 0.451919 0.369075

Position: -1.45356 0.673123 1.99323
Normal: -0 0.707108 -0.707106
UV: 0.451919 0.392489

Position: -1.27562 0.540707 1.86081
Normal: -0 0.707108 -0.707106
UV: 0.478059 0.369074

Position: -1.45356 0.540707 1.86081
Normal: -0 0.707108 -0.707106
UV: 0.47806 0.39249

Position: -1.27562 0.359823 1.81234
Normal: -0 0.258828 -0.965923
UV: 0.504199 0.369072

Position: -1.45356 0.540707 1.86081
Normal: -0 0.258828 -0.965923
UV: 0.47806 0.39249

Position: -1.45356 0.359823 1.81234
Normal: -0 0.258828 -0.965923
UV: 0.504202 0.392487

Position: -1.27562 0.540707 1.86081
Normal: -0 0.258828 -0.965923
UV: 0.478059 0.369074

Position: -1.27562 0.178939 1.86081
Normal: -0 -0.258828 -0.965923
UV: 0.530339 0.369068

Position: -1.45356 0.359823 1.81234
Normal: -0 -0.258828 -0.965923
UV: 0.504202 0.392487

Position: -1.45356 0.178939 1.86081
Normal: -0 -0.258828 -0.965923
UV: 0.530342 0.392484

Position: -1.27562 0.359823 1.81234
Normal: -0 -0.258828 -0.965923
UV: 0.504199 0.369072

Position: -1.27562 0.0465229 1.99323
Normal: -0 -0.707108 -0.707106
UV: 0.556476 0.369066

Position: -1.45356 0.178939 1.86081
Normal: -0 -0.707108 -0.707106
UV: 0.530342 0.392484

Position: -1.45356 0.0465229 1.99323
Normal: -0 -0.707108 -0.707106
UV: 0.556478 0.392483

Position: -1.27562 0.178939 1.86081
Normal: -0 -0.707108 -0.707106
UV: 0.530339 0.369068

Position: -1.27562 -0.00194479 2.17411
Normal: -0 -0.965925 -0.258821
UV: 0.582615 0.369069

Position: -1.45356 0.0465229 1.99323
Normal: -0 -0.965925 -0.258821
UV: 0.556478 0.392483

Position: -1.45356 -0.00194479 2.17411
Normal: -0 -0.965925 -0.258821
UV: 0.582614 0.392481

Position: -1.27562 0.0465229 1.99323
Normal: -0 -0.965925 -0.258821
UV: 0.556476 0.369066

Position: -1.27562 0.0465229 2.35499
Normal: -0 -0.965926 0.25882
UV: 0.60875 0.369072

Position: -1.45356 -0.00194479 2.17411
Normal: -0 -0.965926 0.25882
UV: 0.582614 0.392481

Position: -1.45356 0.0465229 2.35499
Normal: -0 -0.965926 0.25882
UV: 0.608751 0.392484

Position: -1.27562 -0.00194479 2.17411
Normal: -0 -0.965926 0.25882
UV: 0.582615 0.369069

Position: -1.27562 0.178939 2.48741
Normal: -0 -0.707107 0.707107
UV: 0.478156 0.369741

Position: -1.45356 0.0465229 2.35499
Normal: -0 -0.707107 0.707107
UV: 0.452021 0.393154

Position: -1.45356 0.178939 2.48741
Normal: -0 -0.707107 0.707107
UV: 0.478159 0.393153

Position: -1.27562 0.0465229 2.35499
Normal: -0 -0.707107 0.707107
UV: 0.452019 0.369742

Position: -1.27562 0.359823 2.53588
Normal: -0 -0.258828 0.965923
UV: 0.504291 0.369736

Position: -1.45356 0.178939 2.48741
Normal: -0 -0.258828 0.965923
UV: 0.478159 0.393153

Position: -1.45356 0.359823 2.53588
Normal: -0 -0.258828 0.965923
UV: 0.504295 0.393148

Position: -1.27562 0.178939 2.48741
Normal: -0 -0.258828 0.965923
UV: 0.478156 0.369741

Position: -1.27562 0.540707 2.48741
Normal: -0 0.258828 0.965923
UV: 0.530429 0.369733

Position: -1.45356 0.359823 2.53588
Normal: -0 0.258828 0.965923
UV: 0.504295 0.393148

Position: -1.45356 0.540707 2.48741
Normal: -0 0.258828 0.965923
UV: 0.530432 0.393147

Position: -1.27562 0.359823 2.53588
Normal: -0 0.258828 0.965923
UV: 0.504291 0.369736

Position: -1.27562 0.540707 2.48741
Normal: -0 0.707107 0.707106
UV: 0.530429 0.369733

Position: -1.45356 0.540707 2.48741
Normal: -0 0.707107 0.707106
UV: 0.530432 0.393147

Position: -1.27562 0.673123 2.35499
Normal: -0 0.707107 0.707106
UV: 0.55657 0.369733

Position: -1.45356 0.673123 2.35499
Normal: -0 0.707107 0.707106
UV: 0.556571 0.393148

Position: -1.27562 0.673123 2.35499
Normal: -0 0.965926 0.25882
UV: 0.55657 0.369733

Position: -1.45356 0.673123 2.35499
Normal: -0 0.965926 0.25882
UV: 0.556571 0.393148

Position: -1.27562 0.721591 2.17411
Normal: -0 0.965926 0.25882
UV: 0.582708 0.36973

Position: -1.45356 0.721591 2.17411
Normal: -0 0.965926 0.25882
UV: 0.58271 0.393142

Position: -1.27562 0.721591 2.17411
Normal: -0 0.965925 -0.258821
UV: 0.582708 0.36973

Position: -1.45356 0.721591 2.17411
Normal: -0 0.965925 -0.258821
UV: 0.58271 0.393142

Position: -1.27562 0.673123 1.99323
Normal: -0 0.965925 -0.258821
UV: 0.60885 0.369729

Position: -1.45356 0.673123 1.99323
Normal: -0 0.965925 -0.258821
UV: 0.608852 0.393144

Position: -1.45356 0.540707 1.86081
Normal: -1 0 0
UV: 0.570843 0.342224

Position: -1.45356 0.673123 1.99323
Normal: -1 0 0
UV: 0.59949 0.313567

Position: -1.45356 0.359823 2.17411
Normal: -1 7.5905e-008 0
UV: 0.531701 0.274449

Position: -1.45356 0.359823 1.81234
Normal: -1 4.55427e-007 0
UV: 0.531706 0.352713

Position: -1.45356 0.178939 1.86081
Normal: -1 4.55429e-007 0
UV: 0.492562 0.342221

Position: -1.45356 0.0465229 1.99323
Normal: -1 0 0
UV: 0.463915 0.313569

Position: -1.45356 -0.00194479 2.17411
Normal: -1 0 0
UV: 0.453434 0.274428

Position: -1.45356 0.0465229 2.35499
Normal: -1 0 0
UV: 0.463928 0.235307

Position: -1.45356 0.178939 2.48741
Normal: -1 0 0
UV: 0.492573 0.206667

Position: -1.45356 0.359823 2.53588
Normal: -1 0 0
UV: 0.531703 0.196182

Position: -1.45356 0.540707 2.48741
Normal: -1 0 0
UV: 0.570831 0.206667

Position: -1.45356 0.673123 2.35499
Normal: -1 0 0
UV: 0.599474 0.235307

Position: -1.45356 0.721591 2.17411
Normal: -1 0 0
UV: 0.609968 0.27443

Position: 1.28226 0.673123 -1.8548
Normal: -0 0.707108 -0.707106
UV: 0.451919 0.369075

Position: 1.28226 0.540707 -1.98722
Normal: -0 0.707108 -0.707106
UV: 0.478059 0.369074

Position: 1.46019 0.673123 -1.8548
Normal: -0 0.707108 -0.707106
UV: 0.451919 0.392489

Position: 1.46019 0.540707 -1.98722
Normal: -0 0.707108 -0.707106
UV: 0.47806 0.39249

Position: 1.28226 0.359823 -2.03569
Normal: -0 0.258826 -0.965924
UV: 0.504199 0.369072

Position: 1.46019 0.359823 -2.03569
Normal: -0 0.258826 -0.965924
UV: 0.504202 0.392487

Position: 1.46019 0.540707 -1.98722
Normal: -0 0.258826 -0.965924
UV: 0.47806 0.39249

Position: 1.28226 0.540707 -1.98722
Normal: -0 0.258826 -0.965924
UV: 0.478059 0.369074

Position: 1.28226 0.178939 -1.98722
Normal: -0 -0.258826 -0.965924
UV: 0.530339 0.369068

Position: 1.46019 0.178939 -1.98722
Normal: -0 -0.258826 -0.965924
UV: 0.530342 0.392484

Position: 1.46019 0.359823 -2.03569
Normal: -0 -0.258826 -0.965924
UV: 0.504202 0.392487

Position: 1.28226 0.359823 -2.03569
Normal: -0 -0.258826 -0.965924
UV: 0.504199 0.369072

Position: 1.28226 0.0465229 -1.8548
Normal: -0 -0.707108 -0.707106
UV: 0.556476 0.369066

Position: 1.46019 0.0465229 -1.8548
Normal: -0 -0.707108 -0.707106
UV: 0.556478 0.392483

Position: 1.46019 0.178939 -1.98722
Normal: -0 -0.707108 -0.707106
UV: 0.530342 0.392484

Position: 1.28226 0.178939 -1.98722
Normal: -0 -0.707108 -0.707106
UV: 0.530339 0.369068

Position: 1.28226 -0.00194479 -1.67392
Normal: -0 -0.965926 -0.25882
UV: 0.582615 0.369069

Position: 1.46019 -0.00194479 -1.67392
Normal: -0 -0.965926 -0.25882
UV: 0.582614 0.392481

Position: 1.46019 0.0465229 -1.8548
Normal: -0 -0.965926 -0.25882
UV: 0.556478 0.392483

Position: 1.28226 0.0465229 -1.8548
Normal: -0 -0.965926 -0.25882
UV: 0.556476 0.369066

Position: 1.28226 0.0465229 -1.49303
Normal: -0 -0.965926 0.25882
UV: 0.60875 0.369072

Position: 1.46019 0.0465229 -1.49303
Normal: -0 -0.965926 0.25882
UV: 0.608751 0.392484

Position: 1.46019 -0.00194479 -1.67392
Normal: -0 -0.965926 0.25882
UV: 0.582614 0.392481

Position: 1.28226 -0.00194479 -1.67392
Normal: -0 -0.965926 0.25882
UV: 0.582615 0.369069

Position: 1.28226 0.178939 -1.36062
Normal: -0 -0.707108 0.707106
UV: 0.478156 0.369741

Position: 1.46019 0.178939 -1.36062
Normal: -0 -0.707108 0.707106
UV: 0.478159 0.393153

Position: 1.46019 0.0465229 -1.49303
Normal: -0 -0.707108 0.707106
UV: 0.452021 0.393154

Position: 1.28226 0.0465229 -1.49303
Normal: -0 -0.707108 0.707106
UV: 0.452019 0.369742

Position: 1.28226 0.359823 -1.31215
Normal: -0 -0.258827 0.965924
UV: 0.504291 0.369736

Position: 1.46019 0.359823 -1.31215
Normal: -0 -0.258827 0.965924
UV: 0.504295 0.393148

Position: 1.46019 0.178939 -1.36062
Normal: -0 -0.258827 0.965924
UV: 0.478159 0.393153

Position: 1.28226 0.178939 -1.36062
Normal: -0 -0.258827 0.965924
UV: 0.478156 0.369741

Position: 1.28226 0.540707 -1.36062
Normal: -0 0.258827 0.965924
UV: 0.530429 0.369733

Position: 1.46019 0.540707 -1.36062
Normal: -0 0.258827 0.965924
UV: 0.530432 0.393147

Position: 1.46019 0.359823 -1.31215
Normal: -0 0.258827 0.965924
UV: 0.504295 0.393148

Position: 1.28226 0.359823 -1.31215
Normal: -0 0.258827 0.965924
UV: 0.504291 0.369736

Position: 1.28226 0.540707 -1.36062
Normal: -0 0.707108 0.707106
UV: 0.530429 0.369733

Position: 1.28226 0.673123 -1.49303
Normal: -0 0.707108 0.707106
UV: 0.55657 0.369733

Position: 1.46019 0.540707 -1.36062
Normal: -0 0.707108 0.707106
UV: 0.530432 0.393147

Position: 1.46019 0.673123 -1.49303
Normal: -0 0.707108 0.707106
UV: 0.556571 0.393148

Position: 1.28226 0.673123 -1.49303
Normal: -0 0.965925 0.25882
UV: 0.55657 0.369733

Position: 1.28226 0.721591 -1.67392
Normal: -0 0.965925 0.25882
UV: 0.582708 0.36973

Position: 1.46019 0.673123 -1.49303
Normal: -0 0.965925 0.25882
UV: 0.556571 0.393148

Position: 1.46019 0.721591 -1.67392
Normal: -0 0.965925 0.25882
UV: 0.58271 0.393142

Position: 1.28226 0.721591 -1.67392
Normal: -0 0.965925 -0.25882
UV: 0.582708 0.36973

Position: 1.28226 0.673123 -1.8548
Normal: -0 0.965925 -0.25882
UV: 0.60885 0.369729

Position: 1.46019 0.721591 -1.67392
Normal: -0 0.965925 -0.25882
UV: 0.58271 0.393142

Position: 1.46019 0.673123 -1.8548
Normal: -0 0.965925 -0.25882
UV: 0.608852 0.393144

Position: 1.46019 0.540707 -1.98722
Normal: 1 -3.41572e-007 0
UV: 0.570843 0.342224

Position: 1.46019 0.359823 -1.67392
Normal: 1 3.45629e-014 0
UV: 0.531701 0.274449

Position: 1.46019 0.673123 -1.8548
Normal: 1 0 0
UV: 0.59949 0.313567

Position: 1.46019 0.359823 -2.03569
Normal: 1 4.14756e-014 0
UV: 0.531706 0.352713

Position: 1.46019 0.178939 -1.98722
Normal: 1 3.41572e-007 0
UV: 0.492562 0.342221

Position: 1.46019 0.0465229 -1.8548
Normal: 1 0 0
UV: 0.463915 0.313569

Position: 1.46019 -0.00194479 -1.67392
Normal: 1 0 0
UV: 0.453434 0.274428

Position: 1.46019 0.0465229 -1.49303
Normal: 1 0 0
UV: 0.463928 0.235307

Position: 1.46019 0.178939 -1.36062
Normal: 1 2.27715e-007 0
UV: 0.492573 0.206667

Position: 1.46019 0.359823 -1.31215
Normal: 1 2.07378e-014 0
UV: 0.531703 0.196182

Position: 1.46019 0.540707 -1.36062
Normal: 1 -2.27715e-007 0
UV: 0.570831 0.206667

Position: 1.46019 0.673123 -1.49303
Normal: 1 0 0
UV: 0.599474 0.235307

Position: 1.46019 0.721591 -1.67392
Normal: 1 0 0
UV: 0.609968 0.27443

Position: 1.28226 0.673123 1.99323
Normal: -0 0.707108 -0.707106
UV: 0.451919 0.369075

Position: 1.28226 0.540707 1.86081
Normal: -0 0.707108 -0.707106
UV: 0.478059 0.369074

Position: 1.46019 0.673123 1.99323
Normal: -0 0.707108 -0.707106
UV: 0.451919 0.392489

Position: 1.46019 0.540707 1.86081
Normal: -0 0.707108 -0.707106
UV: 0.47806 0.39249

Position: 1.28226 0.359823 1.81234
Normal: -0 0.258828 -0.965923
UV: 0.504199 0.369072

Position: 1.46019 0.359823 1.81234
Normal: -0 0.258828 -0.965923
UV: 0.504202 0.392487

Position: 1.46019 0.540707 1.86081
Normal: -0 0.258828 -0.965923
UV: 0.47806 0.39249

Position: 1.28226 0.540707 1.86081
Normal: -0 0.258828 -0.965923
UV: 0.478059 0.369074

Position: 1.28226 0.178939 1.86081
Normal: -0 -0.258828 -0.965923
UV: 0.530339 0.369068

Position: 1.46019 0.178939 1.86081
Normal: -0 -0.258828 -0.965923
UV: 0.530342 0.392484

Position: 1.46019 0.359823 1.81234
Normal: -0 -0.258828 -0.965923
UV: 0.504202 0.392487

Position: 1.28226 0.359823 1.81234
Normal: -0 -0.258828 -0.965923
UV: 0.504199 0.369072

Position: 1.28226 0.0465229 1.99323
Normal: -0 -0.707108 -0.707106
UV: 0.556476 0.369066

Position: 1.46019 0.0465229 1.99323
Normal: -0 -0.707108 -0.707106
UV: 0.556478 0.392483

Position: 1.46019 0.178939 1.86081
Normal: -0 -0.707108 -0.707106
UV: 0.530342 0.392484

Position: 1.28226 0.178939 1.86081
Normal: -0 -0.707108 -0.707106
UV: 0.530339 0.369068

Position: 1.28226 -0.00194479 2.17411
Normal: -0 -0.965925 -0.258821
UV: 0.582615 0.369069

Position: 1.46019 -0.00194479 2.17411
Normal: -0 -0.965925 -0.258821
UV: 0.582614 0.392481

Position: 1.46019 0.0465229 1.99323
Normal: -0 -0.965925 -0.258821
UV: 0.556478 0.392483

Position: 1.28226 0.0465229 1.99323
Normal: -0 -0.965925 -0.258821
UV: 0.556476 0.369066

Position: 1.28226 0.0465229 2.35499
Normal: -0 -0.965926 0.25882
UV: 0.60875 0.369072

Position: 1.46019 0.0465229 2.35499
Normal: -0 -0.965926 0.25882
UV: 0.608751 0.392484

Position: 1.46019 -0.00194479 2.17411
Normal: -0 -0.965926 0.25882
UV: 0.582614 0.392481

Position: 1.28226 -0.00194479 2.17411
Normal: -0 -0.965926 0.25882
UV: 0.582615 0.369069

Position: 1.28226 0.178939 2.48741
Normal: -0 -0.707107 0.707107
UV: 0.478156 0.369741

Position: 1.46019 0.178939 2.48741
Normal: -0 -0.707107 0.707107
UV: 0.478159 0.393153

Position: 1.46019 0.0465229 2.35499
Normal: -0 -0.707107 0.707107
UV: 0.452021 0.393154

Position: 1.28226 0.0465229 2.35499
Normal: -0 -0.707107 0.707107
UV: 0.452019 0.369742

Position: 1.28226 0.359823 2.53588
Normal: -0 -0.258828 0.965923
UV: 0.504291 0.369736

Position: 1.46019 0.359823 2.53588
Normal: -0 -0.258828 0.965923
UV: 0.504295 0.393148

Position: 1.46019 0.178939 2.48741
Normal: -0 -0.258828 0.965923
UV: 0.478159 0.393153

Position: 1.28226 0.178939 2.48741
Normal: -0 -0.258828 0.965923
UV: 0.478156 0.369741

Position: 1.28226 0.540707 2.48741
Normal: -0 0.258828 0.965923
UV: 0.530429 0.369733

Position: 1.46019 0.540707 2.48741
Normal: -0 0.258828 0.965923
UV: 0.530432 0.393147

Position: 1.46019 0.359823 2.53588
Normal: -0 0.258828 0.965923
UV: 0.504295 0.393148

Position: 1.28226 0.359823 2.53588
Normal: -0 0.258828 0.965923
UV: 0.504291 0.369736

Position: 1.28226 0.540707 2.48741
Normal: -0 0.707107 0.707106
UV: 0.530429 0.369733

Position: 1.28226 0.673123 2.35499
Normal: -0 0.707107 0.707106
UV: 0.55657 0.369733

Position: 1.46019 0.540707 2.48741
Normal: -0 0.707107 0.707106
UV: 0.530432 0.393147

Position: 1.46019 0.673123 2.35499
Normal: -0 0.707107 0.707106
UV: 0.556571 0.393148

Position: 1.28226 0.673123 2.35499
Normal: -0 0.965926 0.25882
UV: 0.55657 0.369733

Position: 1.28226 0.721591 2.17411
Normal: -0 0.965926 0.25882
UV: 0.582708 0.36973

Position: 1.46019 0.673123 2.35499
Normal: -0 0.965926 0.25882
UV: 0.556571 0.393148

Position: 1.46019 0.721591 2.17411
Normal: -0 0.965926 0.25882
UV: 0.58271 0.393142

Position: 1.28226 0.721591 2.17411
Normal: -0 0.965925 -0.258821
UV: 0.582708 0.36973

Position: 1.28226 0.673123 1.99323
Normal: -0 0.965925 -0.258821
UV: 0.60885 0.369729

Position: 1.46019 0.721591 2.17411
Normal: -0 0.965925 -0.258821
UV: 0.58271 0.393142

Position: 1.46019 0.673123 1.99323
Normal: -0 0.965925 -0.258821
UV: 0.608852 0.393144

Position: 1.46019 0.540707 1.86081
Normal: 1 -5.69284e-007 0
UV: 0.570843 0.342224

Position: 1.46019 0.359823 2.17411
Normal: 1 4.32037e-014 0
UV: 0.531701 0.274449

Position: 1.46019 0.673123 1.99323
Normal: 1 -4.55429e-007 0
UV: 0.59949 0.313567

Position: 1.46019 0.359823 1.81234
Normal: 1 0 0
UV: 0.531706 0.352713

Position: 1.46019 0.178939 1.86081
Normal: 1 5.69284e-007 0
UV: 0.492562 0.342221

Position: 1.46019 0.0465229 1.99323
Normal: 1 4.55429e-007 0
UV: 0.463915 0.313569

Position: 1.46019 -0.00194479 2.17411
Normal: 1 0 0
UV: 0.453434 0.274428

Position: 1.46019 0.0465229 2.35499
Normal: 1 0 0
UV: 0.463928 0.235307

Position: 1.46019 0.178939 2.48741
Normal: 1 1.13857e-007 0
UV: 0.492573 0.206667

Position: 1.46019 0.359823 2.53588
Normal: 1 2.07378e-014 0
UV: 0.531703 0.196182

Position: 1.46019 0.540707 2.48741
Normal: 1 -1.13857e-007 0
UV: 0.570831 0.206667

Position: 1.46019 0.673123 2.35499
Normal: 1 0 0
UV: 0.599474 0.235307

Position: 1.46019 0.721591 2.17411
Normal: 1 0 0
UV: 0.609968 0.27443


[INDEX_DATA]
0 2 1
1 2 3
4 6 5
5 7 4
8 10 9
9 11 8
12 14 13
13 15 12
16 18 17
17 19 16
20 22 21
21 23 20
24 26 25
25 27 24
28 30 29
29 31 28
32 34 33
33 35 32
36 38 37
37 38 39
40 42 41
41 42 43
44 46 45
45 46 47
48 50 49
51 50 48
52 50 51
53 50 52
54 50 53
55 50 54
56 50 55
57 50 56
58 50 57
59 50 58
60 50 59
49 50 60
61 63 62
64 66 65
65 67 64
68 70 69
69 71 68
72 74 73
74 75 73
76 78 77
77 78 79
80 82 81
81 83 80
84 86 85
87 85 86
88 90 89
91 89 90
92 94 93
95 97 96
98 96 97
99 101 100
102 100 101
103 105 104
104 106 103
106 108 107
106 104 108
109 110 108
107 108 110
111 113 112
113 114 112
115 70 116
117 119 118
118 120 117
121 123 122
122 124 121
121 124 125
121 125 62
126 128 127
127 129 126
130 132 131
131 133 130
134 136 135
137 135 136
138 140 139
138 141 140
122 123 142
123 143 142
69 70 115
144 146 145
147 145 146
148 150 149
149 151 148
93 94 152
152 153 93
152 154 153
132 146 144
144 131 132
132 61 142
142 146 132
61 155 142
122 142 155
79 156 77
157 77 156
158 157 156
158 159 157
61 62 125
125 155 61
160 162 161
161 163 160
161 101 99
99 163 161
164 131 144
144 165 164
166 168 167
169 167 168
170 172 171
171 173 170
174 176 175
175 177 174
178 180 179
179 181 178
182 184 183
185 182 183
186 188 187
189 186 187
190 192 191
193 195 194
193 196 195
197 199 198
198 199 200
72 73 201
201 73 202
203 205 204
204 205 79
80 207 206
206 82 80
208 210 209
208 211 210
90 213 212
90 88 213
214 93 215
97 217 216
97 95 217
218 219 99
219 218 220
221 105 103
103 222 221
223 224 222
224 221 222
110 224 223
110 109 224
113 226 225
225 114 113
227 228 197
229 231 230
230 232 229
233 235 234
234 236 233
192 237 234
237 236 234
238 240 239
238 241 240
242 244 243
243 245 242
246 248 247
246 249 248
250 252 251
253 251 252
254 235 233
254 255 235
198 227 197
256 258 257
257 259 256
260 262 261
260 263 262
93 153 264
264 215 93
264 153 265
245 243 259
245 259 257
190 245 254
245 257 254
254 266 190
266 254 233
205 268 267
79 205 267
269 267 268
268 270 269
190 266 237
237 192 190
271 163 272
272 273 271
99 219 272
272 163 99
243 274 259
274 275 259
276 278 277
279 277 278
280 282 281
281 283 280
284 286 285
285 287 284
288 290 289
289 291 288
292 294 293
295 292 293
296 298 297
299 296 297
300 302 301
301 302 303
304 306 305
305 307 304
308 310 309
309 311 308
312 314 313
313 315 312
316 318 317
317 319 316
320 322 321
321 323 320
324 326 325
325 327 324
328 330 329
329 331 328
332 334 333
333 335 332
336 338 337
337 338 339
340 342 341
341 342 343
344 346 345
345 346 347
348 350 349
351 350 348
352 350 351
353 350 352
354 350 353
355 350 354
356 350 355
357 350 356
358 350 357
359 350 358
360 350 359
349 350 360
361 363 362
363 364 362
365 367 366
365 368 367
369 371 370
369 372 371
373 375 374
373 376 375
377 379 378
377 380 379
381 383 382
381 384 383
385 387 386
385 388 387
389 391 390
389 392 391
393 395 394
393 396 395
397 399 398
399 400 398
401 403 402
403 404 402
405 407 406
407 408 406
409 411 410
412 409 410
413 412 410
414 413 410
415 414 410
416 415 410
417 416 410
418 417 410
419 418 410
420 419 410
421 420 410
411 421 410
422 424 423
424 425 423
426 428 427
426 429 428
430 432 431
430 433 432
434 436 435
434 437 436
438 440 439
438 441 440
442 444 443
442 445 444
446 448 447
446 449 448
450 452 451
450 453 452
454 456 455
454 457 456
458 460 459
460 461 459
462 464 463
464 465 463
466 468 467
468 469 467
470 472 471
473 470 471
474 473 471
475 474 471
476 475 471
477 476 471
478 477 471
479 478 471
480 479 471
481 480 471
482 481 471
472 482 471

