[FBX_META_DATA]
MeshCount: 1

[MESH_DATA]
VertexCount: 384
IndexCount: 738
BoneCount: 0
AnimationClips: 1

[VERTEX_DATA]
Position: -0 0 0.195023
Normal: -0 -0.982226 -0.187701
UV: 0.201551 0.557147

Position: 0.523445 0.875092 -4.38428
Normal: -0 -0.982226 -0.187701
UV: 0.201551 0.557147

Position: -0 0.875092 -4.38428
Normal: -0 -0.982226 -0.187701
UV: 0.201551 0.557147

Position: 0.894987 0 0.195023
Normal: -0 -0.982226 -0.187701
UV: 0.201551 0.557147

Position: 2.50045 2.76819 0.195023
Normal: 0.975258 0 -0.221072
UV: 0.264847 0.625294

Position: 1.46241 2.76819 -4.38428
Normal: 0.975258 0 -0.221072
UV: 0.264847 0.625294

Position: 2.50045 2.33544 0.195023
Normal: 0.975258 0 -0.221072
UV: 0.264847 0.625294

Position: 1.46241 2.33544 -4.38428
Normal: 0.975258 0 -0.221072
UV: 0.264847 0.625294

Position: 1.46241 1.55697 -4.38428
Normal: 0.650874 -0.739711 -0.170853
UV: 0.267535 0.556636

Position: 0.894987 0 0.195023
Normal: 0.650874 -0.739711 -0.170853
UV: 0.267535 0.556636

Position: 2.50045 1.55697 0.195023
Normal: 0.650874 -0.739711 -0.170853
UV: 0.267535 0.556636

Position: 0.523445 0.875092 -4.38428
Normal: 0.650874 -0.739711 -0.170853
UV: 0.267535 0.556636

Position: -0 2.76819 5.90663
Normal: 7.85623e-008 0 1
UV: 0.295417 0.62675

Position: 2.50045 2.33544 5.90663
Normal: 1.95734e-008 0 1
UV: 0.295417 0.62675

Position: -0 2.29068 5.90663
Normal: 2.16378e-008 0 1
UV: 0.295417 0.62675

Position: 2.50045 2.76819 5.90663
Normal: 7.85623e-008 0 1
UV: 0.295417 0.62675

Position: 0.523445 0.875092 -4.38428
Normal: 3.2339e-005 -0.801029 -0.598626
UV: 0.229126 0.557147

Position: 0.102098 2.39894 -6.42336
Normal: 3.71685e-005 -0.801029 -0.598626
UV: 0.229126 0.557147

Position: -0 0.875092 -4.38428
Normal: 3.23391e-005 -0.801029 -0.598626
UV: 0.229126 0.557147

Position: -0 2.39942 -6.42403
Normal: 3.83711e-005 -0.801029 -0.598626
UV: 0.229126 0.557147

Position: 1.46241 1.55697 -4.38428
Normal: 0.475478 -0.654749 -0.587558
UV: 0.267535 0.556636

Position: 0.454309 2.39192 -6.13051
Normal: 0.475478 -0.654749 -0.587558
UV: 0.267535 0.556636

Position: 0.523445 0.875092 -4.38428
Normal: 0.475478 -0.654749 -0.587558
UV: 0.267535 0.556636

Position: 0.102098 2.39894 -6.42336
Normal: 0.475475 -0.654753 -0.587556
UV: 0.267535 0.556636

Position: 1.46241 1.55697 -4.38428
Normal: 0.866044 0 -0.499969
UV: 0.360728 0.555711

Position: 1.46241 2.33544 -4.38428
Normal: 0.866044 -5.18205e-007 -0.499968
UV: 0.360728 0.555711

Position: 0.454309 2.39192 -6.13051
Normal: 0.866043 -2.09788e-005 -0.499969
UV: 0.360728 0.555711

Position: 1.46241 2.76819 -4.38428
Normal: -0 1 6.50552e-009
UV: 0.388366 0.620925

Position: -0 2.76819 -2.13362
Normal: -0 1 6.96584e-008
UV: 0.388366 0.620925

Position: -0 2.76819 -6.91748
Normal: -0 1 0
UV: 0.388366 0.620925

Position: -0 0 0.195023
Normal: -0 -1 0
UV: 0.201551 0.557147

Position: -0 0 5.90663
Normal: -0 -1 0
UV: 0.201551 0.557147

Position: 0.894987 0 5.90663
Normal: -0 -1 0
UV: 0.201551 0.557147

Position: 0.894987 0 0.195023
Normal: -0 -1 0
UV: 0.201551 0.557147

Position: 1.63048 4.09479 1.18895
Normal: -0 1 5.61182e-008
UV: 0.294393 0.827483

Position: 1.63048 4.09479 2.76353
Normal: -0 1 0
UV: 0.294393 0.827483

Position: -0 4.09479 2.76353
Normal: -0 1 4.8131e-008
UV: 0.294393 0.827483

Position: 2.50045 2.76819 5.90663
Normal: 1 0 0
UV: 0.264847 0.625294

Position: 2.50045 2.76819 0.195023
Normal: 1 0 0
UV: 0.264847 0.625294

Position: 2.50045 2.33544 5.90663
Normal: 1 0 0
UV: 0.264847 0.625294

Position: 2.50045 2.33544 0.195023
Normal: 1 0 0
UV: 0.264847 0.625294

Position: 0.894987 0 0.195023
Normal: 0.696183 -0.717865 0
UV: 0.267535 0.556636

Position: 0.894987 0 5.90663
Normal: 0.696183 -0.717865 0
UV: 0.267535 0.556636

Position: 2.50045 1.55697 5.90663
Normal: 0.696183 -0.717865 0
UV: 0.267535 0.556636

Position: 2.50045 1.55697 0.195023
Normal: 0.696183 -0.717865 0
UV: 0.267535 0.556636

Position: 1.24063 2.76819 -2.13362
Normal: -0 1 -1.00254e-008
UV: 0.388366 0.620925

Position: -0 2.24793 3.0218
Normal: -0 1 0
UV: 0.328862 0.523165

Position: 2.06376 2.24793 5.64836
Normal: -0 1 0
UV: 0.328862 0.523165

Position: -0 2.24793 5.64836
Normal: -0 1 0
UV: 0.328862 0.523165

Position: 2.06376 2.24793 3.0218
Normal: -0 1 0
UV: 0.328862 0.523165

Position: -0 2.76819 -2.13362
Normal: -0 0.66099 -0.750395
UV: 0.232347 0.825513

Position: 1.03232 2.91112 -2.00772
Normal: 0.00213279 0.720315 -0.693644
UV: 0.232347 0.825513

Position: -0 2.91112 -2.00772
Normal: -0 0.723576 -0.690245
UV: 0.232347 0.825513

Position: 1.24063 2.76819 -2.13362
Normal: 0.00484714 0.698838 -0.715264
UV: 0.232347 0.825513

Position: 1.90333 2.91112 2.76353
Normal: -0 0 1
UV: 0.232347 0.825513

Position: -0 2.76819 2.76353
Normal: -0 0 1
UV: 0.232347 0.825513

Position: -0 2.91112 2.76353
Normal: -0 0 1
UV: 0.232347 0.825513

Position: 2.12123 2.76819 2.76353
Normal: -0 0 1
UV: 0.232347 0.825513

Position: 0.720753 3.9779 -0.858398
Normal: 0.00171622 0.725826 -0.687876
UV: 0.232347 0.825513

Position: -0 4.09479 -0.755447
Normal: -0 0.660955 -0.750426
UV: 0.232347 0.825513

Position: -0 3.9779 -0.858398
Normal: -0 0.727225 -0.686399
UV: 0.232347 0.825513

Position: 0.881317 4.09479 -0.755447
Normal: 0.00661101 0.712161 -0.701985
UV: 0.232347 0.825513

Position: -0 4.09479 2.76353
Normal: -0 0 1
UV: 0.232347 0.825513

Position: 1.63048 4.09479 2.76353
Normal: -0 0 1
UV: 0.232347 0.825513

Position: 1.47777 3.9779 2.76353
Normal: -0 0 1
UV: 0.232347 0.825513

Position: -0 3.9779 2.76353
Normal: -0 0 1
UV: 0.232347 0.825513

Position: -0 2.91112 -2.00772
Normal: -0 0.723576 -0.690245
UV: 0.137344 0.519871

Position: 0.720753 3.9779 -0.858398
Normal: 0.00171622 0.725826 -0.687876
UV: 0.137344 0.519871

Position: -0 3.9779 -0.858398
Normal: -0 0.727225 -0.686399
UV: 0.137344 0.519871

Position: 1.03232 2.91112 -2.00772
Normal: 0.00213279 0.720315 -0.693644
UV: 0.137344 0.519871

Position: 1.47777 3.9779 2.76353
Normal: -0 0 1
UV: 0.137344 0.519871

Position: -0 2.91112 2.76353
Normal: -0 0 1
UV: 0.137344 0.519871

Position: -0 3.9779 2.76353
Normal: -0 0 1
UV: 0.137344 0.519871

Position: 1.90333 2.91112 2.76353
Normal: -0 0 1
UV: 0.137344 0.519871

Position: 1.63048 4.09479 1.18895
Normal: 0.948898 0.315518 -0.00640918
UV: 0.173256 0.826498

Position: 2.08537 2.91112 1.34647
Normal: 0.937004 0.349316 -0.0014938
UV: 0.173256 0.826498

Position: 1.65982 3.9779 1.34647
Normal: 0.936101 0.351728 -0.00147365
UV: 0.173256 0.826498

Position: 2.12123 2.76819 1.18895
Normal: 0.953019 0.302865 -0.00527734
UV: 0.173256 0.826498

Position: 2.12123 2.76819 1.18895
Normal: 0.91149 0.322801 -0.254922
UV: 0.205756 0.824528

Position: 1.63048 4.09479 1.18895
Normal: 0.889759 0.345129 -0.298688
UV: 0.205756 0.824528

Position: 2.04698 2.91112 1.03564
Normal: 0.874998 0.406331 -0.263197
UV: 0.205756 0.824528

Position: 1.60348 3.9779 1.04131
Normal: 0.864322 0.422156 -0.273372
UV: 0.205756 0.824528

Position: 2.50045 2.76819 0.195023
Normal: -0 1 -6.08065e-008
UV: 0.388366 0.620925

Position: 2.12123 2.76819 2.76353
Normal: -0 1 0
UV: 0.388366 0.620925

Position: 2.12123 2.76819 1.18895
Normal: -0 1 -2.00999e-008
UV: 0.388366 0.620925

Position: 2.50045 2.76819 5.90663
Normal: -0 1 -1.68432e-007
UV: 0.388366 0.620925

Position: 2.08537 2.91112 2.58369
Normal: 0.937117 0.349012 0.00142318
UV: 0.173256 0.826498

Position: 2.12123 2.76819 2.76353
Normal: 0.950296 0.311303 0.00528382
UV: 0.173256 0.826498

Position: 2.08537 2.91112 2.58369
Normal: 0.937117 0.349012 0.00142318
UV: 0.137344 0.519871

Position: 1.65982 3.9779 2.58369
Normal: 0.936201 0.351462 0.00140544
UV: 0.137344 0.519871

Position: 1.65982 3.9779 1.34647
Normal: 0.936101 0.351728 -0.00147365
UV: 0.137344 0.519871

Position: 2.08537 2.91112 1.34647
Normal: 0.937004 0.349316 -0.0014938
UV: 0.137344 0.519871

Position: 1.63048 4.09479 2.76353
Normal: 0.946343 0.323105 0.00621062
UV: 0.173256 0.826498

Position: 1.65982 3.9779 2.58369
Normal: 0.936201 0.351462 0.00140544
UV: 0.173256 0.826498

Position: 0.881317 4.09479 -0.755447
Normal: 0.880624 0.338098 -0.33195
UV: 0.205756 0.824528

Position: 0.969955 3.9779 -0.682404
Normal: 0.85837 0.435549 -0.271104
UV: 0.205756 0.824528

Position: 2.04698 2.91112 1.03564
Normal: 0.874998 0.406331 -0.263197
UV: 0.137344 0.519871

Position: 0.969955 3.9779 -0.682404
Normal: 0.85837 0.435549 -0.271104
UV: 0.137344 0.519871

Position: 1.26014 2.91112 -1.82497
Normal: 0.872217 0.413259 -0.261638
UV: 0.137344 0.519871

Position: 1.60348 3.9779 1.04131
Normal: 0.864322 0.422156 -0.273372
UV: 0.137344 0.519871

Position: 1.26014 2.91112 -1.82497
Normal: 0.872217 0.413259 -0.261638
UV: 0.205756 0.824528

Position: 1.24063 2.76819 -2.13362
Normal: 0.91785 0.310299 -0.247521
UV: 0.205756 0.824528

Position: 0.881317 4.09479 -0.755447
Normal: 0.821261 0.504173 -0.267095
UV: 0.205756 0.824528

Position: 1.24063 2.76819 -2.13362
Normal: 0.821261 0.504173 -0.267095
UV: 0.205756 0.824528

Position: -0 4.09479 -0.755447
Normal: -0 1 6.39941e-008
UV: 0.294393 0.827483

Position: 0.881317 4.09479 -0.755447
Normal: -0 1 6.39941e-008
UV: 0.294393 0.827483

Position: -0 2.76819 5.90663
Normal: -0 1 -6.06766e-007
UV: 0.388366 0.620925

Position: 2.06376 2.76819 5.64836
Normal: -0 1 -3.07032e-007
UV: 0.388366 0.620925

Position: -0 2.76819 5.64836
Normal: -0 1 -6.06766e-007
UV: 0.388366 0.620925

Position: 2.06376 2.76819 3.0218
Normal: -0 1 0
UV: 0.388366 0.620925

Position: -0 2.76819 3.0218
Normal: -0 1 0
UV: 0.388366 0.620925

Position: -0 2.76819 2.76353
Normal: -0 1 0
UV: 0.388366 0.620925

Position: -0 2.24793 5.64836
Normal: -0 0 -1
UV: 0.262878 0.52415

Position: 2.06376 2.24793 5.64836
Normal: -0 0 -1
UV: 0.262878 0.52415

Position: 2.06376 2.76819 5.64836
Normal: -0 0 -1
UV: 0.262878 0.52415

Position: -0 2.76819 5.64836
Normal: -0 0 -1
UV: 0.262878 0.52415

Position: 2.06376 2.24793 3.0218
Normal: -0 0 1
UV: 0.262878 0.52415

Position: -0 2.76819 3.0218
Normal: -0 0 1
UV: 0.262878 0.52415

Position: 2.06376 2.76819 3.0218
Normal: -0 0 1
UV: 0.262878 0.52415

Position: -0 2.24793 3.0218
Normal: -0 0 1
UV: 0.262878 0.52415

Position: 2.06376 2.24793 5.64836
Normal: -1 0 0
UV: 0.262878 0.52415

Position: 2.06376 2.76819 3.0218
Normal: -1 0 0
UV: 0.262878 0.52415

Position: 2.06376 2.76819 5.64836
Normal: -1 0 0
UV: 0.262878 0.52415

Position: 2.06376 2.24793 3.0218
Normal: -1 0 0
UV: 0.262878 0.52415

Position: 1.46241 2.33544 -4.38428
Normal: 0.975258 0 -0.221072
UV: 0.360728 0.555711

Position: 2.50045 1.55697 0.195023
Normal: 0.975257 0 -0.221072
UV: 0.360728 0.555711

Position: 2.50045 2.33544 0.195023
Normal: 0.975258 0 -0.221072
UV: 0.360728 0.555711

Position: 1.46241 1.55697 -4.38428
Normal: 0.975257 0 -0.221072
UV: 0.360728 0.555711

Position: 2.50045 1.55697 0.195023
Normal: 1 0 0
UV: 0.360728 0.555711

Position: 2.50045 1.55697 5.90663
Normal: 1 0 0
UV: 0.360728 0.555711

Position: 2.50045 2.33544 5.90663
Normal: 1 0 0
UV: 0.360728 0.555711

Position: 2.50045 2.33544 0.195023
Normal: 1 0 0
UV: 0.360728 0.555711

Position: -0 2.29068 5.90663
Normal: 2.16378e-008 0 1
UV: 0.391297 0.557166

Position: 2.50045 1.55697 5.90663
Normal: -0 0 1
UV: 0.391297 0.557166

Position: 0.894987 0 5.90663
Normal: -0 0 1
UV: 0.391297 0.557166

Position: 2.50045 2.33544 5.90663
Normal: 1.95734e-008 0 1
UV: 0.391297 0.557166

Position: 0.894987 0 5.90663
Normal: -0 0 1
UV: 0.388386 0.557166

Position: -0 0 5.90663
Normal: -0 0 1
UV: 0.388386 0.557166

Position: -0 2.29068 5.90663
Normal: 2.16378e-008 0 1
UV: 0.388386 0.557166

Position: -0 2.76819 -6.91748
Normal: 0.866044 -1.30886e-005 -0.499967
UV: 0.264847 0.625294

Position: 1.46241 2.33544 -4.38428
Normal: 0.866044 -5.18205e-007 -0.499968
UV: 0.264847 0.625294

Position: 1.46241 2.76819 -4.38428
Normal: 0.866045 0 -0.499966
UV: 0.264847 0.625294

Position: 0.454309 2.39192 -6.13051
Normal: 0.866043 -2.09788e-005 -0.499969
UV: 0.264847 0.622274

Position: 1.46241 2.33544 -4.38428
Normal: 0.866044 -5.18205e-007 -0.499968
UV: 0.264847 0.622274

Position: -0 2.76819 -6.91748
Normal: 0.866044 -1.30886e-005 -0.499967
UV: 0.264847 0.622274

Position: 0.102098 2.39894 -6.42336
Normal: 0.475475 -0.654753 -0.587556
UV: 0.234317 0.622444

Position: 0.454309 2.39192 -6.13051
Normal: 0.475478 -0.654749 -0.587558
UV: 0.234317 0.622444

Position: -0 2.76819 -6.91748
Normal: 0.475457 -0.654778 -0.587543
UV: 0.234317 0.622444

Position: -0 2.76819 -6.91748
Normal: 0.000189536 -0.801026 -0.598629
UV: 0.195908 0.622955

Position: -0 2.39942 -6.42403
Normal: 3.83711e-005 -0.801029 -0.598626
UV: 0.195908 0.622955

Position: 0.102098 2.39894 -6.42336
Normal: 3.71685e-005 -0.801029 -0.598626
UV: 0.195908 0.622955

Position: -0.523443 0.875092 -4.38428
Normal: -0 -0.982226 -0.187701
UV: 0.201551 0.557147

Position: -0.894987 0 0.195023
Normal: -0 -0.982226 -0.187701
UV: 0.201551 0.557147

Position: -1.46241 2.76819 -4.38428
Normal: -0.975258 0 -0.221072
UV: 0.264847 0.625294

Position: -2.50045 2.76819 0.195023
Normal: -0.975258 0 -0.221072
UV: 0.264847 0.625294

Position: -2.50045 2.33544 0.195023
Normal: -0.975258 0 -0.221072
UV: 0.264847 0.625294

Position: -1.46241 2.33544 -4.38428
Normal: -0.975258 0 -0.221072
UV: 0.264847 0.625294

Position: -0.894987 0 0.195023
Normal: -0.650874 -0.739711 -0.170853
UV: 0.267535 0.556636

Position: -1.46241 1.55697 -4.38428
Normal: -0.650874 -0.739711 -0.170853
UV: 0.267535 0.556636

Position: -2.50045 1.55697 0.195023
Normal: -0.650874 -0.739711 -0.170853
UV: 0.267535 0.556636

Position: -0.523443 0.875092 -4.38428
Normal: -0.650874 -0.739711 -0.170853
UV: 0.267535 0.556636

Position: -2.50045 2.33544 5.90663
Normal: 2.04079e-007 0 1
UV: 0.295417 0.62675

Position: -2.50045 2.76819 5.90663
Normal: -0 0 1
UV: 0.295417 0.62675

Position: -0.102098 2.39894 -6.42336
Normal: -3.71023e-005 -0.801029 -0.598626
UV: 0.229126 0.557147

Position: -0.523443 0.875092 -4.38428
Normal: -3.22707e-005 -0.801029 -0.598626
UV: 0.229126 0.557147

Position: -0.454308 2.39192 -6.13051
Normal: -0.475478 -0.654749 -0.587558
UV: 0.267535 0.556636

Position: -1.46241 1.55697 -4.38428
Normal: -0.475478 -0.654749 -0.587558
UV: 0.267535 0.556636

Position: -0.523443 0.875092 -4.38428
Normal: -0.475478 -0.654749 -0.587558
UV: 0.267535 0.556636

Position: -0.102098 2.39894 -6.42336
Normal: -0.475475 -0.654753 -0.587556
UV: 0.267535 0.556636

Position: -1.46241 1.55697 -4.38428
Normal: -0.866043 0 -0.499969
UV: 0.360728 0.555711

Position: -0.454308 2.39192 -6.13051
Normal: -0.866043 -2.63621e-005 -0.49997
UV: 0.360728 0.555711

Position: -1.46241 2.33544 -4.38428
Normal: -0.866044 -6.51181e-007 -0.499968
UV: 0.360728 0.555711

Position: -1.46241 2.76819 -4.38428
Normal: -0 1 2.62262e-008
UV: 0.388366 0.620925

Position: -0.894987 0 5.90663
Normal: -0 -1 0
UV: 0.201551 0.557147

Position: -0.894987 0 0.195023
Normal: -0 -1 0
UV: 0.201551 0.557147

Position: -1.63048 4.09479 1.18895
Normal: -0 1 0
UV: 0.294393 0.827483

Position: -1.63048 4.09479 2.76353
Normal: -0 1 0
UV: 0.294393 0.827483

Position: -2.50045 2.33544 5.90663
Normal: -1 0 0
UV: 0.264847 0.625294

Position: -2.50045 2.76819 0.195023
Normal: -1 0 0
UV: 0.264847 0.625294

Position: -2.50045 2.76819 5.90663
Normal: -1 0 0
UV: 0.264847 0.625294

Position: -2.50045 2.33544 0.195023
Normal: -1 0 0
UV: 0.264847 0.625294

Position: -0.894987 0 5.90663
Normal: -0.696183 -0.717865 0
UV: 0.267535 0.556636

Position: -0.894987 0 0.195023
Normal: -0.696183 -0.717865 0
UV: 0.267535 0.556636

Position: -2.50045 1.55697 5.90663
Normal: -0.696183 -0.717865 0
UV: 0.267535 0.556636

Position: -2.50045 1.55697 0.195023
Normal: -0.696183 -0.717865 0
UV: 0.267535 0.556636

Position: -1.24062 2.76819 -2.13362
Normal: -0 1 7.98326e-008
UV: 0.388366 0.620925

Position: -2.06376 2.24793 5.64836
Normal: -0 1 0
UV: 0.328862 0.523165

Position: -2.06376 2.24793 3.0218
Normal: -0 1 0
UV: 0.328862 0.523165

Position: -1.03232 2.91112 -2.00772
Normal: -0.00213276 0.720315 -0.693644
UV: 0.232347 0.825513

Position: -1.24062 2.76819 -2.13362
Normal: -0.00484703 0.698837 -0.715264
UV: 0.232347 0.825513

Position: -1.90333 2.91112 2.76353
Normal: -6.59503e-008 0 1
UV: 0.232347 0.825513

Position: -2.12123 2.76819 2.76353
Normal: -1.86911e-007 0 1
UV: 0.232347 0.825513

Position: -0.720751 3.9779 -0.858398
Normal: -0.00171619 0.725826 -0.687876
UV: 0.232347 0.825513

Position: -0.881317 4.09479 -0.755447
Normal: -0.00661091 0.712161 -0.701985
UV: 0.232347 0.825513

Position: -1.63048 4.09479 2.76353
Normal: -2.89246e-007 0 1
UV: 0.232347 0.825513

Position: -1.47777 3.9779 2.76353
Normal: -3.77594e-008 0 1
UV: 0.232347 0.825513

Position: -0.720751 3.9779 -0.858398
Normal: -0.00171619 0.725826 -0.687876
UV: 0.137344 0.519871

Position: -1.03232 2.91112 -2.00772
Normal: -0.00213276 0.720315 -0.693644
UV: 0.137344 0.519871

Position: -1.47777 3.9779 2.76353
Normal: -3.77594e-008 0 1
UV: 0.137344 0.519871

Position: -1.90333 2.91112 2.76353
Normal: -6.59503e-008 0 1
UV: 0.137344 0.519871

Position: -1.63048 4.09479 1.18895
Normal: -0.9489 0.315512 -0.00640183
UV: 0.173256 0.826498

Position: -2.08537 2.91112 1.34647
Normal: -0.937003 0.349318 -0.00149208
UV: 0.173256 0.826498

Position: -2.12123 2.76819 1.18895
Normal: -0.953017 0.30287 -0.00527124
UV: 0.173256 0.826498

Position: -1.65981 3.9779 1.34647
Normal: -0.936102 0.351726 -0.00147196
UV: 0.173256 0.826498

Position: -1.63048 4.09479 1.18895
Normal: -0.889759 0.345126 -0.298692
UV: 0.205756 0.824528

Position: -2.12123 2.76819 1.18895
Normal: -0.911489 0.322803 -0.254923
UV: 0.205756 0.824528

Position: -2.04697 2.91112 1.03564
Normal: -0.874998 0.406331 -0.263198
UV: 0.205756 0.824528

Position: -1.60348 3.9779 1.04131
Normal: -0.864322 0.422155 -0.273373
UV: 0.205756 0.824528

Position: -2.50045 2.76819 5.90663
Normal: -0 1 -2.24575e-007
UV: 0.388366 0.620925

Position: -2.50045 2.76819 0.195023
Normal: -0 1 0
UV: 0.388366 0.620925

Position: -2.12123 2.76819 2.76353
Normal: -0 1 1.25251e-007
UV: 0.388366 0.620925

Position: -2.12123 2.76819 1.18895
Normal: -0 1 0
UV: 0.388366 0.620925

Position: -2.08537 2.91112 2.58369
Normal: -0.937116 0.349014 0.00142153
UV: 0.173256 0.826498

Position: -2.12123 2.76819 2.76353
Normal: -0.950294 0.311308 0.00527769
UV: 0.173256 0.826498

Position: -2.08537 2.91112 2.58369
Normal: -0.937116 0.349014 0.00142153
UV: 0.137344 0.519871

Position: -1.65981 3.9779 1.34647
Normal: -0.936102 0.351726 -0.00147196
UV: 0.137344 0.519871

Position: -1.65981 3.9779 2.58369
Normal: -0.936202 0.35146 0.00140382
UV: 0.137344 0.519871

Position: -2.08537 2.91112 1.34647
Normal: -0.937003 0.349318 -0.00149208
UV: 0.137344 0.519871

Position: -1.63048 4.09479 2.76353
Normal: -0.946344 0.323101 0.00620345
UV: 0.173256 0.826498

Position: -1.65981 3.9779 2.58369
Normal: -0.936202 0.35146 0.00140382
UV: 0.173256 0.826498

Position: -0.881317 4.09479 -0.755447
Normal: -0.880626 0.338091 -0.331951
UV: 0.205756 0.824528

Position: -0.969954 3.9779 -0.682404
Normal: -0.85837 0.435548 -0.271104
UV: 0.205756 0.824528

Position: -2.04697 2.91112 1.03564
Normal: -0.874998 0.406331 -0.263198
UV: 0.137344 0.519871

Position: -0.969954 3.9779 -0.682404
Normal: -0.85837 0.435548 -0.271104
UV: 0.137344 0.519871

Position: -1.60348 3.9779 1.04131
Normal: -0.864322 0.422155 -0.273373
UV: 0.137344 0.519871

Position: -1.26014 2.91112 -1.82497
Normal: -0.872217 0.413259 -0.261638
UV: 0.137344 0.519871

Position: -1.26014 2.91112 -1.82497
Normal: -0.872217 0.413259 -0.261638
UV: 0.205756 0.824528

Position: -1.24062 2.76819 -2.13362
Normal: -0.917848 0.310303 -0.24752
UV: 0.205756 0.824528

Position: -1.24062 2.76819 -2.13362
Normal: -0.821264 0.50417 -0.267091
UV: 0.205756 0.824528

Position: -0.881317 4.09479 -0.755447
Normal: -0.821265 0.50417 -0.267091
UV: 0.205756 0.824528

Position: -0.881317 4.09479 -0.755447
Normal: -0 1 0
UV: 0.294393 0.827483

Position: -2.06376 2.76819 5.64836
Normal: -0 1 -4.09376e-007
UV: 0.388366 0.620925

Position: -2.06376 2.76819 3.0218
Normal: -0 1 2.7977e-007
UV: 0.388366 0.620925

Position: -2.06376 2.76819 5.64836
Normal: -0 0 -1
UV: 0.262878 0.52415

Position: -2.06376 2.24793 5.64836
Normal: -0 0 -1
UV: 0.262878 0.52415

Position: -2.06376 2.24793 3.0218
Normal: -0 0 1
UV: 0.262878 0.52415

Position: -2.06376 2.76819 3.0218
Normal: -0 0 1
UV: 0.262878 0.52415

Position: -2.06376 2.76819 5.64836
Normal: 1 0 0
UV: 0.262878 0.52415

Position: -2.06376 2.76819 3.0218
Normal: 1 0 0
UV: 0.262878 0.52415

Position: -2.06376 2.24793 5.64836
Normal: 1 0 0
UV: 0.262878 0.52415

Position: -2.06376 2.24793 3.0218
Normal: 1 0 0
UV: 0.262878 0.52415

Position: -1.46241 2.33544 -4.38428
Normal: -0.975258 0 -0.221072
UV: 0.360728 0.555711

Position: -2.50045 2.33544 0.195023
Normal: -0.975258 0 -0.221072
UV: 0.360728 0.555711

Position: -2.50045 1.55697 0.195023
Normal: -0.975257 0 -0.221072
UV: 0.360728 0.555711

Position: -1.46241 1.55697 -4.38428
Normal: -0.975257 0 -0.221072
UV: 0.360728 0.555711

Position: -2.50045 1.55697 5.90663
Normal: -1 0 0
UV: 0.360728 0.555711

Position: -2.50045 1.55697 0.195023
Normal: -1 0 0
UV: 0.360728 0.555711

Position: -2.50045 2.33544 5.90663
Normal: -1 0 0
UV: 0.360728 0.555711

Position: -2.50045 2.33544 0.195023
Normal: -1 0 0
UV: 0.360728 0.555711

Position: -2.50045 1.55697 5.90663
Normal: 2.71796e-007 0 1
UV: 0.391297 0.557166

Position: -2.50045 2.33544 5.90663
Normal: 2.04079e-007 0 1
UV: 0.391297 0.557166

Position: -0.894987 0 5.90663
Normal: 2.09332e-007 0 1
UV: 0.391297 0.557166

Position: -0.894987 0 5.90663
Normal: 2.09332e-007 0 1
UV: 0.388386 0.557166

Position: -0 2.76819 -6.91748
Normal: -0.866044 -1.64473e-005 -0.499968
UV: 0.264847 0.625294

Position: -1.46241 2.76819 -4.38428
Normal: -0.866045 0 -0.499966
UV: 0.264847 0.625294

Position: -1.46241 2.33544 -4.38428
Normal: -0.866044 -6.51181e-007 -0.499968
UV: 0.264847 0.625294

Position: -0.454308 2.39192 -6.13051
Normal: -0.866043 -2.63621e-005 -0.49997
UV: 0.264847 0.622274

Position: -0 2.76819 -6.91748
Normal: -0.866044 -1.64473e-005 -0.499968
UV: 0.264847 0.622274

Position: -1.46241 2.33544 -4.38428
Normal: -0.866044 -6.51181e-007 -0.499968
UV: 0.264847 0.622274

Position: -0.102098 2.39894 -6.42336
Normal: -0.475475 -0.654753 -0.587556
UV: 0.234317 0.622444

Position: -0 2.76819 -6.91748
Normal: -0.475458 -0.654777 -0.587543
UV: 0.234317 0.622444

Position: -0.454308 2.39192 -6.13051
Normal: -0.475478 -0.654749 -0.587558
UV: 0.234317 0.622444

Position: -0 2.76819 -6.91748
Normal: -0.000189536 -0.801026 -0.598629
UV: 0.195908 0.622955

Position: -0.102098 2.39894 -6.42336
Normal: -3.71023e-005 -0.801029 -0.598626
UV: 0.195908 0.622955

Position: -0.531792 1.75384 6.9175
Normal: -0 0 1
UV: 0.200301 0.523562

Position: 0.531792 1.75384 6.9175
Normal: -0 0 1
UV: 0.200301 0.523562

Position: 0.531792 0.768616 6.9175
Normal: -0 0 1
UV: 0.200301 0.523562

Position: -0.531792 0.768616 6.9175
Normal: -0 0 1
UV: 0.200301 0.523562

Position: -0.531792 1.75384 5.85393
Normal: -0 1 0
UV: 0.267263 0.525017

Position: 0.531792 1.75384 6.9175
Normal: -0 1 0
UV: 0.267263 0.525017

Position: -0.531792 1.75384 6.9175
Normal: -0 1 0
UV: 0.267263 0.525017

Position: 0.531792 1.75384 5.85393
Normal: -0 1 0
UV: 0.267263 0.525017

Position: -0.531792 0.768616 5.85393
Normal: -0 0 -1
UV: 0.229415 0.526473

Position: 0.531792 0.768616 5.85393
Normal: -0 0 -1
UV: 0.229415 0.526473

Position: 0.531792 1.75384 5.85393
Normal: -0 0 -1
UV: 0.229415 0.526473

Position: -0.531792 1.75384 5.85393
Normal: -0 0 -1
UV: 0.229415 0.526473

Position: -0.531792 0.768616 6.9175
Normal: -0 -1 0
UV: 0.229415 0.526473

Position: 0.531792 0.768616 6.9175
Normal: -0 -1 0
UV: 0.229415 0.526473

Position: 0.531792 0.768616 5.85393
Normal: -0 -1 0
UV: 0.229415 0.526473

Position: -0.531792 0.768616 5.85393
Normal: -0 -1 0
UV: 0.229415 0.526473

Position: -0.531792 1.75384 6.9175
Normal: -1 0 0
UV: 0.229415 0.526473

Position: -0.531792 0.768616 6.9175
Normal: -1 0 0
UV: 0.229415 0.526473

Position: -0.531792 1.75384 5.85393
Normal: -1 0 0
UV: 0.229415 0.526473

Position: -0.531792 0.768616 5.85393
Normal: -1 0 0
UV: 0.229415 0.526473

Position: 0.531792 1.75384 6.9175
Normal: 1 0 0
UV: 0.229415 0.526473

Position: 0.531792 0.768616 5.85393
Normal: 1 0 0
UV: 0.229415 0.526473

Position: 0.531792 0.768616 6.9175
Normal: 1 0 0
UV: 0.229415 0.526473

Position: 0.531792 1.75384 5.85393
Normal: 1 0 0
UV: 0.229415 0.526473

Position: 0.621378 4.21827 2.59799
Normal: -0 0 1
UV: 0.294817 0.522896

Position: 1.34208 4.21827 2.59799
Normal: -0 0 1
UV: 0.294817 0.522896

Position: 1.34208 4.04932 2.59799
Normal: -0 0 1
UV: 0.294817 0.522896

Position: 0.621378 4.04932 2.59799
Normal: -0 0 1
UV: 0.294817 0.522896

Position: 0.939838 7.04362 2.27956
Normal: -0 1 0
UV: 0.361778 0.51955

Position: 0.939838 7.04362 2.19577
Normal: -0 1 0
UV: 0.361778 0.51955

Position: 1.02361 7.04362 2.27956
Normal: -0 1 0
UV: 0.361778 0.51955

Position: 1.02361 7.04362 2.19577
Normal: -0 1 0
UV: 0.361778 0.51955

Position: 0.621378 4.04932 1.87732
Normal: -0 0 -1
UV: 0.32393 0.525808

Position: 1.34208 4.04932 1.87732
Normal: -0 0 -1
UV: 0.32393 0.525808

Position: 1.34208 4.21827 1.87732
Normal: -0 0 -1
UV: 0.32393 0.525808

Position: 0.621378 4.21827 1.87732
Normal: -0 0 -1
UV: 0.32393 0.525808

Position: 0.621378 4.04932 2.59799
Normal: -0 -1 0
UV: 0.32393 0.525808

Position: 1.34208 4.04932 2.59799
Normal: -0 -1 0
UV: 0.32393 0.525808

Position: 1.34208 4.04932 1.87732
Normal: -0 -1 0
UV: 0.32393 0.525808

Position: 0.621378 4.04932 1.87732
Normal: -0 -1 0
UV: 0.32393 0.525808

Position: 0.621378 4.21827 1.87732
Normal: -1 0 0
UV: 0.32393 0.525808

Position: 0.621378 4.21827 2.59799
Normal: -1 0 0
UV: 0.32393 0.525808

Position: 0.621378 4.04932 2.59799
Normal: -1 0 0
UV: 0.32393 0.525808

Position: 0.621378 4.04932 1.87732
Normal: -1 0 0
UV: 0.32393 0.525808

Position: 1.34208 4.21827 2.59799
Normal: 1 0 0
UV: 0.32393 0.525808

Position: 1.34208 4.04932 1.87732
Normal: 1 0 0
UV: 0.32393 0.525808

Position: 1.34208 4.04932 2.59799
Normal: 1 0 0
UV: 0.32393 0.525808

Position: 1.34208 4.21827 1.87732
Normal: 1 0 0
UV: 0.32393 0.525808

Position: 0.621378 4.21827 2.59799
Normal: -0 1 0
UV: 0.361778 0.524352

Position: 1.02361 4.21827 2.27956
Normal: -0 1 0
UV: 0.361778 0.524352

Position: 1.34208 4.21827 2.59799
Normal: -0 1 0
UV: 0.361778 0.524352

Position: 0.939838 4.21827 2.27956
Normal: -0 1 0
UV: 0.361778 0.524352

Position: 0.939838 4.21827 2.19577
Normal: -0 1 0
UV: 0.361778 0.524352

Position: 0.621378 4.21827 1.87732
Normal: -0 1 0
UV: 0.361778 0.524352

Position: 1.34208 4.21827 1.87732
Normal: -0 1 0
UV: 0.361778 0.524352

Position: 1.02361 4.21827 2.19577
Normal: -0 1 0
UV: 0.361778 0.524352

Position: 1.02361 7.04362 2.27956
Normal: -0 0 1
UV: 0.32416 0.522751

Position: 1.02361 4.21827 2.27956
Normal: -0 0 1
UV: 0.32416 0.522751

Position: 0.939838 7.04362 2.27956
Normal: -0 0 1
UV: 0.32416 0.522751

Position: 0.939838 4.21827 2.27956
Normal: -0 0 1
UV: 0.32416 0.522751

Position: 0.939838 4.21827 2.19577
Normal: -1 0 0
UV: 0.292144 0.518749

Position: 0.939838 7.04362 2.19577
Normal: -1 0 0
UV: 0.292144 0.518749

Position: 0.939838 4.21827 2.27956
Normal: -1 0 0
UV: 0.292144 0.518749

Position: 0.939838 7.04362 2.27956
Normal: -1 0 0
UV: 0.292144 0.518749

Position: 1.02361 4.21827 2.19577
Normal: -0 0 -1
UV: 0.32416 0.522751

Position: 1.02361 7.04362 2.19577
Normal: -0 0 -1
UV: 0.32416 0.522751

Position: 0.939838 4.21827 2.19577
Normal: -0 0 -1
UV: 0.32416 0.522751

Position: 0.939838 7.04362 2.19577
Normal: -0 0 -1
UV: 0.32416 0.522751

Position: 1.02361 7.04362 2.27956
Normal: 1 0 0
UV: 0.292144 0.518749

Position: 1.02361 4.21827 2.19577
Normal: 1 0 0
UV: 0.292144 0.518749

Position: 1.02361 4.21827 2.27956
Normal: 1 0 0
UV: 0.292144 0.518749

Position: 1.02361 7.04362 2.19577
Normal: 1 0 0
UV: 0.292144 0.518749

Position: -1.30706 4.21827 2.59799
Normal: -0 0 1
UV: 0.294817 0.522896

Position: -0.586365 4.21827 2.59799
Normal: -0 0 1
UV: 0.294817 0.522896

Position: -0.586365 4.04932 2.59799
Normal: -0 0 1
UV: 0.294817 0.522896

Position: -1.30706 4.04932 2.59799
Normal: -0 0 1
UV: 0.294817 0.522896

Position: -0.988602 7.04362 2.19577
Normal: -0 1 0
UV: 0.361778 0.519549

Position: -0.904829 7.04362 2.27956
Normal: -0 1 0
UV: 0.361778 0.519549

Position: -0.988602 7.04362 2.27956
Normal: -0 1 0
UV: 0.361778 0.519549

Position: -0.904829 7.04362 2.19577
Normal: -0 1 0
UV: 0.361778 0.519549

Position: -1.30706 4.04932 1.87732
Normal: -0 0 -1
UV: 0.32393 0.525808

Position: -0.586365 4.04932 1.87732
Normal: -0 0 -1
UV: 0.32393 0.525808

Position: -0.586365 4.21827 1.87732
Normal: -0 0 -1
UV: 0.32393 0.525808

Position: -1.30706 4.21827 1.87732
Normal: -0 0 -1
UV: 0.32393 0.525808

Position: -1.30706 4.04932 2.59799
Normal: -0 -1 0
UV: 0.32393 0.525808

Position: -0.586365 4.04932 2.59799
Normal: -0 -1 0
UV: 0.32393 0.525808

Position: -0.586365 4.04932 1.87732
Normal: -0 -1 0
UV: 0.32393 0.525808

Position: -1.30706 4.04932 1.87732
Normal: -0 -1 0
UV: 0.32393 0.525808

Position: -1.30706 4.21827 1.87732
Normal: -1 0 0
UV: 0.32393 0.525808

Position: -1.30706 4.21827 2.59799
Normal: -1 0 0
UV: 0.32393 0.525808

Position: -1.30706 4.04932 2.59799
Normal: -1 0 0
UV: 0.32393 0.525808

Position: -1.30706 4.04932 1.87732
Normal: -1 0 0
UV: 0.32393 0.525808

Position: -0.586365 4.21827 2.59799
Normal: 1 0 0
UV: 0.32393 0.525808

Position: -0.586365 4.04932 1.87732
Normal: 1 0 0
UV: 0.32393 0.525808

Position: -0.586365 4.04932 2.59799
Normal: 1 0 0
UV: 0.32393 0.525808

Position: -0.586365 4.21827 1.87732
Normal: 1 0 0
UV: 0.32393 0.525808

Position: -1.30706 4.21827 2.59799
Normal: -0 1 0
UV: 0.361778 0.524352

Position: -0.904829 4.21827 2.27956
Normal: -0 1 0
UV: 0.361778 0.524352

Position: -0.586365 4.21827 2.59799
Normal: -0 1 0
UV: 0.361778 0.524352

Position: -0.988602 4.21827 2.27956
Normal: -0 1 0
UV: 0.361778 0.524352

Position: -0.988602 4.21827 2.19577
Normal: -0 1 0
UV: 0.361778 0.524352

Position: -1.30706 4.21827 1.87732
Normal: -0 1 0
UV: 0.361778 0.524352

Position: -0.586365 4.21827 1.87732
Normal: -0 1 0
UV: 0.361778 0.524352

Position: -0.904829 4.21827 2.19577
Normal: -0 1 0
UV: 0.361778 0.524352

Position: -0.904829 7.04362 2.27956
Normal: -0 0 1
UV: 0.32416 0.522751

Position: -0.904829 4.21827 2.27956
Normal: -0 0 1
UV: 0.32416 0.522751

Position: -0.988602 7.04362 2.27956
Normal: -0 0 1
UV: 0.32416 0.522751

Position: -0.988602 4.21827 2.27956
Normal: -0 0 1
UV: 0.32416 0.522751

Position: -0.988602 4.21827 2.19577
Normal: -1 0 0
UV: 0.292144 0.518749

Position: -0.988602 7.04362 2.19577
Normal: -1 0 0
UV: 0.292144 0.518749

Position: -0.988602 4.21827 2.27956
Normal: -1 0 0
UV: 0.292144 0.518749

Position: -0.988602 7.04362 2.27956
Normal: -1 0 0
UV: 0.292144 0.518749

Position: -0.904829 4.21827 2.19577
Normal: -0 0 -1
UV: 0.32416 0.522751

Position: -0.904829 7.04362 2.19577
Normal: -0 0 -1
UV: 0.32416 0.522751

Position: -0.988602 4.21827 2.19577
Normal: -0 0 -1
UV: 0.32416 0.522751

Position: -0.988602 7.04362 2.19577
Normal: -0 0 -1
UV: 0.32416 0.522751

Position: -0.904829 7.04362 2.27956
Normal: 1 0 0
UV: 0.292144 0.518749

Position: -0.904829 4.21827 2.19577
Normal: 1 0 0
UV: 0.292144 0.518749

Position: -0.904829 4.21827 2.27956
Normal: 1 0 0
UV: 0.292144 0.518749

Position: -0.904829 7.04362 2.19577
Normal: 1 0 0
UV: 0.292144 0.518749


[INDEX_DATA]
0 2 1
1 3 0
4 6 5
6 7 5
8 10 9
9 11 8
12 14 13
13 15 12
16 18 17
18 19 17
20 22 21
23 21 22
24 26 25
27 29 28
30 32 31
32 30 33
34 36 35
37 39 38
39 40 38
41 43 42
43 41 44
28 45 27
46 48 47
47 49 46
50 52 51
51 53 50
54 56 55
55 57 54
58 60 59
59 61 58
62 64 63
62 65 64
66 68 67
67 69 66
70 72 71
71 73 70
74 76 75
75 77 74
78 80 79
80 81 79
82 84 83
82 83 85
77 75 86
86 87 77
88 90 89
88 91 90
92 93 74
93 76 74
92 87 86
86 93 92
81 95 94
94 79 81
96 98 97
97 99 96
78 101 100
100 80 78
82 27 45
45 84 82
102 100 103
102 95 100
61 53 51
51 58 61
63 64 54
54 57 63
36 34 104
34 105 104
106 85 107
107 108 106
109 111 110
109 83 111
109 107 85
83 109 85
112 114 113
112 115 114
116 118 117
117 119 116
120 122 121
121 123 120
124 126 125
125 127 124
128 130 129
130 128 131
132 134 133
133 135 132
136 138 137
139 141 140
142 144 143
145 147 146
148 150 149
0 152 151
151 2 0
153 155 154
155 153 156
157 159 158
158 160 157
12 162 161
161 14 12
18 164 163
163 19 18
165 167 166
167 165 168
169 171 170
172 28 29
30 31 173
173 174 30
175 176 36
177 179 178
178 180 177
181 183 182
183 184 182
28 172 185
48 46 186
186 46 187
50 189 188
188 52 50
55 56 190
190 191 55
59 60 192
192 193 59
194 195 62
195 65 62
196 68 66
66 197 196
71 72 198
198 199 71
200 202 201
201 203 200
204 206 205
204 207 206
208 210 209
210 211 209
212 201 202
202 213 212
214 216 215
215 217 214
200 219 218
200 203 219
218 219 212
212 213 218
220 221 207
207 204 220
222 224 223
223 225 222
205 206 226
226 227 205
209 185 172
185 209 211
228 226 229
226 221 229
193 192 188
188 189 193
190 195 194
194 191 190
36 104 175
175 104 230
231 208 106
106 108 231
232 110 111
111 210 232
208 231 232
208 232 210
112 234 233
233 115 112
119 117 235
236 235 117
237 239 238
239 240 238
241 243 242
243 241 244
245 247 246
247 248 246
132 250 249
249 251 132
252 137 138
253 255 254
256 258 257
259 261 260
262 149 263
264 266 265
264 267 266
268 270 269
269 271 268
272 274 273
272 275 274
276 278 277
276 279 278
280 282 281
281 282 283
284 286 285
285 287 284
288 290 289
288 291 290
292 294 293
294 295 293
296 298 297
296 299 298
300 302 301
300 303 302
304 306 305
306 304 307
308 310 309
309 311 308
312 314 313
313 315 312
315 316 312
312 316 317
317 319 318
317 316 319
314 318 319
319 313 314
320 322 321
322 323 321
324 326 325
327 325 326
328 330 329
330 331 329
332 334 333
333 335 332
336 338 337
336 339 338
340 342 341
341 343 340
344 346 345
344 347 346
348 350 349
348 351 350
352 354 353
354 352 355
356 358 357
357 359 356
360 362 361
361 363 360
363 364 360
360 364 365
365 367 366
365 364 367
362 366 367
367 361 362
368 370 369
370 371 369
372 374 373
375 373 374
376 378 377
378 379 377
380 382 381
381 383 380

