[FBX_META_DATA]
MeshCount: 13

[MESH_DATA]
VertexCount: 202
IndexCount: 336
BoneCount: 0
AnimationClips: 0

[VERTEX_DATA]
Position: -14.8182 -5.13168 -10.003
Normal: -0.999932 -0.0105412 -0.00490184
UV: 0.812433 0.48363

Position: -14.9375 6.18327 -10.003
Normal: -0.999932 -0.0105412 -0.00490184
UV: 0.793462 0.48363

Position: -14.8598 -5.13212 -1.51897
Normal: -0.999932 -0.0105412 -0.00490184
UV: 0.812433 0.503041

Position: -14.9791 6.18282 -1.51897
Normal: -0.999932 -0.0105412 -0.00490184
UV: 0.793462 0.503041

Position: 46.6303 -3.00356 24.9322
Normal: 0.999945 0.0105413 1.16415e-010
UV: 0.816737 0.472467

Position: 46.5422 5.351 24.9322
Normal: 0.999945 0.0105413 1.16415e-010
UV: 0.793366 0.472467

Position: 46.6303 -3.00356 -8.57068
Normal: 0.999945 0.0105413 1.16415e-010
UV: 0.816737 0.542192

Position: 46.5422 5.35101 -8.57068
Normal: 0.999945 0.0105413 1.16415e-010
UV: 0.793366 0.542192

Position: -3.00222 -5.00711 -9.90567
Normal: 0.00823577 8.68179e-005 -0.999966
UV: 0.813648 0.597144

Position: -3.12148 6.30782 -9.90567
Normal: 0.00823577 8.68179e-005 -0.999966
UV: 0.798136 0.597144

Position: -14.8182 -5.13168 -10.003
Normal: 0.00823577 8.68179e-005 -0.999966
UV: 0.813648 0.625986

Position: -14.9375 6.18327 -10.003
Normal: 0.00823577 8.68179e-005 -0.999966
UV: 0.798136 0.625986

Position: -143.334 2.07959 16.1349
Normal: -0.999945 -0.0105413 -1.16415e-010
UV: 0.995412 0.0912138

Position: -143.334 2.07959 22.2783
Normal: -0.999945 -0.0105413 -1.16415e-010
UV: 0.995412 0.000583589

Position: -143.273 -3.73575 16.1349
Normal: -0.999945 -0.0105413 -1.16415e-010
UV: 0.909616 0.0912138

Position: -143.273 -3.73575 22.2783
Normal: -0.999945 -0.0105413 -1.16415e-010
UV: 0.909616 0.000583589

Position: -24.6226 -5.23502 -1.51898
Normal: -0.99994 -0.0105412 -0.00281606
UV: 0.812433 0.481281

Position: -24.7419 6.0799 -1.51898
Normal: -0.99994 -0.0105412 -0.00281606
UV: 0.793462 0.481281

Position: -24.6538 -5.23536 9.55095
Normal: -0.99994 -0.0105412 -0.00281606
UV: 0.812433 0.506608

Position: -24.7731 6.07957 9.55095
Normal: -0.99994 -0.0105412 -0.00281606
UV: 0.793462 0.506608

Position: -14.8598 -5.13212 -1.51897
Normal: 2.20965e-006 2.14204e-008 -1
UV: 0.814096 0.602041

Position: -14.9791 6.18282 -1.51897
Normal: 2.20965e-006 2.14204e-008 -1
UV: 0.798584 0.602041

Position: -24.6226 -5.23502 -1.51898
Normal: 2.20965e-006 2.14204e-008 -1
UV: 0.814096 0.625872

Position: -24.7419 6.0799 -1.51898
Normal: 2.20965e-006 2.14204e-008 -1
UV: 0.798584 0.625872

Position: -32.2298 4.45686 9.55095
Normal: -9.25182e-005 0.0014118 -0.999999
UV: 0.388625 0.336484

Position: -24.7731 6.07957 9.55095
Normal: -9.25182e-005 0.0014118 -0.999999
UV: 0.324117 0.336484

Position: -52.8685 4.23929 9.55095
Normal: -9.25182e-005 0.0014118 -0.999999
UV: 0.560711 0.336484

Position: -97.8821 5.33359 9.55826
Normal: -9.25182e-005 0.0014118 -0.999999
UV: 0.938665 0.336484

Position: -3.12148 6.30781 28.5558
Normal: -0.0102467 0.999948 -0.000168231
UV: 0.142455 0.176009

Position: -97.8821 5.33359 28.4693
Normal: -0.0102467 0.999948 -0.000168231
UV: 0.938665 0.176009

Position: -24.7731 6.07957 9.55095
Normal: -0.0102467 0.999948 -0.000168231
UV: 0.324117 0.336484

Position: -97.8821 5.33359 9.55826
Normal: -0.0102467 0.999948 -0.000168231
UV: 0.938665 0.336484

Position: -24.6538 -5.23536 9.55095
Normal: 0.0105413 -0.999944 -2.42144e-007
UV: 0.324117 0.336484

Position: -14.8598 -5.13212 -1.51897
Normal: 0.0105413 -0.999944 -2.42144e-007
UV: 0.241737 0.428694

Position: -24.6226 -5.23502 -1.51898
Normal: 0.0105413 -0.999944 -2.42144e-007
UV: 0.324117 0.428694

Position: -14.9791 6.18282 -1.51897
Normal: -0.0105413 0.999944 1.86265e-009
UV: 0.241737 0.428694

Position: -24.7731 6.07957 9.55095
Normal: -0.0105413 0.999944 1.86265e-009
UV: 0.324117 0.336484

Position: -24.7419 6.0799 -1.51898
Normal: -0.0105413 0.999944 1.86265e-009
UV: 0.324117 0.428694

Position: -3.00222 -5.00711 -9.90567
Normal: 0.0105413 -0.999944 8.56817e-008
UV: 0.142455 0.499158

Position: -14.8182 -5.13168 -10.003
Normal: 0.0105413 -0.999944 8.56817e-008
UV: 0.241737 0.499158

Position: -73.6891 3.74284 -16.8907
Normal: -0.822558 -0.00736352 -0.568633
UV: 0.788651 0.539299

Position: -73.6545 -4.4845 -16.8342
Normal: -0.822558 -0.00736352 -0.568633
UV: 0.820129 0.539299

Position: -63.7729 3.68612 -31.2343
Normal: -0.822558 -0.00736352 -0.568633
UV: 0.788651 0.463167

Position: -63.7382 -4.54122 -31.1778
Normal: -0.822558 -0.00736352 -0.568633
UV: 0.820129 0.463167

Position: -97.7618 -6.07806 9.55826
Normal: -6.19622e-005 -0.00140071 -0.999999
UV: 0.938665 0.336484

Position: -24.6538 -5.23536 9.55095
Normal: -6.19622e-005 -0.00140071 -0.999999
UV: 0.324117 0.336484

Position: -52.7818 -3.98786 9.55095
Normal: -6.19622e-005 -0.00140071 -0.999999
UV: 0.560711 0.336484

Position: -32.143 -3.77029 9.55095
Normal: -6.19622e-005 -0.00140071 -0.999999
UV: 0.388625 0.336484

Position: -97.7618 -6.07806 9.55826
Normal: 0.0113992 -0.999935 -0.000490004
UV: 0.938665 0.336484

Position: -97.7618 -6.07808 28.4693
Normal: 0.0113992 -0.999935 -0.000490004
UV: 0.938665 0.176009

Position: -24.6538 -5.23536 9.55095
Normal: 0.0113992 -0.999935 -0.000490004
UV: 0.324117 0.336484

Position: -3.00222 -5.00711 28.5558
Normal: 0.0113992 -0.999935 -0.000490004
UV: 0.142455 0.176009

Position: -97.8529 2.55905 28.4693
Normal: -0.999945 -0.0105413 -1.16415e-010
UV: 0.972302 0.230253

Position: -97.8529 2.55905 16.1349
Normal: -0.999945 -0.0105413 -1.16415e-010
UV: 0.972302 0.256

Position: -97.8821 5.33359 28.4693
Normal: -0.999945 -0.0105413 -1.16415e-010
UV: 0.978863 0.226837

Position: -97.8821 5.33359 9.55826
Normal: -0.999945 -0.0105413 -1.16415e-010
UV: 0.978863 0.271549

Position: -97.7618 -6.07806 9.55826
Normal: -0.999945 -0.0105413 -1.16415e-010
UV: 0.95188 0.271549

Position: -97.7916 -3.2563 16.1349
Normal: -0.999945 -0.0105413 -1.16415e-010
UV: 0.958552 0.256

Position: -97.7618 -6.07808 28.4693
Normal: -0.999945 -0.0105413 -1.16415e-010
UV: 0.95188 0.226837

Position: -97.7918 -3.24072 28.4693
Normal: -0.999945 -0.0105413 -1.16415e-010
UV: 0.958552 0.230253

Position: -118.206 2.3445 22.2783
Normal: -0.0105413 0.999944 1.86265e-009
UV: 0.549634 0.609773

Position: -97.8529 2.55905 16.1349
Normal: -0.0105413 0.999944 1.86265e-009
UV: 0.666036 0.561264

Position: -97.8529 2.55905 28.4693
Normal: -0.0105413 0.999944 1.86265e-009
UV: 0.666036 0.658658

Position: -97.8529 2.55905 28.4693
Normal: -0.0239502 -0.00025248 0.999713
UV: 0.816532 0.363103

Position: -97.7918 -3.24072 28.4693
Normal: -0.0239502 -0.00025248 0.999713
UV: 0.793893 0.363103

Position: -115.509 2.37292 28.0463
Normal: -0.0239502 -0.00025248 0.999713
UV: 0.816532 0.426441

Position: -115.447 -3.44241 28.0463
Normal: -0.0239502 -0.00025248 0.999713
UV: 0.793893 0.426441

Position: -97.7916 -3.2563 16.1349
Normal: 0.0109222 -0.99994 0.00126226
UV: 0.666036 0.561264

Position: -118.144 -3.47084 22.2783
Normal: 0.0109222 -0.99994 0.00126226
UV: 0.549634 0.609772

Position: -97.7918 -3.24072 28.4693
Normal: 0.0109222 -0.99994 0.00126226
UV: 0.666036 0.658658

Position: -58.9613 4.22453 -5.25095
Normal: -0.924676 -0.00974783 0.380631
UV: 0.79268 0.39518

Position: -52.8685 4.23929 9.55095
Normal: -0.924676 -0.00974783 0.380631
UV: 0.79268 0.401897

Position: -58.8746 -4.00263 -5.25093
Normal: -0.924676 -0.00974783 0.380631
UV: 0.814647 0.39518

Position: -52.7818 -3.98786 9.55095
Normal: -0.924676 -0.00974783 0.380631
UV: 0.814647 0.401897

Position: -44.1055 -4.05363 -15.3736
Normal: 0.901459 0.00950306 -0.43276
UV: 0.789699 0.603121

Position: -32.143 -3.77029 9.55095
Normal: 0.901459 0.00950306 -0.43276
UV: 0.789699 0.648718

Position: -44.1922 4.17354 -15.3736
Normal: 0.901459 0.00950306 -0.43276
UV: 0.820471 0.603121

Position: -32.2298 4.45686 9.55095
Normal: 0.901459 0.00950306 -0.43276
UV: 0.82047 0.648718

Position: -3.00222 -5.00711 28.5558
Normal: 0.0105413 -0.999944 1.41561e-007
UV: 0.142455 0.176009

Position: -3.12148 6.30781 28.5558
Normal: -0.0105413 0.999944 1.86265e-009
UV: 0.142455 0.176009

Position: -3.12148 6.30782 -9.90567
Normal: -0.0105413 0.999944 1.86265e-009
UV: 0.142455 0.499158

Position: -14.9375 6.18327 -10.003
Normal: -0.0105413 0.999944 1.86265e-009
UV: 0.241737 0.499158

Position: -58.8746 -4.00263 -5.25093
Normal: 0.0060618 -0.99997 0.00474844
UV: 0.871588 0.529523

Position: -52.7818 -3.98786 9.55095
Normal: 0.0060618 -0.99997 0.00474844
UV: 0.871588 0.361844

Position: -44.1055 -4.05363 -15.3736
Normal: 0.0060618 -0.99997 0.00474844
UV: 0.986215 0.529523

Position: -32.143 -3.77029 9.55095
Normal: 0.0060618 -0.99997 0.00474844
UV: 0.986215 0.361844

Position: -52.8685 4.23929 9.55095
Normal: -0.0105413 0.999939 0.00334153
UV: 0.871588 0.361844

Position: -58.9613 4.22453 -5.25095
Normal: -0.0105413 0.999939 0.00334153
UV: 0.871588 0.529523

Position: -32.2298 4.45686 9.55095
Normal: -0.0105413 0.999939 0.00334153
UV: 0.986215 0.361844

Position: -24.6538 -5.23536 9.55095
Normal: -2.08995e-007 -3.72529e-009 -1
UV: 0.324117 0.336484

Position: -24.7731 6.07957 9.55095
Normal: -2.08995e-007 -3.72529e-009 -1
UV: 0.324117 0.336484

Position: -32.143 -3.77029 9.55095
Normal: -2.08995e-007 -3.72529e-009 -1
UV: 0.388625 0.336484

Position: -32.2298 4.45686 9.55095
Normal: -2.08995e-007 -3.72529e-009 -1
UV: 0.388625 0.336484

Position: -3.01781 -3.52694 24.9323
Normal: 2.94327e-007 4.65661e-009 1
UV: 0.885118 0.692587

Position: -3.10587 4.82762 24.9322
Normal: 2.94327e-007 4.65661e-009 1
UV: 0.966171 0.692587

Position: 46.6303 -3.00356 24.9322
Normal: 2.94327e-007 4.65661e-009 1
UV: 0.885118 0.995912

Position: 46.5422 5.351 24.9322
Normal: 2.94327e-007 4.65661e-009 1
UV: 0.966171 0.995912

Position: -3.10394 4.82765 13.7227
Normal: -0.465523 -0.00485331 -0.885022
UV: 0.0587031 0.960018

Position: -3.01779 -3.52694 13.7227
Normal: -0.465523 -0.00485331 -0.885022
UV: 0.117407 0.96003

Position: 39.2551 5.27419 -8.56123
Normal: -0.465523 -0.00485331 -0.885022
UV: 0.0587031 0.704463

Position: 39.3433 -3.08038 -8.56123
Normal: -0.465523 -0.00485331 -0.885022
UV: 0.117407 0.704463

Position: 46.5422 5.351 24.9322
Normal: -0.0105413 0.999944 1.86265e-009
UV: 0.168619 0.671939

Position: 39.2551 5.27419 -8.56123
Normal: -0.0105413 0.999944 1.86265e-009
UV: 0.239316 0.999213

Position: 46.5422 5.35101 -8.57068
Normal: -0.0105413 0.999944 1.86265e-009
UV: 0.168619 0.999213

Position: 39.3433 -3.08038 -8.56123
Normal: 0.0105413 -0.999944 -8.75443e-008
UV: 0.238998 0.999213

Position: -3.01779 -3.52694 13.7227
Normal: 0.0105413 -0.999944 -8.75443e-008
UV: 0.650287 0.783035

Position: 46.6303 -3.00356 24.9322
Normal: 0.0105413 -0.999944 -8.75443e-008
UV: 0.168619 0.671939

Position: -3.01781 -3.52694 24.9323
Normal: 0.0105413 -0.999944 -8.75443e-008
UV: 0.650287 0.672529

Position: 39.2551 5.27419 -8.56123
Normal: -0.00129507 -1.36551e-005 -0.999999
UV: 0.0587031 0.704463

Position: 39.3433 -3.08038 -8.56123
Normal: -0.00129507 -1.36551e-005 -0.999999
UV: 0.117407 0.704463

Position: 46.5422 5.35101 -8.57068
Normal: -0.00129507 -1.36551e-005 -0.999999
UV: 0.0587031 0.660499

Position: 46.6303 -3.00356 -8.57068
Normal: -0.00129507 -1.36551e-005 -0.999999
UV: 0.117407 0.660499

Position: -3.10587 4.82762 24.9322
Normal: 0.999945 0.0105413 1.16415e-010
UV: 0.794334 0.587458

Position: -3.01781 -3.52694 24.9323
Normal: 0.999945 0.0105413 1.16415e-010
UV: 0.81394 0.587458

Position: -3.12148 6.30781 28.5558
Normal: 0.999945 0.0105413 1.16415e-010
UV: 0.79086 0.580983

Position: -3.00222 -5.00711 28.5558
Normal: 0.999945 0.0105413 1.16415e-010
UV: 0.817413 0.580983

Position: -3.01779 -3.52694 13.7227
Normal: 0.999945 0.0105418 1.16415e-010
UV: 0.81394 0.60749

Position: -3.00222 -5.00711 -9.90567
Normal: 0.999945 0.0105418 1.16415e-010
UV: 0.817413 0.649715

Position: -3.12148 6.30782 -9.90567
Normal: 0.999945 0.0104425 -4.11686e-005
UV: 0.79086 0.649715

Position: -3.10394 4.82765 13.7227
Normal: 0.999945 0.0104425 -4.11686e-005
UV: 0.794334 0.60749

Position: -3.10587 4.82762 24.9322
Normal: 0.999934 0.0114644 3.91677e-005
UV: 0.794334 0.587458

Position: -3.12148 6.30781 28.5558
Normal: 0.999934 0.0114644 3.91677e-005
UV: 0.79086 0.580983

Position: -3.10394 4.82765 13.7227
Normal: 0.999934 0.0114644 3.91677e-005
UV: 0.794334 0.60749

Position: -3.12148 6.30782 -9.90567
Normal: 0.999934 0.0114644 3.91677e-005
UV: 0.79086 0.649715

Position: 46.6303 -3.00356 -8.57068
Normal: 0.0105413 -0.999944 -1.86265e-009
UV: 0.168619 0.999213

Position: -3.10587 4.82762 24.9322
Normal: -0.0105413 0.999944 1.67638e-008
UV: 0.650287 0.672529

Position: -3.10394 4.82765 13.7227
Normal: -0.0105413 0.999944 1.67638e-008
UV: 0.650287 0.783035

Position: -3.00222 -5.00711 28.5558
Normal: -0.000912873 -9.62149e-006 1
UV: 0.142455 0.18371

Position: -97.7618 -6.07808 28.4693
Normal: -0.000912873 -9.62149e-006 1
UV: 0.938665 0.18371

Position: -97.7918 -3.24072 28.4693
Normal: -0.000912873 -9.62149e-006 1
UV: 0.938665 0.18371

Position: -143.334 2.07959 16.1349
Normal: -0.0105413 0.999944 -5.60656e-007
UV: 0.405918 0.561264

Position: -143.334 2.07959 22.2783
Normal: -0.0105413 0.999944 -5.60656e-007
UV: 0.405918 0.609773

Position: -97.7916 -3.2563 16.1349
Normal: -8.73115e-011 -1.86265e-009 -1
UV: 0.788691 0.650237

Position: -97.8529 2.55905 16.1349
Normal: -8.73115e-011 -1.86265e-009 -1
UV: 0.819331 0.650237

Position: -143.273 -3.73575 16.1349
Normal: -8.73115e-011 -1.86265e-009 -1
UV: 0.788691 0.573536

Position: -143.334 2.07959 16.1349
Normal: -8.73115e-011 -1.86265e-009 -1
UV: 0.819331 0.573536

Position: -97.7916 -3.2563 16.1349
Normal: 0.0105413 -0.999944 -2.83122e-007
UV: 0.666036 0.561264

Position: -143.273 -3.73575 16.1349
Normal: 0.0105413 -0.999944 -2.83122e-007
UV: 0.405918 0.561264

Position: -118.144 -3.47084 22.2783
Normal: 0.0105413 -0.999944 -2.83122e-007
UV: 0.549634 0.609772

Position: -143.273 -3.73575 22.2783
Normal: 0.0105413 -0.999944 -2.83122e-007
UV: 0.405918 0.609773

Position: -137.38 1.10867 32.8016
Normal: 8.73115e-011 1.86265e-009 1
UV: 0.861774 0.110531

Position: -137.34 -2.63951 32.8016
Normal: 8.73115e-011 1.86265e-009 1
UV: 0.861774 0.0741671

Position: -141.089 1.06958 32.8016
Normal: 8.73115e-011 1.86265e-009 1
UV: 0.825792 0.110531

Position: -141.049 -2.67862 32.8016
Normal: 8.73115e-011 1.86265e-009 1
UV: 0.825792 0.0741671

Position: -118.144 -3.47084 22.2783
Normal: -0.90582 -0.00954905 0.423555
UV: 0.792676 0.476952

Position: -118.206 2.3445 22.2783
Normal: -0.90582 -0.00954905 0.423555
UV: 0.792676 0.533371

Position: -115.447 -3.44241 28.0463
Normal: -0.90582 -0.00954905 0.423555
UV: 0.817682 0.476952

Position: -115.509 2.37292 28.0463
Normal: -0.90582 -0.00954905 0.423555
UV: 0.817682 0.533371

Position: -115.509 2.37292 28.0463
Normal: -0.0105413 0.999944 3.05474e-007
UV: 0.565058 0.655318

Position: -118.206 2.3445 22.2783
Normal: 1.38627e-006 1.76951e-008 1
UV: 0.813983 0.368688

Position: -118.144 -3.47084 22.2783
Normal: 1.38627e-006 1.76951e-008 1
UV: 0.795343 0.368688

Position: -134.307 1.14107 22.2782
Normal: 1.38627e-006 1.76951e-008 1
UV: 0.81067 0.398165

Position: -134.267 -2.60712 22.2783
Normal: 1.38627e-006 1.76951e-008 1
UV: 0.798656 0.398165

Position: -143.273 -3.73575 22.2783
Normal: 8.73115e-011 1.86265e-009 1
UV: 0.795343 0.414661

Position: -141.038 -2.67848 22.2782
Normal: 8.73115e-011 1.86265e-009 1
UV: 0.798656 0.410552

Position: -143.334 2.07959 22.2783
Normal: -9.94446e-006 -1.01514e-007 1
UV: 0.813983 0.414661

Position: -141.077 1.0697 22.2783
Normal: -9.94446e-006 -1.01514e-007 1
UV: 0.81067 0.410552

Position: -134.307 1.14107 22.2782
Normal: 0.959845 0.0101186 0.280347
UV: 0.0285379 0.177621

Position: -134.267 -2.60712 22.2783
Normal: 0.959845 0.0101186 0.280347
UV: 0.0533631 0.177621

Position: -137.38 1.10867 32.8016
Normal: 0.959845 0.0101186 0.280347
UV: 0.0285379 0.0414627

Position: -137.34 -2.63951 32.8016
Normal: 0.959845 0.0101186 0.280347
UV: 0.0533631 0.0414627

Position: -134.267 -2.60712 22.2783
Normal: 0.0105413 -0.999944 -7.84174e-007
UV: 0.0533631 0.177621

Position: -141.049 -2.67862 32.8016
Normal: 0.0105413 -0.999944 -7.84174e-007
UV: 0.140231 0.0414628

Position: -137.34 -2.63951 32.8016
Normal: 0.0105413 -0.999944 -7.84174e-007
UV: 0.0533631 0.0414627

Position: -141.038 -2.67848 22.2782
Normal: -0.999944 -0.0105413 -0.00109474
UV: 0.140231 0.177621

Position: -141.077 1.0697 22.2783
Normal: -0.999944 -0.0105413 -0.00109474
UV: 0.218956 0.177621

Position: -141.049 -2.67862 32.8016
Normal: -0.999944 -0.0105413 -0.00109474
UV: 0.140231 0.0414628

Position: -141.089 1.06958 32.8016
Normal: -0.999944 -0.0105413 -0.00109474
UV: 0.218956 0.0414628

Position: -141.077 1.0697 22.2783
Normal: -0.0105413 0.999944 -1.04308e-007
UV: 0.218956 0.177621

Position: -134.307 1.14107 22.2782
Normal: -0.0105413 0.999944 -1.04308e-007
UV: 0.305257 0.177621

Position: -141.089 1.06958 32.8016
Normal: -0.0105413 0.999944 -1.04308e-007
UV: 0.218956 0.0414628

Position: -63.7382 -4.54122 -31.1778
Normal: 0.628218 0.0019648 -0.778035
UV: 0.789699 0.574208

Position: -44.1055 -4.05363 -15.3736
Normal: 0.628218 0.0019648 -0.778035
UV: 0.789699 0.603121

Position: -63.7729 3.68612 -31.2343
Normal: 0.628218 0.0019648 -0.778035
UV: 0.82047 0.574208

Position: -44.1922 4.17354 -15.3736
Normal: 0.628218 0.0019648 -0.778035
UV: 0.820471 0.603121

Position: -73.6545 -4.4845 -16.8342
Normal: 0.0136782 -0.999741 0.0182023
UV: 0.871588 0.6619

Position: -58.8746 -4.00263 -5.25093
Normal: 0.0136782 -0.999741 0.0182023
UV: 0.871588 0.529523

Position: -63.7382 -4.54122 -31.1778
Normal: 0.0136782 -0.999741 0.0182023
UV: 0.986215 0.6619

Position: -44.1055 -4.05363 -15.3736
Normal: 0.0136782 -0.999741 0.0182023
UV: 0.986215 0.529523

Position: -73.6545 -4.4845 -16.8342
Normal: -0.618415 -0.00186446 0.78585
UV: 0.814647 0.389898

Position: -73.6891 3.74284 -16.8907
Normal: -0.618415 -0.00186446 0.78585
UV: 0.79268 0.389898

Position: -58.8746 -4.00263 -5.25093
Normal: -0.618415 -0.00186446 0.78585
UV: 0.814647 0.39518

Position: -58.9613 4.22453 -5.25095
Normal: -0.618415 -0.00186446 0.78585
UV: 0.79268 0.39518

Position: -73.6891 3.74284 -16.8907
Normal: -0.0136619 0.999741 -0.0181858
UV: 0.871588 0.6619

Position: -63.7729 3.68612 -31.2343
Normal: -0.0136619 0.999741 -0.0181858
UV: 0.986215 0.6619

Position: -58.9613 4.22453 -5.25095
Normal: -0.0136619 0.999741 -0.0181858
UV: 0.871588 0.529523

Position: -44.1922 4.17354 -15.3736
Normal: -0.0136619 0.999741 -0.0181858
UV: 0.986215 0.529523

Position: -97.7918 -3.24072 28.4693
Normal: 0.011433 -0.999935 -0.000416988
UV: 0.666036 0.658658

Position: -118.144 -3.47084 22.2783
Normal: 0.011433 -0.999935 -0.000416988
UV: 0.549634 0.609772

Position: -115.447 -3.44241 28.0463
Normal: 0.011433 -0.999935 -0.000416988
UV: 0.565058 0.655318

Position: -32.2298 4.45686 9.55095
Normal: -0.0032642 0.999947 -0.00980019
UV: 0.986215 0.361844

Position: -58.9613 4.22453 -5.25095
Normal: -0.0032642 0.999947 -0.00980019
UV: 0.871588 0.529523

Position: -44.1922 4.17354 -15.3736
Normal: -0.0032642 0.999947 -0.00980019
UV: 0.986215 0.529523

Position: -52.8685 4.23929 9.55095
Normal: -0.000162422 -1.71456e-006 -1
UV: 0.560711 0.336484

Position: -97.8821 5.33359 9.55826
Normal: -0.000162422 -1.71456e-006 -1
UV: 0.938665 0.336484

Position: -52.7818 -3.98786 9.55095
Normal: -0.000162422 -1.71456e-006 -1
UV: 0.560711 0.336484

Position: -97.7618 -6.07806 9.55826
Normal: -0.000162422 -1.71456e-006 -1
UV: 0.938665 0.336484

Position: -3.12148 6.30781 28.5558
Normal: -0.00091289 -9.62149e-006 1
UV: 0.142455 0.18371

Position: -97.8529 2.55905 28.4693
Normal: -0.00091289 -9.62149e-006 1
UV: 0.938665 0.18371

Position: -97.8821 5.33359 28.4693
Normal: -0.00091289 -9.62149e-006 1
UV: 0.938665 0.18371

Position: -141.038 -2.67848 22.2782
Normal: 0.0105413 -0.999944 -1.86265e-009
UV: 0.140231 0.177621

Position: -137.38 1.10867 32.8016
Normal: -0.0105413 0.999944 1.86265e-009
UV: 0.305257 0.0414628


[INDEX_DATA]
0 2 1
2 3 1
4 6 5
6 7 5
8 10 9
10 11 9
12 14 13
14 15 13
16 18 17
18 19 17
20 22 21
22 23 21
24 26 25
26 27 25
28 30 29
30 31 29
32 34 33
35 37 36
33 39 38
40 42 41
42 43 41
44 46 45
46 47 45
48 50 49
50 51 49
52 54 53
54 55 53
56 57 55
57 53 55
56 58 57
58 59 57
60 62 61
63 65 64
65 66 64
67 69 68
70 72 71
72 73 71
74 76 75
76 77 75
32 33 78
33 38 78
79 35 36
79 80 35
80 81 35
82 84 83
84 85 83
86 88 87
89 91 90
91 92 90
93 95 94
95 96 94
97 99 98
99 100 98
101 103 102
104 106 105
106 107 105
108 110 109
110 111 109
112 114 113
114 115 113
113 115 116
115 117 116
118 119 117
119 116 117
120 122 121
122 123 121
104 124 106
125 101 126
101 102 126
127 129 128
61 130 60
130 131 60
132 134 133
134 135 133
136 138 137
138 139 137
140 142 141
142 143 141
144 146 145
146 147 145
60 148 62
149 151 150
151 152 150
150 152 153
152 154 153
153 154 155
154 156 155
149 155 151
155 156 151
157 159 158
159 160 158
161 163 162
164 166 165
166 167 165
168 170 169
171 173 172
173 174 172
175 177 176
177 178 176
179 181 180
181 182 180
183 185 184
185 186 184
187 189 188
190 192 191
193 195 194
195 196 194
197 199 198
127 197 129
197 198 129
161 162 200
170 201 169

[MESH_DATA]
VertexCount: 214
IndexCount: 384
BoneCount: 0
AnimationClips: 0

[VERTEX_DATA]
Position: -55.5783 4.52586 10.6008
Normal: 4.09491e-008 -3.89479e-006 -1
UV: 0.29681 0.302144

Position: -35.5643 4.7368 10.6008
Normal: 4.09491e-008 -3.89479e-006 -1
UV: 0.179121 0.302144

Position: -59.8826 6.19611 10.6008
Normal: 4.09491e-008 -3.89479e-006 -1
UV: 0.326348 0.313966

Position: -24.3611 6.57057 10.6008
Normal: 4.09491e-008 -3.89479e-006 -1
UV: 0.0815634 0.313966

Position: -59.8826 6.19611 10.6008
Normal: -0.0105413 0.999944 1.86265e-009
UV: 0.57159 0.453529

Position: -24.3611 6.57057 10.6008
Normal: -0.0105413 0.999944 1.86265e-009
UV: 0.816374 0.453529

Position: -59.8826 6.19611 33.4025
Normal: -0.0105413 0.999944 1.86265e-009
UV: 0.57159 0.296408

Position: -0.303801 6.8242 33.5106
Normal: -0.0105413 0.999944 1.86265e-009
UV: 0.982157 0.295663

Position: -13.4789 6.6853 -0.974823
Normal: -0.0105413 0.999944 1.86265e-009
UV: 0.891365 0.533294

Position: -24.3265 6.57095 -0.974854
Normal: -0.0105413 0.999944 1.86265e-009
UV: 0.816613 0.533294

Position: -59.8826 6.19611 10.6008
Normal: -0.999945 -0.0105257 -1.16415e-010
UV: 0.167502 0.310462

Position: -59.8826 6.19611 33.4025
Normal: -0.999945 -0.0105257 -1.16415e-010
UV: 0.324623 0.310462

Position: -59.8741 5.3842 15.572
Normal: -0.999945 -0.0105257 -1.16415e-010
UV: 0.215272 0.304867

Position: -59.8741 5.38421 31.2766
Normal: -0.999945 -0.0105257 -1.16415e-010
UV: 0.309974 0.304867

Position: -59.8741 5.3842 15.572
Normal: -0.0105413 0.999944 1.86265e-009
UV: 0.0901901 0.913693

Position: -59.8741 5.38421 31.2766
Normal: -0.0105413 0.999944 1.86265e-009
UV: 0.184892 0.913693

Position: -105.585 4.90234 15.572
Normal: -0.0105413 0.999944 1.86265e-009
UV: 0.0901898 0.598695

Position: -105.585 4.90234 31.2766
Normal: -0.0105413 0.999944 1.86265e-009
UV: 0.184892 0.598695

Position: -105.585 4.90234 15.572
Normal: -0.999945 -0.0105413 -1.16415e-010
UV: 0.0901898 0.598695

Position: -105.585 4.90234 31.2766
Normal: -0.999945 -0.0105413 -1.16415e-010
UV: 0.184892 0.598695

Position: -105.561 2.65891 21.7458
Normal: -0.999945 -0.0105413 -1.16415e-010
UV: 0.119218 0.583235

Position: -105.561 2.65891 28.5718
Normal: -0.999945 -0.0105413 -1.16415e-010
UV: 0.166254 0.583235

Position: -105.561 2.65891 21.7458
Normal: -0.0105413 0.999944 1.86265e-009
UV: 0.0702251 0.0969128

Position: -105.561 2.65891 28.5718
Normal: -0.0105413 0.999944 1.86265e-009
UV: 0.070225 0.141693

Position: -148.443 2.20683 21.7458
Normal: -0.0105413 0.999944 1.86265e-009
UV: 0.418465 0.096913

Position: -148.443 2.20683 28.5718
Normal: -0.0105413 0.999944 1.86265e-009
UV: 0.418466 0.141693

Position: -0.303801 6.8242 -10.2934
Normal: -0.0105413 0.999944 1.86265e-009
UV: 0.982157 0.597506

Position: -13.4327 6.68579 -10.4015
Normal: -0.0105413 0.999944 4.95464e-007
UV: 0.891684 0.598251

Position: -35.5643 4.7368 10.6008
Normal: -0.0105413 0.999944 1.86265e-009
UV: 0.457062 0.653675

Position: -55.5783 4.52586 10.6008
Normal: -0.0105413 0.999944 1.86265e-009
UV: 0.34485 0.653675

Position: -35.5643 4.7368 -14.1391
Normal: -0.0105413 0.999944 1.86265e-009
UV: 0.457062 0.874838

Position: -55.5783 4.52584 -14.1391
Normal: -0.0105413 0.999944 1.86265e-009
UV: 0.34485 0.874838

Position: 54.8781 5.76108 31.1862
Normal: -0.0105413 0.999944 1.86265e-009
UV: 0.924571 0.695079

Position: 46.7813 5.67573 -6.02872
Normal: -0.0105413 0.999944 1.86265e-009
UV: 0.868776 0.948753

Position: 54.8781 5.76108 -6.0392
Normal: -0.0105413 0.999944 1.86265e-009
UV: 0.924571 0.948825

Position: -59.8741 5.38421 31.2766
Normal: 8.73115e-011 1.86265e-009 1
UV: 0.184892 0.913693

Position: -92.8345 1.92476 31.2766
Normal: 8.73115e-011 1.86265e-009 1
UV: 0.206335 0.686332

Position: -105.585 4.90234 31.2766
Normal: 8.73115e-011 1.86265e-009 1
UV: 0.184892 0.598695

Position: -104.332 1.80357 31.2765
Normal: 8.73115e-011 1.86265e-009 1
UV: 0.206335 0.607099

Position: -92.8345 1.92476 31.2766
Normal: -0.0105413 0.999944 -2.45869e-007
UV: 0.493657 0.612511

Position: -101.889 1.82932 44.5365
Normal: -0.0105413 0.999944 -2.45869e-007
UV: 0.431259 0.542274

Position: -104.332 1.80357 31.2765
Normal: -0.0105413 0.999944 -2.45869e-007
UV: 0.414424 0.612511

Position: -104.332 1.80356 44.5365
Normal: -0.0105413 0.999944 -2.45869e-007
UV: 0.414423 0.542276

Position: -59.8826 6.19611 33.4025
Normal: -0.00212591 -0.00163208 0.999996
UV: 0.57159 0.296408

Position: -0.303801 6.8242 33.5106
Normal: -0.00212591 -0.00163208 0.999996
UV: 0.982157 0.295663

Position: -48.0187 2.74296 33.4024
Normal: -0.00212591 -0.00163208 0.999996
UV: 0.609753 0.271683

Position: -6.71828 3.17835 33.5106
Normal: -0.00212591 -0.00163208 0.999996
UV: 0.936608 0.27109

Position: -48.0187 2.74296 33.4024
Normal: -0.0105413 0.999944 1.71363e-007
UV: 0.0506856 0.481467

Position: -6.71828 3.17835 33.5106
Normal: -0.0105413 0.999944 1.71363e-007
UV: 0.376675 0.481467

Position: -47.9154 2.74405 40.2616
Normal: -0.0105413 0.999944 1.71363e-007
UV: 0.0506854 0.435492

Position: -6.82159 3.17726 45.685
Normal: -0.0105413 0.999944 1.71363e-007
UV: 0.376675 0.397583

Position: -0.281549 5.17959 31.1862
Normal: 0.999924 0.0122905 -4.89558e-005
UV: 0.111774 0.298919

Position: -0.303801 6.8242 33.5106
Normal: 0.999924 0.0122905 -4.89558e-005
UV: 0.0766645 0.310252

Position: -0.284336 5.17957 18.7312
Normal: 0.999924 0.0122905 -4.89558e-005
UV: 0.197599 0.298919

Position: -0.303801 6.8242 -10.2934
Normal: 0.999924 0.0122905 -4.89558e-005
UV: 0.378507 0.310252

Position: -0.281549 5.17959 31.1862
Normal: -0.0105413 0.999944 1.86265e-009
UV: 0.544458 0.695079

Position: -0.284336 5.17957 18.7312
Normal: -0.0105413 0.999944 1.86265e-009
UV: 0.544439 0.778138

Position: -55.4819 -4.6154 10.6008
Normal: -4.10946e-008 3.8892e-006 -1
UV: 0.29681 0.23915

Position: -59.7501 -6.3761 10.6008
Normal: -4.10946e-008 3.8892e-006 -1
UV: 0.326348 0.227329

Position: -35.468 -4.40442 10.6008
Normal: -4.10946e-008 3.8892e-006 -1
UV: 0.179121 0.23915

Position: -24.2286 -6.00162 10.6008
Normal: -4.10946e-008 3.8892e-006 -1
UV: 0.0815634 0.227329

Position: -59.7501 -6.3761 10.6008
Normal: -0.999944 -0.0105569 -1.74623e-010
UV: 0.167502 0.223825

Position: -59.7587 -5.56417 15.572
Normal: -0.999944 -0.0105569 -1.74623e-010
UV: 0.215272 0.22942

Position: -59.7501 -6.3761 33.4025
Normal: -0.999944 -0.0105569 -1.74623e-010
UV: 0.324623 0.223825

Position: -59.7587 -5.56417 31.2766
Normal: -0.999944 -0.0105569 -1.74623e-010
UV: 0.309974 0.22942

Position: -105.469 -6.04605 15.572
Normal: -0.999945 -0.0105413 -1.16415e-010
UV: 0.0901898 0.523248

Position: -105.493 -3.8026 21.7458
Normal: -0.999945 -0.0105413 -1.16415e-010
UV: 0.119218 0.538708

Position: -105.469 -6.04605 31.2766
Normal: -0.999945 -0.0105413 -1.16415e-010
UV: 0.184892 0.523248

Position: -105.493 -3.8026 28.5718
Normal: -0.999945 -0.0105413 -1.16415e-010
UV: 0.166254 0.538708

Position: -104.282 -2.92154 31.2766
Normal: 8.73115e-011 1.86265e-009 1
UV: 0.238896 0.607099

Position: -92.7846 -2.80032 31.2765
Normal: 8.73115e-011 1.86265e-009 1
UV: 0.238896 0.686332

Position: -105.469 -6.04605 31.2766
Normal: 8.73115e-011 1.86265e-009 1
UV: 0.260339 0.598695

Position: -59.7587 -5.56417 31.2766
Normal: 8.73115e-011 1.86265e-009 1
UV: 0.260339 0.913693

Position: -59.7501 -6.3761 33.4025
Normal: -0.00215984 0.0015869 0.999996
UV: 0.571433 0.209771

Position: -47.9616 -2.67357 33.4025
Normal: -0.00215984 0.0015869 0.999996
UV: 0.609685 0.234357

Position: -0.171265 -5.748 33.5105
Normal: -0.00215984 0.0015869 0.999996
UV: 0.981999 0.209026

Position: -6.66118 -2.23819 33.5105
Normal: -0.00215984 0.0015869 0.999996
UV: 0.936541 0.233764

Position: -0.171265 -5.748 -10.2934
Normal: 0.999961 0.00879079 -4.89557e-005
UV: 0.378507 0.223615

Position: -0.171265 -5.748 33.5105
Normal: 0.999961 0.00879079 -4.89557e-005
UV: 0.0766645 0.223615

Position: -0.186474 -4.10331 18.7312
Normal: 0.999961 0.00879079 -4.89557e-005
UV: 0.197599 0.234949

Position: -0.183716 -4.10329 31.1862
Normal: 0.999961 0.00879079 -4.89557e-005
UV: 0.111774 0.234949

Position: -6.82159 3.17726 45.685
Normal: -0.130829 -0.00137918 0.991404
UV: 0.048121 0.339425

Position: -6.76447 -2.23928 45.6851
Normal: -0.130829 -0.00137918 0.991404
UV: 0.048121 0.376751

Position: -47.9154 2.74405 40.2616
Normal: -0.130829 -0.00137918 0.991404
UV: 0.373041 0.339425

Position: -47.8583 -2.67247 40.2616
Normal: -0.130829 -0.00137918 0.991404
UV: 0.373041 0.376751

Position: -6.71828 3.17835 33.5106
Normal: 0.999909 0.0105409 0.00848543
UV: 0.376675 0.481467

Position: -6.66118 -2.23819 33.5105
Normal: 0.999909 0.0105409 0.00848543
UV: 0.413998 0.481467

Position: -6.82159 3.17726 45.685
Normal: 0.999909 0.0105409 0.00848543
UV: 0.376675 0.397583

Position: -6.76447 -2.23928 45.6851
Normal: 0.999909 0.0105409 0.00848543
UV: 0.413998 0.397583

Position: -0.303801 6.8242 33.5106
Normal: 8.73115e-011 1.86265e-009 1
UV: 0.982157 0.295663

Position: -0.171265 -5.748 33.5105
Normal: 8.73115e-011 1.86265e-009 1
UV: 0.981999 0.209026

Position: -6.71828 3.17835 33.5106
Normal: 8.73115e-011 1.86265e-009 1
UV: 0.936608 0.27109

Position: -6.66118 -2.23819 33.5105
Normal: 8.73115e-011 1.86265e-009 1
UV: 0.936541 0.233764

Position: -0.281549 5.17959 31.1862
Normal: 0.999942 0.0105413 0.00211223
UV: 0.111774 0.298919

Position: -0.183716 -4.10329 31.1862
Normal: 0.999942 0.0105413 0.00211223
UV: 0.111774 0.234949

Position: -0.303801 6.8242 33.5106
Normal: 0.999942 0.0105413 0.00211223
UV: 0.0766645 0.310252

Position: -0.171265 -5.748 33.5105
Normal: 0.999942 0.0105413 0.00211223
UV: 0.0766645 0.223615

Position: 54.8781 5.76108 31.1862
Normal: 8.73115e-011 1.86265e-009 1
UV: 0.924571 0.695079

Position: 54.9759 -3.52181 31.1862
Normal: 8.73115e-011 1.86265e-009 1
UV: 0.924571 0.628343

Position: -0.281549 5.17959 31.1862
Normal: 8.73115e-011 1.86265e-009 1
UV: 0.544458 0.695079

Position: -0.183716 -4.10329 31.1862
Normal: 8.73115e-011 1.86265e-009 1
UV: 0.544458 0.628343

Position: 54.8781 5.76108 -6.0392
Normal: 0.999945 0.0105413 1.16415e-010
UV: 0.924571 0.948825

Position: 54.976 -3.52181 -6.0392
Normal: 0.999945 0.0105413 1.16415e-010
UV: 0.988541 0.948825

Position: 54.8781 5.76108 31.1862
Normal: 0.999945 0.0105413 1.16415e-010
UV: 0.924571 0.695079

Position: 54.9759 -3.52181 31.1862
Normal: 0.999945 0.0105413 1.16415e-010
UV: 0.988541 0.695079

Position: 46.7813 5.67573 -6.02872
Normal: -0.0012942 -1.36467e-005 -0.999999
UV: 0.532669 0.493562

Position: 46.8792 -3.60716 -6.02872
Normal: -0.0012942 -1.36467e-005 -0.999999
UV: 0.4687 0.493562

Position: 54.8781 5.76108 -6.0392
Normal: -0.0012942 -1.36467e-005 -0.999999
UV: 0.532669 0.549358

Position: 54.976 -3.52181 -6.0392
Normal: -0.0012942 -1.36467e-005 -0.999999
UV: 0.4687 0.549358

Position: -0.284336 5.17957 18.7312
Normal: -0.465531 -0.00490758 -0.885018
UV: 0.532669 0.169225

Position: -0.186474 -4.10331 18.7312
Normal: -0.465531 -0.00490758 -0.885018
UV: 0.4687 0.169225

Position: 46.7813 5.67573 -6.02872
Normal: -0.465531 -0.00490758 -0.885018
UV: 0.532669 0.493562

Position: 46.8792 -3.60716 -6.02872
Normal: -0.465531 -0.00490758 -0.885018
UV: 0.4687 0.493562

Position: -0.303801 6.8242 -10.2934
Normal: 0.999944 0.0105413 -7.42579e-005
UV: 0.378507 0.310252

Position: -0.171265 -5.748 -10.2934
Normal: 0.999944 0.0105413 -7.42579e-005
UV: 0.378507 0.223615

Position: -0.284336 5.17957 18.7312
Normal: 0.999944 0.0105413 -7.42579e-005
UV: 0.197599 0.298919

Position: -0.186474 -4.10331 18.7312
Normal: 0.999944 0.0105413 -7.42579e-005
UV: 0.197599 0.234949

Position: -13.4327 6.68579 -10.4015
Normal: 0.00823553 8.6817e-005 -0.999966
UV: 0.680646 0.0846977

Position: -13.3002 -5.8864 -10.4015
Normal: 0.00823553 8.6817e-005 -0.999966
UV: 0.594009 0.0846977

Position: -0.303801 6.8242 -10.2934
Normal: 0.00823553 8.6817e-005 -0.999966
UV: 0.680646 0.175171

Position: -0.171265 -5.748 -10.2934
Normal: 0.00823553 8.6817e-005 -0.999966
UV: 0.594009 0.175171

Position: -13.4789 6.6853 -0.974823
Normal: -0.999932 -0.0105412 -0.0049013
UV: 0.933246 0.181605

Position: -13.3464 -5.88689 -0.974823
Normal: -0.999932 -0.0105412 -0.0049013
UV: 0.933246 0.094968

Position: -13.4327 6.68579 -10.4015
Normal: -0.999932 -0.0105412 -0.0049013
UV: 0.868289 0.181605

Position: -13.3002 -5.8864 -10.4015
Normal: -0.999932 -0.0105412 -0.0049013
UV: 0.868289 0.094968

Position: -24.3265 6.57095 -0.974854
Normal: 2.68474e-006 2.6077e-008 -1
UV: 0.771156 0.177328

Position: -24.1939 -6.00124 -0.974854
Normal: 2.68474e-006 2.6077e-008 -1
UV: 0.771156 0.0906912

Position: -13.4789 6.6853 -0.974823
Normal: 2.68474e-006 2.6077e-008 -1
UV: 0.696403 0.177328

Position: -13.3464 -5.88689 -0.974823
Normal: 2.68474e-006 2.6077e-008 -1
UV: 0.696403 0.0906912

Position: -24.3611 6.57057 10.6008
Normal: -0.99994 -0.0105413 -0.00299292
UV: 0.861516 0.177376

Position: -24.2286 -6.00162 10.6008
Normal: -0.99994 -0.0105413 -0.00299292
UV: 0.861516 0.090739

Position: -24.3265 6.57095 -0.974854
Normal: -0.99994 -0.0105413 -0.00299292
UV: 0.781751 0.177376

Position: -24.1939 -6.00124 -0.974854
Normal: -0.99994 -0.0105413 -0.00299292
UV: 0.781751 0.090739

Position: -35.5643 4.7368 -14.1391
Normal: 0.999945 0.0105413 1.16415e-010
UV: 0.457062 0.874838

Position: -35.468 -4.40442 -14.1391
Normal: 0.999945 0.0105413 1.16415e-010
UV: 0.521801 0.876823

Position: -35.5643 4.7368 10.6008
Normal: 0.999945 0.0105413 1.16415e-010
UV: 0.457062 0.653675

Position: -35.468 -4.40442 10.6008
Normal: 0.999945 0.0105413 1.16415e-010
UV: 0.521802 0.653675

Position: -55.5783 4.52584 -14.1391
Normal: -8.73115e-011 -1.86265e-009 -1
UV: 0.34485 0.874838

Position: -55.4819 -4.6154 -14.1391
Normal: -8.73115e-011 -1.86265e-009 -1
UV: 0.343104 0.939817

Position: -35.5643 4.7368 -14.1391
Normal: -8.73115e-011 -1.86265e-009 -1
UV: 0.457062 0.874838

Position: -35.468 -4.40442 -14.1391
Normal: -8.73115e-011 -1.86265e-009 -1
UV: 0.458808 0.939817

Position: -55.5783 4.52586 10.6008
Normal: -0.999945 -0.0105413 -1.16415e-010
UV: 0.34485 0.653675

Position: -55.4819 -4.6154 10.6008
Normal: -0.999945 -0.0105413 -1.16415e-010
UV: 0.278125 0.653675

Position: -55.5783 4.52584 -14.1391
Normal: -0.999945 -0.0105413 -1.16415e-010
UV: 0.34485 0.874838

Position: -55.4819 -4.6154 -14.1391
Normal: -0.999945 -0.0105413 -1.16415e-010
UV: 0.278125 0.876823

Position: -105.585 4.90234 15.572
Normal: -8.73115e-011 -1.86265e-009 -1
UV: 0.0901898 0.598695

Position: -105.469 -6.04605 15.572
Normal: -8.73115e-011 -1.86265e-009 -1
UV: 0.0147429 0.598695

Position: -59.8741 5.3842 15.572
Normal: -8.73115e-011 -1.86265e-009 -1
UV: 0.0901901 0.913693

Position: -59.7587 -5.56417 15.572
Normal: -8.73115e-011 -1.86265e-009 -1
UV: 0.0147431 0.913693

Position: -148.443 2.20683 21.7458
Normal: -8.73115e-011 -1.86265e-009 -1
UV: 0.418465 0.096913

Position: -148.375 -4.25465 21.7458
Normal: -8.73115e-011 -1.86265e-009 -1
UV: 0.418466 0.0523859

Position: -105.561 2.65891 21.7458
Normal: -8.73115e-011 -1.86265e-009 -1
UV: 0.0702251 0.0969128

Position: -105.493 -3.8026 21.7458
Normal: -8.73115e-011 -1.86265e-009 -1
UV: 0.070225 0.0523856

Position: -148.443 2.20683 28.5718
Normal: -0.999945 -0.0105413 -1.16415e-010
UV: 0.418466 0.141693

Position: -148.375 -4.25465 28.5718
Normal: -0.999945 -0.0105413 -1.16415e-010
UV: 0.462993 0.141692

Position: -148.443 2.20683 21.7458
Normal: -0.999945 -0.0105413 -1.16415e-010
UV: 0.418465 0.096913

Position: -148.375 -4.25465 21.7458
Normal: -0.999945 -0.0105413 -1.16415e-010
UV: 0.462993 0.0969126

Position: -105.561 2.65891 28.5718
Normal: 8.73115e-011 1.86265e-009 1
UV: 0.070225 0.141693

Position: -105.493 -3.8026 28.5718
Normal: 8.73115e-011 1.86265e-009 1
UV: 0.0702251 0.188477

Position: -148.443 2.20683 28.5718
Normal: 8.73115e-011 1.86265e-009 1
UV: 0.418466 0.141693

Position: -148.375 -4.25465 28.5718
Normal: 8.73115e-011 1.86265e-009 1
UV: 0.418465 0.188477

Position: -104.332 1.80356 44.5365
Normal: -0.999945 -0.0105413 -1.16415e-010
UV: 0.414423 0.542276

Position: -104.282 -2.92154 44.5365
Normal: -0.999945 -0.0105413 -1.16415e-010
UV: 0.381861 0.542276

Position: -104.332 1.80357 31.2765
Normal: -0.999945 -0.0105413 -1.16415e-010
UV: 0.414424 0.612511

Position: -104.282 -2.92154 31.2766
Normal: -0.999945 -0.0105413 -1.16415e-010
UV: 0.381863 0.612512

Position: -101.889 1.82932 44.5365
Normal: 8.73115e-011 1.86265e-009 1
UV: 0.431259 0.542274

Position: -101.839 -2.89578 44.5365
Normal: 8.73115e-011 1.86265e-009 1
UV: 0.431251 0.509712

Position: -104.332 1.80356 44.5365
Normal: 8.73115e-011 1.86265e-009 1
UV: 0.414423 0.542276

Position: -104.282 -2.92154 44.5365
Normal: 8.73115e-011 1.86265e-009 1
UV: 0.414416 0.509716

Position: -92.8345 1.92476 31.2766
Normal: 0.825766 0.00870514 0.563947
UV: 0.363542 0.550762

Position: -92.7846 -2.80032 31.2765
Normal: 0.825766 0.00870514 0.563947
UV: 0.338226 0.550762

Position: -101.889 1.82932 44.5365
Normal: 0.825766 0.00870514 0.563947
UV: 0.363542 0.610752

Position: -101.839 -2.89578 44.5365
Normal: 0.825766 0.00870514 0.563947
UV: 0.338226 0.610752

Position: -48.0187 2.74296 33.4024
Normal: 5.73782e-007 7.45058e-009 1
UV: 0.609753 0.271683

Position: -47.9616 -2.67357 33.4025
Normal: 5.73782e-007 7.45058e-009 1
UV: 0.609685 0.234357

Position: -59.8826 6.19611 33.4025
Normal: 5.73782e-007 7.45058e-009 1
UV: 0.57159 0.296408

Position: -59.7501 -6.3761 33.4025
Normal: 5.73782e-007 7.45058e-009 1
UV: 0.571433 0.209771

Position: -47.9154 2.74405 40.2616
Normal: -0.999831 -0.0105401 0.015061
UV: 0.0506854 0.435492

Position: -47.8583 -2.67247 40.2616
Normal: -0.999831 -0.0105401 0.015061
UV: 0.0133631 0.435492

Position: -48.0187 2.74296 33.4024
Normal: -0.999831 -0.0105401 0.015061
UV: 0.0506856 0.481467

Position: -47.9616 -2.67357 33.4025
Normal: -0.999831 -0.0105401 0.015061
UV: 0.0133631 0.481467

Position: -0.171265 -5.748 33.5105
Normal: 0.0105413 -0.999944 -1.86265e-009
UV: 0.982157 0.295663

Position: -24.2286 -6.00162 10.6008
Normal: 0.0105413 -0.999944 -1.86265e-009
UV: 0.816374 0.453529

Position: -59.7501 -6.3761 33.4025
Normal: 0.0105413 -0.999944 -1.86265e-009
UV: 0.57159 0.296408

Position: -59.7501 -6.3761 10.6008
Normal: 0.0105413 -0.999944 -1.86265e-009
UV: 0.57159 0.453529

Position: -13.3464 -5.88689 -0.974823
Normal: 0.0105413 -0.999944 -1.86265e-009
UV: 0.891365 0.533294

Position: -24.1939 -6.00124 -0.974854
Normal: 0.0105413 -0.999944 -1.86265e-009
UV: 0.816613 0.533294

Position: -59.7587 -5.56417 15.572
Normal: 0.0105413 -0.999944 -1.86265e-009
UV: 0.0901901 0.913693

Position: -105.469 -6.04605 15.572
Normal: 0.0105413 -0.999944 -1.86265e-009
UV: 0.0901898 0.598695

Position: -59.7587 -5.56417 31.2766
Normal: 0.0105413 -0.999944 -1.86265e-009
UV: 0.184892 0.913693

Position: -105.469 -6.04605 31.2766
Normal: 0.0105413 -0.999944 -1.86265e-009
UV: 0.184892 0.598695

Position: -105.493 -3.8026 21.7458
Normal: 0.0105413 -0.999944 -1.86265e-009
UV: 0.0702251 0.0969128

Position: -148.375 -4.25465 21.7458
Normal: 0.0105413 -0.999944 -1.86265e-009
UV: 0.418465 0.096913

Position: -105.493 -3.8026 28.5718
Normal: 0.0105413 -0.999944 -1.86265e-009
UV: 0.070225 0.141693

Position: -148.375 -4.25465 28.5718
Normal: 0.0105413 -0.999944 -1.86265e-009
UV: 0.418466 0.141693

Position: -0.171265 -5.748 -10.2934
Normal: 0.0105413 -0.999944 -1.86265e-009
UV: 0.982157 0.597506

Position: -13.3002 -5.8864 -10.4015
Normal: 0.0105413 -0.999944 -1.86265e-009
UV: 0.891684 0.598251

Position: -35.468 -4.40442 10.6008
Normal: 0.0105413 -0.999944 -1.86265e-009
UV: 0.457062 0.653675

Position: -35.468 -4.40442 -14.1391
Normal: 0.0105413 -0.999944 -1.86265e-009
UV: 0.457062 0.874838

Position: -55.4819 -4.6154 10.6008
Normal: 0.0105413 -0.999944 -1.86265e-009
UV: 0.34485 0.653675

Position: -55.4819 -4.6154 -14.1391
Normal: 0.0105413 -0.999944 -1.86265e-009
UV: 0.34485 0.874838

Position: 54.9759 -3.52181 31.1862
Normal: 0.0105413 -0.999944 -1.86265e-009
UV: 0.924571 0.695079

Position: 54.976 -3.52181 -6.0392
Normal: 0.0105413 -0.999944 -1.86265e-009
UV: 0.924571 0.948825

Position: 46.8792 -3.60716 -6.02872
Normal: 0.0105413 -0.999944 -1.86265e-009
UV: 0.868776 0.948753

Position: -104.282 -2.92154 44.5365
Normal: 0.0105413 -0.999944 -3.32482e-007
UV: 0.414423 0.542276

Position: -101.839 -2.89578 44.5365
Normal: 0.0105413 -0.999944 -3.32482e-007
UV: 0.431259 0.542274

Position: -104.282 -2.92154 31.2766
Normal: 0.0105413 -0.999944 -3.32482e-007
UV: 0.414424 0.612511

Position: -92.7846 -2.80032 31.2765
Normal: 0.0105413 -0.999944 -3.32482e-007
UV: 0.493657 0.612511

Position: -47.9616 -2.67357 33.4025
Normal: 0.0105413 -0.999944 -1.86265e-009
UV: 0.0506856 0.481467

Position: -47.8583 -2.67247 40.2616
Normal: 0.0105413 -0.999944 -1.86265e-009
UV: 0.0506854 0.435492

Position: -6.66118 -2.23819 33.5105
Normal: 0.0105413 -0.999944 -1.86265e-009
UV: 0.376675 0.481467

Position: -6.76447 -2.23928 45.6851
Normal: 0.0105413 -0.999944 -1.86265e-009
UV: 0.376675 0.397583

Position: -0.186474 -4.10331 18.7312
Normal: 0.0105413 -0.999944 -1.86265e-009
UV: 0.544439 0.778138

Position: -0.183716 -4.10329 31.1862
Normal: 0.0105413 -0.999944 -1.86265e-009
UV: 0.544458 0.695079


[INDEX_DATA]
0 2 1
2 3 1
4 6 5
6 7 5
8 9 5
10 12 11
12 13 11
14 16 15
16 17 15
18 20 19
20 21 19
22 24 23
24 25 23
7 8 5
7 26 8
26 27 8
28 30 29
30 31 29
32 34 33
35 37 36
37 38 36
39 41 40
41 42 40
43 45 44
45 46 44
47 49 48
49 50 48
51 53 52
53 54 52
55 32 56
32 33 56
57 59 58
59 60 58
61 63 62
63 64 62
65 67 66
67 68 66
69 71 70
71 72 70
73 75 74
75 76 74
77 79 78
79 80 78
81 83 82
83 84 82
85 87 86
87 88 86
89 91 90
91 92 90
93 95 94
95 96 94
97 99 98
99 100 98
101 103 102
103 104 102
105 107 106
107 108 106
109 111 110
111 112 110
113 115 114
115 116 114
117 119 118
119 120 118
121 123 122
123 124 122
125 127 126
127 128 126
129 131 130
131 132 130
1 3 59
3 60 59
133 135 134
135 136 134
137 139 138
139 140 138
141 143 142
143 144 142
2 0 58
0 57 58
12 10 62
10 61 62
145 147 146
147 148 146
20 18 66
18 65 66
149 151 150
151 152 150
153 155 154
155 156 154
157 159 158
159 160 158
19 21 67
21 68 67
38 37 69
37 71 69
161 163 162
163 164 162
165 167 166
167 168 166
169 171 170
171 172 170
35 36 72
36 70 72
11 13 63
13 64 63
173 175 174
175 176 174
177 179 178
179 180 178
181 183 182
183 184 182
185 182 186
187 189 188
189 190 188
191 193 192
193 194 192
181 182 185
181 185 195
195 185 196
197 199 198
199 200 198
201 203 202
204 206 205
206 207 205
208 210 209
210 211 209
203 201 212
201 213 212

[MESH_DATA]
VertexCount: 152
IndexCount: 276
